0.000000000000000000e+00 1.885575885738161594e-01 6.794548473914358011e-02 1.248765288476481709e-02 1.462414965635846706e-02 3.004395560208582006e-01 2.724267894796987277e-01 2.059365180427179254e-02 9.364817102581022776e-03 2.909937103659321692e-02 1.151570816391194324e-01 9.929161477819282988e-02 1.398523688371037521e-01 1.957110945944818062e-02 1.507271915605749857e-01 1.140511427136271100e-01 1.689218488186251810e-01 1.167175839761968731e-01 3.172139976317302212e-02 1.453947072283832964e-02 5.029586871291545375e-04
1.562500000000000000e-02 6.995039680583644767e-03 5.772015076797214483e-01 2.669240085094994400e-02 2.574122474377910641e-01 1.897138991299708588e-01 2.219685292690918021e-01 1.207433580573153281e-01 2.588139761199242384e-01 3.490355043999033430e-02 4.161376192964892640e-02 3.993298031363377854e-02 5.110877523991275151e-02 5.186135114142068764e-02 6.122755508434377103e-02 3.438996833109774776e-01 2.967552530241993405e-02 2.322374744264854018e-01 8.084608650211437542e-02 4.660106764530243945e-02 4.908277701614615317e-03
3.125000000000000000e-02 3.270650126461957519e-01 4.461306308201155590e-01 4.416124614147356325e-02 2.186925144486219219e-01 1.432142811776266900e-01 3.724814774609090662e-02 8.909281329869032928e-03 1.936096312168177624e-01 1.418071742355287157e-01 2.536803019955683955e-02 2.652770448401240225e-02 1.058331924558175291e-01 1.691782236046302304e-02 2.821284508635387156e-01 5.298575567271786649e-03 2.765110853222577658e-01 1.009252641502839665e-01 1.806774270217562373e-01 1.222625920719307667e-02 1.226959593144921062e-01
4.687500000000000000e-02 1.927340775482881685e-01 2.149740376527810859e-01 4.062357612521400735e-02 5.207737964174613543e-01 2.789470821460406369e-01 2.336762246768907536e-01 1.267705772174813061e-01 1.183869515774769454e-01 5.626739784455449950e-02 3.284959163064138377e-01 1.357415116054711268e-01 2.434848659077997954e-02 7.080684760592145105e-03 3.038730706784459681e-02 1.836688424430154287e-01 1.075421881466788188e-01 3.344378819651674245e-02 4.960390908922790443e-02 1.728079618808198853e-02 1.945449794758090101e-01
6.250000000000000000e-02 2.414467329310950594e-01 6.985945784850894347e-02 1.410173051929357324e-01 2.385522090698744824e-01 1.135735624860499671e-01 2.375306908959406160e-01 7.049364794104352738e-02 6.238110495225430707e-01 6.793116851008110246e-02 1.925316252567754460e-01 1.497034113316124924e-02 2.934280130717782376e-01 2.470896249963805968e-01 2.743083978089994740e-02 4.666050316174907842e-01 4.534153879972672822e-03 1.291919116171726979e-02 2.609725470433279029e-02 8.883206105084755222e-02 1.557519648275729196e-01
7.812500000000000000e-02 3.457729410233493228e-01 2.749954325665281973e-01 2.882353812073787380e-01 3.917375701007574929e-01 1.469783693243881251e-01 1.891911687942614551e-01 1.221598982005640960e-01 2.120482044595419224e-01 5.509988004017530444e-02 3.672433767861077447e-01 2.907581990689439011e-01 6.183421939484393670e-01 3.799691197788780950e-01 8.356374393433917136e-02 3.558324238400588091e-01 6.062497545807418731e-02 1.568392347340049481e-02 1.971502403301341952e-02 1.864514722381937703e-02 1.120233656919236570e-01
9.375000000000000000e-02 7.694868841827570694e-02 2.224852809868726189e-01 1.123584316934941874e-01 1.900086828375251169e-01 2.781231743292462283e-02 3.358532458467605730e-01 3.302511725660885467e-01 1.143773281093991706e-01 1.029601621752299218e-01 2.129146676587326537e-01 1.217328181552370658e-01 3.040215793458220794e-01 2.900139838909363554e-01 1.989211121868925403e-01 1.943139009976684872e-01 1.406567173094957768e-01 1.161318139636794006e-01 5.472069124120931827e-02 4.108508198145232604e-01 3.819171941908097168e-01
1.093750000000000000e-01 1.939399233341340401e-01 1.991629343476355452e-01 5.812186826609027079e-01 2.252509929268222549e-02 7.973552150892175561e-02 3.208125151165928668e-01 2.165817832178861535e-01 2.720806122676783234e-01 1.580457950808710488e-01 6.069837180663216758e-01 8.180599896908649638e-02 1.032469592257788810e-01 1.690795644500086847e-01 4.640118953564847382e-01 3.117578607560775317e-01 2.314814782935181448e-01 3.942337418904227619e-01 1.275524177680592008e-01 3.066128315579799701e-01 4.587308768940199788e-01
1.250000000000000000e-01 3.725613451208403260e-01 1.900339433931129418e-01 7.674067354985466549e-01 2.284757608691251052e-01 1.719441706863144848e-01 1.525250918652533427e-01 2.957020081479579399e-01 1.680132634466507957e-01 5.158752247470836938e-01 7.941637856908679849e-01 4.580779286888100321e-01 4.992390909441035696e-01 2.021726690422054606e-01 4.294549801706730174e-01 4.508154527269392364e-01 6.770329929035175942e-01 4.431771921081045229e-01 3.843998839256919098e-01 5.655974694628967958e-01 3.110944950775674234e-01
1.406250000000000000e-01 8.180533419534969930e-01 3.427933166628185924e-01 8.165354728153838559e-01 4.937526181395497371e-01 6.932205418629487914e-01 4.350415691436735344e-01 7.971488229330251363e-01 2.231935381191207379e-01 6.129993742495620790e-01 9.297406328722922497e-01 6.427539154632093688e-01 7.833399971072287915e-01 3.461627352137528479e-01 6.749995992283401858e-01 5.163081610939903587e-01 7.323531567975333223e-01 6.486822003246035528e-01 2.665062714672586930e-01 7.745723942859465971e-01 6.407546363767191444e-01
1.562500000000000000e-01 7.492853190186550272e-01 8.348703988417752742e-01 8.665789058475701356e-01 5.739078742089535057e-01 8.766648250449377011e-01 8.394907662031197981e-01 8.933686795880644294e-01 5.807594815375695108e-01 6.691395695603201688e-01 9.813779124038808366e-01 8.994852558722995495e-01 8.799458145589054148e-01 6.456209539075903336e-01 7.861256286556489448e-01 7.764184618810334726e-01 7.827750940891476938e-01 8.907942697150679212e-01 6.832609206446530470e-01 7.419321412410697647e-01 7.753161829566053154e-01
1.718750000000000000e-01 5.058058389961718193e-01 8.890269495053324533e-01 8.887773416986591846e-01 8.361835295995944106e-01 7.565171580435448018e-01 8.791969470219560545e-01 8.777949433937540791e-01 5.428915176541929677e-01 7.087159555107876985e-01 9.718706779465341450e-01 9.630375515426611299e-01 6.542832108397594881e-01 4.243738630034421533e-01 8.643607306137528479e-01 6.378367987166797537e-01 9.094180159293088206e-01 8.961708699802263256e-01 8.321442260856490858e-01 7.487085691451614844e-01 6.317822587036984183e-01
1.875000000000000000e-01 5.900135113089344241e-01 7.957471991028205460e-01 9.024532037821569874e-01 8.648995136888837365e-01 6.001810093161776827e-01 7.834833750593375168e-01 9.297808401123028865e-01 7.288023422107560156e-01 7.709369818921437689e-01 8.737194116186353110e-01 8.762541361545008733e-01 6.328564430355044790e-01 3.498034520480047815e-01 8.891983552199668184e-01 6.923340443186527526e-01 9.032236896634272538e-01 5.030971553979117772e-01 8.053884217210858232e-01 7.281890569780447020e-01 7.404622495641198787e-01
2.031250000000000000e-01 5.092825948115020651e-01 6.607268419610372590e-01 7.183067272498813161e-01 8.710395263050612069e-01 5.529467393417738519e-01 6.462349930458753944e-01 8.582827602959304247e-01 8.985556816668630598e-01 6.067886498376166005e-01 9.135549162644442944e-01 7.981443531031406913e-01 6.571837581346704482e-01 7.555879241053383710e-01 7.089911641858831493e-01 9.011489008544528723e-01 9.244626816018307602e-01 6.983657870968482673e-01 7.339181472133866624e-01 6.206323647856505366e-01 8.481313399369336814e-01
2.187500000000000000e-01 7.961756689096965989e-01 7.488685554936053146e-01 6.412843065618016869e-01 8.578549660533606458e-01 4.892913384572319391e-01 5.442054331977698167e-01 3.809718208344392565e-01 8.349326499644427191e-01 3.564691939770881501e-01 8.500352090439197150e-01 3.902626038650916507e-01 5.893186999789046254e-01 8.157230055130255675e-01 3.784612124507043540e-01 8.100626942719635348e-01 7.951213784073550839e-01 6.693749977778914451e-01 8.248061868890197434e-01 7.949988466511348495e-01 8.285047816322319569e-01
2.343750000000000000e-01 7.587745073903825466e-01 6.875713026503247338e-01 4.893498506789187852e-01 7.511380317627477377e-01 5.802224490099121557e-01 6.449049190656976904e-01 7.791132926034493034e-01 6.141041685020870444e-01 7.203098561752487861e-01 8.311400406468429924e-01 3.962770220590309811e-01 7.434923839838906146e-01 7.448012008912090476e-01 4.831137116111347551e-01 5.652668362778255906e-01 7.780363224862543170e-01 6.838114138686310906e-01 7.296989152094068842e-01 8.491733346164982432e-01 7.204760121986731880e-01
2.500000000000000000e-01 6.111616331946211345e-01 8.746537618883157839e-01 3.106453130253555850e-01 7.536621260248873577e-01 7.171830618337408092e-01 5.953964215934702819e-01 6.070814126463323079e-01 6.285165097750924357e-01 7.716357609783538463e-01 8.095160241254478750e-01 6.243025590056245910e-01 7.850353846317927875e-01 5.097982701639420799e-01 3.520155539452519133e-01 7.798693948775636819e-01 5.216645698209073645e-01 7.686521331819816671e-01 6.403818853885768769e-01 7.733179682212582007e-01 4.785865839882261219e-01
2.656250000000000000e-01 4.833195787294185530e-01 7.343396513289081051e-01 2.130817171182829983e-01 7.636222637708153238e-01 8.440384397983393683e-01 6.471971609813672588e-01 5.681628574303654311e-01 4.892244384821198833e-01 7.368855615232376977e-01 8.366353962606922767e-01 1.436709734948380945e-01 5.925899119701145690e-01 2.567940742203168036e-01 1.989557442771079931e-01 6.435778585359542836e-01 2.344482027708173488e-01 7.440877139094314030e-01 4.063034746018452381e-01 5.090220024527244425e-01 6.570581252605292022e-01
2.812500000000000000e-01 6.950099982898856332e-01 5.303865721241085573e-01 5.400321962268013198e-01 5.354108819201903735e-01 7.915522521966600333e-01 7.480082503421826567e-01 3.502159871908693822e-01 6.381437750971236111e-01 5.877585982061662717e-01 7.148703836732017702e-01 5.650072010722987370e-01 4.896127189627061949e-01 5.576050534741232578e-01 2.401143134257998080e-01 5.636656416732376274e-01 1.513678486348388752e-01 7.589737177346231878e-01 5.821008764999882068e-01 3.123853089461888222e-01 7.452734767169841845e-01
2.968750000000000000e-01 6.412400152296774403e-01 3.196489817252673449e-01 2.978162516796584169e-01 7.270986149058558112e-01 6.256209907613105026e-01 6.765392482678332930e-01 3.956341308966471737e-01 5.609071563161800444e-01 5.461983452713514708e-01 3.426314465525055475e-01 6.493361790058433947e-01 3.100888124598147888e-01 7.487752901426233398e-01 3.595136888478551729e-01 7.086626221684667604e-01 1.402884284062111686e-01 7.475461226928445946e-01 5.978668495168147912e-01 3.508030625511021072e-01 5.970152210892755162e-01
3.125000000000000000e-01 6.246250278946947621e-01 2.200865950224946688e-01 2.235259315967892124e-01 5.818642787301655517e-01 3.404040564811279812e-01 5.603073545445554915e-01 2.195616662699436672e-01 6.449955049705676791e-01 3.757864649882081687e-01 4.632379573698024444e-01 5.512443608099170111e-01 7.463843272554578911e-01 6.524593301276179202e-01 2.085703308105649745e-01 6.424246170843296300e-01 2.720464234569816009e-01 6.222898798256893960e-01 5.016940206113100764e-01 4.562997519263560786e-01 5.830194307018214950e-01
3.281250000000000000e-01 5.976179120485113350e-01 2.541542019878056946e-01 2.136231789222866606e-01 3.942151278712680562e-01 3.738733606454227587e-01 1.247751450188884503e-01 1.096162234745841485e-01 4.364120092953252539e-01 5.083069710811205510e-01 3.369238542552277504e-01 2.692612812735196703e-01 6.563826603081375222e-01 5.124222584887754284e-01 1.891455084951668142e-01 3.588683690028916518e-01 9.393230371105432130e-02 7.326439210780851807e-01 5.461022964128059778e-03 5.586782416336540935e-01 7.102746785093254633e-01
3.437500000000000000e-01 3.141423871423167369e-01 3.359288227646547997e-01 4.763403652049517656e-01 5.475508947101696000e-01 2.216227513071165889e-01 1.665374386913247018e-01 1.127886163444917905e-01 2.600652129977754634e-01 3.730661287020130001e-01 2.605954799046706905e-01 2.320172221904040488e-01 2.163945758771811112e-01 4.788341757787680231e-01 2.776369084320983172e-01 3.011411845351683603e-01 8.167793568037502033e-03 6.570538493663762303e-01 8.241718543693321575e-02 4.846388444746692059e-01 4.786041530117300380e-01
3.593750000000000000e-01 6.282224120247040799e-01 2.398832743969711023e-01 1.573139341116032708e-01 4.835366399114467417e-01 1.996975408562926269e-01 2.704972750358133893e-01 3.064813013273272047e-01 2.179889609082247826e-01 3.568282430015454754e-01 4.068307370060137984e-01 2.322136702988668588e-01 1.278650180895634092e-01 4.101480550148299820e-01 3.265270921555396555e-01 3.450379539343290114e-01 4.255553547973384698e-01 5.433559645821059991e-01 1.317446664840824823e-02 6.902152780817462085e-01 2.571483445854310101e-01
3.750000000000000000e-01 5.864350961431055165e-01 3.147275304198683954e-01 2.273661189615698297e-01 2.187426367715645248e-01 1.417412387620348158e-01 5.074910239899685926e-01 2.288201270608198612e-01 4.172318935295706299e-01 3.322202010602918199e-01 3.985464128488211966e-01 3.603944738852872809e-01 4.103725537400753631e-01 4.200398476067231934e-01 5.267817464304226649e-02 2.055774760804918999e-01 2.063332684323319066e-01 3.094394853086842589e-01 1.827203869341909037e-01 7.149343952392128720e-01 3.242983794190891778e-01
3.906250000000000000e-01 1.266474771809476263e-01 1.735180696346127760e-01 3.563593263764510133e-01 4.276176956888752545e-02 3.556717590124947731e-02 5.336549243511792273e-01 3.592393916721572933e-01 5.026385686871805980e-01 5.265881889919028502e-01 1.339216123228551547e-01 1.094155017488411957e-01 5.310474175535907504e-01 5.490218127219872457e-01 1.606414359068864817e-01 2.895493589695920522e-01 6.806977945957506937e-02 1.471573911218222452e-01 9.310833573038876376e-02 4.496704295494853287e-01 6.552380741089505189e-01
4.062500000000000000e-01 1.109637528204659301e-01 1.812738211365974295e-01 4.759756739669242231e-02 1.785292400501530333e-02 1.878659215580563979e-01 2.931164059764238550e-01 1.334683239424692414e-01 3.366971624567309807e-01 3.862781905798365889e-01 2.309282098651848636e-01 1.810154084835167432e-01 4.313025165449101972e-01 5.537374237089311979e-01 1.302163251331436844e-01 1.504513799550170061e-01 1.571700226781914955e-01 1.028520689666852922e-01 4.969219356866735188e-02 1.320852861392857736e-01 4.070939454268287516e-01
4.218750000000000000e-01 2.488553674205719671e-02 1.127667228941580113e-01 6.066295298288112980e-02 1.647928097254675872e-01 1.772687722893989126e-01 1.652498746226574167e-01 7.205720502234003177e-02 1.913332514894658110e-01 2.447546161401906450e-01 7.165320300721748914e-02 1.512610767050511819e-02 1.068846444400946413e-03 5.522434447346896702e-01 9.963595917558168424e-02 2.229906977596865167e-02 7.785775632579322592e-02 2.450805323819962855e-01 3.618247401954859388e-01 2.844883525425261905e-01 3.130862317178668697e-01
4.375000000000000000e-01 1.782064377595510285e-01 2.249939826394040665e-01 3.001058901863633971e-02 1.732719026973958409e-01 6.506721891494886278e-02 2.608125667920878354e-02 8.024802974241765363e-02 1.106782701075873648e-01 4.659208363633930983e-01 5.064379346228029544e-01 8.585682778205189214e-02 3.027383410979366252e-01 3.110255664692956334e-01 1.183362483389897302e-01 6.856589940769469010e-03 2.083350502458249098e-02 2.225949298810073751e-01 2.829319061917577316e-01 2.646595186414837930e-01 3.413986718507338036e-01
4.531250000000000000e-01 3.193730392055604272e-01 1.073440234273169147e-01 1.760109958300791200e-01 7.248067236929010837e-02 2.338121145951250687e-02 2.218305093859986032e-01 1.626460331108305624e-01 2.200168941231323561e-01 1.635901382486455169e-01 2.382909799337570855e-02 1.332688992529034444e-01 3.403474985924964114e-01 2.612035120775716562e-02 2.476814125409293188e-01 2.428513821070939493e-01 9.403782773730187672e-02 1.864885010802497800e-01 1.655929158757488695e-01 6.452835214203728187e-02 5.230428698652465902e-02
4.687500000000000000e-01 1.127352582421781713e-01 5.609644825131663431e-02 7.777476725856384554e-02 1.918946468546713358e-01 2.606160099152000642e-01 1.717864380141710667e-01 6.771940298764159150e-02 2.578113901734906399e-01 5.649548421789286901e-02 6.909418995412254863e-03 9.112603320671863738e-02 8.850102092189912617e-02 4.661688621339243194e-02 1.278623654712094382e-01 1.062130889979832765e-01 6.334725040839326964e-03 6.796343851288028093e-02 2.806432901114516709e-01 2.140880515313855481e-01 6.587348776877628709e-02
4.843750000000000000e-01 1.642346083639877885e-01 1.199651085174696305e-02 1.829728537743434413e-01 1.752335456659262769e-01 4.794604975273613068e-01 1.068266655438086462e-04 3.313233040447656763e-01 1.301211296869533574e-01 2.613236930026381910e-01 1.247575325301509830e-01 2.904542974861888671e-02 1.748393704741680599e-01 1.501431558230368613e-01 7.708304283903939791e-02 1.549726157075585198e-01 1.526682081723652364e-02 1.198828134448681609e-01 3.487433848026172400e-01 3.160818516719678811e-02 4.127208311427222331e-01
5.000000000000000000e-01 1.956288757139013346e-01 7.990782742270266525e-02 5.593190721524721187e-01 1.238010419146834060e-02 5.807063312285007939e-01 7.618800685796100688e-03 3.279161508948042481e-01 1.285552673427548254e-01 6.673538197853078335e-01 2.243257108524027155e-02 1.285197424499351093e-01 1.871799136932425500e-01 1.081218063840883314e-01 2.952314297005566579e-01 1.813112852602407066e-01 3.947063640995777944e-02 1.787602247738391201e-02 1.701348380757697343e-02 3.782272980943035545e-01 1.043545471523329576e-01
5.156250000000000000e-01 1.430463307222630265e-01 1.741452850710418446e-03 1.765803415661402684e-02 2.159230446407202353e-02 2.335654101674015104e-01 2.966386314458893669e-01 1.992647950597485618e-01 2.201976533188488572e-01 3.098188282721150433e-01 7.104335430421214459e-02 3.272804705302784223e-01 1.407655192908437713e-01 1.697994951402188590e-01 2.244432204166773859e-01 6.981975544479374074e-02 2.578589476456776275e-01 2.760359967081258969e-01 1.232342809373760534e-01 1.244364453902501166e-01 2.306601904866465921e-02
5.312500000000000000e-01 5.472436039182073525e-02 2.109533531725140687e-01 1.340837524496756861e-01 2.159834915140516620e-01 1.522642922864516357e-01 1.651954742709401125e-01 1.548934417333805158e-01 3.153387405302705837e-02 9.730256160219113992e-02 9.974250276668038262e-02 7.291068825269121367e-01 3.348091466523969717e-02 1.512835252906028216e-01 1.984647069532845254e-01 1.304246723289350651e-01 2.983191291158809877e-02 1.913860166204479629e-01 1.704355558166079643e-01 9.304582623639816308e-02 4.046583404134389272e-02
5.468750000000000000e-01 1.101367228794983694e-01 5.713540164334061089e-01 8.017028201986570179e-02 7.404525452664346696e-01 3.613206868804093030e-01 1.299171997213637852e-01 2.936034548029335389e-01 1.303181221461386097e-01 1.351082212188645659e-01 1.611748023361098681e-01 5.784769624772031493e-01 2.809370720846280922e-01 1.058834740429519528e-01 5.389081377357596292e-01 3.217130501906126927e-01 9.607192405125036805e-02 1.337267597461395952e-01 1.425911663799407647e-01 1.020351457326609118e-01 2.126022639469027364e-01
5.625000000000000000e-01 2.114850445986133087e-01 5.024023311531485847e-01 1.308160767166802463e-01 4.891608010443719290e-01 7.166586870860321146e-02 2.713512540807041379e-02 1.386923271969777187e-03 2.559207998958177299e-01 7.381429636046309140e-02 1.894692377379010029e-01 1.209578185297783548e-01 6.728685397803495505e-01 1.914144561821648147e-02 7.292570223002607932e-01 4.859391495313582221e-02 3.886539913193487461e-01 3.542688849535198803e-01 3.953780701657892693e-02 1.171438950943101687e-02 1.920789463506293940e-02
5.781250000000000000e-01 1.282623612230295029e-01 1.464633140959603064e-01 6.700747681487412288e-02 7.325417411665299805e-02 1.174778118657689857e-01 2.438141074706387176e-02 4.058222146515236967e-02 3.208999854461229706e-01 2.405203076505011139e-01 4.469156304699224980e-01 3.265736101341337044e-02 5.025510112203437352e-01 1.757313769112277962e-02 4.243827750562853551e-01 5.537368667521253528e-03 1.586143526479613930e-01 5.049139838992928314e-02 4.190070332834004013e-02 1.385344180929215518e-01 2.087811422101218672e-01
5.937500000000000000e-01 5.163137699885913534e-01 1.019502170606511743e-01 3.125535486922050299e-01 3.832676870445803075e-01 1.103492560355141677e-01 1.867193465760311477e-01 1.991128528351536475e-01 6.185798976109121300e-02 1.152575160720659131e-01 3.498458291539662257e-01 2.953258721262870812e-01 4.582965474949253215e-01 1.458568093438627200e-01 4.510147295526012456e-02 2.863535454693638127e-01 4.222259349081058377e-01 7.419666395542086172e-03 5.353981334578646056e-02 1.848928881633446208e-01 1.588734925357524752e-01
6.093750000000000000e-01 6.086340083880118490e-01 4.597180270710257699e-02 1.336519779592602042e-01 1.719159563717302941e-01 1.242865295754629618e-01 6.944394397567751898e-02 1.446817711568612053e-01 2.709005770920520223e-02 4.307538987908764438e-01 7.987335157102055938e-02 2.736997594119262578e-01 1.523169001745793560e-01 2.055261075116419645e-01 9.300613134067157659e-03 2.738583175942831960e-01 2.740314181141273453e-02 3.234397480700429428e-01 4.841282823483690767e-01 2.072316688850364963e-01 2.702084305801430997e-01
6.250000000000000000e-01 4.126100254475907336e-01 2.750083896252567550e-01 1.684434617588833616e-01 5.180523854717322685e-01 1.717486894290875532e-01 1.444812719472602092e-01 2.204095813758236155e-01 2.878156279338264442e-02 1.872481879590160991e-01 1.940331488675859639e-01 7.996105807506084795e-02 1.532155003219093092e-01 1.401636104391366100e-01 2.145229338478663594e-01 8.368462669770616869e-02 5.720301969521028596e-02 1.002922282224389672e-01 3.930742016904049257e-02 1.418308922252743964e-01 2.956837762737479225e-01
6.406250000000000000e-01 1.091760622974301403e-01 4.777813952542491749e-01 2.928409844881043611e-01 4.923200960955604472e-02 1.422944269037151599e-01 2.476420350595558151e-01 8.372175069250700763e-02 6.185098049470673376e-02 4.024768344725020430e-01 5.792979284439528365e-02 1.239293371737803656e-01 4.440947969513327903e-02 1.149041433801161055e-01 1.089992758884735791e-01 1.069836333194814498e-02 3.990307190595460130e-02 3.926417640068838311e-02 2.802811553174082149e-01 8.871297574434365563e-02 3.449306678704328055e-02
6.562500000000000000e-01 2.975071864612642836e-01 2.091894391348586291e-01 1.100982948424544944e-01 2.846858923945468356e-01 2.023470916183987556e-01 2.067676780590824992e-01 2.818139253679411982e-01 1.387885195956847437e-02 7.814185058117849303e-02 3.719184874534743612e-02 3.575819804112005951e-01 8.354684440869702966e-02 1.078495261740375494e-01 4.977317928961000337e-02 1.904098740022306113e-01 1.178477218478481553e-01 2.940175093896528202e-01 3.007574708333803429e-02 2.113828771880481849e-01 4.502769061765699021e-02
6.718750000000000000e-01 1.463236306071566406e-01 3.184018425570185884e-01 9.423818909950277059e-03 2.697989671907217168e-01 7.856065737714072739e-02 1.208444466513490384e-01 1.289980108043092266e-01 1.576391899272503935e-02 2.138241045741785112e-02 3.099731841988573877e-01 8.020795310282610724e-02 3.161073595599669384e-01 2.068439593041627445e-01 3.916889342997148526e-02 2.147649949230053812e-01 6.260979854516425525e-02 1.244109505817763001e-01 1.912159500574647786e-01 3.688699537283993690e-01 7.545798070834248972e-02
6.875000000000000000e-01 6.257066355023435666e-02 1.391421705724344982e-01 3.006221835053417557e-01 1.105273172620659383e-01 2.770209642705811701e-02 1.107629035154334002e-01 3.337001195567634859e-02 4.291560905170325319e-02 3.941725940147893792e-01 7.310417635424470983e-02 1.460535209893905617e-01 2.372138914693412981e-01 4.362867483057314422e-01 7.115476561295396019e-02 5.986207946009096392e-02 1.295261770462366180e-01 1.798569305370955052e-01 2.726254194491832816e-01 2.789794288428392166e-01 8.921905094999030283e-02
7.031250000000000000e-01 2.891403829147885102e-02 3.407056809607436620e-02 3.802165178688454161e-01 1.545272542491522676e-02 2.439490474334270742e-01 9.622383971849014783e-02 2.161295124207209262e-01 1.905110894638846752e-01 5.853716865963137783e-01 1.367648330919217781e-01 1.711638428572846704e-01 2.310845234433393514e-01 3.987592635008062603e-01 9.269474833022432747e-02 3.331389691802526254e-02 2.367847365025122497e-01 1.457010397703867588e-01 1.150922184855673325e-01 2.005399244282088725e-02 1.552600628204520439e-01
7.187500000000000000e-01 1.035747608164551761e-02 3.674144922605490637e-02 1.874902440832725836e-01 6.565611424931591666e-02 2.927087561827060869e-01 3.233291288663667912e-02 1.736693983102214137e-02 4.419733472630942017e-02 1.983469483650491527e-01 3.963090003049869470e-01 9.049000563922424134e-02 1.304325375409851329e-01 2.669070459709414478e-01 1.074274477418316748e-01 2.976044761859034452e-02 4.006351196362502587e-01 6.974217241832424141e-02 4.661170901248862936e-02 5.510238776440012226e-02 2.471400825760933923e-02
7.343750000000000000e-01 6.918149221377194180e-02 1.880747818490357270e-01 1.037688874754851137e-01 6.474843880335633128e-02 1.330042273352509130e-01 6.856782718063778037e-02 1.373569583347083178e-01 1.471726115314028749e-01 1.990284184912634313e-01 8.601886037612806180e-02 1.352935412998394760e-01 6.566177828744272638e-02 1.418159318507110078e-01 7.665478226883005314e-03 1.533430411915093772e-01 5.326802197379968407e-01 2.293347300992676918e-01 2.441489022037921300e-02 8.290164348080338030e-02 2.902701310253576195e-02
7.500000000000000000e-01 6.799879861018083560e-02 4.737403549162253480e-01 8.410276326204541020e-02 3.257081661265960881e-01 2.205799297861124331e-01 1.565573200074114532e-02 8.303138408423452188e-02 6.845983768157314076e-02 1.431107916666918799e-02 8.422762971493778783e-02 7.813507163348318296e-02 6.573276981279364828e-02 1.490610403200440803e-01 6.909295795155823150e-02 4.290478234907126737e-02 2.136675099536532452e-01 3.767995600154064317e-01 2.146024493513853590e-02 4.560292749424619818e-01 1.794396161598674488e-01
7.656250000000000000e-01 9.762738261160485570e-03 2.179506024212313486e-01 1.953777306392473836e-02 5.125338031508885894e-01 1.741109228573301526e-01 1.899220104923237673e-01 5.257718883986119097e-04 2.664492666245166577e-02 4.106456633382317700e-01 3.373130231677727575e-02 2.314789809522116160e-01 8.142938440307097292e-02 4.092624944162417400e-01 3.727331937323790090e-01 1.326097277502021055e-01 4.588557469519052856e-02 2.533941495430697688e-01 2.167239498660901709e-01 2.317726950155793719e-01 2.040155909019870373e-01
7.812500000000000000e-01 5.042756190791462811e-02 1.647359504927221330e-01 6.536215019390544459e-03 5.251931315270282896e-01 9.606225619235179980e-02 1.555834877298978569e-01 1.212886736573313973e-02 1.445008209922626213e-02 4.839874355804017758e-02 1.717003840920607038e-01 7.868020390170582523e-02 8.591352334098741050e-02 2.654488357397144505e-01 1.974333724748390528e-01 1.156726817389067269e-01 7.714248370591542114e-02 2.464272408027213812e-01 3.646589417151477330e-01 1.753343637771664909e-01 1.083668971982957308e-01
7.968750000000000000e-01 1.708094823270722429e-01 2.673507119003366017e-01 1.188538230420341929e-01 7.683203734547926489e-01 8.220633967137980225e-02 8.921720285225752389e-02 3.787879595160827950e-01 2.168935109138002693e-01 4.684508014537980269e-01 1.626692769534306970e-01 3.934650438381299964e-02 5.031036301343651956e-02 2.707024024945157287e-02 1.208388215016545086e-01 6.349594401140185029e-02 5.905586566198338383e-02 3.927987104411613806e-01 2.185029173052551246e-02 2.779512659044608425e-01 1.309172026853666349e-01
8.125000000000000000e-01 2.963656655743348578e-01 1.592218493252140765e-01 5.606901275815739938e-02 6.464843157081908709e-01 2.728103314283968905e-01 4.374938815215345667e-02 7.908378182963313185e-02 3.389114163416061531e-01 1.573064902807447818e-01 5.829726048329057081e-02 3.010706114258830321e-02 5.304751944399235808e-02 8.175746159683086600e-02 9.664831301055681889e-02 2.999463446995859761e-01 1.035199649310992870e-01 4.973389573159628374e-01 3.498685931529686988e-01 1.365659468583166891e-01 7.926163617316517307e-02
8.281250000000000000e-01 1.605741900200052460e-02 1.569287110361264059e-01 4.349585630709490447e-01 2.739593899149290190e-01 9.345881635277214494e-02 5.261022946228267189e-02 1.546200407118354381e-01 2.806795600497198340e-01 2.007047960166415679e-01 3.252045634719494815e-01 8.139075891316814582e-02 5.010318091976186800e-02 1.642306479089606364e-01 1.733540673724219550e-02 6.451050792851996396e-02 1.043373697033039005e-01 2.749549914129649220e-01 2.362495236324639036e-01 3.229072152918507910e-02 3.018491736761312327e-01
8.437500000000000000e-01 5.166077275159949855e-02 1.577244787252802746e-02 1.358286330738580905e-01 3.252112436631021120e-01 4.968941203060388279e-02 5.493444224429072653e-02 4.813005528802133948e-01 3.156361098956063094e-01 1.011563181480668039e-01 1.389844477402918388e-01 2.440578568011193550e-01 2.814890982190693114e-01 1.218316480860519996e-01 6.226750330219039259e-02 7.955433484981294309e-03 1.053151404690006454e-01 1.201101536248192492e-01 3.664060040894244821e-03 2.347599220560274078e-02 2.191319481513981371e-01
8.593750000000000000e-01 2.047813728378193032e-01 2.375025733871988787e-01 9.951231721916309336e-02 1.428738774699054304e-01 2.386602404316360768e-02 7.566835553285555793e-02 2.215638608566891654e-01 2.097136251232554205e-01 4.881085555572438062e-01 1.750475188400414384e-01 3.772900242684214533e-01 2.920848502761624541e-02 1.483689345806903648e-01 7.916316295380604329e-02 2.584973614055996113e-02 1.270510338953762808e-01 1.833144371443019560e-01 1.052829041166206993e-02 2.280245355665086807e-02 1.212025503989982017e-01
8.750000000000000000e-01 4.097382821990295798e-01 2.639874527867906440e-01 6.206973511150790795e-02 2.383170624101192681e-02 1.703012546756008105e-02 3.788657075132020879e-02 8.153425161467513227e-02 2.743489722518134277e-01 3.852523403239902638e-02 6.818319278059019328e-02 3.567922181981732221e-02 1.389835625265625763e-01 2.478180526715965948e-01 3.958143655915992154e-01 5.321143928725383804e-02 1.061536883934116327e-01 7.720761320776239889e-02 7.692731886387722817e-02 5.569909019613381584e-01 4.351129142650897452e-02
8.906250000000000000e-01 1.527350523651440362e-01 4.144774627248833804e-02 1.773035009075382973e-01 1.535452588117781625e-01 1.930471686757201377e-01 9.519272384580979018e-02 1.868577163574513533e-01 1.168644770683733430e-01 2.028184626869772023e-01 2.936019803487984747e-01 4.784895083829915352e-01 2.569754985189993957e-02 4.325976420809521383e-01 1.279757494256026085e-01 3.378327791610705177e-02 1.396394561981136560e-02 1.056130697398719454e-01 8.891393228991795183e-02 2.803155519194862055e-01 3.006139954907672274e-01
9.062500000000000000e-01 8.033842032075874662e-02 3.022504108430955072e-01 7.107026359947882233e-02 8.833494402989243433e-02 7.021503968620883274e-02 4.642011962840419947e-02 2.917944324967836622e-01 1.027670536664844342e-01 1.058293501973479704e-02 1.442623506605363870e-01 2.638829283240662904e-01 3.435602515306914739e-01 6.002332495605393614e-01 5.126073315817106062e-03 4.440698275328327504e-01 9.797976553029179303e-02 2.268377114718418130e-01 1.313133043273796152e-01 1.096822462822625438e-01 1.459643884361842003e-01
9.218750000000000000e-01 5.092330774163243978e-01 3.074516955988980671e-01 7.596161201685187880e-02 3.784429523205713047e-02 4.532944024787020215e-02 4.366927478982356448e-01 1.447587344784542207e-01 7.556107744190847242e-02 1.837290375167050793e-01 5.836091340268177718e-02 2.081412890320063352e-02 1.815520727289960112e-01 2.635182466473519058e-01 3.754503320810573253e-01 1.401288464927133159e-01 3.184012708923609214e-01 2.756734395220046263e-01 2.143386482350729261e-01 4.082758245981218254e-02 1.325970160980128321e-01
9.375000000000000000e-01 1.764393878686781603e-01 1.793199432112644598e-01 2.219799077260894982e-01 8.765339498058040413e-02 8.268852848159048696e-02 1.096843087988574328e-01 5.933395800013412380e-01 3.213194257212878546e-02 2.464043214201935283e-01 2.327631391306987929e-01 3.365762942735649466e-01 2.648191433009591811e-02 2.480220350145074387e-02 5.059155945373459973e-02 3.227843793236723213e-02 3.943349193018558796e-01 3.880934230074182256e-01 5.378426900431002022e-02 2.756550680373870965e-01 3.678285664720808840e-02
9.531250000000000000e-01 5.555388390737542315e-02 4.088774012081026199e-01 1.703917047973874110e-02 2.784444637764079133e-01 2.231286869651716021e-01 1.944287592868128856e-01 1.496312865655896607e-01 3.120813240402909011e-03 6.710559371210773894e-02 2.778961408017410206e-01 7.561106969353899310e-02 5.068328645926226811e-02 2.164443659867279837e-02 1.412246349494575004e-01 1.502543944992913716e-01 2.053916370187535215e-02 2.024414220435582779e-01 1.468427599279600870e-01 7.921439338762163718e-02 1.677016269037583940e-01
9.687500000000000000e-01 3.359155916469511172e-02 6.813400644920343530e-02 2.595099192686460277e-01 1.595243966953087747e-02 7.115807472537806488e-02 5.050658990689468886e-02 5.491243844629463411e-02 1.020537329317697597e-02 4.381007896479463537e-01 2.591853686809006407e-01 7.278228191305749495e-02 2.333596403417390400e-02 2.712402581983896499e-01 6.157082254310353858e-02 2.668678618263867035e-03 1.019861951384872650e-01 1.734579746770330000e-01 2.191866854707057999e-01 9.957796577569585916e-02 3.925463964059897753e-02
9.843750000000000000e-01 6.129981297600261420e-02 1.237895678412159195e-01 3.350872350570854863e-01 4.913455227248970936e-02 2.420383241114762163e-01 3.422186295756882157e-02 1.537871096974575136e-01 3.330935476169225723e-02 6.314758728398742194e-02 5.628862348053007003e-02 1.285989173829030392e-02 2.460297211733311340e-01 4.726431619875974544e-02 1.979016189656683800e-01 6.142015826371607229e-02 1.902785248960379635e-02 5.626297673771540886e-01 2.673568783093286938e-01 4.718400090266158808e-02 1.590654623284596877e-02
1.000000000000000000e+00 8.764199254428808828e-04 6.519769151085404169e-02 4.460434775066015045e-01 1.070845860556178669e-01 3.095913342223955422e-01 1.029884621696724178e-01 5.783347723398604701e-02 2.976880646341648756e-02 1.676973401186691026e-01 2.710383584265745049e-02 1.740934752557597720e-02 4.357216488575125363e-02 1.824685611274329822e-01 4.939260054764756103e-02 4.932568861935352628e-02 2.866523165135168583e-01 1.492074411426952407e-01 4.948198260779126945e-02 1.377828514225088244e-02 1.797009568996275897e-01
1.015625000000000000e+00 3.222564235188553339e-02 7.991257043831671847e-02 3.443421816963413984e-01 1.589141158184994018e-01 6.056204467751322151e-02 5.578427803198483526e-01 9.259120911706303358e-03 4.547154130303223546e-02 3.911241007187449270e-02 1.094603510623010506e-01 1.057088502988011158e-01 3.041496847564706743e-02 1.904045124375850218e-01 2.742704984853467365e-01 4.976447503760708657e-02 9.732228283776478417e-02 6.215761055983066302e-02 7.556460363644010303e-02 1.479042516436755370e-02 3.754286427099017831e-01
1.031250000000000000e+00 2.983196925285619416e-01 2.535259350481781568e-02 2.029194170900873451e-01 2.070497478989151777e-02 8.466376253119613227e-02 8.610592861929035335e-02 2.010593521773901826e-01 1.097059333115718007e-03 2.722422339362992952e-02 3.033524327672955379e-02 1.807499450329003998e-01 1.785132988918384511e-01 3.757446142132995770e-01 2.134650610137342752e-01 5.463091176480971284e-02 1.778293351957869473e-01 2.504382086912882999e-01 1.426658887881668628e-02 6.117241211226618486e-03 6.496071507656540067e-01
1.046875000000000000e+00 2.663194295449687887e-01 5.625433028391888662e-03 2.928711840737243527e-02 1.588480928211108700e-01 2.165596180220787370e-01 1.156400138205407740e-01 1.730772917610841344e-01 1.730147256023559510e-01 5.228161813637903776e-01 3.861612023754064094e-01 3.296077003246195014e-02 8.611449800220256912e-02 4.003617217747382218e-01 4.185598807418363515e-02 4.200842043444494300e-02 7.503257590044568048e-02 7.477105190041709315e-02 4.179756165029143711e-01 6.820094291210548887e-02 9.687421051399291994e-02
1.062500000000000000e+00 5.816919776617018346e-03 2.596436211425131105e-02 3.513230444168818356e-01 1.235975430354393501e-01 3.191131627827316353e-02 1.652360227800728498e-01 1.733082924894500665e-01 1.444306245768423036e-02 3.947272516402725584e-01 1.160709807402229565e-01 5.202550000556344784e-02 3.300821943367077127e-02 6.118189346238396276e-01 1.055294240062584349e-01 1.170833592833178949e-01 1.214546207002452083e-01 1.027940210172809815e-01 8.086906909247762454e-02 1.496021555431552470e-02 4.410292173660020909e-01
1.078125000000000000e+00 1.158058428696699532e-01 3.237237368393295900e-01 3.183499907224351388e-01 1.331875305012430732e-01 1.602826672735688796e-01 8.071548127053243538e-02 1.192573467555626821e-01 2.513483477425535462e-01 5.110890055645322949e-01 3.592150988477758183e-02 3.227127012229529246e-01 8.107991670958823727e-02 2.290869314195239370e-01 7.553946388783237820e-02 1.454644071599300870e-01 4.183740940767511490e-02 2.276269761114496915e-01 1.015775398051447370e-01 2.401860561512152853e-02 1.949500576304195043e-01
1.093750000000000000e+00 2.690341509734212044e-01 1.586229532594030933e-01 6.423441645039277420e-03 3.498162775922790679e-01 2.045597274285441691e-01 8.710130117109145254e-02 1.896392747499382747e-01 6.451398702332561408e-02 5.064988556542370235e-01 4.602665300105499013e-01 3.701951280873080341e-01 5.562673211740072621e-02 2.301721455632856628e-01 8.669459948456889609e-02 4.053216711439185105e-02 1.401617858337950995e-01 5.023210650005465183e-01 1.689237897094472175e-03 4.005102502228802819e-01 4.382266238092973332e-01
1.109375000000000000e+00 4.051634332221739632e-01 3.720393088601212789e-02 4.309289246270747026e-02 1.634100137043257017e-01 1.227204758756704622e-01 2.102516005399859833e-01 4.984060811209523045e-02 1.154910335622081341e-01 2.022464328770172837e-03 2.394385698874034463e-01 8.277922264686012055e-02 1.862585882001627224e-02 2.014688020041125183e-01 1.755397096536210066e-01 1.982031383115743714e-02 9.790516861121979775e-02 2.424965273528336407e-01 1.054820478526235367e-02 4.613478192502043496e-02 4.948029603474362048e-01
1.125000000000000000e+00 4.233371935276182552e-02 6.515851675884681837e-02 2.499019443262293777e-02 2.961297125170749348e-02 1.321080303490813623e-01 1.236534434789521124e-02 3.090169086854279573e-02 1.713393207411253727e-01 3.066249756258551673e-01 9.318917512855912078e-02 3.793675135153731087e-02 5.810993747529267367e-02 7.930540667387431242e-02 4.135636062045164318e-01 1.016337646475384549e-01 1.886242106701284948e-01 1.887356209477608071e-01 6.709735168283832707e-02 1.235376533286128148e-01 2.589543194513926894e-01
1.140625000000000000e+00 3.606631651192867549e-01 1.168465038062676542e-01 3.182059944742247071e-01 4.393378007185732570e-01 1.177522124643332058e-01 1.968587823466266817e-02 3.747911454539294002e-02 2.375236489218043312e-01 9.157392930908549167e-02 2.299842839033326702e-01 2.245819090239425248e-02 1.456118471872978534e-02 2.235776576115491576e-01 9.475321743286387044e-02 1.417458913761619199e-01 1.246869504387722316e-01 1.703991299495693501e-01 1.479774899889052357e-02 9.912968380673826962e-03 1.032451382074656421e-01
1.156250000000000000e+00 8.975130473187188651e-02 1.211063634599674060e-01 2.402226570162057651e-01 5.594169205324892591e-01 1.058835780095051943e-01 6.299379818120302843e-02 1.585007252434544531e-02 1.278805865175783318e-01 6.912909556042841352e-02 2.315591169040485953e-01 7.137235202573763426e-02 1.144791863701311724e-01 1.284273538835533079e-01 5.393888960011167938e-02 7.395496244227836580e-02 4.346594399078916870e-01 3.346951534789698313e-01 8.810460614365628329e-02 2.855497880723096848e-01 6.878152774528316360e-02
1.171875000000000000e+00 4.314916395829326151e-02 3.248154695237697176e-01 3.854941517697852982e-01 4.956122770229713370e-01 7.044873989699149130e-03 3.908408247676269792e-02 3.802839792192744262e-01 1.765881899500736651e-01 1.944583985501449341e-01 2.031840168495999410e-01 1.910203821184567330e-01 1.052903203167883939e-01 1.971805482566259607e-02 2.775673556860959734e-01 3.912235131028802410e-02 1.708370352009427329e-01 3.261843731381464107e-01 2.654470790270321845e-01 1.315905714985702440e-02 1.527436997184976331e-01
1.187500000000000000e+00 1.448141547046248867e-01 1.783655616344015926e-01 3.192832323160482710e-01 3.570528600126186003e-01 1.115924271038612053e-01 1.539049459707173516e-02 2.527108101412853247e-01 5.352874890101904509e-02 2.179636527432746718e-01 5.109556038300633839e-03 8.380569127321151057e-02 3.387976986114268896e-01 2.858035224258260731e-01 1.288339962666410765e-01 4.046343899570104680e-02 6.345695851824163514e-01 2.644145918377964199e-01 4.484792480815395777e-02 1.008220490592555835e-01 4.758588500578826708e-02
1.203125000000000000e+00 1.727368607178592520e-03 2.841486395679701515e-01 5.023980443402126239e-02 2.381206481441317802e-01 4.359533168528498953e-02 2.816177805228683301e-02 3.885497837283799494e-01 2.853613499251270516e-02 7.850492107992003421e-02 1.696360923053174818e-01 1.717283591362392045e-02 5.635056692786607480e-01 2.305837022435375250e-01 6.200137323891078550e-03 1.456752773561722884e-02 3.728749462029626316e-01 3.584723115449590103e-01 5.713115469648132744e-02 1.307135803219635142e-02 1.169367895303756594e-01
1.218750000000000000e+00 7.803614752295978674e-02 2.390170061761706655e-01 2.730878169883146998e-03 9.937672565898524046e-02 4.202368250024846735e-02 1.933770616326272937e-02 4.029632156104605567e-01 1.110924864947872640e-02 3.417479329230059190e-03 4.229704902846412873e-01 2.000513392972991245e-02 1.185513562404427179e-01 1.454994376761598873e-01 4.448486821240728029e-01 2.432424658931241906e-03 5.579743860669764133e-02 5.576687871010946873e-01 1.785374806586361015e-03 2.131271488355310773e-01 2.469234568501353644e-01
1.234375000000000000e+00 6.104572634106238821e-02 7.342008600074763358e-02 3.186996662399667612e-01 2.340867804904265270e-01 6.112850127698818414e-02 1.595757230992493336e-01 1.675178326410484142e-01 9.326911192965546549e-02 1.373833321441620403e-01 2.902565846823204065e-01 2.064834041285950328e-01 5.721887261084513954e-01 4.617156538727754667e-01 1.230526428143262352e-02 1.618457278579511077e-02 7.671571235465057814e-02 6.317324342640973089e-01 2.199549996391926207e-02 3.645699960556201824e-01 5.300591166302100893e-02
1.250000000000000000e+00 1.263411934915906198e-01 6.354405510668197088e-02 5.385925680971580531e-01 4.323148360146206737e-01 1.627369839389429251e-01 1.592272504286762203e-01 2.722447333755563248e-01 1.333741968790002896e-01 3.189647531300047328e-02 2.999879584773075814e-01 8.590495449512075554e-02 4.380933389735451322e-01 4.885447821959886805e-01 3.652059897606596550e-02 5.045374734699338559e-02 1.258361558435300842e-01 5.298173310671873137e-01 1.652473909772982918e-01 6.151501345571803309e-02 2.864041386668554345e-01
1.265625000000000000e+00 2.981470721653347450e-02 7.504409079844706620e-02 2.074094745458238478e-02 4.472032241905655736e-01 4.430313021607045626e-02 1.372481774577587466e-01 6.882017467743802019e-02 1.736038407984487886e-01 2.164156061296602374e-01 1.563135148091207294e-01 1.541778501533047352e-01 4.026289767476083289e-03 4.347415617525855480e-01 9.469906604611028067e-02 1.653233463563114070e-01 8.038481185449700833e-03 6.528265147166784077e-01 6.415216898303685578e-02 4.444561910199838761e-02 2.401381433402525467e-01
1.281250000000000000e+00 8.919386155833927687e-02 8.351049435102862739e-02 3.731739420085831982e-02 3.525535915307881352e-01 4.243583747199897727e-01 8.411587426558655989e-02 1.267631933093779639e-01 2.034157632578368069e-01 3.181382856995886715e-02 4.293717210596976197e-01 2.627980127971289021e-02 4.434983939477050302e-02 2.741263141743477960e-01 3.423936205156772328e-01 2.161073211786757042e-01 1.533223994954279468e-01 3.612709774378647931e-01 3.363561209483549308e-01 1.116474265642206504e-01 1.625975291925034760e-01
1.296875000000000000e+00 8.438562262629799304e-02 1.995655742238053865e-01 3.411686337504066940e-02 2.808467290369723868e-01 5.234247079865145258e-01 6.031762330836683283e-02 2.909589700127725859e-02 4.828989946975898416e-03 9.896917015429228248e-02 5.374432001517503998e-01 1.320637465738026123e-02 3.931560915412107837e-02 5.514126986916749462e-02 1.579759483962238920e-01 7.192270673290018790e-02 2.095279547582128143e-01 1.939247491315209959e-01 3.325119101701397573e-01 1.519215751493361299e-01 5.149038977418046031e-02
1.312500000000000000e+00 2.041604572702758469e-01 7.633803643302555786e-02 2.670383590604589186e-01 1.506577783353601208e-01 1.587049235112571732e-01 1.799888409981058868e-01 1.483424075312809176e-01 7.490898216512087426e-02 1.238721788982357908e-01 8.323298176572943574e-03 2.652173342106420306e-02 5.997834460768210890e-02 1.990541887765683027e-01 1.919790977247571705e-03 2.354293286697891913e-03 2.698846015101816764e-01 4.525278690690495015e-02 3.645206351387982879e-01 8.285947146535570240e-02 9.974127684689199080e-02
1.328125000000000000e+00 3.683579714672385874e-01 1.248093019606098530e-01 2.758356679369616260e-01 2.387720255991881146e-01 1.043037614620453794e-02 5.151478059216809680e-01 3.179638919466381414e-02 2.047693866636013105e-01 4.764889086384538753e-04 5.037185289991512327e-02 6.240235485677515098e-02 1.273842186989792014e-01 5.808716436149872209e-01 1.171356163047957283e-01 1.651149058080869647e-02 1.117540487536672483e-01 2.606670653304128324e-02 8.072150797619531692e-02 1.227253286217961786e-01 5.415408127875119548e-02
1.343750000000000000e+00 1.601182469818218934e-01 1.729610164767487746e-01 1.718138190682500233e-01 1.268534077869201693e-01 2.057499612205007135e-03 1.552467887772656929e-01 1.554877085920279914e-02 5.539415022974033403e-02 5.860716327213472826e-02 4.897919266990872350e-02 1.402150105049458639e-02 2.629003849655995873e-01 3.128817140510430361e-01 1.330023108635056128e-01 1.244316523621052661e-01 2.970099532403777665e-01 1.431481134682230285e-03 4.040998998603935466e-02 9.655041789892482296e-02 3.875925756888069784e-02
1.359375000000000000e+00 6.249792679423962771e-02 4.525543810196957506e-01 2.487515740071191694e-01 8.916353774248549080e-02 1.345131938090515615e-02 6.458127799027535421e-02 8.296386420665381733e-02 1.891699924193406823e-01 4.692198509011158425e-01 2.849205075552160502e-02 2.363282088696356531e-01 4.181991662212809074e-02 3.035326711317695159e-01 7.056954284530386756e-02 1.431295616121672776e-01 1.625425729608732106e-01 2.930881935451184681e-02 1.360414698346368301e-01 2.674517159927375029e-02 2.669376450468362583e-01
1.375000000000000000e+00 6.903702693447891399e-03 1.356458352470185647e-01 4.855022918644459895e-01 1.619995541273420991e-01 1.745559697299570723e-01 8.705272920111915488e-03 3.369351626897172935e-01 1.074047466244820864e-01 1.842455430505435254e-01 6.275333986799191965e-02 1.065936687554327467e-01 6.561287042571156691e-02 4.898300897781651120e-01 2.573088656384425396e-02 6.784823635180414758e-02 1.123807022990726129e-01 2.281407421403836289e-01 5.957692849903136606e-02 6.952094633596991868e-02 5.441453319787705606e-02
1.390625000000000000e+00 8.204259212854471406e-02 2.623437080970062452e-01 2.123918773016041928e-01 2.212395270373740674e-01 6.866415127681296804e-02 3.519536996567206033e-02 1.656417488526286952e-01 1.204138477951682482e-02 1.805803836324079148e-01 3.630393666179811130e-02 1.419546260007941429e-01 1.218505764792303103e-01 2.786277766448451709e-01 1.163934958199068920e-01 1.637685467382621329e-01 1.778936280366265055e-01 6.432777483557569065e-01 2.266082668412717216e-01 9.140377798826730682e-02 3.844125305270343351e-01
1.406250000000000000e+00 7.380434944491430505e-02 2.368553172886768421e-01 3.268184224968647689e-01 2.403444295050199964e-01 2.549184924803169494e-01 1.455155904897314778e-01 1.096096643402311444e-01 6.913928601621234342e-03 5.310614676993801603e-02 2.756723615860905488e-02 2.819640158608458513e-01 7.179017034089044298e-03 1.746412477628171006e-02 4.991913972581134978e-02 1.160030234980372471e-01 1.258026192457770975e-01 3.715677777812471105e-01 6.573495544550737868e-02 3.814372170103148135e-02 6.792723598502559655e-03
1.421875000000000000e+00 3.082940866152257889e-02 5.025465073812940275e-01 6.278378607733117178e-01 1.137081798556398987e-01 1.951671057633972695e-01 1.383721124724093532e-01 2.074254891301283710e-01 1.342943802918493933e-02 4.284210347489783577e-01 4.128614055633665347e-01 6.519905327721994825e-02 1.132327437959654015e-01 1.749301185561834004e-01 2.220067803146218155e-02 7.216311004465383871e-02 2.497584595931902351e-02 2.862291590891011261e-01 2.784560358919211387e-01 1.919692615706719285e-01 1.923478051258855626e-01
1.437500000000000000e+00 2.856711692667295299e-01 1.101512976114769199e-01 2.251002367152997174e-01 1.649988229944853169e-01 1.885755442298192031e-01 2.202598241730632789e-02 2.823099984234064830e-01 1.017813289027884871e-01 1.225266760547526063e-01 3.962831608142096118e-01 2.814556534731377790e-01 7.440644143650966547e-02 2.654181697160084563e-01 4.030499507113482482e-01 1.149786742079501878e-01 3.104261418702043418e-01 3.291978672216573365e-01 7.783133242919391959e-02 1.802960376072448509e-02 3.623624032750735191e-01
1.453125000000000000e+00 3.428349611074789083e-01 2.143337140334676261e-01 2.888563567129165954e-01 2.886871371328940672e-01 1.474387564400264083e-01 1.318565918568233575e-01 4.777382011541839169e-02 9.774186912437229924e-02 1.219939254941704437e-01 1.564063720095986987e-01 2.613777998997489707e-02 1.320123963805867606e-01 1.926651637356404656e-01 8.711608787404874488e-02 4.855015265471397667e-02 2.134617098257501344e-01 3.804666836613883052e-01 1.255402139187077604e-01 2.155230768045573175e-01 3.960640430278010715e-01
1.468750000000000000e+00 1.309870016664090586e-01 2.540584336359996698e-02 3.466056592948749682e-01 4.090705848302024217e-01 1.278016601659890186e-02 1.049735066017018631e-01 5.988586690733620488e-01 3.753354632662272289e-02 6.166433419654461512e-02 5.489611790827757937e-02 1.511073059889340708e-01 7.519858493336444016e-02 5.382423331403367595e-01 1.562936514086138151e-01 7.100181019106492977e-03 4.485389320943501679e-02 3.099616366244393184e-01 2.562586300080571533e-01 1.661719918245825323e-01 4.768585518321211136e-01
1.484375000000000000e+00 2.093756425275869193e-01 1.423178184895897702e-01 3.214088102666872726e-01 3.793367276327593851e-01 5.218959727805686649e-02 1.410761926307928515e-01 6.038698854217968565e-02 3.293853123947588363e-02 9.030372413276749333e-02 2.464542850318478528e-01 2.637923277209127879e-02 7.545625333484441699e-03 4.342892756998571469e-01 5.062291081946997812e-02 7.641153986188201075e-02 4.384245569532634057e-02 1.064265615610364979e-01 3.938543710814466081e-01 1.446169422360264745e-01 4.305649629395044697e-02
1.500000000000000000e+00 1.842561429885860580e-01 3.401172477694710539e-01 9.230938898732946041e-02 3.295786652861926735e-01 5.489926654630989528e-02 3.213579219329487646e-02 8.973553062705622030e-02 1.514282932078641307e-02 5.841149088294762814e-02 5.388422389713365401e-01 5.948017628641803084e-02 1.248187483528395286e-01 1.699273148836615566e-01 3.381267815085478579e-02 7.671189744388831958e-03 5.116421517674271113e-01 3.036925355741182941e-01 2.926199158791240040e-01 2.240175825612559513e-01 2.944009755638948289e-01
1.515625000000000000e+00 2.839088972330058858e-01 3.263767902156399642e-02 2.596975566549687350e-02 1.034653008125469426e-01 3.844757036698922734e-04 1.958667125501001582e-01 1.110923569785743359e-01 7.919995147391957133e-03 2.781290077940641314e-01 2.815482784698878915e-01 1.362828042787619931e-01 1.961116581087085364e-01 2.370025115741012101e-01 1.109217647788367650e-01 2.716536359292473155e-02 4.788780347376495050e-01 3.478404542766832530e-01 1.748566682122476568e-02 3.058469389402105887e-01 3.104121126755925997e-01
1.531250000000000000e+00 7.514794837862531773e-02 1.490708366136095087e-01 2.088968533386189458e-02 4.049244031528964061e-01 9.732648963752306426e-02 2.519747174879440332e-01 2.059520345107490880e-01 1.003218584061589397e-01 1.152329305534633697e-01 2.287564065607861630e-01 1.295673421355710529e-03 7.132112392968215087e-02 4.594033104173045889e-01 1.185163541624577599e-01 9.708421409508607991e-02 3.625593362065879927e-02 2.411092172727835603e-01 6.552456285174400319e-02 3.955723387780208516e-03 4.786005672437202985e-01
1.546875000000000000e+00 2.381776910336648179e-01 5.728892226136546306e-02 1.482417381002419099e-01 1.678824638994234897e-01 8.120825425138954168e-02 8.801876223135583766e-02 7.813804764497749022e-02 8.626557764943998396e-02 2.780040521330278680e-01 6.056238282519685323e-02 2.556482887751976296e-01 9.896592044865991367e-02 7.902331382345645361e-02 4.249615897647727298e-04 9.283768244968901295e-02 4.964601411909182237e-04 2.369885202293164905e-01 1.110819954249129826e-01 4.497461043230904787e-02 4.654223435788820140e-01
1.562500000000000000e+00 3.692815583837635862e-02 1.299737297663007274e-01 6.135432762043375732e-01 2.458889867398691628e-03 1.681876363975009017e-02 2.790341445873249088e-02 1.555224096440672443e-01 1.406861624303409053e-01 2.460210541283464891e-01 2.593494542299845662e-02 5.943298879314094264e-03 2.295300536830420235e-01 5.639835305358872342e-01 1.720908640333392858e-01 3.170964140290549738e-02 9.762080283415892901e-02 1.988023325448323442e-01 7.452394765511936858e-02 1.248566654038760909e-01 1.443032207655242649e-01
1.578125000000000000e+00 2.148083827730918813e-02 7.737589960792821964e-02 9.486118243057292676e-02 1.799351100458194963e-01 7.071182874688325404e-02 3.195518454843297718e-02 2.802997533479549830e-01 7.993776469061346368e-02 4.885008313147689574e-01 2.539351595543890006e-01 1.936216832456919834e-01 7.188098064917483598e-02 3.949754522347418417e-01 1.150111135518895739e-01 2.048669994858010046e-01 9.483300482423002650e-03 1.947983191674043379e-01 1.301421638144740212e-01 1.059331287661084836e-01 4.038615435187544178e-01
1.593750000000000000e+00 3.623829985565365369e-02 2.032786488578889120e-02 1.504784756647695454e-01 2.205421623265211573e-01 1.992906493008376190e-01 4.070882081374624546e-03 1.149157932276666377e-01 3.680477000331734000e-02 2.507532625262555159e-01 2.175841825760529424e-01 3.222930849733798148e-02 1.072831764092720130e-01 2.404547965418445954e-01 9.620678812750858844e-02 1.052905280338411499e-02 4.759172709597099538e-02 1.805412890117292779e-01 1.170276736959331848e-01 4.829580326935588308e-02 2.901876802224658825e-01
1.609375000000000000e+00 3.068477564178867523e-02 2.109645482585632836e-01 5.867193091493887874e-02 1.613015990548959389e-01 6.550402658665284428e-02 1.358419827797709700e-01 1.992447613802317552e-01 7.499013933629079809e-02 2.689086332508835442e-01 2.656223157167871343e-02 9.729707971480576478e-02 5.678812691050662970e-02 1.221226764783323315e-01 2.550560665311535913e-01 3.832868226205068257e-02 2.535639586530803041e-02 2.625450283007708108e-01 1.041944287479818106e-02 5.182309923790053702e-02 2.115519541621719429e-02
1.625000000000000000e+00 2.115106388209227750e-01 5.305783230078119778e-02 1.351281757410764395e-01 1.510538178030111922e-01 1.420788896701113135e-01 1.578947207103509054e-01 1.507769426721576878e-01 1.564766999491939634e-02 1.413943161562413245e-02 2.332800653111968825e-01 1.458083241437610755e-01 1.335326761935795581e-01 3.266576913158075746e-01 2.731960480572490080e-01 1.269156167633718642e-02 2.266410151797898231e-01 5.054686528575840221e-01 4.470180443225248157e-02 3.029679242600149536e-01 1.172072102712772845e-01
1.640625000000000000e+00 2.014423048050039966e-01 2.363403964619728570e-01 2.217591600499111137e-01 4.306637641145929507e-01 2.579335028554948783e-01 3.645114573451030959e-01 3.285003548949891328e-01 1.576071347782544152e-01 1.246666870692845347e-01 2.797142739623743185e-02 1.438592692850055865e-01 5.415525557689483682e-02 5.648364219058815694e-01 6.527095538129644436e-02 7.701695590336057884e-02 1.260007117612882942e-02 2.751870761219220585e-01 1.312729888385359700e-01 3.849820960526736946e-01 1.124116760948038474e-01
1.656250000000000000e+00 2.400807212712065264e-01 1.319084244557466312e-01 1.615330051281121393e-01 2.693796449162839668e-01 2.563863731585467806e-02 7.632955574040461988e-02 2.913779376723067971e-01 1.006262820549640724e-01 2.677725272818696212e-01 2.655804701216076129e-05 7.486226073577641194e-02 2.901685002042845782e-02 5.628071858612281736e-02 4.588756343493360229e-02 8.214387083222300656e-03 1.517802132399119486e-02 1.905743676879656789e-01 2.789474319228611374e-02 7.399116070214002694e-02 2.472548519655617671e-01
1.671875000000000000e+00 3.920082280916297734e-01 3.102406111979075926e-02 9.660142151761967610e-02 2.371704600395796447e-01 4.748442650945489639e-03 1.087896248950803169e-01 1.940270592573663522e-01 1.778439954907665987e-01 9.054790705359722081e-02 3.226688581142191925e-01 7.845696813164493300e-02 1.804886878896175828e-01 1.931855179058934169e-01 1.855395169205620309e-02 8.724187746982492442e-02 1.247898582404753237e-01 5.097647905557768366e-01 4.957137295219344458e-02 9.805393559176917018e-02 9.313923657082641416e-02
1.687500000000000000e+00 9.768851724079081686e-03 2.597538711904311959e-01 1.320176734212989422e-01 2.026940983238035565e-01 1.429365032462314757e-02 1.720851739714128123e-02 2.210477439051372339e-01 2.643330284142682198e-03 1.992434988424451603e-01 2.245034338856227996e-01 1.881099080695559367e-01 3.082199897332626917e-03 1.740592150024393159e-01 2.545368928501318129e-02 6.617315602612337810e-02 1.228727279301475156e-01 6.950028544346562587e-01 2.313865023309625013e-01 1.069735543215057927e-01 9.191048883139793513e-02
1.703125000000000000e+00 2.561971073293642549e-03 3.184897423592294302e-02 5.202347361270736464e-02 4.338470709940046854e-02 2.282469485734893097e-02 1.986802880344157654e-02 1.846487606156433370e-01 9.262189775693906993e-04 4.081349682810027635e-01 2.968826560234244516e-01 3.671736870501827316e-02 6.197071719531478673e-02 4.102082202994863230e-02 2.405686753571330966e-02 1.283193572235983605e-02 1.419528904178955220e-01 5.526420984058327823e-01 4.264936471679967728e-02 4.683735575627497039e-02 6.538744654259770472e-02
1.718750000000000000e+00 4.920250134938614073e-02 1.041329424393393557e-02 3.371245340759798093e-01 6.399861021888608725e-02 2.455296322461770209e-01 3.459561507692800464e-01 3.332374150663839907e-01 6.050539362196368648e-02 2.077020345171080029e-01 1.860114421036750953e-01 1.849725936755846623e-01 2.936353703511634383e-01 3.706853956386232385e-01 1.128335854191264837e-01 1.371799766752339333e-01 8.940545054473335307e-02 2.335723195666827290e-01 1.466027018104004709e-01 3.151744022015469035e-03 3.848381142870050398e-01
1.734375000000000000e+00 2.986019931361506494e-02 1.614130480436159198e-01 6.695763124582246872e-01 3.342158678778209269e-01 7.401015186658382872e-02 2.332357793200020291e-01 7.831293650385738603e-02 1.845312899301292109e-02 2.007974366073572992e-01 8.824835101568360984e-03 2.382802797044929026e-03 9.370245953174523301e-02 3.735193956940084381e-01 3.232417332367421015e-01 5.037801985865227039e-02 4.876476180836272767e-01 1.492910734445574983e-01 3.869276329465264758e-02 1.078526332258139264e-01 4.169856043675405216e-02
1.750000000000000000e+00 2.134808205631408828e-01 3.358144046869832033e-01 6.631912958747097908e-02 3.465017955978961783e-01 3.122544054515833389e-01 5.847075097858348697e-02 5.469235361790881350e-02 2.861081004761042434e-01 2.592005009046715602e-01 2.198341794014465334e-01 1.066565190780664196e-01 1.928145950546316864e-02 2.334947117782781856e-01 1.905894103250823854e-02 1.767853921996573319e-01 2.409085282578471432e-01 2.238856188946544978e-01 1.358186055195895192e-01 1.154594727915836117e-01 2.175583757166386079e-01
1.765625000000000000e+00 4.085120472486546417e-01 2.648381103153980148e-02 2.930886687332080465e-01 2.237722651038152322e-01 1.378514090237993317e-01 2.880219918287079683e-01 1.514082216442568830e-02 2.136510294167679629e-04 1.904564288994124444e-01 2.274955812428495205e-01 5.285962413009718391e-02 1.024783069362937282e-01 2.990149823163124609e-01 2.623975377127178432e-01 4.499993387550823565e-01 6.764728264391395296e-02 9.016503713983753387e-02 2.585020752933007704e-01 1.988914708147822008e-01 3.377686394166658501e-01
1.781250000000000000e+00 1.623176972747773228e-01 1.417098501696998636e-01 1.663502863116827490e-01 2.244461551167561408e-01 5.714403815296044062e-03 4.514895971947016085e-01 1.491230675961251195e-01 7.675698185300054710e-02 4.512431899182434147e-03 4.916556633670387533e-01 2.979557770593960469e-03 1.855348247435319176e-01 1.984772935733073729e-01 1.329565969463534780e-01 2.032173699457485161e-01 1.363068197802416032e-02 1.068123582212367056e-01 2.824086124379966700e-02 1.555921313394793282e-01 3.552016424709434905e-01
1.796875000000000000e+00 1.503365963081997221e-02 1.383837826645974711e-01 4.478115874649025302e-02 3.565367871519396492e-01 5.783964441903710618e-02 2.616345983118876783e-01 3.524533379026133506e-01 3.673663993902178126e-01 4.930034395142393611e-02 5.087915739210817356e-02 2.521208792049601383e-02 1.673965017583737766e-02 4.801186501195480773e-03 5.446520011046724896e-01 1.134002850947967989e-01 6.292597948326114632e-02 2.045471864336432521e-01 1.301567503556347871e-01 8.604646055654972814e-02 2.063705264332690859e-02
1.812500000000000000e+00 1.394728914467115721e-01 1.119988367651658656e-01 1.604514180937775258e-01 3.129732692016256035e-01 4.554358946874150632e-02 1.138248235093806682e-01 1.866246412180131986e-01 1.878067692472638606e-01 6.571499026559053658e-02 2.143962735526418976e-03 3.815909111947434762e-01 1.340815308641434833e-01 4.199693015513850103e-02 1.204037426386508902e-01 7.915384546839351887e-02 4.304852092939868546e-04 9.380410302931134481e-02 1.033450959888964071e-01 2.208433764401010746e-01 1.793295244263616861e-01
1.828125000000000000e+00 1.343979669250058018e-01 9.667865627041276333e-02 1.759370453280431901e-01 3.710948800748066212e-01 6.122028944563604608e-02 3.106278179816877177e-02 1.763508486148488152e-01 1.144705794484032757e-01 7.279086057699871160e-02 2.335247066459331111e-02 8.270177926153615688e-02 2.234868631340299061e-02 1.176936469862056439e-01 2.448927127984402152e-01 7.814062130502878734e-02 5.033564869996289687e-02 2.319171628795590467e-01 4.815802273784861587e-01 2.720522208924012197e-01 3.495989556163714984e-01
1.843750000000000000e+00 9.207747987609196660e-02 1.622655388570503482e-02 7.926307235929642980e-02 4.931553030530530513e-01 1.595475206205102317e-02 1.277414503700712578e-01 3.906113949862857759e-02 2.524342762921255590e-01 3.373158467213227540e-02 1.382564478409313291e-01 1.478666723757446066e-01 3.609118012396830832e-01 4.087697993644596670e-03 3.504005556515604053e-02 1.840139935731869847e-01 6.400664955069952644e-02 3.958052931147270637e-01 1.085917025405008646e-01 5.467321492208440659e-02 2.919988180008652612e-03
1.859375000000000000e+00 1.877884602172058895e-02 3.068656017537075842e-01 4.831071334753053725e-01 3.046214475759067009e-01 2.139195449600874710e-01 1.057969883807756556e-01 1.232428646477763852e-02 2.084057260958272206e-01 3.426523821980201889e-01 3.901947442391707765e-01 4.096940393771046351e-01 2.068694296670858454e-02 1.725223408040640546e-02 3.598397896830248660e-02 1.785762909080529925e-01 3.185825582608841633e-01 3.031593409143034656e-01 2.376518891772981534e-02 2.451266634010134879e-02 3.619123340549477708e-01
1.875000000000000000e+00 2.355282884556489376e-02 1.546063974703588417e-01 1.114363987238052717e-01 5.520066255468902838e-01 1.099136861677595250e-01 8.908025281312723087e-03 8.053026517744332757e-02 3.690297987324209217e-02 2.649903817696372746e-02 9.440732377346602866e-02 1.600694096947455347e-01 7.825372359637515485e-02 3.930703403309700472e-01 1.574158536360622043e-02 5.641700453700973505e-02 2.077448835305032993e-01 2.282745086042290705e-01 1.190964351882312228e-01 2.807373454793428702e-01 2.391876518023957621e-01
1.890625000000000000e+00 2.367979286871481903e-01 3.986361313602347634e-02 1.962606719209317452e-01 4.299783825612424892e-01 2.923878898499047280e-02 1.280234704964078596e-01 1.695769311736201324e-01 1.632552920546755451e-02 1.312588062038673176e-01 1.952528510374612059e-01 3.808613722025666615e-02 1.101725848957963577e-01 7.996325634759962608e-02 1.517892981691727761e-02 2.801542826996006874e-01 9.022732779439909812e-02 2.748819393255514387e-01 1.957952109168705768e-01 1.029110373143731078e-01 2.761984598526864843e-01
1.906250000000000000e+00 3.926549093150254188e-02 1.389137654132475974e-01 9.144098275905661322e-02 1.394707824323813961e-01 2.195957849049369748e-01 6.346921329390764477e-02 6.608109613776541776e-03 2.358457561815288372e-01 5.652242046954461183e-03 2.082702478162249959e-01 1.718574284286560061e-01 2.725790076296266684e-02 2.839787453614768808e-01 1.000913599623898531e-01 9.220959259759425874e-02 2.072878077839201416e-01 3.289438069595018721e-01 3.590991551835999718e-01 9.132243742335907979e-03 3.559415180167178894e-02
1.921875000000000000e+00 2.819282636558090652e-02 3.316714083117582867e-01 4.643871572174566170e-02 9.239519039422276758e-02 1.512597003980087340e-01 3.862184063865746475e-02 4.947876946330014014e-02 1.337008673259108549e-01 2.384399071786972787e-03 7.480503840427739359e-02 9.519787569086637924e-02 7.060768765559066740e-02 2.641917311755626052e-01 2.465822385552473295e-01 6.550078554338480130e-02 3.223641226304899132e-01 4.162404005532221452e-01 1.984480460694420731e-02 1.292622388077571960e-01 5.163522933500302309e-02
1.937500000000000000e+00 2.818095023053571180e-01 2.152090350154204357e-01 1.307779131118736449e-01 3.460288437601018452e-01 3.854000437092091058e-01 5.413587890725245211e-02 7.479586702914320373e-02 3.631147762159528392e-01 7.744598705048295895e-02 2.185701871970785470e-01 1.029110946931251734e-02 2.300648988573340548e-01 3.597477842323225095e-01 1.984187582782815512e-02 4.324218903179797430e-02 2.659517754230104614e-01 3.311966110832105792e-01 5.460547901535568738e-02 1.705030789547463121e-01 8.373234909549283345e-02
1.953125000000000000e+00 2.706157895279925341e-01 1.793614168136431208e-01 2.102037912609691361e-01 3.930973691419132887e-01 1.890384160431248239e-01 1.239100494461015112e-02 5.337182362685956132e-03 2.233686705628237512e-01 1.898576924497530072e-01 1.009765180180174568e-02 5.787389372507019403e-02 1.671179244439837952e-01 2.732369194822852898e-01 1.598866922210741559e-01 9.961321084369546830e-02 2.416604295399936986e-01 3.588793084749435369e-01 8.712434148512067378e-02 2.180724955061994208e-01 2.333069540969213429e-01
1.968750000000000000e+00 2.680265055130579932e-04 1.460389503365793207e-01 1.367571182090658588e-01 1.003201173775248034e-01 8.540244119974979564e-02 1.566020211301064613e-01 2.014617156565990941e-01 1.992731046765321146e-01 1.202004713148433455e-02 1.318987437938794749e-01 1.818268334138784317e-02 1.209232398884776960e-02 2.737934121261845766e-01 1.162376703929603322e-01 5.502341862150662843e-02 1.485763809549880132e-01 1.342482297523669710e-01 2.824036653842892410e-03 2.229591929937689010e-01 4.273756373694581612e-01
1.984375000000000000e+00 1.860802505258637649e-02 2.550838453378145299e-01 3.480923645251969845e-01 1.241055903369180646e-01 2.557772409459816432e-01 1.006548096789072581e-02 1.219293867208577076e-01 3.246281540827722356e-01 4.503657085647088526e-02 5.635719613980539888e-01 6.732187551487300858e-02 1.364886870230393699e-02 1.773581442059264934e-01 4.219448129303499662e-01 3.009014558988773111e-02 4.829812775388580420e-02 2.617822465513626115e-02 1.689406593308743487e-01 9.944813812846962919e-02 1.839716276038559084e-01
2.000000000000000000e+00 9.758410499432625118e-02 5.317527325013919892e-01 1.435148564389248649e-01 5.272894659089057134e-02 2.805375516292901716e-01 5.027886664834405744e-02 1.173829699238943536e-01 1.425272139023488205e-01 2.256771229155181413e-02 8.169195018133501573e-01 2.138710137323319993e-02 5.636128477697508084e-03 2.105249271698448887e-01 4.737648031087624556e-01 5.490801007857176296e-04 1.161265252460228908e-01 2.306667643895654041e-01 1.050507254308661285e-02 3.815930829959510856e-02 2.131598344008671098e-01
