0.000000000000000000e+00 6.033955036542516526e-01 2.207481922419884598e-02 2.002272756566318007e-02 3.521021523102820239e-01 6.662841172125844036e-01 4.992749366417512796e-02 7.616110787339138710e-01 2.766112021398837162e-01 2.312243267815793368e-01 8.966857217274738778e-02 3.318947216344504958e-01 5.478948893834344469e-01 1.275333200184629312e-01 1.541663212952150697e-01 5.079583155078599699e-01 4.583036715536853434e-01 1.455295601414882158e-02 8.221788672890019412e-02 7.342314924738332915e-02 3.720465805770439838e-01
1.562500000000000000e-02 2.998419519995854654e-01 1.775544845179725592e-02 2.104939604610353010e-01 6.389829713366562691e-02 4.292081095401704960e-02 1.729439695417673839e-01 3.144626753476907899e-01 1.451604796674505760e-01 4.668177590175721647e-01 1.897888910354348091e-01 1.952009246872115147e-02 3.074649829244531785e-01 1.052731561286512491e-01 1.348037175940084431e-01 3.327807218987576254e-01 3.322299594469974582e-01 2.808480783399197253e-02 7.854654072699907008e-02 1.011191614925366911e-01 3.059462042818523742e-01
3.125000000000000000e-02 2.739479585930473804e-01 1.314807910288042780e-01 1.138001965156470313e-01 5.920394204185047693e-02 2.939648021730462135e-01 3.427660980797280210e-01 2.181694661137000349e-02 1.703595821724131765e-01 3.450213193030105679e-02 1.127659445237812891e-01 1.003958853914625401e-02 8.066810458993121935e-02 1.250184120525739406e-01 1.569486224231147198e-01 2.962757772536787071e-01 4.105435582145519069e-01 1.580203512214697903e-01 1.558108562635925620e-01 3.714034456901183640e-02 1.012920600609424071e-01
4.687500000000000000e-02 2.905673431711183197e-01 5.326144932650130892e-01 2.156190472753546084e-01 9.437463202306535515e-02 4.559187941858203197e-01 1.750967332063567694e-01 3.980593157615383570e-01 4.292704981937865427e-01 2.232512101105581515e-01 4.635682071406075841e-03 1.655447182488587465e-01 3.673979295324330402e-02 1.386884074526966437e-01 4.172965569787200346e-01 2.875214217059828270e-01 5.801577784392540904e-01 7.443767386358222937e-02 5.354513219557937020e-01 1.783758048632070464e-02 5.832797390516987202e-01
6.250000000000000000e-02 3.789742187949013963e-01 1.821323916578131141e-01 8.741920746658018992e-02 1.023329374340759129e-01 2.254897225818374984e-01 2.025917713377408703e-03 7.156890850383477165e-01 1.270291917651899249e-01 2.080353093535973474e-01 6.938289602400760092e-02 3.819362532453602355e-01 3.894611475199289963e-01 4.906895784988589138e-01 3.527255280120804026e-01 4.171014461174080701e-01 6.462276583957882181e-01 2.147525927206659080e-01 5.749826853654333991e-01 2.935553128509037560e-02 5.637322948549421398e-01
7.812500000000000000e-02 6.171854926593702828e-01 2.171968365536303680e-01 5.617518718234908448e-01 5.757478509572976355e-01 4.263480991137911791e-01 1.524144321967748628e-01 5.537934317550510244e-01 3.388363238899828045e-01 3.912168506409324786e-01 4.846488958471490971e-01 4.554329423595592230e-01 2.472529615790929336e-01 6.438064785517805255e-01 3.751189089105372299e-01 6.648067397837861270e-01 3.075120957401712429e-01 2.131120131115784577e-01 6.371458337922381032e-01 1.404248115002058594e-01 7.544449600980429604e-01
9.375000000000000000e-02 5.175237313277398776e-01 1.549214112121449216e-01 4.750807448764990393e-01 8.346606204484846581e-01 7.142227137388869052e-01 5.095045179757508036e-01 5.964049452112761829e-01 6.315800546285077477e-01 4.629676237614959722e-01 7.470038366739658597e-01 6.194165274240521768e-01 5.683915986136005571e-01 2.127313461413386786e-01 6.791888998047961312e-01 7.719859946295045683e-01 4.155514268728794369e-01 7.032129496996144535e-01 8.449378063064567623e-01 1.993202850186864550e-01 5.487067668497263018e-01
1.093750000000000000e-01 6.008253059813357666e-01 1.559425344439653027e-01 8.336916651621419927e-01 9.115603443117872295e-01 7.411646036776390334e-01 6.672730232413296436e-01 6.210065425752531176e-01 6.716279585230712224e-01 7.116579680071893899e-01 7.816131012453870763e-01 5.880718812719005761e-01 3.991567990084624040e-01 6.090309383761867146e-01 8.434870376092667987e-01 6.397845556550755264e-01 9.056785189223507393e-01 6.343054595556887332e-01 6.673660224459622148e-01 1.310522053106344675e-01 7.791067223234966477e-01
1.250000000000000000e-01 7.681375346959720130e-01 7.654824531180475233e-01 4.093730930402461610e-01 7.963347843673008741e-01 8.462814037818652269e-01 8.714471037559117228e-01 8.382363815895103043e-01 8.409874528028217222e-01 8.671769668997819647e-01 8.218442596619089935e-01 8.761379672683798914e-01 8.488237069460879969e-01 7.560255154150604673e-01 9.099903989458423270e-01 8.739688720365871299e-01 9.028558313132232227e-01 8.135891029017450204e-01 7.073299715295056078e-01 4.329376926108502444e-01 8.517772411939972255e-01
1.406250000000000000e-01 8.709858778351836639e-01 8.431905937765480363e-01 7.547412806628603921e-01 9.316093966180103436e-01 8.760096656032551055e-01 8.617622415410814973e-01 9.426924456349750070e-01 8.967318522062385222e-01 9.036172741161566657e-01 9.043193689977473415e-01 8.933162615016352337e-01 8.912831496126683017e-01 7.888783349201923256e-01 9.545299376934568425e-01 9.349272966555912667e-01 8.774746781515171401e-01 9.124766642057162702e-01 8.401525130489054805e-01 7.024776072463275733e-01 8.980473106256737781e-01
1.562500000000000000e-01 8.719918584994862387e-01 9.276437059899057536e-01 9.245773023008116986e-01 9.369324867107010624e-01 9.529734862993755051e-01 9.193597701877112005e-01 9.399276628676004330e-01 9.023939889001880710e-01 9.065081763329005948e-01 9.356840393422127811e-01 9.772667057144499569e-01 9.301521747051366695e-01 8.262577862277884488e-01 9.794281979566475949e-01 9.647785043975548591e-01 9.527184857521743266e-01 9.824489014604360637e-01 8.842084958855851440e-01 7.460498902985648328e-01 9.234565999854555951e-01
1.718750000000000000e-01 9.822732163830669716e-01 9.615815732432568819e-01 9.499681670371080688e-01 9.905187593902895493e-01 9.552343355091759136e-01 9.764449484279446034e-01 9.328907866079260147e-01 9.430316143842758514e-01 8.640583187567916212e-01 9.514099022559859842e-01 9.452437645988036596e-01 9.418629402683889040e-01 8.343919681091974683e-01 9.667942547947594445e-01 9.713031325496637169e-01 9.747771581170981969e-01 9.845145981496363774e-01 9.291124959244609904e-01 7.890127451249193680e-01 9.222625131697850254e-01
1.875000000000000000e-01 9.466654455119991596e-01 9.515912471637815173e-01 8.893859573342635105e-01 9.782279803702839116e-01 9.375040058896717543e-01 8.292108536437458044e-01 9.488452523445317643e-01 9.367392997004659883e-01 8.512580588906151213e-01 9.499662182985368908e-01 8.966544293437876956e-01 9.082118700178524184e-01 7.712053605215417607e-01 9.681307024090227697e-01 9.367975492910761703e-01 9.413459182457055707e-01 9.416675165510742795e-01 9.099631999458102083e-01 6.443244739831316403e-01 9.584434784688853348e-01
2.031250000000000000e-01 9.421365870364457606e-01 9.241978465830118505e-01 8.546655085668853902e-01 9.254810065715047829e-01 8.990978314204669530e-01 9.119002056486156249e-01 9.326589086819174756e-01 9.126480271185971604e-01 9.465211477510661053e-01 8.985841396040796791e-01 9.348976399408569504e-01 8.712169512108336455e-01 8.789055648957749822e-01 9.477138658669788107e-01 9.434188637759869378e-01 8.885314887214714741e-01 9.557449756957560050e-01 9.451113458106282783e-01 4.070163524535670430e-01 9.405019244409800194e-01
2.187500000000000000e-01 9.289918623002855202e-01 6.903552206895673393e-01 8.165778158752682314e-01 8.475129825785246984e-01 8.951808982582002416e-01 9.317729479912147950e-01 9.023827932384667072e-01 8.684907704427724529e-01 9.541499816608522977e-01 8.411805269516849926e-01 9.354407381703323532e-01 8.415764517767050368e-01 8.724929689338212224e-01 8.628834810674367306e-01 8.458462984937908935e-01 8.468896673938194342e-01 9.185871954382329729e-01 9.491862436407921821e-01 4.388834300863855287e-01 8.260450689290891324e-01
2.343750000000000000e-01 9.461958228410923821e-01 7.508636182045055341e-01 8.242842392484491798e-01 7.916921560820153747e-01 7.990090062785439873e-01 8.819149137289339357e-01 8.463171423467193977e-01 8.315095384711965742e-01 8.146268871193981242e-01 7.862135473487579240e-01 7.995531499973026479e-01 6.897810667753242475e-01 5.617940361237259150e-01 8.299037214982921684e-01 8.402078388788353225e-01 7.667029934127427282e-01 7.874693119692975918e-01 8.566637164632523449e-01 6.784947988887655157e-01 7.555632180958428146e-01
2.500000000000000000e-01 9.472053017354535864e-01 8.567122090420454805e-01 7.936095279479599141e-01 7.857134258545742655e-01 8.625610931868192832e-01 8.344334667728802168e-01 8.319372296042364390e-01 9.474352360428491826e-01 8.650205946232202292e-01 7.888041293981888913e-01 5.453506797740812484e-01 8.133324340944867448e-01 9.007567495314597883e-01 7.178226802337477341e-01 7.931985114054593833e-01 7.381205799685613966e-01 7.962784707619936508e-01 8.892080204527715859e-01 7.516529978878309093e-01 7.618958128498745097e-01
2.656250000000000000e-01 9.140321450621438082e-01 8.519165723500682352e-01 7.539782489987486569e-01 7.032690176154212658e-01 7.758033911972400665e-01 8.102560129501382713e-01 6.017065800442359391e-01 9.186606867059026182e-01 8.635714083237381322e-01 8.935046885341506595e-01 6.513815652221603969e-01 5.711666493251619237e-01 8.813138271128022616e-01 7.809679544625288683e-01 5.384489106109198175e-01 7.386204194404918377e-01 7.266717808335159123e-01 5.997678246249286138e-01 8.214154012053705989e-01 7.391414796486142080e-01
2.812500000000000000e-01 7.452044163155738810e-01 7.337126144029101349e-01 7.049097921391900279e-01 8.085337008484407839e-01 8.130999093905493247e-01 9.050600107538540051e-01 5.953876630725020158e-01 8.621679346268468214e-01 8.434137656648940107e-01 9.230888578369708108e-01 4.381668633635603105e-01 8.250062620208077346e-01 8.954023277829670224e-01 7.828470361588260040e-01 5.792630021346681923e-01 8.381104103607379674e-01 6.307585212544044584e-01 7.608258522060089568e-01 7.761486857371137082e-01 8.468095259527232965e-01
2.968750000000000000e-01 6.396489994511038724e-01 5.216781812809700991e-01 8.167657202155758078e-01 6.805296937850824346e-01 6.268615269169521831e-01 6.739438523535589143e-01 7.764289306530008927e-01 7.199320593356146603e-01 7.258965337443520349e-01 9.223631744791891407e-01 2.539091009280511901e-01 8.719677977302034977e-01 8.319656994865834987e-01 7.626483139726026872e-01 6.262348009830205342e-01 8.568697982446694672e-01 2.902188407478334398e-01 7.162893794829844341e-01 7.287783114616901425e-01 8.112524922123844906e-01
3.125000000000000000e-01 6.504370055814994167e-01 5.573629827518000734e-01 7.481213209469070868e-01 6.437945021602186069e-01 6.251717815304917991e-01 8.541066093290771155e-01 7.613225483976404639e-01 6.579953272168844736e-01 7.590256531108378057e-01 6.281183590638994563e-01 4.132083465951147394e-01 7.430281140653559602e-01 8.025936033989705676e-01 5.933965360648292275e-01 6.738150139458579657e-01 6.185262016282894182e-01 2.598076252461564151e-01 7.342175016168002166e-01 8.237113432999662033e-01 4.556999825232387336e-01
3.281250000000000000e-01 5.088573676372371013e-01 2.617946018883755555e-01 4.932884193150462449e-01 4.565543591568672621e-01 6.761315907690779170e-01 8.370271756135846397e-01 6.189327467412187866e-01 4.767512109655208663e-01 7.877257657824068282e-01 4.734472410561971767e-01 4.251609138771439422e-01 6.585912100426343230e-01 8.764285101604271100e-01 5.083682705216701070e-01 5.296593683544248421e-01 4.837123950280449169e-01 1.299761038195592633e-01 6.346144902732625548e-01 5.421648412352170210e-01 6.609550258756620167e-01
3.437500000000000000e-01 4.910635225098879952e-01 2.276372316458372957e-01 5.813698144721011207e-01 1.980106368550132445e-01 3.307170458373809852e-01 7.403007911921526407e-01 5.396841021317527742e-01 4.994382903182730260e-01 7.947985703730268137e-01 7.059193160269718881e-01 3.419588080602831703e-01 6.817627659764190495e-01 9.438459564541452629e-01 3.264224415597808404e-01 5.307422858274112309e-01 6.452559631967823561e-01 1.421392635681461569e-01 6.699981235100379573e-01 4.951002406046614013e-01 6.308959682747342645e-01
3.593750000000000000e-01 4.988869020824200917e-01 4.136134858684284987e-01 8.575141315197235548e-01 2.916001196955854136e-01 4.443927568992717125e-01 5.001444453300141202e-01 2.372996319779069052e-01 5.492062601800806743e-01 5.960967224044233514e-01 4.936316700357517018e-01 1.264235894813309502e-01 4.971930374835761834e-01 8.107914814375078993e-01 2.426793457684658373e-01 4.379929786971776262e-01 5.303332157106162015e-01 1.001481859069721231e-01 4.960558924246052381e-01 7.027997208324210376e-01 6.094001340094711283e-01
3.750000000000000000e-01 8.032461374690372802e-01 3.583990770771869339e-01 6.326016945608197162e-01 4.336698113078674699e-01 5.098891287934319561e-01 1.740474455724432823e-01 3.273766562539501823e-01 2.506593622928013909e-01 2.876726804693598427e-01 4.193025730236943360e-01 4.792438099932086470e-02 3.322755841674767674e-01 6.009750515124088199e-01 3.565474710394250235e-01 3.214611061012920823e-01 4.009122757496617617e-01 9.765806980679715699e-02 6.503690418762503311e-01 6.262640537267488705e-01 6.741028486940985331e-01
3.906250000000000000e-01 5.010951913146526326e-01 2.913610237041333040e-01 5.156869093173660490e-01 5.183252071076962508e-01 3.085334468401085828e-01 2.876938354726664704e-01 6.129196926723936567e-01 5.852857338037925627e-02 1.922626929674863538e-01 4.739868916294359136e-01 1.141654533244848418e-01 6.918345644196415289e-01 5.842623726959302877e-01 1.934567880832649411e-01 7.806184223871677486e-02 3.643602593739760365e-01 7.619320115345490363e-02 6.099320957361172857e-01 4.417865396929582245e-01 5.104427317919086882e-01
4.062500000000000000e-01 2.815535962795509550e-01 3.083731966483852505e-01 7.461622112010093261e-03 1.434963849220989920e-02 3.134758607199832764e-02 1.485413797977268024e-01 4.039129920007759611e-01 7.089319445265652997e-02 2.919744069024688971e-01 4.889643950749567591e-01 2.136533223370654100e-01 4.692696496084617502e-02 5.497035033389492398e-01 2.703314926942286256e-01 1.281154229858201023e-02 4.512444716344808371e-01 2.831937616619020770e-01 3.935276345717749757e-01 5.192041008099269606e-01 3.453928141261209950e-01
4.218750000000000000e-01 8.705794611395462068e-02 2.526328098482574225e-01 1.068967354518874507e-01 2.949435087279217993e-01 5.569849208855384010e-02 3.352750805852949129e-02 3.701309350932324022e-02 9.471070818111342049e-02 1.362290992406392232e-01 5.559531899573423308e-01 6.814963931303526234e-02 7.608596115406246474e-02 6.597396715224056463e-01 3.729993988877298161e-01 3.973465494808668952e-01 5.685035295862501253e-02 2.720861938120490153e-01 1.978289067864855422e-01 4.095271400266528028e-01 1.805202019285865114e-02
4.375000000000000000e-01 8.392737094194863134e-02 1.808796951218789584e-01 2.906517166848513467e-01 3.381455087024166223e-02 2.292349664686549882e-01 3.128362731137950079e-03 8.391685279000941911e-02 3.369565834152061234e-01 1.029326124397204195e-01 3.466753501426663164e-01 2.435861155467541894e-01 1.645062131362318852e-02 2.716323173218362363e-01 1.061601074619382239e-02 2.680234420703523843e-02 1.284084658986698047e-01 1.526964594245913132e-01 4.907232594192377506e-02 1.932693712445337220e-01 1.395757994206216768e-01
4.531250000000000000e-01 5.532633909544645151e-02 2.394026571400509340e-01 5.082880267189011647e-01 2.366034824149869029e-02 3.410746099059806524e-01 1.871089800441102721e-02 4.124193070795158234e-02 3.330185640416555119e-03 1.751514080138266150e-01 6.213373384191175214e-02 8.705999068023947962e-02 2.458204417809595546e-02 1.213118539802918693e-02 5.126182154037214334e-01 1.856237159618108201e-01 1.129137877282063163e-01 8.681363126489674564e-02 7.218183826198237840e-02 3.492036237452512126e-01 4.929309280538687194e-02
4.687500000000000000e-01 2.304289060234212261e-01 8.203782296575119759e-02 4.379707081634399285e-02 3.357663747765213258e-01 1.273222817062233114e-01 1.320064410639767982e-01 1.918485006325716322e-02 7.669914384570589161e-02 3.795287912051364398e-01 9.494605549364000530e-02 2.521209250211374139e-02 5.566381348148486535e-02 1.862226987424236979e-01 8.553081394380331048e-02 3.260262371517923530e-01 1.101688762822523454e-01 2.415550422552734111e-02 3.871227196916718349e-02 9.878412423958322919e-02 2.317447186203867304e-01
4.843750000000000000e-01 3.269205658886124577e-01 6.879892023510895960e-02 2.630019526956937567e-02 8.051325845008046322e-02 1.394102735092099532e-01 1.866457071453182792e-01 8.238425210257484255e-02 7.569769797457407898e-03 3.007659002106214396e-01 3.592742189815602005e-01 3.902298263220529972e-02 2.045764966124737072e-01 5.497379727479216882e-01 1.024413834939954943e-01 2.847953478806724004e-01 3.265292075762220581e-01 3.066678173697026666e-01 3.805624868918425219e-01 8.432581424380017343e-02 9.974945472237801980e-02
5.000000000000000000e-01 1.679704805213020069e-01 4.258042680930835405e-02 2.730398290978398035e-01 7.297694386289993451e-02 1.831040171429455521e-01 3.456163866411418040e-01 6.127160872977775036e-02 1.901096445115848521e-01 1.707817548971612143e-01 3.667437340792573663e-01 4.165386376755623316e-02 6.765838826813792839e-02 5.750984157294069914e-03 1.817753970909182504e-01 9.197523690594826273e-02 3.640962841975345921e-01 2.399515603027728983e-01 3.888476178387541005e-01 2.797434838501875465e-01 2.158722826616438772e-01
5.156250000000000000e-01 2.480420549219636839e-01 1.212964196320225063e-01 3.585354464964931598e-01 2.706557767080508894e-02 2.729959730906339824e-02 1.630079892972315370e-01 3.157942454798148141e-02 3.286309137527499424e-01 2.747522476050114765e-02 1.779793062326370523e-01 2.495950171075972668e-01 2.012750280825154059e-02 1.189647961518342512e-01 2.235146472104999060e-01 1.467336100444380231e-01 1.880258465882746199e-01 3.739927051333227261e-03 3.098879075629634716e-01 3.223252079875552623e-01 5.307576313982037552e-02
5.312500000000000000e-01 1.632189475046059435e-01 3.654406435903014838e-01 7.058269972116124613e-01 2.710102813168011049e-03 6.973740286154210544e-02 1.563776592883654448e-01 1.670719087325594210e-01 4.323309597053293790e-02 1.050320429160377655e-01 3.015041357162021596e-01 4.685871539554513354e-02 2.244965373241846474e-01 2.907834575004538541e-02 2.095012853632697084e-02 2.286288553788846656e-01 4.236422883899553238e-01 1.147030088743270382e-03 3.239214014716227941e-01 3.934224472341583678e-01 1.706826957082306362e-01
5.468750000000000000e-01 3.438561173593884801e-01 2.357159962925396701e-01 1.583761645201210433e-01 7.661593201092260774e-02 1.086997736356961619e-01 7.034022050003682636e-02 1.112372876153817358e-01 1.093779371535152228e-01 2.033161279411235811e-01 4.432810808574174088e-01 9.754173671832405343e-03 7.405952403489049485e-02 8.858967428561000113e-02 1.535935259544898568e-01 2.487410403177057472e-01 5.650488705910406972e-01 2.112974802939496244e-02 2.447356743407402557e-01 4.643001623563982466e-02 3.853751647684222625e-01
5.625000000000000000e-01 4.118203013632951714e-01 1.226962146156961309e-01 4.243375149281321534e-01 2.501018127750318509e-01 1.287380152259438582e-01 1.152621266758012547e-01 1.756947357986498315e-01 3.486950854805820343e-01 4.759378497270227992e-02 2.384011398842757756e-01 2.105392214481188184e-01 6.710247724965306970e-02 9.353022076744965663e-02 5.891855040800828003e-02 5.959353364455175633e-02 5.706156232999667344e-01 1.288893390604722300e-01 4.852014304670158595e-01 3.357033600623069575e-02 4.867448541129919537e-01
5.781250000000000000e-01 1.248563605721028646e-01 4.705642615145000374e-01 5.203689977997574267e-01 2.099289195027410626e-01 1.894509498169020534e-01 5.866520326055254392e-02 5.753742610452983186e-02 1.479451938880792239e-01 1.903448467895717255e-01 3.491308262813312413e-01 8.969560548186804663e-03 2.686499066788813894e-01 1.503989383649191880e-01 1.187327601949704492e-01 6.528226258731810450e-02 3.196025841390297551e-01 1.651155005415138044e-01 2.310847441735636512e-02 7.018265801804808579e-02 7.061746247699230983e-01
5.937500000000000000e-01 3.798529447631114886e-01 4.784617215625533437e-02 5.643036030905745210e-02 1.551825924889501385e-01 1.203347918176180531e-01 1.502154261958940362e-01 1.107204175288406672e-01 1.741381879352589257e-01 2.709906290085966618e-01 4.341435717565644836e-02 3.646728678173960514e-02 2.809193731162272500e-02 2.812382970082874523e-01 1.128341629611445962e-01 6.074906710273084848e-02 1.057433464006625329e-01 4.539179761261910029e-01 3.946430639524221573e-01 4.006830722301996106e-02 3.159688724160005791e-01
6.093750000000000000e-01 5.617206177698875341e-02 3.127725925371076937e-02 2.410739138776256951e-01 1.113928782398512646e-01 1.118594323325610845e-01 9.889838880329404613e-02 1.168336604559671969e-02 2.542718538964890973e-01 2.194383499306550300e-01 3.106534504087250514e-01 3.859347067305808343e-01 1.853833530453151412e-01 4.271109225140878873e-01 5.202138699999763610e-02 2.092028453055934031e-02 1.748619103773033645e-01 3.579580416211791127e-01 2.688005241374275545e-01 1.284299106832916815e-01 5.649284481277829645e-02
6.250000000000000000e-01 9.789987634745990486e-02 1.647117418986309700e-01 4.199876782148625337e-02 1.222663228244500605e-01 9.450607286622372816e-02 1.174491793497265124e-01 6.820581001994725778e-02 3.073071960151229631e-01 5.573466736116516884e-02 4.981908876407957210e-01 6.143088877739096842e-01 1.552273565279899958e-01 1.616158272071156754e-02 7.818556148812844109e-02 1.318642639212211642e-01 2.902701385954520319e-01 2.127286822326154847e-01 4.832988492749306086e-01 2.923097639841081702e-02 2.202599292895420502e-01
6.406250000000000000e-01 1.662058094615795345e-01 2.502543504161942045e-01 2.113410325941983414e-01 1.772133038317726117e-01 1.753900332336490522e-02 6.873630752475096140e-02 3.731332088838041905e-01 5.075231248654219485e-01 1.504999887458128259e-02 3.150024401498797144e-01 2.631763295202365627e-01 5.880679798564291128e-01 2.365428193206367546e-01 2.160789836880502857e-01 7.158261005713724423e-02 1.664759638333086766e-01 1.769552322591283477e-02 4.220651504168613788e-01 1.411220750323061157e-01 7.507761934899850886e-02
6.562500000000000000e-01 3.692802236209628552e-01 5.354787105405409142e-02 1.491220837259936427e-02 1.938809417226553533e-01 5.501653349350736633e-02 7.830645133169328309e-02 3.818940865800410367e-01 4.597225468903659018e-01 7.911456052135890094e-02 1.177693386918080010e-02 1.509406471138926564e-01 1.797619141576042856e-01 4.402259024826811473e-02 1.614503250803229206e-01 1.163970929594326936e-01 8.988008266589066209e-02 1.150923170044598903e-01 1.974577304250323961e-01 2.240160942144290845e-01 9.014548122657470297e-02
6.718750000000000000e-01 4.618557054288121022e-01 1.458893340470745481e-01 2.149662688453169140e-03 3.065422093500485556e-01 1.845316755208960269e-02 1.113361801188860190e-01 1.700714403536806099e-02 4.283182140139085159e-01 7.270414604834181393e-02 7.681252379874987934e-02 3.319112284843405564e-02 1.730634001152280277e-01 8.169827050091903881e-03 1.761556356877727048e-01 4.464341022129443837e-01 1.418015305120269298e-01 6.378962186776658549e-02 1.754067772974208517e-01 1.353376575429245110e-01 2.789389739640715793e-01
6.875000000000000000e-01 4.640318958131086635e-01 6.013943003931458697e-02 2.409221085314974808e-02 2.131858457345926425e-02 3.040318584920312719e-02 2.193269685581263340e-01 7.898448160158542952e-02 2.478599258991084908e-01 2.240710731384932750e-02 4.410013186290722559e-02 1.080674602139944929e-01 8.062147300911967629e-03 1.876914406391377022e-01 3.024400098539238857e-01 4.038548341024349869e-02 1.948050808323665006e-01 6.826347080684784518e-02 6.469199862768992837e-02 3.477499340551392648e-01 2.243489628080404807e-01
7.031250000000000000e-01 5.781791757783132091e-02 3.038677487153623735e-02 1.090787273588812861e-01 2.030187023267983892e-01 1.532431127557757067e-01 4.321788682411820820e-02 1.462310638046369383e-02 7.285100038725474125e-02 5.125735012949499299e-03 1.145353279548687597e-01 1.772726350159887360e-02 1.569607611395527069e-01 1.127429366511996656e-01 3.046761764829040153e-01 1.149945204010543592e-01 3.224823669437230228e-02 1.534273380255485597e-01 2.175161513187829493e-02 1.619270697154822081e-01 5.182371436757636785e-01
7.187500000000000000e-01 6.021544377407210547e-02 1.524048698440015059e-01 5.026944795679050976e-02 4.063964703595639438e-01 1.541655340326973378e-01 1.345991909224721746e-05 5.508174769298628502e-03 6.689510802436922365e-02 1.658960587850953350e-01 1.055315351166227905e-01 3.523625617515951242e-02 2.328389247861082090e-01 2.311399089434277299e-01 9.438883587073908926e-03 1.243108227738718152e-01 3.441142101653180130e-01 9.116426934602613052e-02 1.036669402655962385e-01 3.974277988866107836e-01 1.465036545463227757e-01
7.343750000000000000e-01 1.424051322977635224e-02 2.040114497982455088e-01 1.805980080995196399e-02 4.258470715168505838e-01 4.811122486050246061e-01 4.654745384773999878e-02 9.854717746517990037e-04 1.403254172353638474e-01 2.471354685281407781e-01 2.667708731871750172e-01 4.175253598550367484e-01 1.516246209065971462e-01 1.962552340377420046e-01 1.209137480757618288e-01 9.485113264510432185e-02 2.014645768531335979e-01 2.478934862733201405e-01 1.373349781451007889e-01 2.953632431019126425e-01 9.234479482647459103e-02
7.500000000000000000e-01 1.490896906464228566e-01 2.687437899724843260e-01 1.484176219526944611e-02 8.183422399369250089e-02 7.890891625015795940e-02 1.812789849205483361e-01 5.998991522325639730e-02 1.886452910264039412e-02 2.196418140088361032e-02 1.698671776797786581e-01 1.678834983405092518e-01 6.273244186386918442e-02 1.465474637035324712e-01 1.295933422529466084e-01 1.315403311893217908e-01 9.076088336230965503e-02 1.193107799308794764e-01 1.573227368611363752e-01 2.293954348422944933e-01 6.245667004216402807e-02
7.656250000000000000e-01 7.358165324290612264e-02 3.593245202484608436e-01 5.088638748891324837e-02 7.190245483887076905e-02 1.763017558108189997e-01 1.436083310661790124e-01 7.656380479795067695e-02 6.115941794549728701e-03 9.389686029431733305e-02 3.110671483807093962e-02 3.289448582700580381e-01 8.141165786974687013e-02 3.330320752279194441e-01 2.672743053475714059e-01 1.148522708676303905e-01 3.419737384254220580e-01 7.014386368708890040e-02 1.486975544146489601e-02 1.087957773186549876e-01 3.290560861195417908e-01
7.812500000000000000e-01 3.561288183847262090e-01 8.945750410173822220e-02 1.916040828597521672e-01 1.464695879264901190e-01 4.142798256054905370e-01 2.933734119615518110e-01 2.499145462284546940e-02 4.046243042902490303e-03 9.295698709377916980e-02 7.082565254614126005e-02 6.183683959951672415e-01 1.237934718824869745e-01 1.998301990948244122e-01 1.096681929245823806e-01 1.719262531746549583e-01 2.102035220809279903e-02 1.649347638088191348e-01 2.431514547129666470e-01 8.652172184117569442e-02 4.803859627019300277e-02
7.968750000000000000e-01 2.644312111541198274e-01 2.862481129869621013e-02 2.844646849728935112e-02 1.094455779952033386e-01 1.555499088224533352e-02 7.221296381430669653e-02 2.808453805669296546e-02 2.231911254524978142e-02 1.549853707571135497e-01 9.057144316241254323e-02 2.847199286951602182e-01 1.278311429488568907e-01 2.162081303520916320e-01 1.466874027803108660e-01 1.771231130523137631e-01 4.524303525040632712e-01 3.999542118863956275e-01 3.578826849850735292e-01 1.484084750912389311e-02 4.711585287516865256e-02
8.125000000000000000e-01 3.760111847357113790e-01 4.950119014947223367e-02 1.020382818440091349e-01 2.507503338112966329e-01 9.540688344925360442e-02 4.781547719189408602e-02 4.421683673378792867e-01 5.878852548598953454e-02 4.122778240359054047e-01 5.267365984613839314e-02 2.466932873826322981e-01 2.497384086088578342e-02 4.192477343246537452e-02 1.073930387141780154e-04 6.269539040008419162e-02 2.130698568932770931e-01 1.211032308924112622e-01 2.986042361862973338e-01 2.460309337470989732e-01 1.846698195498815698e-01
8.281250000000000000e-01 1.198157049581854705e-01 2.248703135549776910e-01 9.495085711074918722e-02 2.223575417304166080e-01 1.289827262062974156e-01 3.849453521185768057e-02 2.856575311168419451e-01 1.269099831995494088e-01 3.921354271991274731e-01 7.205491296695917813e-02 2.637607944394511628e-01 1.597279324066078754e-01 3.403621799188637498e-01 2.604479450216513198e-02 1.897012145957039653e-01 9.422116406479927320e-02 4.286791796872323201e-02 2.771613281560849837e-02 1.784465978396840014e-01 8.878360675329587115e-02
8.437500000000000000e-01 7.754517459504127463e-02 1.342275868195713651e-01 1.000504174444716010e-01 3.110161939095037464e-01 3.068317441659036970e-01 3.914426911367536177e-01 4.045920687008453531e-01 2.871596397579028737e-01 1.566693998296138368e-02 3.190258950205400457e-02 7.016606352404254621e-02 3.819226293075413808e-02 7.413902455857163121e-02 6.257309814780625742e-03 1.851744412875269696e-02 5.899676249473122247e-03 4.405407169727156708e-02 2.518023375969694611e-01 1.972479316029129015e-01 4.226455544084120608e-01
8.593750000000000000e-01 6.965619327713298836e-02 3.727801464751467897e-02 3.955617889042680191e-01 2.898346375848063206e-01 4.460866691855025490e-02 4.103807568073165012e-03 4.999670721477288415e-01 2.808330046692138482e-01 7.257228934540849163e-02 1.983951993845573802e-01 3.391234428976895310e-01 2.000763123750249825e-02 6.384063008543881812e-02 1.517978605238347045e-01 1.569036987461474297e-01 8.140930161238035812e-02 1.868564320180219132e-02 2.886106323913158467e-01 8.070579758791728009e-02 2.923702997935940795e-01
8.750000000000000000e-01 2.903073903503006203e-01 1.770473312089050899e-01 8.348485781142539475e-02 5.146159680078724215e-03 2.406394609173187205e-01 4.543563741166251058e-02 1.006482161869828862e-01 4.821927229358459743e-01 3.223661159371896123e-01 8.673059387784815000e-02 2.245556867214161534e-02 7.132611132519642294e-02 1.777880493109959825e-01 4.531818242554698228e-01 1.479511447872938756e-01 5.238029972004598633e-01 1.084613825406660209e-01 5.133410079072680404e-03 1.603819347807189377e-01 1.327191762913219331e-01
8.906250000000000000e-01 8.113930320361464887e-02 8.650969953166753879e-02 3.213467189472223734e-02 5.198335367944671992e-01 1.390842865455120883e-02 1.465641507443889158e-02 2.916009069683171973e-01 1.035374664342266771e-01 1.186908779408254733e-01 2.141101897415420563e-01 3.573626655166472349e-02 1.597644233037199546e-01 4.245754452452033326e-03 1.033987000888268726e-01 2.065356192271906310e-01 4.827535910775641592e-01 2.428098870439386603e-01 1.434457499631387745e-01 2.869926609138691992e-02 7.062857322439618224e-02
9.062500000000000000e-01 1.800335373059655519e-01 4.940060866376663751e-02 1.064889336230635981e-02 4.233678422577826228e-01 6.871001691932779321e-02 3.279427221696180200e-02 1.099669023554563640e-01 2.663380544878916623e-01 7.399613591992776351e-02 2.485358721537156423e-02 2.415887886699708692e-02 3.601479104817716381e-01 7.257076045343746618e-02 6.420847764086383413e-02 2.658435355065944528e-01 2.511345832976255021e-01 7.299203663173085832e-02 2.125824406861692994e-01 9.336253484506594480e-02 5.521218048810408452e-02
9.218750000000000000e-01 2.229348102834824707e-01 2.081257961783392896e-01 2.106545918670340092e-02 4.455486650430446893e-01 2.221848220803503138e-01 1.987742224943746805e-01 4.863554838438409467e-02 5.941559652214975507e-02 2.184038606482538725e-01 1.212549702013373913e-02 1.988612425508297366e-01 3.761393813749681903e-02 6.301767647476781697e-02 2.193030466935837544e-02 1.251789150915251329e-02 7.172709708223012556e-03 1.285482517289779081e-01 3.529544063407551863e-02 2.933832077556850285e-02 3.581186704452465897e-02
9.375000000000000000e-01 4.761646542648290820e-02 2.576084726765568989e-01 5.040495426728946321e-02 1.680439732156802923e-01 1.304567400934318888e-01 4.629594679072679408e-02 1.477934983948349934e-01 4.637943831422693813e-02 7.155155058659609657e-02 5.521382928869164597e-02 3.722503543743344578e-01 3.161442118671604212e-02 2.893178021343341122e-01 1.762073069458803265e-01 3.787717647870413318e-01 2.470895439868648832e-02 1.928419058923988294e-01 1.291408544096835087e-01 4.118763625315030596e-02 2.157980181774486750e-02
9.531250000000000000e-01 9.034403820981255773e-02 3.785996087358130258e-02 2.293903989187205950e-01 1.749782587041626147e-01 2.743784288211917888e-01 3.108599890291428025e-01 2.504329675659177842e-02 1.405396531641581181e-01 4.527112846058471696e-02 2.043831346852790706e-02 2.728107214441674241e-02 3.839457425787138334e-01 8.515979030113083811e-03 3.362959745811237577e-01 4.178966553234108039e-01 2.725396900188525873e-02 1.105761070467218693e-01 1.072337624841543553e-02 5.231194318639889422e-03 1.197219227210523200e-02
9.687500000000000000e-01 4.906385273098785027e-01 7.274717585045796520e-02 1.453770944850284706e-02 1.243678785647764073e-01 4.531926327224181095e-01 2.150367066559470686e-01 3.605327511892061909e-02 4.702826456735611504e-01 4.669851861189908485e-03 2.526863846586745177e-02 1.405690102222547366e-01 1.477871063191752397e-02 9.603376034101043443e-03 3.632243569111035519e-01 3.465957666449299701e-01 5.218086649303289339e-03 1.277245255688277403e-01 6.128025532080145360e-02 9.946980770911099945e-02 6.305591425873127709e-02
9.843750000000000000e-01 2.908757813135013845e-02 1.914016473106790461e-01 1.379695243988477149e-01 2.017506715844933352e-01 4.320322680157860917e-01 1.738572548852356514e-01 1.943994305249280574e-01 3.647527897158442389e-01 8.688662376805816878e-02 3.591840435180138243e-03 3.452497601642556257e-01 2.982732239356354342e-01 6.722621495711141211e-03 9.316337057984758196e-02 7.206325611924668459e-03 4.453037546641732680e-01 3.177467480269307032e-01 5.089141366828955904e-02 8.322992982135400675e-02 5.845443765596435720e-02
1.000000000000000000e+00 1.112149689886631765e-01 1.698950393164774531e-01 1.465031067526344384e-02 2.562966360006439879e-03 1.543343594164165167e-01 1.351816940702423725e-02 6.616237072549516762e-01 2.572780792197504884e-01 1.058711772256117588e-02 7.808351037559314867e-02 1.671126273654152949e-01 9.526534108152742708e-02 1.766923881768662774e-01 1.396098742134664339e-01 1.188877963412495881e-01 1.737062604413795383e-02 2.571692127031418793e-02 2.583820941621882417e-02 6.471671251357535848e-02 7.367938504067364502e-02
1.015625000000000000e+00 5.696759118231470992e-02 8.565882225710842734e-02 1.018003338341482295e-01 2.242307370539659839e-01 1.010769329104519859e-01 4.159973257650493444e-02 1.207666847785712066e-02 2.145295316997417601e-01 3.432528382717202620e-01 5.198480120468579324e-02 2.409222217734799387e-01 1.936180609982910555e-02 2.755301980560508346e-01 1.256474386949572031e-01 4.490486860029013760e-01 5.649463556596556052e-02 2.888418338139139285e-01 8.681791380540719583e-02 4.877968758592008541e-02 2.311190079317561041e-01
1.031250000000000000e+00 8.906099144624829433e-02 2.529706132689029663e-01 1.453632277200693212e-01 6.979095977089516678e-01 2.699381574061999480e-04 1.069243197245515614e-01 1.478612758008994721e-01 2.447928144257111860e-01 1.416106649265363171e-01 1.989682460612621218e-02 3.921156144991265746e-01 6.555516931285151339e-01 2.737721581982967001e-01 2.551186251628070542e-02 7.537110110550272746e-02 2.790280062329095461e-03 9.063095416543034966e-02 1.772063539610030380e-02 1.130446543964401945e-01 2.468246225924598247e-01
1.046875000000000000e+00 3.749862737110944838e-02 3.742617051449675242e-02 1.037197765653653618e-02 3.813039599713738959e-01 8.138412704453967805e-02 4.967692110373497089e-02 4.011587402906866551e-01 3.377215675654739874e-02 5.751047605564191950e-02 3.132527224363974572e-01 4.695854726975173810e-02 3.218867077546513217e-02 8.023090584148215298e-02 1.862221207857422955e-02 2.255768753491279310e-01 2.789820562933249468e-02 1.806360335433602748e-01 6.836449938584415742e-02 9.285572855349434607e-02 1.485049947238442358e-01
1.062500000000000000e+00 9.391295468209416575e-03 2.588328150816963588e-02 2.629403629761057487e-02 2.287710219701973371e-02 4.018234349589274064e-03 3.814351142402909022e-03 4.884809985011924205e-01 5.823365174376431141e-02 1.563814159521320080e-01 3.639845978552385120e-01 7.296103946824258890e-02 6.525776519925165220e-02 9.732548418945825841e-02 3.531553334319009058e-02 1.978177103456273678e-01 2.496062720282538061e-01 3.404877065156540761e-01 2.650362455224375413e-01 2.072637106421539310e-01 2.035284252469673205e-01
1.078125000000000000e+00 4.145775168580221465e-02 1.659497234090471715e-02 9.421176480261404806e-02 1.064252284691316330e-01 1.961715542844279514e-01 3.044030738646459899e-01 1.594413261961012684e-01 8.087038234925385261e-02 6.835829907715232356e-02 1.158126986110906975e-01 5.250756361945464745e-02 1.799539390201987110e-01 5.694686636798736157e-02 1.519103699282826347e-01 7.327696437895687975e-02 2.950217761671025674e-01 9.108717327704603239e-02 1.199029968608690683e-01 1.591504318875227031e-01 2.786192709563662939e-01
1.093750000000000000e+00 1.542396423840462216e-01 7.012280067814413709e-02 1.575626735291834474e-02 1.898080603264568622e-01 6.233952932754878440e-02 8.985677928688184934e-02 1.574469607092846279e-01 5.326662645103086291e-01 1.612133184755215887e-01 1.185647182082746609e-01 2.802203864153768667e-02 1.004551107243757679e-01 7.662797682453067853e-03 2.331291508859393846e-01 1.859017470103968006e-01 1.913331099539184593e-02 1.223781906634522354e-01 5.075502386052420378e-02 5.283695591573115942e-04 1.296898357529988610e-01
1.109375000000000000e+00 1.145406855929402834e-01 1.872823881810993822e-03 2.832389892391777853e-01 3.935332077566766618e-02 1.545689517108380928e-01 4.917489582739324044e-02 1.135309000589632827e-01 1.862241086372760923e-01 1.680821773315417100e-01 5.248858752235808361e-02 2.795513241706215971e-02 2.178872902920439003e-01 1.928592896601315776e-01 3.636888698207367543e-02 9.750528473306424582e-02 5.901948054587261711e-02 1.501165434878871663e-01 2.101289752429685576e-01 4.944686641656225595e-02 2.144641812706524764e-01
1.125000000000000000e+00 2.429840357274463125e-01 4.772716108567359172e-01 4.974216683397436611e-02 1.061234171055602804e-01 6.681531345331523375e-02 2.656290759193875584e-01 9.012461383715139607e-02 1.077103745530924930e-02 2.467315414105014648e-01 1.300342975894143160e-01 2.931287025539152519e-02 9.978439948607420451e-02 2.008666775390920978e-01 1.622502089196577180e-02 7.021766498910357590e-02 1.879146959568748776e-01 1.369377657466450127e-01 3.413315395223162629e-01 2.415753613258994903e-01 2.521815608562414934e-01
1.140625000000000000e+00 5.694353013759052146e-02 1.738366825416786110e-01 3.773575701596943582e-02 3.981473551411010003e-01 7.902692840404430819e-02 1.213437070603801404e-01 2.022482911246072657e-01 2.370959671304363747e-01 2.682114384497883974e-01 8.866879891525183965e-02 2.813618783644503824e-02 4.059743384063010940e-02 4.937102612218919467e-02 1.799258399517229606e-03 6.674884987285797933e-02 5.401636870816448749e-02 2.257051136934933033e-02 2.281569926115453451e-01 4.001624936962477341e-01 2.720332870271793269e-01
1.156250000000000000e+00 2.830960852585184817e-02 1.680174476660712957e-01 8.698616203856845974e-02 3.300819131429790776e-01 1.624978842235422494e-01 7.282666746371959168e-03 8.389453331329639607e-02 9.013670982358179540e-02 4.646543874117920608e-02 1.784968412207232069e-01 1.282601196855132075e-02 9.634477223087919984e-02 2.507783298744528655e-01 1.792671648537792761e-01 1.369661570762874259e-02 2.649027279490016595e-01 4.570586592388258679e-02 1.811377564481477659e-02 3.824351743529068037e-01 1.578727356147000549e-01
1.171875000000000000e+00 2.718631682614165990e-01 3.310071892263462962e-02 5.039559126354176133e-02 4.767828155610556035e-02 1.359823747836528818e-01 3.756151280718473401e-02 8.786380861900210115e-02 5.949688693782731463e-02 1.092463615516481440e-01 2.445606113011249486e-02 2.137929327222280462e-01 1.378490567043361603e-04 5.699101654511131709e-01 7.125265669254465806e-02 6.550542475840563650e-02 4.939770657026874012e-01 1.647206768192406301e-01 7.591168848853638296e-02 3.777829923967829934e-02 3.231414063399243308e-01
1.187500000000000000e+00 4.913926162386040852e-01 2.042410992373352996e-01 1.736853650410711825e-01 9.259153905910318116e-02 1.965624423273454602e-01 1.209469868760934368e-02 1.314439896705080213e-02 7.633185492371308278e-02 1.240730259388656970e-01 2.221603533646581419e-01 6.322131249906224326e-01 4.541903386117077807e-02 2.253082898220713226e-01 6.362686735018942275e-02 1.876850381777407095e-01 1.271101856770349703e-01 8.757245314397719971e-03 2.218463668006165346e-01 3.124460714510576276e-01 1.041247402914694323e-02
1.203125000000000000e+00 4.577201493214333450e-01 9.631381582733455904e-02 1.259365858358340862e-01 5.026174035548647279e-01 1.527496977220545449e-01 4.178672469826873875e-02 1.220476866758135465e-01 9.480624143259726300e-02 9.307614566159433389e-02 3.346332385241548857e-01 1.391046390403968547e-01 5.736596957970027666e-02 1.299781377744858510e-02 1.707074403417926933e-01 3.039404441503022400e-02 3.697619015876235649e-01 3.277045224644829086e-02 2.987735168135140507e-01 3.149358760435557597e-02 1.079616499038013461e-01
1.218750000000000000e+00 9.184309336330023776e-02 1.938553436364449101e-01 4.644900216167252571e-02 5.007591561548646597e-02 4.209852388925199862e-01 6.137357525392774654e-02 2.429123946088941333e-01 5.081399828019186188e-02 2.810928421689109502e-01 1.004482306474224623e-01 7.839857514803079408e-02 5.063011607374980766e-02 1.590796611108148684e-02 1.128547218460679014e-01 1.443186705823787108e-01 8.868414719211212272e-02 4.901422570854617466e-02 9.574107535803543997e-03 3.278639277878152986e-02 1.580683018378852833e-01
1.234375000000000000e+00 3.973852976339911636e-01 3.284735449006032648e-01 7.263554497329853532e-02 1.647958517297259395e-01 2.761535516702312010e-01 5.855513547794823082e-02 2.385710635841429006e-01 2.921008088405944170e-01 1.974132916262804627e-01 1.690855528410189698e-02 9.485951036135951281e-03 6.051580550642343681e-02 5.131080089185398041e-01 9.345241382130227425e-02 2.485913584965279421e-01 3.936221349199377217e-02 3.589967420306223178e-01 8.569201261171614792e-02 9.642227934447988869e-02 4.445254823384389153e-01
1.250000000000000000e+00 2.612424332877678612e-01 2.819436458314868860e-02 2.201445517393398055e-02 2.699395379667247630e-01 6.043524880059916032e-02 9.231471112251693825e-03 2.335284575229048531e-01 1.056251342477252525e-01 4.600499010775410680e-02 8.911164796637122132e-02 1.217339390349664735e-01 4.074490491923653257e-02 8.692370423660715495e-02 1.225985612959778516e-02 1.340632709239423515e-01 2.877412836573503378e-03 1.760740453194241939e-01 6.186976885782125013e-02 1.540942683173036204e-02 3.730443217722000382e-01
1.265625000000000000e+00 6.402822124494347844e-02 8.057643177372200705e-02 1.836286380061472653e-03 6.814411148893065318e-02 4.181665900344093759e-03 1.124202167795053942e-01 3.737759186382164089e-01 7.930610895108278213e-02 8.561344155070928219e-02 4.570871357161286341e-01 2.218118449463815992e-02 1.191864107285963009e-01 2.241506718882595450e-01 1.195710690446127322e-01 7.500074973483074336e-02 4.061155346656718929e-02 1.488695428550415034e-01 3.182352574660200495e-01 1.244247551003642288e-01 1.081215875762655543e-01
1.281250000000000000e+00 1.922592447487740386e-01 5.503652431629510455e-02 1.631071978111239829e-01 3.350150951350312854e-03 3.094072336768875775e-02 1.363730344117617711e-02 3.339708507256927694e-01 5.893970646093966981e-02 2.426217475208372332e-01 2.297523054115838126e-01 3.975693317839117114e-02 2.180327220339646488e-02 2.303385052705488739e-02 5.328264144883191472e-02 2.644837281034126061e-02 1.807151169522679124e-02 5.968876001938953901e-02 2.415478147942651532e-01 7.467748384131865820e-03 3.692999094281917277e-02
1.296875000000000000e+00 2.005268698148178486e-01 1.834144254615479586e-01 8.504074860316605811e-02 1.621283047060949334e-01 9.669215453473017918e-02 9.648701828426234361e-02 2.986771120268912894e-01 4.565067454437386762e-02 1.034561123107182318e-01 2.994923185698174506e-01 2.650599089390553303e-02 2.097365656669890055e-01 1.816948437964577279e-01 3.273644288445174549e-02 3.133083164709349333e-02 3.521952152610108994e-02 2.758709329310299330e-02 2.612204472092350405e-01 1.575077010718886061e-01 9.472328446346850450e-02
1.312500000000000000e+00 1.939777733997813391e-02 7.860280577448136574e-02 3.239593219208238700e-02 2.699666206816838665e-01 5.002740519875338299e-01 1.380683699838830270e-01 2.462541976559263768e-01 1.129140964293715438e-01 1.497670626067590938e-01 8.501324962279888098e-02 8.679049144313603914e-02 1.012347407898295804e-01 3.431024959571058464e-01 5.644993942756015848e-02 1.600382687844376789e-02 7.677203599941119505e-02 2.992332893630524765e-02 2.337607024830182928e-02 2.409544947257487579e-01 2.364818901144712104e-01
1.328125000000000000e+00 1.135201461951923646e-01 1.637881929716001328e-01 8.370633672693372773e-02 6.255200260040995504e-04 1.770054736886636504e-02 7.777035917445726532e-02 3.400868757629485484e-02 4.522752696973936781e-01 2.216929215276074172e-02 2.750485568864282082e-01 2.946823426612599772e-01 2.272230612755698209e-01 5.399865570322026631e-01 2.782636820605631778e-01 3.838512063235717531e-02 9.788130218554755291e-02 1.454577457101647875e-01 7.463194433305268653e-03 1.620540777956052669e-01 8.624722425071026932e-02
1.343750000000000000e+00 4.801199469113046764e-02 1.381677522904323774e-01 5.114185305712904556e-02 8.952993487730424860e-02 3.249962597846450807e-01 1.599370425496101852e-02 8.790167119050411315e-02 5.885481044754438118e-01 1.506544442698195263e-01 1.943496448738238347e-01 3.946996530057075292e-01 5.267210808527862387e-01 2.918309149926002211e-01 4.958027386599737074e-01 1.277853994545826988e-01 6.889010574090609351e-02 4.469201504276054115e-01 4.011250266451731050e-02 1.972175202163551355e-01 1.496515815563956991e-02
1.359375000000000000e+00 1.191476064082351155e-01 1.034743889255505117e-01 1.059631509891565126e-01 1.178653704417363321e-02 3.209961691520607507e-02 2.953726575175922853e-01 4.509255377523049280e-01 3.435524076229761747e-01 3.756548156643345071e-01 3.719287432266826232e-01 5.653265619121001784e-01 3.213865423037502028e-02 1.743889147941601603e-01 3.012644042959247148e-01 8.716176893850481611e-02 2.810167091062425529e-02 2.220700764783539449e-01 5.132908216113081512e-02 4.251739873809932124e-01 2.870811142905813421e-02
1.375000000000000000e+00 1.921666185062040622e-01 2.791693192616294672e-01 1.202319716653010295e-01 5.288156288774970709e-02 7.917876651290084444e-02 1.862505003938850490e-01 1.917172233811908766e-01 4.829600894702024139e-02 5.024832019644475123e-01 2.434494088146259283e-02 6.314980634949633742e-02 3.774026047078326562e-01 3.135068809590663697e-01 1.990528014671825718e-01 1.940067973240484078e-01 3.973057490810086301e-02 3.001785925062488720e-03 7.355947916366235850e-02 1.588336151722675726e-01 1.364031613388779762e-01
1.390625000000000000e+00 4.657533688215292900e-01 1.935558356764524035e-01 1.482234231763869259e-01 6.809303651327847096e-02 1.474566291866743484e-01 5.096293035521614473e-02 2.332714618576867682e-01 2.857529070795509774e-01 4.551842204545276105e-01 4.113955763469077098e-01 5.259512084387956733e-03 1.767478897848617225e-01 3.155950471710267657e-01 1.670299422758489694e-01 7.463222169469092837e-02 5.582886124480352513e-02 1.957345052739943025e-01 1.716939225078809583e-01 6.444867005575442842e-02 1.716008883772480176e-01
1.406250000000000000e+00 1.316479511515070144e-01 2.888072225822461148e-01 8.011330610303693534e-02 2.396734211764103284e-01 1.421695480201344286e-01 2.031773901939745719e-03 1.234734448746400565e-01 3.297932458679026513e-01 1.538100307876431004e-02 1.000815277834074257e-01 4.237661706800329581e-02 1.203576262861961316e-01 2.123521058739920031e-01 1.300958010723476388e-01 4.784661959172437778e-02 2.484494455269052327e-01 6.135918332472901915e-02 2.726250281773042253e-02 1.533866169546679592e-01 6.748198806347620315e-02
1.421875000000000000e+00 1.497090312377303833e-01 8.131815684540441569e-02 4.244086729247684847e-02 1.994781295494499618e-01 4.400269993553622694e-01 1.353096201176389769e-02 2.027141934709658921e-01 2.846125173207419978e-01 4.432028951784820411e-03 4.234982592073681107e-01 1.394788626189805147e-01 4.881374928518921741e-01 2.118894481990932221e-01 8.693985023217658259e-02 1.366350390070855333e-02 3.541101907333792792e-02 7.085499404173019149e-03 2.326895853517989970e-02 5.408138598347759368e-02 1.496785292143274215e-01
1.437500000000000000e+00 1.621444765713433989e-01 1.225948808128004552e-01 3.413286016359053099e-02 2.085627508502540806e-01 3.517037053495863930e-01 7.486146435735357985e-02 1.574934261005595248e-01 2.354134416320343148e-01 5.885890171850833436e-02 7.568372722403556019e-02 1.882377002606035188e-01 2.721865689292272267e-02 3.717298594304618842e-01 4.675008083184915841e-02 4.267570716657370644e-01 2.319795477479281443e-01 2.584950450337770642e-02 1.077775064787069859e-01 1.487335199092781335e-01 3.925226845341657778e-01
1.453125000000000000e+00 1.893641306356118326e-01 1.562943578953046864e-01 4.447316154291536955e-02 1.256169347894469934e-01 1.536892625207808838e-01 5.144738344847359091e-02 6.075571494386335092e-02 4.539365255699693430e-02 9.731540103469878134e-02 9.789565792230264102e-03 6.817100461548480927e-02 1.452401189313642371e-01 1.472054318260306027e-01 1.735115131584734904e-01 1.512973925794562635e-01 2.611090469203994346e-01 1.477649150661302091e-01 2.673537200821518023e-01 1.383525138525251164e-01 1.302688286417930663e-01
1.468750000000000000e+00 1.761940874469714591e-01 2.420808741116794172e-01 6.369098273645482262e-03 1.263612418947838156e-01 2.831032809926174558e-04 4.603402630271581815e-03 1.942675784987777099e-01 6.891113528299810075e-03 2.037832589133432293e-01 1.542345365166089832e-01 5.293459738520893409e-02 2.295248678338881673e-02 3.509909546197376162e-02 2.799849247946605280e-01 1.257863424042505729e-01 2.522225360729106747e-01 1.099526875324611658e-01 2.932233147853278710e-01 4.208015967229138399e-01 4.884565871424209060e-01
1.484375000000000000e+00 1.324107684482946357e-01 4.741653723198301085e-02 1.329947974094186358e-01 5.256385297399433776e-02 1.279763213646227527e-01 6.738363804188304829e-02 1.178894468044917876e-02 2.803341277443949925e-02 1.920126029049298855e-02 6.770204624082958034e-02 1.689452414935314339e-01 1.075792681721207261e-01 1.558687163079767457e-01 2.177523692722170834e-01 8.701530289175037070e-02 1.305659802346199050e-01 2.145817926888530028e-02 3.999738742701344774e-02 2.072944773529076246e-01 1.336910669521674533e-01
1.500000000000000000e+00 8.188990483455478586e-02 2.641941058980795121e-01 1.084403213570194896e-01 4.344963930400661672e-02 1.139348143315723344e-01 1.310202954165089473e-01 2.902816767176091481e-02 4.849755168626081192e-02 6.612241391911764798e-02 2.136510946584671555e-01 3.964007458270863982e-01 1.314369963739366737e-02 2.476687436495791650e-01 1.662242471072041816e-01 1.550902549997070501e-01 8.561787426462137696e-02 3.009492843929023054e-01 1.378288819017816080e-01 5.380099026209214652e-02 9.404792671755890510e-02
1.515625000000000000e+00 2.564474560289759508e-01 4.535028183736144330e-02 4.262617003512359642e-02 6.849487083995406400e-02 4.341394663089018224e-01 4.779833838567118520e-01 3.301902501556304437e-02 3.099423844860777488e-01 3.235631124101299994e-02 4.189062432376123857e-01 1.187796484549530629e-01 3.743325931036301651e-02 5.364376537948506440e-02 1.619786805652426165e-01 1.596971778103048190e-01 1.042312738087130403e-01 9.483599585974662738e-02 9.331537284163086976e-02 4.196103867032510010e-02 4.096046150537986652e-02
1.531250000000000000e+00 5.305808454887771530e-01 1.441841412669088995e-01 9.709527526927719254e-02 1.019509054180669106e-03 5.502015648460828467e-02 2.646889142003872389e-02 1.364411386913986016e-02 4.985223159428837647e-01 3.106407604603245859e-02 3.552932300243462072e-01 2.635071279021263813e-01 1.905550914342221680e-02 6.762018208266612485e-02 1.227549583681740858e-01 9.925316632274254480e-02 2.724219431154917270e-01 2.792737211986770496e-01 3.331119650068841559e-02 1.969836448995528413e-02 1.767975284604055564e-01
1.546875000000000000e+00 1.241065097983755916e-01 5.297895569089190217e-03 9.329714367666008812e-02 3.600897244030926148e-02 1.592264743539113514e-01 2.471528469604398204e-01 1.149673728103447340e-01 3.146159599222622116e-01 5.188803094961034340e-02 4.887329052538699758e-01 9.607106391843618642e-02 1.574297435490333297e-01 2.497246527657535631e-01 2.196183016861889825e-01 1.372386038242007500e-01 7.857451224182930571e-02 3.245604838149463434e-01 5.015751969838563341e-03 5.708433449241322177e-02 5.458817019434533332e-03
1.562500000000000000e+00 6.050817886529789857e-02 8.175503479397971604e-03 1.221092189482840540e-01 1.459082440199281974e-02 2.644864553902025531e-02 1.155406479654766116e-01 1.275173917364498255e-01 1.604605676687008708e-01 2.514909085591760518e-01 3.220311045839038266e-01 1.052552879019891252e-01 3.128665385541827548e-02 1.221608836996410791e-01 6.244080624716522726e-02 4.692920144288761225e-02 1.081519826465936612e-01 3.304405274356332634e-02 3.975944690301597487e-03 7.127534993034000121e-02 1.758531982793328993e-02
1.578125000000000000e+00 4.749432141539103314e-02 7.692965478289170989e-02 4.037254947191017407e-01 7.190075605058577658e-03 3.410040553092592852e-02 6.647534587086794192e-03 3.972373638470167445e-01 1.818017018041582777e-01 1.417431934854243847e-01 1.570473788200081773e-03 3.008789294024562522e-01 6.190579996476931746e-02 8.226863235083074766e-02 2.299145510530861969e-01 1.148539966692351325e-02 6.444401305765297405e-02 1.398444906565848508e-02 5.391471290441257743e-04 1.502974655907356738e-01 1.827719603517880681e-02
1.593750000000000000e+00 1.542326260668591964e-01 3.639981510768135475e-01 1.589337185650696038e-01 1.989924037575960536e-01 5.208001285539316516e-01 1.065475278838830808e-01 6.200726816715600442e-01 3.636731290215886297e-03 3.859452488764948674e-02 7.971216286478979840e-02 3.330272814010898919e-01 1.747122240581054919e-01 1.138690337651014350e-01 3.054240838376471451e-02 1.514979022225420302e-01 2.708751467902923982e-01 3.905418864142749108e-02 6.125802778296762091e-02 4.657431303281659406e-03 1.649752120375208228e-02
1.609375000000000000e+00 1.826254013964853928e-01 9.866199958810546733e-02 2.067406370429163143e-01 1.013695357760345389e-01 1.053289110921697691e-01 1.088154492324869688e-01 1.601670137939865124e-01 1.336623532522325519e-01 3.523556122355506887e-02 6.500540387573228163e-02 2.678064391640336273e-02 2.463041536676682242e-01 5.088308136075465615e-01 2.656816269975927763e-02 5.248508987925596392e-01 2.296445598448760006e-01 1.173541660070033382e-01 2.079355268088745601e-01 1.430940590669436442e-02 1.868893523063858489e-02
1.625000000000000000e+00 1.363969163427189157e-01 3.029680100572350598e-01 1.274707344802075148e-01 1.207924044060065295e-02 1.393555126283963636e-02 1.226737860934133395e-01 1.264492975281176525e-02 6.482949445655912524e-02 2.925666793114874500e-02 4.419277484938854417e-01 8.127991337736355237e-02 2.998360371926723777e-01 2.660364428371380652e-01 3.323093515438153150e-02 3.552335086962094546e-01 6.622209876237396264e-02 1.582646844707646661e-01 5.079461076031027700e-01 5.678479400446744679e-02 2.422909899285345392e-01
1.640625000000000000e+00 9.342361209726753046e-02 1.765867817611212476e-01 1.770711551940749862e-01 3.457041342489672580e-03 2.509018576365131814e-01 3.790170097982348274e-02 2.850615369825847401e-01 1.654528110971795196e-01 1.072697056214193118e-01 3.016306897723727842e-01 3.087537771467995396e-03 4.513232850454628187e-01 6.365826430342845510e-02 1.407865021523682925e-01 3.948156503266504469e-01 3.280152606450013608e-01 1.469641413129600394e-01 2.401456586723492437e-01 3.091398939856019878e-01 4.027299004600505272e-01
1.656250000000000000e+00 2.966381516906322346e-01 4.786878877031734703e-02 1.921940519321697072e-01 1.519216760687547019e-01 1.987989465417897561e-01 3.428774418786149220e-02 8.680774409618353948e-02 3.590421151719261350e-01 1.027793593562476432e-01 2.814105555567246175e-01 2.190016306815137925e-01 4.284669872071923957e-01 5.325602409135937396e-03 2.128271416283688544e-01 3.077047369602900484e-02 2.954781334302880591e-01 1.431762484039532934e-01 4.794283762962367468e-02 2.339046660669356903e-01 9.093650453031554975e-03
1.671875000000000000e+00 3.930685474878182761e-01 1.759725012078586226e-01 3.717975997451573172e-02 6.622125533693230537e-01 2.368868077606534062e-01 8.307660492907732730e-02 1.148231068931517274e-01 4.063564538518459751e-02 2.304769209201924518e-01 4.177227072395740537e-01 2.080350031229150076e-01 2.917676947816519296e-04 2.120267025379111714e-01 1.301966495165390036e-01 4.396207460398275646e-02 1.747480333420870224e-01 6.220147888280216399e-03 3.380280856933090550e-01 7.352606203672684693e-02 9.731020602694404054e-02
1.687500000000000000e+00 4.227129111390781069e-01 1.878956637594135781e-01 1.021676937768199733e-02 1.730211534806037899e-01 9.948692347998497332e-02 1.225571602494172387e-02 1.435269745693769083e-01 9.602748017421472437e-02 4.064515512404886198e-03 1.588923778669028841e-01 4.787494479441865153e-02 1.334655619063634946e-01 9.325926596518360756e-02 2.893166903615853047e-01 1.651567879908108216e-01 2.160626231885650061e-01 1.204016607944807804e-01 2.301368309432491599e-02 1.791355429093036689e-01 1.237750527504212078e-01
1.703125000000000000e+00 2.303066776442327379e-01 6.581130984898395653e-01 2.485015689303316511e-01 1.031732773615702120e-01 1.195561389224353288e-01 2.338706272268022135e-01 2.756124107500840803e-01 2.021988176757129330e-02 5.388843505671053052e-02 1.115478923340134654e-01 2.368643020609764380e-02 2.921051893803943700e-01 7.095615662144315328e-02 1.733203411799541516e-02 2.376607871902698121e-01 4.871752292374913473e-01 1.750304395819019809e-01 3.028436706013439284e-01 1.146421807280454813e-01 3.170188616985619018e-02
1.718750000000000000e+00 2.538772322014313729e-02 2.560970517714033015e-02 2.530332382714023387e-01 3.022788552671379914e-01 2.836269787113901986e-01 3.717563763211564898e-01 2.844852030402492127e-02 1.929795369460680921e-02 2.095409510759625032e-02 2.758609468869478998e-01 6.395450600738464275e-02 2.352472327193586288e-01 1.036992049765212004e-01 9.834418586352653216e-03 4.556035843463708546e-02 2.063693649292101806e-01 1.891999664939445491e-01 4.603901547506162456e-02 8.505352880515085201e-02 3.576741765364561676e-01
1.734375000000000000e+00 6.377296568463804161e-02 1.335048043616959834e-01 3.695773210633517825e-01 2.032902822548416366e-01 4.881361837651472246e-01 1.132892488294886535e-01 2.161154325400385101e-01 1.763985036595734357e-01 5.991881136673714581e-01 4.891707462893412316e-03 2.493995697241062071e-01 6.512155308160383349e-02 5.520753122962713810e-01 2.442910078566705445e-02 3.449372103049682531e-02 7.892438630823067625e-02 5.507766756411435621e-02 2.295917884939992770e-01 2.445796360683706247e-02 1.021561921671862994e-01
1.750000000000000000e+00 4.848529722210064008e-02 5.157731183848109774e-02 1.033695640978278402e-01 8.076664364530347640e-02 5.501560029175851796e-02 2.881354146560353990e-02 1.445687680612500747e-01 2.634940695650704878e-01 3.156949524745109731e-02 2.314378529895913528e-02 2.077520358376341580e-01 4.346461390149993637e-02 2.925247535486307227e-01 1.877805405323930421e-01 1.088963181301482591e-01 1.081890959776866251e-01 1.300607763161455432e-01 1.925286603078795455e-01 5.860035326010637480e-02 6.644593474738592909e-02
1.765625000000000000e+00 1.984620162044664973e-02 5.244704571435538920e-01 1.104581331895649818e-02 5.827309982809011912e-02 1.015672187929560627e-01 2.165136336897096128e-02 2.659287759640597826e-01 1.680551200005022880e-02 1.423315230243280272e-01 5.436790611639498449e-02 3.707431898957713051e-02 3.118939993125768306e-01 6.528029941835027383e-01 6.105331475475678921e-02 1.401287692195106183e-01 8.025179143022984074e-02 6.398914693764858053e-02 1.204880335059993826e-02 5.695544927545768271e-02 5.096356495646420237e-01
1.781250000000000000e+00 4.493905782819028472e-02 3.614340211663599062e-02 7.930435401438407084e-02 5.397295534789369603e-02 3.167182465235450772e-01 2.857072082052733442e-01 1.301644139904958308e-01 4.098600277489273386e-02 2.060967955576895744e-02 8.330673000204101564e-02 7.825078661318030093e-02 1.022850391412029325e-01 1.683222183289285467e-01 7.839862626428531489e-02 2.805597220638811687e-02 4.413352489964899455e-02 6.367980537866470003e-01 3.353948611953590231e-02 5.760325140698457913e-02 2.432991583374491673e-01
1.796875000000000000e+00 2.728933671614739431e-01 1.972417501025645892e-02 8.544062452410859654e-02 1.392919139058969580e-01 4.077164961286468270e-02 4.554780443937874734e-01 7.863359621998326776e-02 5.802393822358237196e-02 2.141054412964183418e-01 2.643086874277295745e-02 1.124672407357154846e-01 8.286112392383571112e-02 8.626673508247099942e-02 1.138873911282338031e-01 4.293742838459401606e-02 2.019325112015403142e-02 2.858390704953763239e-01 1.005696219804758651e-01 3.399813324105788181e-01 3.159240548478548516e-01
1.812500000000000000e+00 3.009970988061480557e-01 5.861522395629698706e-02 2.670782038085108348e-02 3.558782373086250006e-01 1.315655408061338350e-01 4.650727217609164355e-02 8.170060004979839974e-02 4.236797446694207103e-02 2.840512394458291623e-01 4.205165590910245332e-01 1.239959412911745967e-01 5.126412230175597662e-02 1.264525887341414467e-01 1.633953052281259810e-01 1.404768449351285753e-01 2.335508094051786110e-01 2.651633667836602037e-01 1.517630733217431409e-02 2.419210762281281679e-01 1.075451775946685215e-02
1.828125000000000000e+00 1.209498708214676865e-01 5.263084626045588972e-03 7.400970953885005477e-02 1.463917560200556967e-04 1.787134919599791816e-01 1.212069953678986123e-02 1.372383429757299267e-01 8.244547688275860597e-02 2.910110664723271623e-01 3.622351228738310835e-01 2.104096673760001146e-01 3.852803211114514542e-02 1.271484344326612725e-01 2.021489598226055770e-02 3.098059888361874847e-01 3.693817519340666239e-02 2.292132346818021860e-01 1.291133421153532572e-02 9.021068480352695262e-02 4.317186132041191116e-03
1.843750000000000000e+00 1.391698541296238489e-01 1.665763579943983219e-01 1.264326777182275818e-02 6.053964920070816630e-02 4.271813748679686995e-01 2.249889189889413624e-02 4.698431804949208812e-02 1.794455159873820371e-01 4.421846478897011740e-02 6.937768773651714627e-02 2.818316428869295509e-02 1.517853822894645044e-01 1.683312168538027287e-02 3.114061156301079492e-01 1.663795234087482589e-01 6.753686291443116163e-01 1.878238503774973950e-02 9.534260600195265667e-02 5.234593783361853742e-02 2.473159814812031856e-02
1.859375000000000000e+00 1.331748526044713998e-01 1.569277394593699693e-01 1.432282885418516283e-01 1.375080778320359187e-01 5.593723704231826077e-02 2.907164565660700362e-01 5.885907479797682085e-02 4.038638454172731318e-02 4.806454081931059441e-02 9.079980175742062912e-03 1.692512129119020520e-02 2.582745285656082995e-03 3.535609663940874475e-02 6.078192033845544046e-02 2.582499275070190836e-01 1.471318803576929513e-01 1.570957124278385131e-01 2.617239590770503721e-01 7.409675844040988779e-02 7.374183315077402490e-02
1.875000000000000000e+00 1.343799254870436388e-01 1.499739905100344328e-01 2.978303394504406287e-01 8.114848946649142131e-04 2.824605209206303424e-01 8.323536027517937363e-02 2.372834566979655224e-01 3.067402359452059413e-02 9.003146454253040110e-02 1.184663525080886619e-02 5.365686327386534615e-02 1.933592876344757683e-01 2.441240832789532966e-01 3.759232884493660110e-02 4.026784002989681754e-01 8.432414225463548407e-02 1.141153227938012521e-02 1.238523427049104952e-01 1.162283439513497885e-01 2.953916451776157507e-04
1.890625000000000000e+00 5.103132279209635774e-02 2.679943956662351745e-01 5.753972360839867267e-02 2.049330207608786314e-01 4.777265840326674895e-01 1.444185518690034031e-01 2.933927300185088655e-02 1.277946470105560395e-01 2.788020056832411497e-01 1.282105137630253772e-02 7.503571605066459982e-02 2.380417593430973755e-01 9.982511998081897153e-02 5.775265420170272446e-02 1.636272809570781528e-01 1.359076865721095713e-02 2.660286379667905349e-02 1.471123465442751854e-01 1.476963377962210999e-01 5.094239426129510556e-03
1.906250000000000000e+00 3.798217978612798435e-03 1.384308440749990043e-01 1.500459136770539159e-01 2.557008532081297969e-01 4.600739974430478885e-01 2.123751361591584043e-03 4.034983840616494094e-02 6.889397914977758719e-02 4.115517429249200831e-01 1.623963731075152017e-01 5.474431866981541162e-02 2.503910972813337410e-01 4.950333562036181995e-02 6.168083718797269521e-03 1.762190602943425610e-01 3.545594082715950585e-02 8.678220598240768413e-02 1.681101862888076948e-01 5.393195935309726824e-02 3.299159441557325545e-01
1.921875000000000000e+00 7.763674587687172113e-02 6.148970271963670464e-03 4.464392952689772744e-03 1.596526810206433111e-01 1.622361431810825649e-01 8.753879682904670834e-02 1.712720872006239792e-01 2.800576069923631506e-01 9.601552798796655908e-02 1.955575629647881425e-02 6.071284721746247337e-01 8.364618387333062899e-02 2.749632151760817989e-01 4.204694974233452037e-02 3.251855056249758347e-02 5.630455749832209700e-02 6.390418160894563437e-02 3.535291984216620276e-01 5.297862860397737836e-03 2.088743166257700512e-01
1.937500000000000000e+00 1.375089914270669067e-01 3.575991275682401799e-02 1.291085694241868587e-01 1.466721308181465587e-02 1.412359720589762835e-01 3.770981229878788560e-02 2.831275218110411718e-01 1.929457870733757296e-01 2.666269913651400092e-01 2.558130606162652976e-01 1.255065252441290302e-01 1.557394835670167970e-03 1.148122278605402322e-02 2.272140345882898704e-01 3.542166678363505294e-01 5.656800447527580988e-03 4.490679132078706504e-02 2.803261110074321549e-01 3.444141756424184964e-01 2.057202113995566517e-01
1.953125000000000000e+00 3.625509309107259326e-01 1.021758087470711757e-01 3.804522806003553526e-01 2.532908968176237341e-01 1.303436593871585281e-01 6.993429275272547603e-03 3.385596822903207126e-02 5.417781730067629947e-02 2.438834086266299661e-01 1.199408386724604147e-01 3.371509464601445405e-01 5.354912247450545337e-02 5.872191457824895711e-01 1.123546710596616260e-01 5.767200960281879674e-01 2.886363207621690449e-02 9.916977669511856108e-02 1.072675939407232854e-01 4.147921532741139505e-01 6.386157804106034307e-03
1.968750000000000000e+00 2.769698393239657386e-01 1.361741531053546617e-01 1.547849014625559405e-01 2.374097291615256122e-01 9.202912229561136317e-03 4.460862980759765228e-02 1.193873381390852736e-02 1.580735103859447557e-02 3.127078612469136876e-01 7.309695055573053879e-02 2.778649020797648861e-01 6.594443186857276706e-02 2.630105918330868930e-01 2.300382739222166240e-01 6.489778626889639024e-02 3.353331802051672667e-02 1.381161969685159030e-01 1.285962132831295068e-01 1.435144554414023166e-01 7.781414526493532491e-02
1.984375000000000000e+00 3.989257978808149474e-01 7.802033927297494231e-02 2.449863330825631513e-01 2.124244954324002732e-01 8.046044699691293212e-02 2.425037651917296908e-02 2.819966238982877793e-01 3.327619858893814120e-02 3.018205102409116658e-01 2.728353523651036450e-01 4.108738319108333203e-01 3.634752444565267360e-01 2.005285897948229368e-01 2.981067784882641125e-01 1.718989612523587618e-01 4.174923415286444645e-02 1.971993505955968173e-01 2.902154449780192103e-01 5.832806828025841051e-02 2.241304891315050105e-02
2.000000000000000000e+00 5.239146637381222327e-01 7.212966412557469953e-02 4.185194584949499690e-04 5.882870884752212925e-02 1.153707493099326020e-01 1.054328512779668381e-01 5.297246789805648559e-01 2.741791373820931608e-03 1.538805571667853714e-02 9.086637493657731546e-02 1.977350950717989553e-01 5.302559354626108779e-02 2.534653746606616576e-01 2.575137529979941720e-01 3.250981915491877455e-02 5.638746442120868597e-03 1.265855350033584237e-01 2.255063007611778914e-01 1.577836297888187966e-01 2.137132499724946240e-03
