0.000000000000000000e+00 7.985607087069809456e-08 9.507356817999601875e-03 4.254488747848608754e-02 1.596346359444895391e-01 7.425302879067342543e-01 3.411270962986991118e-02 6.483939279214276374e-02 2.085446513413800190e-02 1.210983681512241283e-02 1.506994129586553821e-01 2.407136819515123538e-01 2.149673843358953784e-01 1.742932653306667650e-03 1.421994598927127026e-02 1.976495791356472631e-01 7.822977193547397956e-02 7.594781423982455149e-02 2.115662343271656476e-01 4.256514671309967190e-01 3.024033225140256853e-01
1.562500000000000000e-02 9.380176085141268827e-02 1.624612343909737078e-01 2.316435621236906661e-01 1.173989867428795186e-01 4.594189473377958688e-01 4.035866640627243374e-02 1.199387250656658993e-01 2.071537510429763418e-02 1.435902693731820959e-02 3.016369884082588104e-01 9.426560311959170102e-02 1.497535304988296123e-01 8.380878087035519008e-02 6.874550912915121381e-02 1.817092298532088368e-01 5.172940034268794229e-02 3.902896420298111735e-02 2.825576793981287582e-01 1.850370559665793224e-01 6.598906683848766719e-02
3.125000000000000000e-02 2.519507915790898944e-01 1.032146807396394500e-01 1.289756246862826805e-01 2.638722234559323643e-01 7.792255988126897681e-02 7.843362152155708422e-02 5.657970273959689322e-01 1.601151486140182378e-01 5.665913168762320984e-02 6.256331985346493159e-03 5.444488636151398331e-02 2.712577352677275969e-02 1.856815942521817808e-01 1.360056058179581473e-01 2.780835465127441397e-01 1.359825304522948621e-02 2.339946797995468564e-01 2.944440336960834834e-02 6.857597817839236609e-02 1.906639258699397432e-01
4.687500000000000000e-02 3.476215923205325797e-01 2.070503951557998989e-01 5.539049686112687554e-02 2.445305225217594691e-01 8.846849255070986240e-02 3.317860321162639514e-01 3.442130272246785028e-01 5.423252264252995669e-01 6.624605868928505094e-03 2.432393834608468364e-01 3.359756921386533035e-01 2.369899260765919169e-01 2.773125139943564132e-01 8.165490532382078601e-03 4.118752398767847045e-01 2.183121079536401166e-01 3.569627002900039869e-01 9.378470413324616062e-02 3.417134047041527761e-02 3.185638665559850646e-02
6.250000000000000000e-02 2.428416222432763505e-01 5.792264841124464825e-01 2.357144317602891392e-01 5.980363445366246311e-02 4.397470617622243338e-01 2.990155415468290778e-01 1.743533431577227177e-01 4.283128768731679914e-01 7.429204973184252991e-02 2.133604999500709198e-01 5.959972617850273907e-02 7.433318935526597171e-01 8.196310284635886789e-02 4.365295213829202825e-01 3.594058296353166426e-01 2.581128491201444275e-01 2.308282486593209726e-01 7.612752978469349008e-02 4.318026735429708052e-01 1.478537365108539559e-01
7.812500000000000000e-02 6.843904808487015767e-01 1.911631954020335533e-01 5.384574573895699601e-01 1.143139519215829319e-01 5.119618933822223106e-01 2.943922640424641579e-01 2.718221615769948474e-01 5.409639903345800915e-01 8.402831296877130707e-02 5.099312756707253813e-01 3.257208026177478843e-01 4.334923967499100805e-01 7.487864998216797741e-02 2.240010690252786651e-01 5.357942240046510429e-01 3.491483234813962389e-01 4.196213814871456171e-01 5.882618812853714907e-01 2.980006942038694318e-01 3.342746544508183870e-01
9.375000000000000000e-02 7.129264607861984793e-01 4.118047150160750736e-01 7.123182531945206897e-01 3.934612256989139523e-01 6.423407350058656373e-01 5.647392192002902434e-01 5.254297621279223618e-01 4.753045005551058688e-01 3.694677790233100168e-01 6.337601810530366642e-01 8.176303759350521672e-01 4.494767436805889305e-01 7.212808280140162731e-01 3.515381202293443308e-01 7.738584480088125384e-01 6.913662362680580431e-01 2.362145476034811786e-01 6.591180009093710046e-01 4.919720656175144424e-01 7.588948103579656879e-01
1.093750000000000000e-01 7.339347614527489405e-01 3.542259192871624607e-01 7.063791405054971051e-01 8.313777468592938868e-01 6.760016841277634025e-01 7.094309139553653942e-01 5.590352657629260591e-01 7.949489195065799763e-01 7.490256055369769461e-01 7.340804411453004663e-01 8.730282344236268699e-01 7.810400844268089449e-01 7.989677085960604774e-01 7.152302917551780492e-01 8.429495603951493443e-01 8.297661866784327156e-01 6.030740376634909916e-01 7.237989335641158428e-01 7.511494736148877083e-01 8.047422055580986111e-01
1.250000000000000000e-01 8.935120846326890520e-01 4.752993889046863707e-01 7.247242609496462595e-01 9.270625441710897974e-01 8.056080622578035699e-01 6.982843998422197940e-01 8.035426560984252342e-01 9.613913924270075517e-01 9.401919514369286857e-01 7.568510145328967154e-01 9.525488039779311800e-01 8.477391253724800846e-01 9.507983211831499970e-01 7.887893165325364775e-01 7.713375283199015442e-01 9.366888640395398813e-01 8.033945575629557467e-01 6.929684503899798953e-01 8.348032298811743912e-01 8.006465804707771916e-01
1.406250000000000000e-01 9.659843947335577941e-01 9.123202023616053813e-01 8.817809507784414302e-01 9.375530601219306259e-01 8.573719262675383312e-01 8.590651061135795574e-01 9.367132691603851091e-01 9.774443312672512763e-01 9.452938177229174288e-01 8.668309948913233143e-01 9.318572027812002112e-01 9.521146428932905081e-01 9.532989074189093248e-01 8.971457242476571503e-01 9.212757696806977981e-01 9.038312532848639114e-01 8.213786176491667534e-01 8.038977406458996944e-01 7.219896759604353953e-01 9.690480446843390272e-01
1.562500000000000000e-01 8.699369210072301906e-01 9.377081040921484423e-01 9.316268027094607440e-01 9.760056459625929826e-01 8.806071728925887188e-01 9.166125408296061927e-01 9.690933889367873144e-01 9.610038242519345353e-01 9.724599684995703930e-01 9.415225030257232675e-01 9.603876185990636305e-01 9.538621672556630848e-01 9.650537095473008531e-01 9.391160164792530241e-01 9.632124456923449873e-01 9.550550970337571277e-01 9.587309859463505335e-01 9.676778816334559163e-01 8.707414844826897315e-01 9.705788772802971254e-01
1.718750000000000000e-01 9.379953585355286227e-01 9.078622760899216493e-01 9.604428029233256225e-01 9.728637444558584368e-01 8.582087477853846957e-01 9.382536713768609982e-01 9.479767862564570935e-01 9.454785387166442234e-01 9.427186936077758261e-01 9.487750038936985097e-01 9.540652068791363183e-01 9.817464038575413054e-01 9.389534144880751221e-01 9.738293942586520036e-01 9.203782962150449665e-01 9.809677038711385189e-01 9.783780420297338853e-01 9.624231546620274358e-01 9.592873205187918417e-01 9.635858004793211862e-01
1.875000000000000000e-01 9.474990066713171455e-01 8.618753986174361170e-01 9.468248922470944295e-01 9.292299137859827418e-01 9.194917664105037858e-01 9.682739421768632448e-01 9.431595436430589841e-01 9.502312974079174523e-01 8.813296141249105098e-01 9.137729520032499275e-01 9.475430712071203354e-01 9.508708776150577302e-01 9.627171948619878128e-01 9.799035513360536687e-01 9.139561486282216096e-01 9.649595356811799807e-01 9.775706954225034107e-01 9.036315032371766698e-01 9.602051457323373951e-01 9.670724715147274164e-01
2.031250000000000000e-01 9.446762437069506912e-01 9.008655257654039072e-01 9.299879353181769170e-01 9.327393873309368644e-01 9.350465386672555113e-01 9.716865796454204895e-01 8.899111422536849503e-01 9.546371013464847177e-01 8.015973866102138468e-01 9.439689976033737162e-01 9.459457420613498480e-01 9.495416675571859422e-01 9.400996488069575108e-01 9.389711465630403708e-01 9.246976487029746616e-01 9.294529673135327741e-01 9.519811552140690081e-01 9.076399057564135120e-01 9.043564280999762950e-01 9.584335491507192106e-01
2.187500000000000000e-01 9.298233812713507795e-01 9.601628495814316100e-01 8.301299438220397509e-01 8.917115913990604215e-01 9.207943656259595100e-01 9.508347001684268607e-01 8.118415269844644344e-01 9.226254902617342379e-01 9.221900046426378950e-01 9.726643642862184969e-01 8.775477965975110317e-01 9.570552770702021039e-01 9.344671681290003251e-01 9.079443040844689117e-01 9.327095378963988770e-01 8.538312624933798167e-01 9.488132159254346609e-01 8.459396292402951989e-01 8.430135061385451989e-01 9.476066113992024365e-01
2.343750000000000000e-01 9.393540347784400391e-01 8.677477072063595198e-01 8.629893287279000180e-01 8.806851954540410032e-01 8.606063081396860825e-01 9.120571975106321894e-01 8.372999891889703061e-01 7.707515469156097643e-01 9.049010307256004637e-01 9.547151716417219269e-01 9.081273629892571142e-01 8.711649616941253838e-01 8.745283510428603080e-01 9.817623651107000304e-01 8.649979465747417162e-01 7.482090377356195310e-01 6.257825671648311605e-01 8.187349512736631363e-01 8.532199922218188792e-01 7.919276662228550423e-01
2.500000000000000000e-01 9.600389357829540726e-01 8.964218970337288761e-01 8.657965395833372435e-01 7.817943832820822836e-01 9.314510323132508818e-01 9.193375117182845946e-01 8.447347410995205141e-01 9.087579903863227671e-01 9.032882424745189986e-01 9.592440824387635789e-01 9.159160617126888004e-01 8.828392320348645850e-01 7.858514784994469204e-01 9.280735662391342844e-01 9.328980655638857700e-01 8.507402569119598690e-01 7.167015816183262000e-01 6.515528175368802133e-01 8.494996395858576133e-01 8.106025051836128759e-01
2.656250000000000000e-01 9.393629113983564816e-01 6.245762464366563238e-01 9.281705124615222680e-01 8.264138847693782708e-01 8.639156548722618512e-01 9.234810383702325431e-01 9.249827434276168825e-01 8.802735769613411199e-01 9.245340314531702575e-01 7.263399261763716641e-01 8.861087547487478400e-01 6.970283932979723929e-01 8.535311091048639609e-01 8.198114762832173774e-01 8.200236450080070627e-01 8.637141844497205900e-01 8.159946121669902075e-01 8.671840255145147891e-01 8.447782679165443120e-01 6.835078839984287669e-01
2.812500000000000000e-01 9.316447770007648677e-01 8.570709560990515952e-01 9.390233915629838668e-01 9.092123205025411936e-01 8.071664729899142854e-01 8.088248894477531037e-01 8.611301099699683048e-01 7.976525038616415486e-01 8.594611328096404268e-01 7.650425820064121751e-01 8.511942479423082464e-01 7.189555964801912502e-01 9.261154143078632606e-01 7.461233787634163894e-01 7.736213001568817971e-01 8.755437101005342226e-01 8.248243117965661231e-01 9.013172222181523585e-01 8.575581776671366008e-01 6.633850401669837415e-01
2.968750000000000000e-01 9.237500290593559926e-01 8.896013404905699362e-01 9.303338605099449321e-01 8.445784222933696572e-01 5.574760517560790607e-01 8.518613145616484861e-01 8.369112403365916997e-01 7.309088556014812221e-01 8.289894371762948078e-01 7.808257648088858804e-01 7.912896765841042068e-01 9.162088474736693744e-01 8.813712180439283728e-01 8.688322668668123638e-01 8.763770949548790323e-01 7.540844836899096570e-01 7.764173493368773382e-01 5.884723587102099751e-01 8.324067282639241450e-01 7.348354821081584110e-01
3.125000000000000000e-01 8.934634403395846913e-01 7.274798289795856299e-01 7.418701459979302193e-01 7.720847073695906726e-01 4.862209716936466974e-01 8.826581825033412709e-01 8.345727966257711072e-01 6.979423625224021599e-01 6.062070989715719893e-01 8.614385189474150772e-01 4.962921939886709710e-01 6.315627545767418249e-01 8.647760736112286573e-01 7.786518034277158939e-01 9.223546117094479913e-01 8.051742736664708744e-01 7.879215380217116094e-01 6.761007661277376179e-01 7.226106767961276711e-01 7.941595182813178111e-01
3.281250000000000000e-01 6.680134601281787488e-01 7.669004540248852697e-01 7.555388480882044844e-01 7.845798535083738923e-01 8.793976305518734771e-01 8.026860997845776113e-01 7.085048880133081317e-01 6.382672814079167756e-01 2.397554887032236348e-01 7.635690077391167341e-01 7.383567735722520453e-01 3.319224289679623130e-01 8.181039398837546273e-01 6.828228764587910282e-01 7.268609141234997351e-01 8.109300185388444993e-01 9.379816091085139973e-02 5.269197608860375359e-01 6.754069555560482385e-01 5.523016804531505342e-01
3.437500000000000000e-01 6.102031030694367031e-01 7.294915927758902630e-01 7.276595765085007717e-01 6.388491495754963223e-01 8.013304773290159666e-01 6.216825672531288705e-01 5.729257928190287785e-01 5.689312791769339794e-01 3.234834942472772368e-01 5.935212442481070383e-01 7.954688906503495360e-01 4.580164565048683856e-01 6.816950767210782081e-01 8.800041194862953109e-01 6.179200822427179940e-01 7.480297188575852907e-01 2.721626914665728481e-01 4.214991814261090375e-01 6.783139567465205078e-01 3.853771153037570674e-01
3.593750000000000000e-01 6.802204919235709246e-01 3.742389438292980652e-01 6.545517857351238478e-01 5.228438863333770836e-01 5.421557919193564778e-01 4.151462975397246513e-01 5.941123093513210884e-01 2.888421459865930796e-01 2.637706724327966157e-01 5.694168059942757987e-01 6.523950042108850322e-01 6.673025475841181109e-01 7.106708498850213829e-01 7.270461274927989548e-01 6.002075853210856460e-01 5.178657106595967452e-01 4.052747297094245194e-01 4.971163359894746891e-01 4.866978444698817352e-01 1.964190415574166293e-01
3.750000000000000000e-01 3.131912267491031021e-01 1.449240870969167316e-01 2.501337254539781618e-01 5.622009209250902195e-01 2.687767359233511066e-01 4.952391552849766954e-01 2.431769626335556767e-01 3.599415097984954848e-01 2.778012026360388576e-01 4.489097949347227723e-01 6.533933684756032534e-01 5.465168027933627881e-01 4.960481047799660814e-01 5.104933964990150397e-01 5.276561279001937832e-01 2.204360387527289911e-01 5.025636042825030181e-01 4.936850573558213551e-01 4.149927927781316139e-01 3.260937468409168538e-01
3.906250000000000000e-01 5.677812983905421440e-01 8.899607806875522997e-02 1.480440006896767968e-01 3.680743164274579704e-01 5.466136257080208560e-01 2.619930890658339617e-01 4.733758366729976519e-01 1.951569699861486762e-01 1.656331784515768513e-01 4.223095165444923360e-01 1.792617325741809320e-01 1.442216979294413948e-01 1.785857801760360186e-01 4.056467523068683079e-01 3.794969111625393077e-01 3.947643074817223652e-01 4.423537419139169091e-01 3.998197529910594294e-01 4.002712013313959316e-01 2.321469744841044569e-01
4.062500000000000000e-01 2.904632889756725289e-01 6.436321813851105800e-01 3.531763553592776050e-01 3.646594546581231056e-01 4.956499803316846697e-01 2.083808262656520749e-01 1.512169509970195114e-01 1.591661755063623618e-01 1.520724076734150942e-01 3.833253741465069142e-01 2.608587889886738731e-01 4.370281319801376796e-01 1.615812463956671219e-01 4.791578973432564226e-02 2.717095240854701110e-01 3.705488387859047217e-01 3.776623152119926718e-01 3.365632445487325430e-01 1.425349204042571372e-01 4.113631031588049769e-02
4.218750000000000000e-01 4.024951478528954185e-01 4.759748958715535605e-01 1.853181196109943418e-01 2.995137928024961260e-01 6.492548504521115094e-01 2.421052192359276489e-01 1.788350038809440393e-02 1.879103601777314461e-02 2.195608603847259421e-01 1.792417384012922887e-01 7.055094058247504685e-02 2.649927176301572485e-01 4.411505522611353092e-01 6.892924963277344275e-02 1.746086066291263061e-01 1.604027917012216392e-02 3.832015490598346119e-01 1.493287156228277623e-01 7.645334890382185500e-02 7.524197235782648444e-03
4.375000000000000000e-01 9.854529862967977005e-02 2.836911480116635631e-01 5.597382480406191130e-01 1.749252403149751875e-02 2.161050339000234952e-02 3.211778367938943751e-02 1.393071981649755993e-02 5.998620598560652772e-02 1.606288456578138790e-01 9.191873466488896527e-02 4.338646908858722478e-02 2.148732770267484382e-01 2.289402894965916202e-01 1.244808032007968523e-02 4.574747235435647208e-02 5.130693388364479524e-02 5.195539653721201190e-02 2.247094016196912458e-01 1.950008125198954279e-02 3.400478658727245501e-02
4.531250000000000000e-01 1.101549390312428489e-01 2.222436066330859827e-01 2.239307670671582540e-01 1.710703892461485354e-01 1.137504878417994886e-01 3.356815955698581599e-01 1.176613862358803601e-02 1.154471025742349055e-01 7.419105680138894654e-02 1.387122521961727493e-03 6.647930550445879661e-02 9.385335485781090559e-02 6.204867277387157015e-02 3.146602289609586878e-01 1.353162532440398691e-01 3.820531535173943283e-02 9.995430093658565218e-02 8.817694000642090080e-02 4.664689499263112698e-04 1.059339294575384893e-01
4.687500000000000000e-01 5.175875168068662102e-01 1.071862151132670360e-01 3.396411715973801648e-01 9.634522745884019357e-02 1.237241726378500301e-01 1.246256402568802629e-01 1.856735395882938913e-02 9.343165094288619077e-02 7.796363320287245935e-02 5.229207534512247957e-02 3.486580968131173242e-01 6.843068592017446938e-02 2.283520107629443546e-02 3.130833081075169999e-01 1.209299341551739737e-01 1.941357343526562418e-01 2.673135097836411012e-01 1.737725308868217078e-01 3.495832060871287283e-02 2.115703930625762678e-03
4.843750000000000000e-01 1.271674705533067384e-01 5.428737989548442638e-02 9.676409090397052049e-02 4.089010281050181606e-02 6.804159821895017224e-02 8.214299289076451571e-02 1.642168971826389323e-01 2.467629573858677039e-01 1.883536792311845121e-01 6.486621098124015217e-02 1.584184843214662131e-01 5.702643745597317793e-01 4.172398126526235575e-03 2.375099248485202930e-01 3.678453617073872972e-01 1.585643716386235247e-01 4.221604826785926856e-02 6.715677871749049788e-02 5.101391262274362903e-01 4.021899815817622237e-01
5.000000000000000000e-01 5.935373430177466325e-01 2.174085239951667470e-01 9.363342478447615747e-02 1.809360343488903566e-01 3.537836560867978486e-01 3.803095676928639618e-02 5.469533405543139937e-01 2.001502788441598124e-01 3.424421691509439425e-01 5.321818223901596950e-02 3.118627384474841890e-01 2.345505991362942522e-01 5.459293367088059040e-02 7.714930696815991418e-02 2.751200944535597825e-01 3.619930451440723784e-01 2.250499707465483112e-01 7.244185221488391724e-02 1.227422577568299950e-01 2.034377707067245578e-01
5.156250000000000000e-01 6.672447838931379049e-01 2.148355661540607142e-01 1.957430177477945676e-01 3.225481521975341326e-01 1.900748603258546610e-01 6.328047775760904659e-02 2.327196546913749831e-01 1.101170562135841413e-01 4.706392594534485330e-01 5.774039543961765469e-02 7.346012004418987773e-02 1.417179228265737223e-01 3.030895520313631186e-01 5.603478407172830522e-01 4.623584748957770274e-01 2.620810309384082881e-01 1.461960572486172838e-01 3.587424136620570581e-02 4.537310794336934378e-02 2.382160037370124051e-01
5.312500000000000000e-01 3.161534584107607015e-01 2.268293438350471938e-02 3.652164603288768352e-02 3.022206808801826752e-02 1.286520241557857769e-01 3.843788293902308806e-01 8.312137000899094685e-02 1.317651910983179409e-01 1.384300489021086655e-01 6.216974176073306740e-02 7.768789128341453687e-02 6.655677546749382001e-02 2.467058410057612339e-01 4.064767258119421182e-03 3.785779273615504925e-01 1.510374918088494278e-01 3.010723734082204964e-02 9.105233000983253833e-02 1.174023939515377035e-01 2.183804695906869930e-01
5.468750000000000000e-01 3.186752850125649239e-01 2.607800225621477730e-01 1.897315810003941949e-01 5.455770724467406269e-02 6.477720425245811486e-02 5.502221007683519849e-01 1.215503876009505768e-01 7.461774162143129663e-02 1.501106338072476232e-01 1.537677290177635880e-01 1.665506895918252017e-01 1.433044362606166189e-01 2.830442813622572884e-01 9.514640946661570564e-02 2.511172462196645805e-01 9.127890322390148914e-02 2.684767452653356867e-02 1.900967391029883824e-01 1.700771508755479222e-01 6.244205327894130492e-02
5.625000000000000000e-01 1.705572700482389237e-01 2.865140526927669185e-01 3.254316932362875114e-01 1.390140050763239744e-02 2.487040888625481894e-01 2.401856028656303155e-01 3.119847306139293328e-02 2.886096881044045714e-01 4.491088036356650215e-01 3.992450430822009899e-01 1.752626006182411988e-01 3.067579427864235327e-03 3.413188146218217311e-01 3.577218052616770172e-01 3.733844986476890504e-02 3.120109348744321554e-01 1.942634988170249127e-02 6.887499277583836177e-02 3.779659299655518251e-02 8.604827712843654552e-02
5.781250000000000000e-01 4.144934259223778672e-01 4.302074671879792256e-02 2.203007910277959003e-01 6.282132965589382056e-02 1.560911605349769027e-01 1.434625462510650401e-02 4.169633223793887955e-02 2.979192276832696717e-01 3.636238863613254768e-01 5.001030455743771252e-01 1.487753340184591599e-01 1.050445144287775606e-01 8.345887157923025101e-02 2.331008925722889980e-01 1.195038500379530799e-01 2.521226809103877531e-01 2.720720464700735475e-01 2.442422476819099963e-01 2.456537133916651683e-02 1.623045258001885524e-02
5.937500000000000000e-01 3.981321514285959817e-01 2.585150835494544053e-01 1.366799136579597285e-01 2.212240302304953332e-02 1.435947606690823330e-01 1.841791513260452456e-02 5.521943145985761664e-02 5.555683835566117834e-02 3.811102079559275935e-01 3.134692470261016273e-01 3.795529036777007814e-01 1.141697639180840051e-01 1.651674984075891806e-01 2.545028040916282319e-01 2.070275535488426133e-01 1.000149200312773212e-01 1.930574546876868969e-01 1.031907043191675616e-01 2.125582343548861608e-01 1.182096433392037932e-01
6.093750000000000000e-01 2.505614470228911816e-01 9.680192069951586153e-02 7.539547154484416321e-03 8.253644151837781495e-02 1.288473255512461446e-01 2.546895070733842803e-01 2.264504454827784008e-01 9.194100371934056659e-02 2.920471800191565825e-01 4.003701630544910517e-02 1.102088027019713645e-01 3.135380994066326310e-01 1.582988249179672346e-01 5.996638544568674845e-02 1.493466060251533722e-01 7.451650511099569552e-02 1.287976732667517887e-01 2.049841677814193408e-01 4.338186959824542194e-02 1.046224599068511646e-01
6.250000000000000000e-01 2.585801748849941295e-01 2.737276365397793843e-01 1.417933736191136496e-01 1.964439036053790277e-01 5.015678609498642748e-01 1.509957544466081214e-01 2.547747218174773454e-01 1.384949042854080326e-01 3.176355737306873483e-01 2.415150265274149943e-01 9.026031361780870177e-02 1.200931150042517659e-01 3.396282275114889115e-01 1.744522359074948681e-02 2.234752255600886972e-01 4.938308645164021793e-01 3.367408768733363700e-01 2.358216852597302127e-01 1.168037745889292101e-01 1.559273179136778376e-01
6.406250000000000000e-01 1.785817609340805412e-01 7.070457938620137994e-02 2.585358072866071888e-01 1.619214401392392866e-01 4.185175052803494777e-01 3.789992752497835238e-02 6.290965244685374491e-02 8.385550275264171127e-02 2.836706691122441518e-02 2.783657733603569495e-01 1.833670138112340198e-01 1.586084945297750858e-03 2.542127147542861398e-01 2.923571838571124848e-02 1.062350856519266445e-01 1.916899532855622923e-01 6.027338154990553865e-02 3.329820367832733025e-02 3.191805539284551796e-01 5.656615794986996626e-02
6.562500000000000000e-01 3.608442297153373612e-01 2.315154274199932027e-02 5.311044360514874385e-02 6.897368775217717352e-02 2.629270559247067207e-01 1.541523465322393871e-01 1.750018702439835525e-02 1.417490010677763257e-01 2.721207983833448529e-01 1.589089285514882210e-01 2.031992203786574594e-02 1.848415358526243335e-01 5.278497400302867293e-02 5.998130508630693941e-02 2.201360858932410458e-01 7.985821207351508078e-02 6.616666040282599692e-02 2.464194650947817977e-02 6.112520797955603435e-02 2.609553683313302341e-02
6.718750000000000000e-01 5.136122261828875990e-01 8.109484983118271650e-02 4.082704824470469451e-01 2.626958894078671586e-02 2.906870023412214676e-01 1.536990021344972202e-01 3.682891421771292140e-02 1.989661434173280175e-01 1.440580754895547655e-01 2.814493978881940084e-01 5.903952846301457891e-01 5.302027866450544913e-01 1.231211661840320992e-01 8.448361780929715403e-02 5.150763973692041447e-02 1.397679810910171239e-03 1.329283336623362233e-01 1.749651853050791794e-01 3.343085145134513242e-02 2.442460563982344363e-03
6.875000000000000000e-01 4.267843267403879648e-01 3.253665817130775295e-01 1.320460695112038625e-02 1.866965393872860035e-01 4.295567907380393735e-01 1.111629353813729654e-01 1.662040314119708206e-01 5.253102802058626231e-02 3.034569708489173179e-01 4.339876016555796467e-02 1.166582384830831542e-01 2.464700585085298490e-01 1.759967392974877143e-01 5.831925652308300040e-02 2.363880692900464930e-01 1.239644035770023078e-01 3.115970732430927911e-02 1.593410928806907323e-01 2.866068679899049995e-02 2.818917524476334813e-01
7.031250000000000000e-01 1.832894130593790694e-01 2.484163006932225415e-01 1.444225425386153235e-02 2.523819949700252252e-01 2.683803607092427601e-01 1.291860464274568743e-01 2.050826598282961405e-02 9.861059174637674951e-02 4.304569863461875645e-01 5.579040991933312960e-02 2.022365407953967756e-02 9.420572969395217197e-03 4.228309884403052554e-01 6.128422498450886852e-02 1.017406229765650955e-01 5.424864931412182179e-02 1.579918388791288000e-02 4.573831237680962836e-02 2.371856036333212514e-01 5.414700448945882760e-01
7.187500000000000000e-01 4.480285407458527852e-02 6.862796759867234586e-02 7.417913314987079065e-02 2.707049744340522812e-01 5.665764376303801253e-01 4.033328527650961726e-01 1.682201276581597738e-01 3.921663675497268353e-01 4.168191463182064349e-01 2.773114649636868392e-02 1.437909512555653468e-01 9.677113989036575936e-02 3.468623108958227702e-02 9.836647435090999092e-02 1.255084527737458100e-01 5.592996729075717932e-02 4.558387245111100022e-02 3.807926761453350739e-02 2.266335607501671068e-01 2.506092704983153840e-02
7.343750000000000000e-01 2.985270481898276707e-01 1.142858470302351298e-02 5.438223260799081027e-01 4.029021330537806977e-01 2.251833181828600261e-01 2.092415636692697978e-01 4.830300060112142635e-01 1.301038364184236573e-01 1.017880279549362860e-01 7.408461237908650382e-05 2.783030735180199167e-01 1.667279484618785779e-01 7.419407710547340495e-02 5.429887957032280242e-03 2.199652798108195362e-01 5.139518535122548221e-02 3.356921077785493535e-02 1.863633104603892670e-04 2.133942358741450773e-01 1.447265718322242149e-02
7.500000000000000000e-01 4.097213933593684687e-01 1.445647394564813226e-01 3.422830661058293700e-01 2.467729321314872937e-01 1.117236592494295078e-01 4.820543084541291379e-02 6.559468473867489102e-01 1.041983300513636829e-01 5.155106757049181948e-02 2.685164619590486579e-01 3.453515038454571529e-01 1.534976746494081112e-01 8.022869887639159925e-02 2.467543745071012762e-01 1.091513278111094915e-01 8.750298337731757248e-02 9.654752856658425572e-03 7.445611548129682511e-02 2.443444514711850812e-01 3.641418662054392297e-02
7.656250000000000000e-01 1.692638923760506411e-02 1.887210626981365366e-02 2.752252214480141457e-01 6.240868617068761476e-02 1.066528295984431746e-01 2.640071855012263852e-02 1.648816687919128776e-02 1.785821238866636129e-01 2.726611619211907200e-01 2.533069100188066192e-01 2.242187725767295914e-01 2.399409536325764480e-01 1.763280556733854421e-01 1.558423799661489972e-01 7.940910211528760809e-02 1.755718479758924533e-01 3.736031437717798886e-02 9.662814302855177173e-03 5.055194348776466118e-01 1.404517562495846417e-01
7.812500000000000000e-01 1.614959471867564444e-01 6.559274645177530505e-02 8.250306437804030835e-02 2.872859232961268994e-01 1.582401720169326897e-01 6.260472613417703003e-02 1.310972600572311852e-01 8.960834815831011935e-02 3.848212923849628903e-02 2.676534108489835306e-01 2.018178851572809129e-01 9.684123340164685345e-02 9.428281307441253867e-02 6.549810883141798934e-02 9.142506634256275869e-03 2.097747632840806786e-01 1.409473483604152255e-01 3.344486288756940567e-02 1.170538768008961283e-01 1.551325931467132380e-01
7.968750000000000000e-01 1.778273481883432816e-01 1.067071722432789416e-01 2.635561507006973780e-01 1.193002169945261842e-01 6.841810945628409857e-02 5.255732963594633017e-02 8.791441999148300046e-02 8.547423701740167884e-03 3.894718001870021984e-02 7.508061336075055880e-02 6.740742250831527338e-02 1.238822396125095482e-01 8.903219278465376862e-02 1.458149842341264768e-01 7.210718834857386683e-02 6.253333481190581633e-02 1.464291615976678063e-01 1.577380611930738474e-02 6.213068802790408518e-02 1.475955941869875332e-01
8.125000000000000000e-01 1.033685662593943760e-01 3.625716808783427947e-01 1.855422559039276442e-01 2.926076701163990990e-01 3.089168821852116276e-01 2.813447344484108076e-02 9.396707121417745279e-02 7.252547623746796734e-02 9.458508496065227977e-02 3.121409847860107112e-02 7.805335872061715252e-02 2.197883337065695830e-01 4.017601363362564570e-01 8.320050110685550671e-02 3.766404691408710148e-01 4.058570595657899627e-02 5.249216786486157749e-02 2.262540902211335747e-01 5.218364305239027445e-02 3.813741859688691421e-02
8.281250000000000000e-01 3.661537410588033836e-01 9.403138138044639383e-02 1.467821189481210986e-01 1.965274545989657146e-02 4.031846219510741292e-01 1.403939845577157480e-02 2.221078766010276938e-03 8.275034023094281210e-02 6.787742693418123523e-03 2.259530830295383430e-01 2.372673744539661733e-01 2.322282431257344237e-01 8.570987297040308373e-02 2.897871072890770838e-01 6.506115347796825876e-02 9.498617136887267665e-02 8.466481457439532787e-02 7.196729369525982356e-02 1.111055920293980148e-01 1.626723235878363427e-02
8.437500000000000000e-01 1.010113709015896533e-01 3.535458304300092419e-02 5.844800357824788545e-02 7.058791098619378312e-02 6.725308444655113405e-02 1.226567092015822119e-01 1.864801304256603898e-02 8.256795579108957769e-03 1.523121799534741250e-01 1.329209563784968795e-01 3.727898504866852258e-01 2.022037651939688763e-01 1.077027690086148348e-01 4.821168681986326421e-01 8.636638117710286611e-02 6.263102994546963787e-02 1.018072444154186906e-01 2.312786434954505407e-02 9.505866148033624563e-02 1.088993870757878624e-01
8.593750000000000000e-01 3.034354409704112521e-01 1.952575241029594622e-01 5.045670155435533211e-02 2.940066377179128936e-03 1.505992499921636474e-01 2.648704524237596725e-01 1.879787601482186057e-02 1.395537328740069916e-01 2.339479456787842970e-01 2.005621089066098386e-02 1.102703568638418175e-01 8.549978420297633941e-02 3.332458273828267092e-01 1.256401459918774499e-01 1.334195929664018232e-01 2.819126970316460090e-01 5.556570873615712669e-02 1.977430131729960433e-02 1.744452202612792671e-02 3.628884388204768330e-01
8.750000000000000000e-01 2.619610607395059798e-01 1.621734087933984214e-01 5.298258157660509782e-02 3.808740212722245763e-03 3.203300549688644638e-01 7.617941325693865229e-02 9.789754442720241534e-02 2.325723606707445767e-01 1.038674625214595221e-01 1.246603463197587386e-01 4.422400048875285705e-01 1.367466560748199778e-01 2.611209317162767052e-01 8.340257772755790833e-02 4.141629897018784742e-03 2.790184302252606829e-01 1.510458294944222735e-01 1.226990964143961221e-01 2.861446112748922688e-01 2.280615226131144924e-01
8.906250000000000000e-01 2.567733993505265100e-01 1.512268074852441690e-01 1.570603477360399958e-01 1.945552943909839849e-01 2.361423660262449153e-01 1.837870561691277715e-01 1.555957143395022280e-01 2.143840845798753447e-01 2.387347826382740790e-02 3.832510367490499781e-01 1.633051774751733409e-01 3.728605037672140243e-01 2.579367518347787103e-01 1.058791916125292470e-01 2.862064507531490720e-02 2.672996299280283039e-01 3.398874065540348210e-01 4.754800247981033276e-03 2.242593985706504978e-01 1.170284581472477020e-01
9.062500000000000000e-01 4.620652958518716713e-01 2.225952899176742994e-01 1.035726535952037203e-01 3.674520739559795635e-01 5.173881265718538458e-01 1.295112156145693527e-01 1.771745092006691003e-01 4.623474446867774368e-02 1.668629642278207648e-01 6.173811257554980003e-02 1.240676732380495556e-01 5.010878118004109816e-02 6.683001856422430415e-03 1.618962327988194283e-01 4.149942953564485226e-02 2.429690473981306609e-01 3.426269759782400448e-01 2.296549805907944497e-01 2.567660558889732839e-02 1.699067593081637906e-01
9.218750000000000000e-01 7.455909994790455020e-02 3.208954684206067332e-01 1.114449808491801697e-01 3.884093903051534236e-01 9.836325934181235076e-02 1.522886282365068511e-01 9.576534508967657344e-02 9.213672237207884419e-02 2.634943990787467355e-02 5.931341920125617062e-02 4.019106000604392992e-02 1.698402713215194648e-01 1.783856625942244756e-01 1.299396269549112637e-01 2.739957091519218749e-02 6.185717190910491187e-02 1.057485629140638983e-01 1.019963837720728600e-01 1.431850090626662908e-02 3.616538643212115489e-01
9.375000000000000000e-01 9.297023539182555640e-02 5.080254320235175758e-01 1.365383284458742963e-01 9.464238657338999716e-02 1.804079703219430841e-01 4.295190674368296047e-02 2.674344691639818916e-01 1.182443531835864481e-01 2.044796024348806973e-01 1.307912288348637431e-01 1.648415264914562250e-01 2.092307491385093643e-01 1.471773165800542293e-01 1.525336476838337618e-01 4.749840698352272850e-02 3.735569717818125468e-02 6.822229608541642565e-02 2.237770118028225563e-01 1.114382646711843533e-01 9.789337684558166441e-02
9.531250000000000000e-01 2.067303128775895352e-02 4.748795862616259078e-01 2.861207418098791339e-02 3.469901164015662953e-01 7.896659997867427894e-02 1.155231738986148976e-01 1.755677446096810118e-02 1.945356004767631319e-01 3.601437479631538485e-01 2.803907995300687368e-03 3.655162215179661583e-02 2.174824822767824906e-01 1.950205583653449176e-02 4.229801830886641967e-01 1.578752511929975844e-01 3.788707825691235709e-02 8.161685301073168253e-03 1.271808906975899212e-02 4.588064843757677647e-01 1.304510643198759368e-01
9.687500000000000000e-01 5.645572672742935061e-02 4.054473781428870049e-01 2.666052720726929531e-02 3.202721129493370511e-01 9.365151158050495639e-02 2.801238571553730239e-01 1.198752026353147038e-01 1.926778507915352656e-01 3.234057415366489024e-02 1.436136507015753350e-01 1.889010463676398799e-01 7.121622058670067090e-02 1.710609503764755346e-01 1.469262143005567178e-01 1.111447471839332041e-01 4.545844378085196480e-01 8.058220655680344013e-02 3.749106728996631083e-02 6.066819184577779828e-02 6.416346371550701866e-01
9.843750000000000000e-01 1.573663801852518418e-01 2.584720730468980654e-01 4.745761547970784866e-01 1.928256466439537686e-01 7.406020885093776186e-03 1.209344406726423488e-01 4.515513491128786416e-02 4.646463050990649601e-01 2.632097769405468690e-01 3.315970995156977685e-01 6.347352481631458355e-03 5.651403244600338160e-01 2.706966090428161720e-01 2.025945370442547022e-01 4.440268836901117887e-04 2.109177438363510904e-01 1.261790237823154637e-01 4.886869743643677128e-02 1.979064972585290183e-01 3.370521159518720111e-01
1.000000000000000000e+00 1.253350853852608915e-01 1.382920092301294368e-01 5.606819636678157803e-02 1.522250859485199947e-01 1.232377812157991470e-01 4.513684501594403264e-02 1.023127823323860888e-02 9.918027078261519580e-02 1.047485298774349788e-01 2.115957116016056738e-01 4.156113041990995849e-01 2.584907422425269385e-01 4.757351109708876646e-01 2.765885993363177975e-01 2.685978448961744494e-02 1.589293606174135010e-01 1.379722700161057358e-01 3.542941489950089395e-01 1.462513618710886421e-01 1.630434958700907044e-01
1.015625000000000000e+00 5.672811125190092840e-02 6.570237356098251880e-02 2.282805956935972380e-01 7.335354898098936371e-02 5.486164160152826735e-02 2.243608453443164397e-01 1.539656892705967561e-01 2.504234393869577135e-01 1.797535531678286225e-01 3.393764370663930607e-02 5.455266013549337628e-02 5.502547028719739081e-02 2.779801794906328616e-01 3.170248608635578558e-01 4.085627836227501836e-02 2.423879055315918823e-02 2.243296480611032054e-02 1.972284025344905878e-01 3.174478151613161492e-01 6.657021544204606844e-02
1.031250000000000000e+00 3.461699487779342777e-01 2.725803602707476125e-01 1.564896625402166785e-01 5.291822019225535939e-03 2.010010511266766553e-01 1.051036119631099282e-02 3.842912701777541074e-01 2.332862826758414498e-01 8.875463013450189675e-02 1.712697129475250490e-01 9.126037046002498376e-02 1.811210565092837843e-01 1.638188742426935907e-01 1.784148588891350806e-01 7.263192065527460106e-03 6.995073383898874064e-02 1.035358891428194705e-01 4.155499497462115666e-01 2.054664477698254499e-01 5.084327560086468988e-03
1.046875000000000000e+00 1.917014830313011620e-01 1.766040531876669206e-01 3.210839642243022013e-02 3.115002102406905227e-01 4.625621718022541323e-02 2.661595257284161686e-01 2.083624326081965350e-01 8.018510180771906692e-02 1.257518921961321423e-01 1.024961780192160526e-01 2.271830758548681328e-01 4.110757525682217084e-01 2.320097733043174904e-01 2.125636993052255896e-01 9.600683318389093002e-02 3.790456505918689267e-02 2.006467923357991012e-01 6.331558759664616953e-02 1.005187836182922789e-01 7.396185857168889252e-03
1.062500000000000000e+00 5.819998365827695752e-02 2.905229757475841224e-02 4.293271432896476059e-01 1.358987825975757624e-02 7.587132070032959370e-03 1.097798333182849473e-01 1.775711803978954340e-01 1.046822085272623576e-01 2.829126442845618650e-01 1.310415926179535340e-01 3.224575682544058020e-01 2.299499404461467500e-01 2.604635511469081122e-01 3.251047906931144871e-01 1.021206299456836747e-01 1.865239557226703870e-01 1.042379790571719284e-01 3.426783262935159113e-01 5.966173948780510716e-02 5.014086145691175334e-02
1.078125000000000000e+00 1.256924842553734933e-01 8.025195812884748647e-02 1.906645502083758464e-02 2.216016252962487929e-02 1.851851429325829801e-01 1.169210563458284030e-01 1.651603599167074388e-02 1.264302810704080182e-01 4.250798320459944074e-02 3.092487354783376441e-01 9.293476708962984667e-02 2.695804383059833415e-02 6.206414518166540432e-03 7.045342686682601330e-02 1.182050679826210510e-01 6.369957994560267178e-02 9.526314913623214198e-02 2.594322616478240695e-01 1.277430274044908109e-01 1.813033097207880917e-01
1.093750000000000000e+00 1.546711758026203809e-01 1.168201655843013470e-01 3.066735604948034322e-01 2.105880829511361241e-01 2.282058522241846577e-01 4.678575439416467890e-02 9.303872890438165399e-03 7.137637234510546547e-02 1.507739611647699041e-01 7.030769543246589981e-02 1.621519325924912214e-01 5.815509913663523267e-02 2.194426067507374289e-01 1.883297122384588324e-02 1.243899508306330198e-01 1.364595244244007355e-01 2.131467580697737896e-02 4.240194457897180080e-01 1.649627071509053855e-01 2.847743286241078975e-01
1.109375000000000000e+00 1.738632001833991803e-01 2.915877893785791541e-01 2.800082928152170317e-02 3.121414876276100148e-01 4.133973540012904346e-02 1.078883515611331056e-01 1.971197995722568687e-03 5.410804977136484534e-02 1.090514267025025352e-01 2.376528222441862404e-01 8.718688767518247007e-02 2.422006381987383272e-01 8.007996991415074206e-02 1.616529988978430976e-01 7.401460226944850396e-03 1.428699504775244877e-01 1.861579074544562895e-02 1.739378315051402502e-01 6.956630790115873875e-02 7.694362795382049536e-02
1.125000000000000000e+00 1.320492059057528644e-01 3.310093542652722265e-01 1.230181652691414163e-01 1.941581286518718752e-01 1.146239408415318933e-01 2.246142087035359058e-01 1.157076444504469281e-01 2.524868810040387795e-02 2.309980751170667701e-01 4.254789216791663997e-01 1.287376484866728232e-01 5.156152788814177823e-02 2.695973934153838014e-01 3.256398538976202350e-01 5.665541214865451453e-03 7.858379722617833685e-02 5.076945382040778942e-02 1.597320737804223609e-02 5.778113734216792224e-02 7.881739522149804056e-02
1.140625000000000000e+00 7.011057157638662940e-02 1.748952478667228361e-01 1.113422817527462277e-01 6.149343376222013435e-02 2.068113920372589565e-01 6.359724275214567735e-02 2.884336863580815730e-02 1.493378105694523061e-01 1.487102802500325782e-01 3.583902856701733364e-01 2.372055975909581060e-01 2.219795489293488119e-02 1.595732136525677136e-01 2.981035723005309723e-01 9.469413131761058103e-03 1.599812319957702178e-01 5.285396001423634145e-03 1.089029841798157539e-01 6.780685087205402806e-02 1.797784030974780220e-02
1.156250000000000000e+00 1.219815365250649652e-02 3.671157072512584163e-01 1.357096664161964832e-02 5.497303390702001913e-01 1.204963409702490273e-01 1.769577013210584249e-01 1.768427909911555740e-01 5.961289133162708809e-02 8.580748461057037535e-02 4.711409933409426570e-02 1.347727002951085995e-01 3.256042264271040709e-01 2.592626024054433057e-02 3.843600091199945168e-01 5.994593650026988629e-02 1.490896643526558041e-01 4.844516528849282522e-02 3.095387180913378722e-01 4.924466283541774347e-02 8.449341044557279190e-02
1.171875000000000000e+00 5.181853865420017469e-01 2.727304975009886001e-01 9.300254688397642522e-02 6.455816011951465150e-02 1.705846047308415547e-01 4.535374447624329064e-01 3.512275474344406789e-01 6.310301091862613454e-02 3.210211005554769459e-02 1.833110346328485352e-01 3.238669425894576959e-01 3.329284273069871847e-01 2.211387535502783996e-01 4.918980996692146751e-02 2.148859782439820620e-01 6.784473728978732132e-02 1.535432925819961436e-02 3.144012625758411117e-01 7.647779961249392966e-02 5.712439873594219591e-02
1.187500000000000000e+00 7.440838100284774548e-01 9.320989906303130124e-02 2.022335688082826100e-01 3.184590831347363649e-01 1.416088553531732741e-01 2.575795605257567567e-01 2.981728662784576267e-01 1.151019914114342624e-01 1.251937219881609498e-01 1.260169500653905428e-01 5.686420234022753206e-01 2.221770974832665280e-01 8.354339481460322514e-02 8.053874233938513455e-03 8.269785552684757318e-03 4.221612741447327601e-03 1.587471780183013700e-02 2.777577315727693397e-01 6.665046781283243127e-02 2.106692420514933925e-02
1.203125000000000000e+00 1.293473111101973161e-01 1.085617592210141591e-01 2.450146593610365853e-01 1.536601467189325498e-01 2.355859661296692831e-01 2.322125797778714362e-01 1.453123639431975200e-01 2.574841803677311095e-02 2.598256412154479125e-02 2.771755612623275078e-01 3.894199901405209774e-02 1.678152815809497433e-01 3.690888061430589590e-02 2.666936966963815436e-01 3.178808390652381605e-02 2.381698971306093204e-01 3.458477835215851282e-01 2.332674213909310956e-01 2.289201612344177877e-02 6.416113200489112489e-02
1.218750000000000000e+00 1.114493856942821021e-01 2.500041874093131833e-01 2.057723843299334165e-01 4.663363062025717709e-01 3.079699494961425366e-01 4.320377663722382300e-01 3.137218233901759024e-02 1.061122168590934306e-01 1.827731869191876260e-02 2.348943069895073343e-01 7.095178573955672474e-02 2.520421711560499323e-01 1.319173007507454948e-02 3.466335684129990824e-01 2.190582994879062065e-02 1.941084584429596249e-01 2.367948478187150430e-01 3.202826881588020647e-01 1.317392001919685807e-01 1.229880757771628225e-01
1.234375000000000000e+00 4.731754467918632134e-02 9.955612564749515003e-02 2.073368937016105973e-01 8.000839942714466080e-02 8.188695650931161751e-02 7.215008570651019679e-03 1.297794927777451701e-01 3.173258158020279135e-02 7.728101202430556066e-03 1.334261475554985032e-01 3.244764996403486368e-01 2.009400745677813183e-01 1.372241228633578301e-02 1.057631372419682997e-01 4.877931501966229627e-02 9.013765023774412966e-02 2.750828834806226530e-01 5.779313994331652937e-02 3.556796129131899881e-02 1.780728285693126967e-01
1.250000000000000000e+00 9.915156604972871768e-02 8.073368784900009087e-02 3.329887829514074221e-02 1.424755241435632092e-01 7.876519497314324325e-02 2.399319659812423899e-01 2.557676252868569811e-01 2.370943280901811542e-02 3.124606286377885622e-01 7.056147287164551279e-03 5.136339318546304655e-01 1.539556571056643064e-01 9.049749907226686818e-02 5.925375017020241553e-02 1.251272073934705242e-01 6.874391230548788922e-03 1.817934564408541509e-01 4.741818198112032062e-02 2.222903013913820613e-01 2.132947100611100044e-01
1.265625000000000000e+00 4.681859912056175466e-01 9.864224804805367397e-02 6.370007511350565810e-02 3.360800486369108775e-01 4.817126724242043467e-02 5.731566022779124303e-01 2.778908804509803154e-01 3.953324155501130588e-01 3.509641349312253578e-02 4.994351609098011784e-03 5.770862800053848662e-01 7.940004190307076160e-03 7.076283497817029144e-02 4.223659600087866645e-02 7.696075965540524200e-01 1.393382044579704595e-03 2.409988004873633502e-02 5.114691409724202859e-02 2.689169689308240074e-01 9.230243138994041752e-02
1.281250000000000000e+00 1.824834482910614175e-01 1.324989467456357262e-01 3.027591791622312178e-01 2.959887051506631117e-01 8.214720701956183813e-02 2.710200636207877878e-01 3.781161524161127940e-01 6.591784849729619145e-02 5.262778729326931249e-01 1.332740204913950843e-01 9.730966209754016161e-02 2.477808547163576347e-01 2.027849314227927191e-01 8.992300573386589890e-02 2.762749308415212157e-01 3.170974614223510957e-02 2.028266269230153546e-02 6.082700887901062309e-02 9.506241546163587963e-02 8.913880600381283992e-02
1.296875000000000000e+00 5.457193087130258330e-02 5.411524748324526152e-02 8.813286886550076443e-03 1.194628623330306894e-01 2.318228166905735854e-01 2.575492102415624096e-01 5.998531431898055516e-02 9.946524458714499362e-02 2.717406260769821835e-01 1.204264440044414651e-02 1.742021981255748864e-01 3.660859565660143367e-01 8.388662643106280237e-02 9.909732714994609615e-02 1.018584287964593160e-01 1.114257879717061167e-01 1.759322006695762108e-01 8.756787600229365420e-02 2.042364084650368783e-01 1.190238849964210255e-01
1.312500000000000000e+00 4.361413718537116013e-02 3.279824068991607500e-01 2.663275911956545783e-01 1.414088137257940025e-01 1.600461045245343550e-01 1.206509686876336591e-02 6.861378815509752704e-02 2.567574266437887553e-01 9.542305602018956445e-03 1.130381803162663727e-02 4.374752899347493507e-02 2.163053010179308289e-01 2.302661648101316794e-01 4.055074177434016269e-02 1.042110467093748105e-01 6.072942700791157319e-03 2.970974810137352318e-01 2.075679899337532219e-01 2.742223685439355574e-01 5.623359656143462476e-02
1.328125000000000000e+00 1.009144677078982998e-02 5.514582008209660824e-01 1.855070093407170106e-01 2.502842071617748521e-01 6.726619846162808225e-02 1.439541250362156299e-01 1.392533672091545160e-01 1.757711627054714398e-01 1.985814275885798841e-01 3.400973277362184799e-01 2.031977472343213520e-01 1.217465860405087807e-01 5.013664309819096943e-01 2.180793230881114542e-01 5.808315442878608098e-02 1.514937007087917009e-01 1.175794569152669306e-01 4.482734047686098150e-02 2.099155381125186737e-01 1.560197930477086672e-02
1.343750000000000000e+00 4.176591607063692008e-02 5.557519667634525096e-01 2.030061733790975709e-01 4.739694562350530993e-01 1.857623652459974017e-01 2.548712891358154153e-01 5.563925804537531161e-02 6.088744283872481178e-02 7.163195814500854519e-01 2.538923130031398578e-01 4.125880782203009828e-02 1.474010452405013771e-01 4.961403189828647586e-01 1.711650361168468859e-01 3.105836493981516955e-01 6.475495584866340637e-02 1.730773420472346280e-01 3.389488671077982573e-01 5.097095279744562335e-02 2.186239539793612824e-02
1.359375000000000000e+00 1.262138000124478077e-01 1.037682907532190141e-01 2.167356854160441548e-01 1.336346898887084134e-01 1.208440110105459958e-01 2.187850668782224672e-01 5.947702056978011048e-02 2.007145163689465772e-01 5.704605025209725788e-01 8.854826125620382515e-02 1.842763991721780570e-01 8.084808149161000490e-02 2.439606301149566669e-01 1.313584406643977243e-01 5.203786537724471861e-01 2.664289092387068028e-02 1.532839322148308314e-01 5.345365520143036120e-02 2.728559457951561240e-02 1.525467832521419931e-01
1.375000000000000000e+00 1.379680509272354638e-01 4.295815353328632374e-02 1.539019327558599493e-01 5.607331234755088406e-02 1.146908635971801010e-01 2.388577344087594589e-01 1.763641062881626462e-02 2.273937404119173722e-02 7.798088349805606945e-02 2.086535268664970258e-02 2.496946403641664425e-01 9.497992464598078999e-02 6.195014751784042734e-02 4.162384374671997400e-01 1.586420827699619729e-01 1.038178016911774360e-01 7.830136165764350897e-02 2.077462529788395573e-01 3.206336871996521599e-03 1.023901450792970812e-02
1.390625000000000000e+00 2.479566169537695819e-01 7.968937612051170405e-02 4.294988077776321078e-02 5.505739938101972264e-01 2.726861576831686174e-01 1.514978205684483215e-01 3.988367209910478328e-01 1.287483950453046089e-01 7.747001283808611916e-02 5.066742780849745704e-04 1.843912419344560516e-01 4.427438859283909511e-02 8.782391510034482165e-03 4.180561034712981239e-01 1.652636283708489723e-02 2.554589575478668495e-01 1.896573895664691034e-01 3.935565600632802419e-02 1.959283910796307676e-02 5.559837470888878870e-03
1.406250000000000000e+00 1.402445642483119981e-01 6.876479579794292363e-01 3.876456395262889432e-01 5.341909232400978702e-01 3.371476425738817451e-01 1.405193500900248083e-01 5.579941179389151795e-01 1.640908151468531695e-01 7.525510563241741280e-02 1.283372605339265504e-01 1.097692798234518874e-01 3.338727686824665697e-01 1.211650723319717543e-02 1.576985396205554946e-01 4.148869289957433232e-02 2.222001393322593221e-01 5.188343945263718809e-02 7.936972667506259072e-02 1.960100366226947763e-02 2.053132300809547561e-01
1.421875000000000000e+00 1.209100510817445878e-01 4.360960183797782386e-01 9.563960683605367274e-02 1.149939856411125311e-01 4.423340512123735691e-02 4.560993121850038801e-01 6.213940333547284672e-02 4.517332719811876784e-01 8.116409119036287201e-02 2.746857581610632204e-01 8.685275397906469519e-02 1.328734730298986033e-01 1.244518163463936844e-01 1.469205015412508031e-01 6.596117558370133416e-02 1.484381840763271398e-02 1.326548382043415408e-01 8.589585349006249870e-02 7.763548099498927824e-02 1.753953592915365733e-01
1.437500000000000000e+00 1.663603173851203321e-01 9.351128274510124919e-03 1.999793245034442793e-02 6.647711531633158921e-02 2.595952098813405010e-02 2.638647145188091625e-01 7.924031584162817554e-02 4.698570362784094956e-02 8.722202741780199498e-02 1.937888942938554293e-01 2.540299841817384441e-01 1.558922803684031633e-01 2.289358689815517225e-02 1.233529497203073588e-01 1.185813723861791208e-01 4.646025675137677169e-02 3.657328502005342298e-03 3.294544425592195180e-01 2.301609575507432975e-02 1.504770606822427581e-01
1.453125000000000000e+00 2.955711436440879858e-01 9.932921548798569894e-03 1.657703443326783155e-01 1.052091957835010055e-02 2.883010030777308774e-01 1.145336007303882249e-02 7.162253264070921055e-02 1.435385801403211807e-02 6.678015260981248757e-02 2.875373257114157213e-02 3.100856313739665943e-02 3.044913281643280012e-01 1.858881773636903989e-01 9.573284337672526012e-02 1.536853283916598256e-01 5.910107610743536161e-02 4.987208684738259068e-02 1.901665626034892143e-01 1.436272328447782132e-01 3.565998768067094732e-02
1.468750000000000000e+00 1.611624424472744149e-02 2.098335036966661460e-01 3.215312667596373353e-02 5.921368540103262579e-02 6.242543074595359176e-01 4.923043844792746732e-02 2.233471132372456536e-01 1.926262820601080672e-01 1.585856393290021316e-01 4.999124835240284503e-02 1.983899765782281277e-01 2.081410366268085510e-01 1.609416737978719147e-01 4.633878333371367342e-01 1.310096247621318159e-03 1.723044813961484567e-01 1.063358462191233839e-01 1.589684793258948625e-01 3.639376104531468759e-01 1.523495795167164983e-02
1.484375000000000000e+00 3.269611808479497284e-01 3.400835004355997615e-01 5.166008672544127045e-02 2.770259973789625588e-02 9.651590929980448375e-02 3.836516881582618943e-01 3.452532297970560271e-01 9.204304663381947249e-02 2.550741464650471135e-01 1.559146196098729342e-01 5.243189382968034551e-02 1.400230787827843881e-01 7.090145975003067647e-02 2.989972367596880343e-01 2.724764199015130006e-01 2.525728139807671344e-02 5.981625010518619445e-02 4.210594960319193891e-01 5.967951445381882714e-01 4.787228950191972365e-01
1.500000000000000000e+00 8.695924412688177396e-02 1.177378789787845159e-01 2.589391955985919647e-01 3.070041440133172705e-02 9.841017343566683950e-02 1.960129308444310825e-01 2.062320323883507500e-01 2.814428801876240338e-01 5.142541988433381173e-01 8.048523974612549481e-02 1.423081643117224127e-01 1.352640794703482141e-01 1.806414291289753504e-01 2.098605665086304140e-01 1.532136774855493051e-02 2.585676997165728408e-01 1.005846729400017847e-01 3.056828715083256265e-01 6.007863011449190438e-01 3.688355358604145096e-01
1.515625000000000000e+00 1.063133025184513913e-01 8.063396068356674939e-02 5.908765618858012429e-03 8.230475685037523526e-02 4.350119625452041894e-01 6.108305386021711629e-03 3.904314533520672481e-01 2.148250154921567123e-01 2.107760424090891760e-01 3.915382132016058392e-02 7.347940297825965306e-02 1.007366686254878019e-01 1.790927096996053694e-02 1.626902427250110361e-01 2.187300684555375935e-02 1.251252240247381631e-01 8.795075084658182663e-02 1.951493626272936613e-02 5.505463421305467620e-01 9.872189870727950123e-02
1.531250000000000000e+00 2.978977857890545144e-01 4.029060730878837315e-01 1.787602830352768568e-01 7.734671581463815893e-02 9.690464367662859554e-03 3.150523279764259194e-02 1.126491544668189737e-01 2.312815476971942508e-01 4.742187033250059303e-01 1.334877240597656146e-02 5.689776538429539565e-01 2.905133436659924906e-02 5.750730243461772695e-02 1.281753370959858584e-01 2.222712608450113092e-01 2.439356972886434771e-01 4.036444097671033210e-02 5.881918557772421868e-02 1.404095020619398060e-01 9.333965343241459878e-02
1.546875000000000000e+00 2.151804873102787785e-01 3.258222911140282729e-01 1.000631220287269280e-01 5.020458203986367246e-02 1.979831278971196096e-01 8.301289187013574655e-03 3.594990353688267692e-01 7.269560374811404047e-02 4.066148124044819956e-01 2.302813991602381712e-03 4.076652995056326972e-02 7.514112535267539195e-02 1.915049857564939118e-01 1.878845624614586263e-01 1.308661346917901203e-01 3.817813424891708385e-01 1.041200799861045391e-02 1.109100217669684862e-01 1.843465464901620776e-01 1.624288938560169981e-01
1.562500000000000000e+00 3.531385457720785659e-02 1.602929410256953013e-01 5.879081014176224841e-03 9.008401724017033041e-02 2.051449404153159461e-01 1.778346157644788983e-01 1.470778726463006225e-01 1.500954412358825041e-01 1.264777667317881493e-01 3.577277960990901673e-02 5.066163038281716602e-02 1.290306425860545704e-02 2.331055544830676063e-01 1.966162043729272058e-01 1.105334085681167061e-01 6.698478875152910628e-02 2.300139804257914922e-01 4.102715573128495330e-01 1.590834426027830373e-01 2.554012394232141880e-01
1.578125000000000000e+00 3.832923960428829407e-02 4.582576248790723450e-01 9.158624458325732853e-02 1.039946648798954071e-01 1.047657009786048671e-01 4.816140203942061854e-02 3.456651916170487282e-01 2.942330748312990281e-05 1.387836585830812264e-01 2.820562243043868086e-02 2.211436265152649794e-01 9.369942100720873510e-03 1.321056024714897525e-01 1.226689469187585840e-01 2.773336637963069728e-01 2.138789929534047896e-01 2.963705992755208962e-01 3.625478407871070285e-02 3.208952104433873687e-01 6.439952788021281738e-02
1.593750000000000000e+00 2.283699780938890089e-01 2.473471172602629553e-01 3.340891239278387381e-01 3.602748813361580926e-02 1.872171099879382447e-02 9.912679615200317707e-02 2.935699628178497014e-02 7.694463070797138982e-02 1.023800562605004794e-01 3.987636944840752817e-01 3.221741801667020177e-01 1.444689863613079495e-01 5.363152068635584913e-02 4.841218975026496674e-01 1.079236075615258583e-01 3.148471592661909735e-02 3.683493489365834150e-02 3.071232004667752771e-02 2.916834814073612225e-01 1.199541221488418102e-01
1.609375000000000000e+00 2.634221401921517658e-01 1.690751278273859293e-01 3.836516018518897342e-01 2.982192815675076547e-01 1.749484553397346112e-02 2.276876133445238093e-01 1.795475140814969672e-01 1.060624545151252346e-01 1.016967965971210947e-01 6.921957126830090290e-02 8.963844572501157570e-02 3.422401730412980569e-01 2.760000016167979409e-01 4.474219269015135975e-02 6.208201633318257556e-02 1.950437383051082385e-01 1.590789413066332481e-01 2.071549247736668709e-01 3.042938635121483770e-01 5.722509081534674080e-02
1.625000000000000000e+00 1.680863549557032322e-01 3.863866536863669876e-01 2.198987776667807037e-01 3.068456276838745778e-01 1.893005489869819813e-01 3.864386371827860933e-01 6.382947243871958110e-01 3.567476272455882141e-02 1.067748249185193898e-01 2.351102766743370931e-01 1.478192116374972831e-01 6.105246126101626647e-02 4.175656302446775214e-01 1.045863583751935194e-01 1.331320929742897397e-01 1.641127130913614951e-01 1.455466011194551379e-01 1.369760872341338753e-01 2.041403109470371902e-01 5.909384369141180982e-02
1.640625000000000000e+00 1.011999444370018514e-01 2.849491595951342826e-01 8.751442003611718812e-02 2.597041848957193193e-03 5.146409644339859646e-02 6.364882517602254985e-01 4.801525996115000444e-03 1.848096865204352027e-02 1.918151526426156994e-01 4.707777124832480120e-01 3.900012214544801292e-01 2.526852545043818399e-01 3.606746914957661976e-01 2.316920164716967101e-01 2.117867877660423448e-01 6.642548367664563580e-02 5.221241688321763552e-02 3.504111863905140511e-01 1.031331628392803540e-01 2.637815149572334331e-02
1.656250000000000000e+00 8.544050388746646935e-03 8.288626094033021974e-02 5.744360873106119786e-02 2.124359626021388447e-01 3.537456749177368687e-02 6.627457321201940532e-02 4.442602308394714983e-02 1.170212049602019078e-01 1.449214743294350294e-01 3.091496899703216616e-01 2.021685511099708399e-01 2.921427699475560580e-01 5.979853936210246385e-02 4.761976293881663852e-02 4.571677312628164708e-02 1.588418035143793761e-01 1.166609063160673199e-01 6.520859897473124840e-03 2.131646431960965982e-01 1.262510043549195937e-01
1.671875000000000000e+00 3.110850207064679851e-01 2.891292791310279831e-01 5.419330536722255509e-01 2.700581974535232188e-02 1.035170649143089469e-02 4.247303707966248315e-02 1.759458205076330217e-01 1.315962557030062388e-02 1.972696442367376790e-01 1.657571641375416571e-01 1.558503478387398555e-01 1.414489055014636343e-01 9.812384770840873460e-02 1.120468187697420612e-02 2.880045308393915926e-01 3.576213203105207405e-01 1.815009460560707000e-01 4.036014260054935354e-01 2.862823239661179131e-01 2.499623065533213284e-01
1.687500000000000000e+00 1.546401898422649357e-01 5.290467293118802372e-01 1.671621176825767163e-01 8.968323446924207631e-02 1.009937146020985915e-01 2.842426424384290606e-01 7.179368801251694021e-02 2.197943040053955133e-01 2.017218099079115812e-01 1.085758687382293169e-01 4.820320708613254346e-03 7.978285814903975093e-02 5.768068752648579656e-01 4.146910301021414780e-01 1.226384549480067504e-01 5.244214548234815698e-04 2.803763349727391718e-01 9.327538667191583033e-02 1.553749183421202495e-01 4.250208013522640549e-01
1.703125000000000000e+00 2.254380629068582914e-02 5.723954391931039831e-01 1.394065312052351624e-01 3.510676185350817269e-01 5.140735293407945605e-02 1.902970890290214476e-02 1.316127270017495854e-01 4.335397734556302174e-01 1.745984043693038223e-01 3.924533779034581477e-02 1.682047922199741696e-01 2.702028305703882763e-02 2.143048944845283785e-02 4.116985706807730905e-01 1.426250793703670063e-02 2.969390744238312496e-06 8.735484185614247887e-03 3.696322811102783351e-02 5.036807370533782219e-02 2.396801822759919709e-01
1.718750000000000000e+00 4.538426803101871382e-02 3.699452899057445454e-01 1.306926556507873038e-02 2.011498505807034487e-01 1.801046572386982847e-01 1.410626774995210886e-01 2.683889593799609896e-01 4.442728734057249662e-02 8.741902240522998746e-02 7.689086850786153171e-02 4.545062298502258735e-01 2.032963225817996291e-03 2.554208047620246669e-01 7.580751316644018800e-02 2.383812801024971506e-01 1.282890652229140734e-02 1.105394473752118328e-01 8.744606521223427520e-02 3.193056130080069999e-02 5.896653148378186438e-02
1.734375000000000000e+00 1.939370171416223143e-01 1.087907231238079558e-01 1.251137978418029872e-01 2.559245999892489909e-01 1.220386281528859918e-01 1.630517897680557743e-02 5.775842307857134150e-01 1.147460594519818383e-01 3.497559111747692850e-01 2.117751541964598971e-01 1.563183898378434078e-01 5.976907190281778234e-03 9.545063891031664582e-03 1.627921534644568846e-01 1.026917763260810045e-02 1.232573353078336154e-01 5.842753911320175408e-02 6.908390809490891349e-02 2.706847872817881931e-02 3.422609708757001212e-01
1.750000000000000000e+00 2.651158586079310209e-01 3.816777495879080662e-01 4.357412426375465060e-03 3.937234941249216358e-01 1.107759377249726285e-01 6.615288100285524227e-03 4.576619023034387418e-03 1.775837136440918396e-01 4.972647609104166588e-01 1.961842821617052757e-01 1.580957178280676539e-04 2.469023246325327547e-02 4.045231726954845453e-02 3.403185287240211021e-02 1.494409397849360069e-02 1.832712925329086362e-01 1.186488358304108037e-01 6.751781896966208008e-02 6.907180949511504409e-02 1.798954898375823563e-01
1.765625000000000000e+00 4.206510999092139685e-02 2.683621532836371615e-01 5.100145216863730471e-03 2.355194308320529284e-01 4.767095099307087566e-03 1.196554870000589438e-01 1.722058728164619495e-02 2.523154890763551483e-01 3.629438848176413934e-01 2.691083750707846944e-02 3.286969570809143704e-02 2.937710002683430743e-01 1.355791815996971739e-01 5.279815107132526664e-02 1.799923436087598194e-01 2.271069679210958037e-01 8.181447544518179182e-02 2.590751153806785667e-01 1.321986472770562138e-01 6.132059420362971636e-02
1.781250000000000000e+00 9.659535323637923054e-02 1.513679922764100960e-01 1.672666342058744260e-01 2.930989476409156524e-01 6.808927061486348686e-02 8.324913036630529617e-02 1.233614520435324796e-01 5.235854187817720051e-01 2.698080938989416699e-01 4.548215850636334601e-01 5.251052400675242093e-02 2.035297094279765184e-01 8.384834217169169490e-02 1.732497917711462165e-01 1.161857086824618635e-01 5.939094784861476128e-02 1.381521756645524568e-01 2.639068853739127696e-01 3.330413559113267752e-01 1.282398366624987740e-01
1.796875000000000000e+00 5.883317101963011705e-03 2.507859374864860325e-01 4.467605756523131411e-01 1.285406414987248225e-01 3.415233394474859185e-02 4.594796092347915306e-01 1.411725575063058902e-01 3.577160768674618185e-01 2.166200158317050165e-02 7.704009186574740931e-02 7.322325532451433305e-02 7.038300958809678987e-02 2.328115203670341193e-01 2.538237380251968586e-02 1.740529177122273619e-01 4.683574538842024543e-02 7.309885345972333415e-02 2.990018014319816286e-01 4.728136699907146134e-01 3.713254469986823625e-01
1.812500000000000000e+00 1.231894232482693557e-02 5.256038075467003301e-01 6.439875536425122837e-02 1.128273897339134857e-01 1.154631697931930850e-01 5.076072178272088564e-01 2.718906681668298297e-01 6.050465822572342889e-02 1.139623627552508074e-02 2.107389129087818835e-01 5.214955332581386327e-02 8.990588318553448255e-03 1.774107095691400404e-01 1.691104136333866914e-01 4.801936683162921771e-03 3.729950453805002675e-01 3.101042788856348542e-01 4.138733018653047852e-02 3.984665224535161032e-01 4.770585949322336122e-02
1.828125000000000000e+00 1.371860616215587678e-02 7.791151518247146912e-02 1.400908003546754987e-01 1.346660688451605491e-02 2.815852980147134366e-01 2.094167153233937040e-01 1.838894055080481649e-01 1.846680134426270936e-01 1.055600308254863173e-01 5.184603812568464587e-01 1.207332730261345410e-01 1.479446453646029447e-01 4.630010284509092355e-02 7.131250355256645024e-02 4.741815125089617056e-02 2.004126865308912542e-01 4.811379263167372272e-02 1.081811987863034452e-01 9.869520257175540268e-02 1.306069572629648678e-01
1.843750000000000000e+00 4.805676720918417716e-02 9.336269764947210947e-03 5.734637880969404439e-02 1.491877959291013078e-01 1.884812787865475514e-01 1.593149987136114332e-01 7.500267706137066226e-02 4.761127037336684853e-01 1.393453332378755405e-01 2.256733544401475222e-01 9.543995682817267567e-02 8.245611383285385981e-03 1.059595588511317715e-01 1.338965224997430530e-02 8.184411173219344193e-02 1.463889331825177220e-01 2.085492550746055607e-01 1.100889614264143335e-01 1.406374459196878778e-02 9.223548642598197733e-02
1.859375000000000000e+00 2.537804256292226501e-01 6.008163470183285927e-03 1.648562934107011269e-01 1.293248805039692306e-01 7.951029915491091005e-02 3.634672282288826661e-01 2.042646409338159663e-01 9.544117158054507555e-02 1.435149187085210665e-01 3.620152867057363499e-01 3.010504333973267332e-01 1.246011811552299176e-01 4.565485447305220879e-01 7.145808007945267382e-02 1.457096757310261982e-02 8.999661320587599989e-02 2.980063115125808904e-01 2.788872060765896777e-01 1.181747645117044720e-01 2.516177011176241596e-01
1.875000000000000000e+00 3.194664698816856996e-01 4.245036676791674041e-02 2.492519553472309912e-01 3.466630035068686833e-01 1.868713813858899064e-01 1.208566860556354317e-01 2.242048493834436773e-01 1.684890583675771880e-01 7.945756498216911823e-02 1.054349910045477151e-01 6.027316044112882194e-03 2.178324098039110812e-01 3.767257016596968211e-01 1.426288911566336581e-01 8.854140474562827157e-02 2.516717033829889427e-01 5.667541766939301895e-02 3.045789900018894270e-01 2.765145774467287487e-01 1.187657778931565378e-01
1.890625000000000000e+00 2.296517582753898057e-01 3.463499806882935905e-01 1.419280529878227427e-02 2.657765621771638331e-01 3.413939570812658530e-01 1.861059092780191493e-03 1.252692419780355657e-02 1.916894704844873676e-01 1.193176237610420881e-01 1.602903656561836723e-03 1.542122189118133035e-01 1.206189745413213527e-01 7.452231120420686750e-02 1.628717754939972562e-01 4.588484762719097221e-01 2.402165293171832916e-01 1.010200268595025791e-01 5.289674725375453912e-01 7.572561420491688566e-02 3.860942452091572358e-02
1.906250000000000000e+00 4.312156975001261716e-01 2.267403067213872303e-01 2.819103742439563187e-01 6.891180631088310582e-01 2.851410054301146690e-01 1.351907602127373487e-01 6.307317233057695149e-02 1.170341321590736075e-02 3.471981169322350264e-02 2.579772810997969096e-02 1.425120244722346413e-02 8.984035181428375039e-02 4.779757788785943262e-02 1.071059305917021172e-03 9.867092775980278174e-02 1.095448986723314005e-01 2.645234702175635055e-01 8.339952554767665616e-02 1.166903462683124976e-01 4.185852267610795097e-01
1.921875000000000000e+00 2.691671472778934260e-01 2.110061283602138182e-01 1.166024326903524616e-01 2.410196600198036554e-01 5.465940122292689551e-02 2.503207041906625463e-01 1.162986017927487292e-01 1.157975291304921828e-02 2.906682844888209827e-01 3.467075215655647802e-01 1.115715163249300645e-02 1.849948751083268714e-02 3.101035662855566909e-04 1.373941059997764447e-01 2.296354062068808877e-01 5.243735201475438479e-02 1.261433723251921026e-02 1.160033448364112957e-01 1.224390876105761194e-01 1.653309810570632032e-01
1.937500000000000000e+00 1.204861490724448703e-01 2.604139298524288729e-02 1.107664120363763965e-01 4.204767772154380800e-01 1.645139012362011877e-01 2.140596131824038309e-02 7.987457899417398088e-02 3.163858558082573852e-02 3.604423935340930751e-01 1.834344808661122483e-01 1.488154224607769055e-02 7.250889259684317745e-02 4.848344323157015578e-01 5.009398194268818022e-02 3.012454254404425269e-01 2.905329483942365593e-02 3.700740898137557799e-01 6.757149294229428116e-02 8.578310016853592235e-02 1.905596462671180491e-01
1.953125000000000000e+00 2.581941580629442679e-01 1.317644909527103565e-03 2.542042721114849968e-01 3.998961317560069673e-01 4.833123103793534464e-02 2.466878667974925499e-02 1.753101045444641903e-01 7.513953720431154615e-02 6.387385995961744056e-01 4.348512585451736606e-02 1.326162027029414714e-01 2.169423820083679622e-01 2.583803191164638635e-01 1.727065602617285783e-02 2.493092985831038555e-01 1.840678317703153127e-02 5.747201184890897430e-02 3.385345740885928323e-01 1.277131275621828654e-01 4.682293673811079721e-02
1.968750000000000000e+00 2.029263187184251679e-02 2.031134134933140489e-01 4.789964350116659997e-02 1.223020086148523949e-01 5.391602142841495082e-02 6.864485819266669120e-02 3.829686210863352674e-02 6.154707731697470902e-02 9.133699114721567647e-03 1.713872039651179735e-01 2.816261657436300997e-02 3.603541585081256743e-02 3.495693971363211805e-01 1.717790131716250696e-02 8.226941887252214175e-03 1.236796711749134012e-02 1.107012080215313693e-01 8.317172646937756597e-02 3.812616388262480838e-01 1.636632670591454120e-01
1.984375000000000000e+00 3.461453327022961934e-02 2.632321442227180675e-01 3.548268131876530784e-02 3.745608844946859972e-01 1.050885495147157664e-02 2.504640005154090687e-01 1.327065496244205778e-01 1.488467391212597649e-02 2.685682764508529052e-01 1.568518354951072280e-01 2.185971555680683298e-01 4.876065955806533903e-01 4.126894156793047275e-01 2.350683381813324369e-01 1.648427512677953510e-01 3.440955297705441257e-02 2.398613876472603101e-01 1.960258892493356719e-01 3.655575910973157261e-01 2.387333265287375943e-04
2.000000000000000000e+00 1.172881456651634763e-01 8.782145534895252972e-03 2.997014274750242069e-01 6.856489217447655493e-01 6.306838365278909231e-02 1.550679045806503502e-02 6.483218715538566768e-01 8.876872591109698576e-03 2.990817064152120029e-03 1.804563513185644119e-01 2.817430584974918717e-01 8.505841578394344885e-04 1.523135335969838869e-02 3.494525273957219125e-01 9.516517894407679201e-02 1.594470735910072934e-01 1.637849564934688862e-01 2.659887765526289805e-01 9.548503240196688779e-03 1.505848174504421932e-01
