0.000000000000000000e+00 6.154310179970066963e-02 3.595968490855127042e-01 7.908221823636034375e-02 6.599753010230514916e-02 6.586705033111948104e-01 1.953153538561482327e-01 4.666095417578713933e-01 6.520166845324933125e-02 4.964490790828961567e-03 4.851646409786354308e-01 7.068644383554346933e-02 1.737087300360699513e-02 7.075788549967079732e-02 3.097408655901763841e-01 4.514629463495694051e-01 7.139069890389234674e-01 3.239429528196703933e-01 5.680943481151309316e-01 4.901867196521891290e-01 3.123279075278815875e-01
1.562500000000000000e-02 1.860389813664126424e-01 8.685108451456376166e-03 1.444090366843534153e-02 7.693668145836056460e-02 1.656219679046039561e-01 1.632575358578376434e-01 9.648180107359401875e-03 1.679860901450023758e-01 7.193909416080329980e-03 1.805377861564908815e-01 3.205712500945425564e-02 2.627076079182960253e-02 3.451014209663951227e-01 1.586904460860223132e-01 4.078989791510546081e-01 5.759239922565315695e-01 1.129692691939539750e-01 1.101110140669342083e-02 3.888980208313189135e-01 5.299915527424879924e-01
3.125000000000000000e-02 1.718479911541021532e-01 1.908584246340620794e-01 3.102595462124774911e-02 1.968676580165717172e-01 3.557902009921110609e-01 1.896270674710480719e-01 2.439578022935315685e-02 4.268408669818146706e-01 4.041393802470672619e-02 6.414480379886174088e-02 3.919448037213806302e-01 8.664742354952742476e-02 8.544136260390959581e-02 8.995467732335479805e-02 3.597712228581194382e-02 2.120917275556732928e-02 9.506367841614567216e-02 1.347494719011418096e-01 7.421885818478601328e-03 9.894808581838107631e-02
4.687500000000000000e-02 8.237742970359553107e-02 1.195950478105343717e-01 2.512010136794416981e-01 2.253819085164714409e-01 4.948749402509999840e-02 1.004862832759415014e-01 1.591228416825641034e-01 4.793825911538170809e-02 1.099320865685803478e-01 1.086274239748283715e-01 1.271862606735215673e-01 2.452189966709817093e-01 1.181225500588533178e-01 3.298268462310750913e-03 7.559382838422731843e-02 9.344415480808954122e-02 8.797117668307069538e-02 2.638193019721214450e-01 2.997634752602059138e-01 4.857678405310570519e-02
6.250000000000000000e-02 1.088260982801336763e-01 9.668886730878038793e-02 2.485689801586367098e-01 1.699477551821960697e-01 1.977737520917892400e-01 3.154899102201291772e-01 2.581598356507358236e-02 3.784400612934087360e-01 6.870391516621199290e-02 7.623866244285792959e-02 2.793790948541308161e-01 4.466436927906949211e-02 1.105768568068521418e-01 2.911403452312449555e-02 2.414069192270343889e-01 1.117922109465240982e-01 1.859820755130613401e-01 1.240358404808615811e-01 5.358974220451009352e-01 1.462991971247384615e-01
7.812500000000000000e-02 3.481277522691397786e-01 1.490645541164270331e-02 6.903834367279699791e-01 5.446689626660648070e-02 6.796938889601791267e-01 1.686197044012440471e-01 9.707593038039293021e-02 4.046390537668391185e-01 2.466250167535332660e-01 4.417168409570000898e-01 1.725146362231504693e-01 2.007803437579758210e-02 6.557568104984067281e-01 2.614365776679400954e-01 2.721148348287570906e-01 3.490867750161812944e-01 2.082998276983183128e-01 2.985318413210862401e-02 2.355820258410907808e-01 2.885350282872916061e-01
9.375000000000000000e-02 1.837529776422050856e-02 6.184304840087001542e-02 2.571484313189900325e-02 5.678216135256350383e-02 1.206733960162492264e-01 2.645260140131885374e-01 9.562920018925848142e-02 3.943850159944085054e-01 8.107932087512748076e-01 1.039615037787607887e-01 8.148705980797475712e-02 1.414598482660034406e-01 6.636103669824349183e-01 7.743473336261805229e-02 3.540573274315026442e-01 4.002480693052793415e-01 3.132935835165018834e-01 1.263618090301027105e-02 1.087273451576188654e-02 7.245029935362408413e-02
1.093750000000000000e-01 8.154067208052945270e-02 6.654993257774968751e-02 2.361116185776503673e-01 7.943273551387629305e-02 7.396200464731472746e-02 2.157250116127179540e-01 2.343582120220681075e-01 2.543474004737488192e-01 3.841034010256093589e-01 3.353296021335032684e-01 7.192400028909616549e-02 6.411788681147397029e-02 5.424022229991648514e-01 3.068510514138452216e-01 3.355225292257797420e-01 2.191847080288523431e-01 2.949781124867005833e-01 1.161164678124464687e-02 2.155930680167000846e-01 1.364064649161433607e-01
1.250000000000000000e-01 3.745711215523571669e-01 6.990358358329550048e-02 3.202369625328471137e-01 1.795472738717746874e-01 2.669591824944915204e-01 1.205788926096809932e-01 1.996667210793885011e-02 4.503175472808353952e-01 2.503109781233778253e-01 1.739699012918677623e-01 5.319349246060268710e-01 8.135643559621943965e-02 4.785486081686731730e-01 2.254611310328760720e-01 1.125595215125729104e-02 5.174215626818819136e-02 1.145699953512289808e-02 4.237456355717892503e-02 3.545425152016294934e-01 1.544738752813359095e-01
1.406250000000000000e-01 2.468737983853896978e-01 2.727692914464798779e-01 2.566656851030497677e-01 7.697525476045934401e-01 5.706481609699808749e-02 1.123558805758557294e-01 3.934288281111580909e-02 1.148386470153336114e-01 4.677862532228423825e-02 8.716092318589063748e-02 2.572448302035622025e-01 9.144458824874411584e-02 4.868075552734722061e-03 3.741871513653304004e-02 6.613096525886077472e-03 2.869181214399820212e-01 5.337587344916221166e-02 2.135602928690152891e-01 3.083257435026738880e-01 1.190333615451227428e-01
1.562500000000000000e-01 7.727563954703783877e-02 1.394102136755608623e-01 4.353631685929082451e-02 2.311409779470015302e-01 3.393881116611315724e-02 1.322356849931953819e-03 7.555199912945040341e-02 8.575941624330392365e-02 2.661430123843852927e-02 1.188983460277203141e-01 2.705427999779892387e-02 2.296017327113286932e-01 4.899353737567435640e-02 1.154567242559024765e-01 8.977898650305550510e-02 2.008240528551993864e-01 1.686074801266491674e-01 2.774857569695229897e-01 7.732072782821293455e-02 6.206226915974417252e-02
1.718750000000000000e-01 8.468513420383174881e-03 2.417117392046438940e-02 4.410688793156924969e-02 1.230856715164239945e-01 2.538002238290209753e-02 7.644387293623983171e-02 3.889593265073725825e-01 8.392354718815601966e-02 1.031183613658853970e-01 1.562122938277168693e-01 2.130110956983571335e-01 1.720252282636613173e-01 6.071234486802497970e-02 7.677726688924164933e-02 1.103743781323896639e-01 6.024875473921127017e-02 3.096345831403230463e-03 9.492865720766990867e-03 8.189827010248335384e-03 8.196170942580213725e-02
1.875000000000000000e-01 6.821883534774265678e-01 7.433558246914119261e-01 7.714056494796573960e-01 7.910878783716556173e-01 7.312558768226981032e-01 8.659541911049034590e-01 8.135123725607001921e-01 7.790991172091292771e-01 8.357462214573210257e-01 8.241181619957177462e-01 7.513959737118712789e-01 8.928203823181660725e-01 5.637618785351228290e-01 7.993242118325011303e-01 9.222226236679771372e-01 9.829056400950292316e-01 7.684467536632699769e-01 8.053747216394452346e-01 8.093978386314082396e-01 8.444142106436502981e-01
2.031250000000000000e-01 8.154392971784653055e-01 8.875324451911075219e-01 9.041398308145608409e-01 8.730848458766221620e-01 8.627867803118738355e-01 9.465719974672814896e-01 9.352671129541479944e-01 9.169104121493958370e-01 9.427937039380527295e-01 9.399505651815283080e-01 8.728595339226526972e-01 9.634742093889863135e-01 7.340177778879094506e-01 8.856821137622359341e-01 9.603528036855707439e-01 9.763517098438668773e-01 8.557356643965730036e-01 9.094253829993035332e-01 8.921919946035790083e-01 9.313287842528290561e-01
2.187500000000000000e-01 5.120868609962525575e-01 5.792617978443797000e-01 4.675795890363463880e-01 5.337391699038162018e-01 6.594902248599769923e-01 6.210611744913299148e-01 4.439563255978658529e-01 3.185452194835259876e-01 3.995272668084530188e-01 3.580404813889034310e-01 6.004089504145166956e-01 6.712786483302053409e-01 2.831795344620274268e-01 5.824515327555603861e-01 6.880621843222775036e-01 8.961792780299524530e-01 5.647822354789474586e-01 6.378021684501301580e-01 6.058798357261427903e-01 3.664240155937788512e-01
2.343750000000000000e-01 3.891149334018293576e-02 8.956974376445166197e-02 3.649254878513376599e-01 5.195411728861065725e-01 2.765760798443856472e-01 1.432529151939880008e-01 4.087699895344834577e-01 1.393878880779809426e-01 3.823701977693130805e-02 4.328662275088954875e-02 4.616858022078984547e-01 2.832567680203668115e-01 1.953513556512975480e-01 8.886250586925692474e-02 2.254018221766589669e-01 4.311735055407894812e-01 4.336222892568625253e-01 4.300562095939184509e-02 2.212669425811844837e-01 8.713515589478741663e-02
2.500000000000000000e-01 1.312664542726140783e-02 1.585107660523700224e-01 8.016920829448498376e-02 1.124599975271139626e-02 2.658981562915211372e-01 8.723474546330753365e-02 2.816436042807899942e-01 1.662308554876442690e-01 6.154590914946091867e-02 7.812716992411106176e-02 9.305545682026782062e-02 3.363481522158622283e-01 8.717300699020226473e-02 1.393582126716025674e-02 3.479878165636387521e-01 3.474692229508463681e-01 2.880603869275235041e-01 3.016581595460601783e-01 2.495459155125042405e-01 4.567396086454773574e-01
2.656250000000000000e-01 1.697945489563424948e-01 1.625914471992284116e-01 1.130557966055303620e-01 5.952956468518897371e-01 1.790643565432230300e-01 1.793255482166637715e-01 1.080713720905156607e-03 5.966979540497042295e-02 7.691992191014386526e-02 5.287201889598183713e-02 1.746878655332083710e-02 3.978674129011759708e-02 6.839886923080849487e-03 9.070415990630419784e-03 3.786506570906811309e-01 5.247070564660202274e-01 4.029352902578477447e-01 3.694348475654698483e-01 5.056060687235034434e-01 2.907576084430127036e-02
2.812500000000000000e-01 1.428310143687411826e-01 1.046186131653661644e-01 2.764199483942553215e-01 2.110064331214255018e-01 1.675757196444451202e-01 4.422588382138670920e-02 2.619237472519906143e-02 7.741169408602212310e-02 4.536402845876376377e-02 1.033335308464030655e-01 2.175303262199188015e-01 1.750506009345808092e-02 3.500968245605238366e-02 3.906125865533220942e-01 1.033743175907892303e-01 2.374731881167215508e-01 2.567913214112957365e-01 9.555605227899973200e-03 2.423210693494168844e-01 2.830867171336631013e-03
2.968750000000000000e-01 1.004450681252348938e-02 5.969792464922078767e-02 8.461188610967564083e-02 9.250818399132496039e-02 3.808332540874571903e-02 1.713320061549293005e-01 2.245244928657963157e-01 1.770467247398286037e-01 1.415719432183184523e-01 7.094459161219103527e-02 1.910730297878542872e-01 1.185944526833205281e-01 9.627249038975503603e-02 1.171495600625006156e-01 6.555673086900735969e-02 1.015180478930402669e-01 8.476679981841701850e-02 2.353317425541042243e-02 1.252712615696420940e-03 1.246218601505974938e-01
3.125000000000000000e-01 8.722510482151972500e-02 3.477133472683659188e-02 8.475353415877488750e-02 1.184267205311120286e-01 1.752111766149686001e-01 3.509039775182817150e-02 3.034581941236010310e-03 5.113468533254075338e-05 1.325440086942675788e-01 1.167672054820027144e-01 1.161108032506014687e-01 1.820979892063999961e-01 1.249879847625433166e-01 9.415822387765121482e-02 1.541663028841144117e-02 2.901605668925921200e-01 2.387806013087499235e-01 1.007237935534198991e-01 1.952611995915463083e-01 9.255502235894439919e-03
3.281250000000000000e-01 1.004225306959706243e-01 2.363091409392725079e-02 1.826988300331182646e-01 4.978859426062071797e-02 3.950145012887134044e-01 3.271730450375542887e-02 2.036275894912499551e-01 1.436917434663445015e-01 1.283407494125645212e-02 1.400514485266559639e-01 2.873530022614501078e-01 3.424992664122653713e-02 8.168497416050009285e-02 2.982186591586049804e-02 9.437194864261118366e-02 3.991048012644093923e-01 9.816738457051184252e-02 5.593881063041745635e-03 4.228741226688347288e-01 4.695549178700161169e-02
3.437500000000000000e-01 1.658771977264430347e-02 8.898322709664342745e-02 2.565023155984776371e-01 4.411730603781133242e-01 6.916295429722821297e-02 5.989034251226003913e-02 6.766427544958096563e-02 6.120765398502713700e-02 2.939451064443726613e-02 6.899361618933488871e-02 8.113409718591221842e-02 2.835712001013589167e-02 5.826736541947637703e-03 4.931360307889730982e-02 9.593050810896161518e-02 1.458894324701773548e-01 6.582273278868683297e-02 4.659082259504888912e-02 3.511914603654064382e-01 2.007908578445796177e-01
3.593750000000000000e-01 5.515736153929754609e-02 1.095795991104128730e-01 8.074766045070901066e-02 2.261729560565642616e-01 2.457839990060464441e-01 2.450522267786442096e-02 1.026630973276343728e-01 6.107771081257214185e-02 8.586874231827949788e-02 8.207796048549539925e-02 1.418499594035105109e-02 1.588716436453960212e-01 6.407052511676306072e-02 1.191032930891596994e-02 1.871180199585213699e-01 6.757984636449689692e-03 1.340556863225644268e-01 2.254533422792970032e-01 1.314895401477123305e-01 3.906839537560389403e-02
3.750000000000000000e-01 1.066112113753998059e-01 2.125470164338013473e-02 2.400363699579301513e-01 6.650684146943373898e-02 1.995309426852641121e-01 8.692484377913599347e-02 2.865468354040999199e-01 9.909265855828310043e-02 1.501616046294087514e-01 3.804296301188345164e-01 8.764346695411229238e-02 1.387790657938691163e-01 9.575266683838755399e-02 1.618976607570291881e-01 1.162521828572661564e-01 1.283174476564997168e-01 4.303128584927942701e-02 5.098637962384686140e-02 6.639059773640711148e-02 5.935388507741518743e-02
3.906250000000000000e-01 7.028045562957750680e-02 5.270113073844735763e-02 4.574741348682628828e-02 9.838632752922449320e-02 8.051323843566711436e-02 6.743697028820337669e-02 7.611179338016942596e-03 2.150556455232667183e-02 1.186460961612215981e-01 1.243396826183198328e-01 2.255324786689137107e-01 7.505534903285432380e-02 1.643585830741945419e-01 2.458392873547705221e-02 1.149846099894227119e-01 1.482450759383627525e-01 1.579873503198691020e-01 1.034978210799589321e-01 1.774363144540306858e-01 5.245352119877717129e-02
4.062500000000000000e-01 1.181243927114832698e-02 4.460021306482365305e-02 2.295474361470437388e-02 8.856678123893237109e-02 5.720890953775099180e-02 1.008975057395640473e-01 1.397993078231778707e-01 4.024851028724220348e-02 8.537345670561037603e-02 7.775721712827321497e-02 6.619150870928705577e-02 4.735273534005088325e-02 4.165506203138023139e-02 2.846647448642280337e-03 1.945939515098341899e-01 7.317619721301549252e-02 4.564200580051847728e-02 1.642852935915183887e-01 1.110808102963855848e-01 2.641907907355921931e-02
4.218750000000000000e-01 5.193924948579228991e-04 2.672322096766567290e-01 2.691437126686123116e-01 3.004811353585712941e-01 1.626959039704695686e-01 1.668524826908885511e-02 8.199341899642681453e-02 5.242949107789653118e-02 7.818254647329953011e-02 2.515799953584424431e-01 1.115658244352541045e-01 2.367413275308319909e-01 1.083397868198460873e-02 6.515913201075111683e-02 6.896945453164025908e-02 6.377468519099079025e-02 9.081893134300185466e-02 3.161597280629986351e-01 2.913429638016916748e-02 3.163216230553542868e-02
4.375000000000000000e-01 2.515293729220127728e-02 1.439357937010530830e-01 1.351059991267395677e-01 1.658053624602387477e-01 3.797607280556351550e-01 1.120679809397493176e-01 1.299755018094006509e-01 1.585743532811716983e-01 4.739953740210857414e-02 1.615594279135767197e-01 1.279588464299049044e-01 1.960968040946172719e-01 7.317744727291625173e-02 8.805948296017567303e-03 1.554716449310684645e-01 2.710932222947632850e-02 3.476016632903019543e-01 1.559452886095149260e-01 4.519880809015865419e-01 6.502706118963810789e-02
4.531250000000000000e-01 8.443834973362391444e-03 2.835535898333731986e-01 1.160932509062201773e-01 1.470240387012952676e-01 4.519898931394285280e-02 2.204265312780898933e-01 5.197618848247349821e-02 3.418537247047966909e-01 2.529696617448342569e-03 3.741702239759252951e-02 7.614887683842308519e-02 3.550691765121705701e-01 3.910357183544418969e-02 5.290838252216555765e-02 2.249581079241724513e-01 5.578167868347409797e-02 2.379070653343842989e-01 3.561340592152044127e-01 5.705302989962256488e-01 5.597156894335906380e-02
4.687500000000000000e-01 1.016241379644288179e-01 9.177981680828072031e-02 2.977094294509195771e-02 7.989793213524112314e-01 1.309934891023953052e-01 4.466942613672876261e-01 2.224855316379363221e-02 1.114431732405375824e-01 1.015881086330905209e-01 1.281336167013995830e-01 1.322824929555518197e-02 1.202937321886018013e-01 1.960029300979766048e-02 1.564864359774842950e-01 3.508856221108449525e-01 2.924541941475571338e-01 3.352627865899526216e-01 2.307545723566112039e-01 4.729889054396435033e-01 1.725473205553585965e-01
4.843750000000000000e-01 1.889731350078004135e-02 7.179896015593482950e-02 1.666413874346294455e-01 1.000715611028419050e-01 1.923655759149744127e-01 1.272740270251978834e-01 3.031093987624608466e-01 1.753411480025622027e-01 3.523871715721295650e-01 2.672518819178646421e-01 7.829083959519618496e-02 1.159691704133837264e-01 5.187442258630382552e-01 2.228350298431716961e-02 3.416697467126033616e-01 5.652603209718689570e-01 5.572021898950730440e-02 7.308896138803263644e-03 4.196910158440391109e-04 1.938730382517508122e-01
5.000000000000000000e-01 4.681555166937757112e-02 8.979283167269272448e-02 1.810424463652750837e-01 8.113168298390160960e-02 2.276263484875320695e-02 2.690919972866056553e-01 2.203177297065772311e-01 3.704272914202095257e-01 4.587021781303303181e-01 6.123883511586705047e-02 1.903798495407559022e-01 1.772614158693618103e-01 5.890434387424077212e-01 2.048907290219184607e-02 3.538261203665641341e-01 3.896948407147291515e-01 3.582199197333546525e-01 1.428048201753810524e-02 4.705143743671974001e-03 8.292197027079925564e-02
5.156250000000000000e-01 4.204043272707641554e-01 1.410533464462558617e-01 4.851051389314567364e-01 1.431581146396457838e-01 7.544562637116992987e-02 1.618060362380417394e-01 2.409304380819331515e-01 1.093662480389149573e-02 2.102020834145816031e-01 2.240785859274325720e-01 3.023914262085150573e-01 2.811152659597584980e-02 5.344281636660327406e-01 2.713344521215144689e-01 4.969335148273995584e-01 6.541435386684233411e-01 1.948312688253334146e-01 3.340012475569266101e-03 1.620635718222540322e-01 2.503851793331577369e-01
5.312500000000000000e-01 4.929898961326362183e-01 1.259612044691917343e-01 3.508359747317351118e-01 8.398088291307509445e-01 8.432654918288752521e-02 4.228080772831159240e-01 6.604828896811318351e-02 1.746215736769367310e-01 1.012520331121966911e-02 1.348674468225223577e-01 5.170012549838383098e-01 5.591822467456506428e-03 1.913689595937189403e-01 2.124837872764565871e-01 2.130010479671447521e-01 1.779998296794909826e-02 1.175413104480765580e-01 8.683197608703606407e-02 4.210539443739054755e-01 8.417187359985735251e-02
5.468750000000000000e-01 1.712731429593850052e-01 2.830333582267845483e-01 2.822357299965453370e-01 3.889020481954266750e-01 3.619651136311528242e-03 1.162945188764921284e-01 7.645925239936211815e-02 1.920729790309023133e-01 4.489759309804500220e-02 5.390508219667285855e-02 8.321184822053065422e-02 1.373284042755909540e-01 2.465821237583225647e-02 5.414889458220123464e-02 3.188476937230617925e-02 5.723705528619902477e-02 6.715913374579147999e-02 2.396029987043268861e-01 2.677855603590453826e-01 5.163406080466949322e-02
5.625000000000000000e-01 6.690160808019456062e-02 5.040614235741094906e-02 5.324070520771916060e-02 5.882341644885503290e-02 4.194699776187323370e-01 2.190435539015350014e-02 9.188873832317705215e-02 2.096088681921835506e-01 7.946047505012258927e-02 2.167942611515224771e-01 4.209186913669096808e-02 1.280177798502632192e-01 1.182118712620263967e-01 9.582566086661128968e-02 1.572973033623883687e-01 2.740782223718428792e-02 9.341169708272058225e-02 1.987623928672524187e-01 4.972338559530443264e-02 8.302571266914905712e-02
5.781250000000000000e-01 5.994357658484425477e-02 7.541649025087522606e-02 1.523852037307055485e-01 2.298460460680968598e-01 1.378476140421085877e-02 9.337046243362798204e-02 3.731860705617174867e-01 4.161941979774674838e-02 1.940465486216043645e-01 3.206605272256654593e-01 1.477088228598687492e-01 1.621155031618064513e-01 1.708626417376719331e-01 5.813515417680768793e-02 1.127218844379448692e-01 7.196464661751152125e-02 1.416233746779249625e-01 2.518809343440187379e-02 4.486744562997038027e-02 8.327943170757209912e-02
5.937500000000000000e-01 1.464614003037099065e-02 5.513747519939740833e-03 2.165825583717469454e-03 1.126083799430335070e-01 5.789213387630315344e-02 4.665368130545659298e-02 1.300434778885324431e-02 3.594239507946130757e-02 1.029688288490082475e-02 9.267885534088149413e-02 4.362249908495813289e-02 5.110042353212686933e-02 2.177680450775804424e-02 3.031064936366384063e-02 1.745217696276802899e-01 2.339226889840927137e-01 1.142674214398482907e-01 6.178939538041078317e-02 1.570486778700976305e-01 1.607527089056491262e-02
6.093750000000000000e-01 3.891340857829916986e-03 3.163045207548321330e-02 2.623728488915009344e-02 1.378997434873838746e-01 1.556023096271280381e-01 4.804271643803514208e-02 9.909237572191936794e-02 9.301268213168685517e-02 1.160009979719808515e-01 1.730055879722381118e-01 5.396929092350417900e-02 2.478253148273060896e-02 2.249567059794490079e-02 2.780285559661135886e-02 1.491670008275964854e-01 2.202937327600732464e-01 1.052684843784187502e-01 1.108674899358031429e-01 2.331956478279939848e-01 3.287196207557731981e-02
6.250000000000000000e-01 3.362412295983235183e-02 2.078928691852134913e-01 3.175521678717085350e-01 1.492519643285252981e-02 2.502480983536923276e-01 2.568739680682347384e-02 6.331173583904356472e-02 1.074202252108871630e-01 1.552433323598633175e-01 6.018164120462491384e-01 1.022556203821566867e-01 1.609372866345889011e-02 1.872681689678925010e-01 1.955641987423052397e-01 1.961508331007211572e-02 1.458417690175786707e-01 3.417348606070464978e-01 1.598317020045987857e-01 3.427288224523283300e-01 8.902653510065093589e-02
6.406250000000000000e-01 1.026462744300977170e-01 3.092195303393438510e-01 1.536128176536744310e-03 1.746061212064403678e-01 9.864683851745481569e-02 1.158352502976970205e-01 5.386693125947494831e-01 1.633726870969934575e-01 1.303403731813053412e-01 6.497573418811360135e-02 4.562540186776512657e-02 5.490800362389361977e-01 3.766427891154504326e-02 1.854762325225499942e-01 1.321583464941356034e-01 2.468764020254250735e-01 3.450279047307838742e-01 4.187176638064428746e-01 8.938113803834751847e-02 5.642259339784361227e-01
6.562500000000000000e-01 9.707954642323647632e-02 5.625991383766645315e-01 6.291650525849758202e-02 7.091348712373564123e-01 5.983721046095944601e-02 2.952911182695609482e-01 3.513098545997188626e-01 4.816322532815897617e-01 1.730834916954852032e-01 5.244892835859358421e-02 9.062055153946349528e-02 4.369699410500371695e-01 2.582059894398705882e-02 2.017904690578516472e-02 3.500385817655062015e-02 3.555110499647939903e-01 4.591045810743128452e-01 6.037626444691054362e-01 3.458886752185817426e-01 1.167333226108753508e-01
6.718750000000000000e-01 1.403855209982412811e-01 5.042237589156303157e-01 1.019072410157169026e-02 7.874076696139975517e-01 5.832012044050685629e-02 6.502369867863204700e-01 2.759944460351719253e-01 4.838914437804678892e-01 1.062564871967329044e-01 1.345796295360330019e-01 1.283243929324553723e-01 1.935930355380593992e-01 1.512772652696064979e-01 7.578284569560317374e-02 2.091995665014267577e-02 1.007115091335630680e-01 3.812515092839326436e-01 3.229911662101541681e-01 1.080896698194825506e-01 4.608071018534504737e-01
6.875000000000000000e-01 1.663692825227350847e-01 4.756168334251512642e-01 3.170753579979855574e-02 6.890654675128524143e-02 2.625467529824226376e-01 4.105348675811468784e-01 3.657613577929966220e-01 3.074948544311123522e-01 2.688945870750208272e-02 1.505113649094049488e-01 1.681149385685818121e-01 1.295233760722515337e-01 4.281414809936119892e-01 3.575875147903669754e-02 1.552116272186121748e-01 2.374788987371586821e-02 8.718767953253052372e-02 3.083013491382228383e-02 5.711264359025744648e-03 1.623463918462731137e-01
7.031250000000000000e-01 2.680786093960868532e-01 3.864687326459950167e-01 1.557649671926946422e-01 3.084791621721405183e-02 1.434275700677394190e-02 4.939314874752297885e-02 4.336740074992552207e-01 9.843566544969294119e-02 1.315793684950113951e-01 1.735645236710182671e-01 1.109884766458067717e-01 1.811924535215730381e-01 2.625726952826878957e-01 1.165531993922103021e-01 2.992428293247831883e-01 1.282832289317691055e-01 1.372714735634932570e-01 4.222969113404217989e-02 1.554675918992487471e-01 1.436413194695078110e-01
7.187500000000000000e-01 4.199830189102888856e-01 4.593226490494820707e-02 4.297534035477140191e-01 6.055931349256406943e-02 3.322888788880219990e-01 1.403993303596066250e-02 1.082621092485698683e-01 4.717709923203700778e-02 1.671452415295328342e-01 3.338898234285133659e-01 1.670848940041671712e-02 7.502855891038556768e-02 2.904371143782046305e-01 3.681544139243460578e-01 7.358784830481129337e-03 2.787494807558925369e-02 2.059425872182637784e-01 2.089430686639331125e-01 3.223554489262981937e-01 3.128017856934302982e-02
7.343750000000000000e-01 3.112582237483523251e-01 1.437354426833217236e-01 1.887093753351651859e-01 3.735813691307668938e-01 1.932898915797080230e-01 1.238966795095684942e-01 1.857121512586228651e-01 3.044302466006215679e-01 4.913805842386105571e-02 1.739122525813128206e-01 4.513624299106588356e-01 2.820089461374310907e-02 1.545450789218259791e-01 5.883633485890378545e-02 9.208235386169982828e-02 2.030408019402887010e-01 1.178684474198928855e-01 9.385895005822947335e-02 4.884133048256363296e-01 1.560567949925566744e-01
7.500000000000000000e-01 1.082363842454405756e-01 2.077013527191960418e-01 1.663014659832142139e-01 4.377861321539764372e-01 1.128399066515194289e-02 3.976465196976618210e-02 6.027858265518831055e-02 3.789336630097615843e-02 4.753156298740734975e-02 8.129675221145343800e-02 9.396254454793152855e-02 2.364603889832293249e-01 6.183330761602227194e-02 7.360086855936531780e-02 2.302476180066752656e-02 2.054535968726188822e-01 1.404417937725230547e-01 2.388515171702361162e-01 3.359654468909333280e-01 1.063992015252269302e-02
7.656250000000000000e-01 1.848169179364742227e-03 6.575281001300282979e-02 7.729449197285528841e-04 4.602452602463800307e-02 1.951122440926634782e-01 5.745745535159604844e-02 2.017616877997797376e-01 1.466577809006625044e-01 6.622422562266293278e-02 2.253305223228022625e-01 1.624798053306485968e-01 1.170711667190132282e-01 2.721482720532282604e-03 1.441781798261153602e-01 1.326481013245477125e-01 9.356415796886223546e-02 1.540655474510987666e-01 2.221637379092297748e-01 3.543279959991694344e-02 1.474392192381912547e-01
7.812500000000000000e-01 8.266522046577402805e-02 1.477363461244792786e-01 1.576832300565898098e-02 3.560379361737703308e-02 1.424193599607651538e-02 1.599428032186225035e-01 2.904339963115676881e-01 9.926987122399937025e-02 2.209934154616338964e-01 1.649049607477312551e-01 8.220308060550167439e-02 2.891627618316545689e-01 2.781160361456781471e-01 2.021120491596331281e-01 1.364155197761757476e-01 8.348901836844034585e-02 1.561725009835791822e-01 8.470502550927005991e-02 7.436354962549353298e-02 7.513749121460426561e-02
7.968750000000000000e-01 1.350685962853006780e-02 8.065819993313070799e-03 7.492269561520510613e-04 7.724506377350782993e-02 1.300902103504294159e-02 5.216306469210952451e-02 3.356268388657429515e-03 3.556639379477011254e-02 5.134319614413630078e-02 3.983425455149447458e-02 3.846788544380652826e-03 3.918579790314878630e-02 6.239144791880948948e-02 2.079793141016918548e-02 1.941643778493322425e-01 1.315731628042273171e-01 7.467281767788640223e-02 1.930084134411150579e-02 1.895817338592578338e-01 2.273954802162147376e-03
8.125000000000000000e-01 2.216639545795760433e-02 5.880939825862383646e-02 6.310947549699623405e-02 1.035869308810970779e-01 2.261799079210299324e-01 6.512445563746022473e-03 2.121110125653410394e-01 2.575433886323201249e-01 1.537925142923218247e-01 1.465448564527332687e-01 3.918593829540514828e-02 1.622819856683590384e-02 5.107917352043450654e-02 6.933706663518368271e-03 1.130007647189958386e-01 8.739262501012803885e-02 1.367176753539532386e-01 1.747822702299816067e-01 2.729584184754359488e-01 1.192839730509190170e-02
8.281250000000000000e-01 1.714847306136370320e-01 2.776133836676000777e-01 4.009485736079854701e-01 1.632188756605539720e-02 2.840730485806158834e-01 5.861734177118607669e-02 2.945922439872772358e-01 4.359623021913605623e-01 1.221478835562690435e-01 5.704007609905294984e-01 6.406772272787687739e-02 4.082973238114703113e-02 7.973646357007051211e-02 3.069053774470292470e-02 7.670141695819414351e-02 1.203581498386666927e-02 1.779697164968556955e-01 2.270216590469025242e-01 4.507418237739289901e-02 3.295494100708831198e-01
8.437500000000000000e-01 1.310756276159809330e-01 4.050269826410000107e-01 2.768471077092635180e-02 7.327934016894824872e-04 2.128689292013221934e-01 1.499563484730375151e-01 6.316440330951249571e-01 3.763247273404828341e-01 1.160612249111573346e-01 7.939494897350245217e-02 4.311056525247034671e-02 3.468913127772901839e-01 1.972055155966068729e-01 9.479125659142818849e-02 2.110926904272816818e-01 3.217700236631572397e-02 2.043643908827637856e-01 4.843479274433233339e-01 1.726419777442885634e-02 3.359821447207787526e-01
8.593750000000000000e-01 1.965030631365831948e-01 5.090408397666656981e-01 1.526605181075790536e-03 5.467287166723406866e-01 2.856407896551891867e-01 2.842595582267564702e-01 4.084887552223974705e-01 2.686393685183796065e-01 3.971030041965689095e-01 9.587165347111541169e-02 1.986630148339806889e-01 2.963887518231507756e-01 6.181702550404034185e-02 1.691387157991227630e-01 1.207475349617339044e-01 1.994756446558691998e-01 1.629641662108514688e-01 3.633395659494394470e-01 2.186251515248191502e-01 5.182963747086617445e-01
8.750000000000000000e-01 1.710410626277883706e-01 1.740566003779043247e-01 9.150427985434267386e-02 3.670843591119299365e-01 1.728912431249003678e-01 3.217401098650261027e-01 6.252399500200619964e-02 2.490223929210155507e-01 1.304459841457142888e-01 2.086902381530281181e-01 1.809296912760918197e-01 5.057039805217607847e-02 5.051521138732505134e-02 2.858757292078359380e-01 2.108159677565143997e-02 5.008565389181185434e-02 1.723793005025555103e-01 3.872479254993648617e-02 1.084624315803308509e-01 3.880854716814474137e-01
8.906250000000000000e-01 2.011312450108023939e-02 2.924665300178486693e-01 1.074159106865967411e-01 2.363699572983156763e-02 1.948267950091838452e-01 5.829464682590153324e-02 2.522018087726380364e-01 1.093456322898344046e-01 2.211759604935064072e-01 3.065622270435704871e-02 2.500629765970839580e-02 3.199760927293738844e-01 2.479470262226323718e-01 1.150748029232486341e-01 2.567569938232679427e-01 7.152224450927280319e-02 1.935801711547130155e-01 4.233075592676213000e-02 1.258841303398244849e-01 3.005214757883296617e-01
9.062500000000000000e-01 1.433036748245664627e-01 2.019604837114189200e-01 8.557047993000303776e-02 7.004189744715068333e-02 4.301314105150679488e-03 9.763246791453732143e-02 2.316416661256185949e-01 6.615637514443029055e-02 1.130116226125026518e-01 1.997140030257323236e-03 4.501270951923230096e-02 2.573310427739188277e-01 3.264970945928366564e-01 5.571481910962747947e-02 1.676875991331417404e-01 2.523293184251164667e-01 3.053304633572939131e-01 4.486030295382288646e-02 6.908681861372728550e-02 2.892493108956145295e-02
9.218750000000000000e-01 4.874849681123092915e-01 8.290010956705570755e-02 4.826199518040200087e-01 1.837231212859283813e-01 4.370771204560630618e-01 1.395956502704401130e-02 1.005381726825863714e-01 5.060066922050901472e-02 2.297200527900598310e-01 3.193443854374408142e-01 2.605037627433344771e-01 2.171315559492965203e-02 3.653064015786482432e-01 3.353553486202089928e-01 2.391232082525008851e-01 3.768943147649831960e-01 2.479307990502170045e-01 2.208898150533809557e-01 3.577729178093549400e-01 1.957838453743029200e-02
9.375000000000000000e-01 2.263625207325219435e-01 7.074650274760323210e-02 1.437633286893019446e-01 8.297505309502880566e-01 1.548468932110391716e-01 2.907491328039326084e-01 5.778111322262811933e-02 2.736076338473143466e-01 5.319248303177799564e-02 5.460131293012813331e-02 1.496522520901380771e-01 1.162888543047928790e-02 5.196489994799945861e-02 5.878658535703622928e-02 2.416289593836278837e-01 1.666881082064919084e-01 1.178607833325047843e-01 3.665831576789280177e-02 5.481140245144585643e-01 8.289043646217783556e-02
9.531250000000000000e-01 6.250108825835185011e-02 1.534806867260359586e-01 1.078819121354169658e-01 1.130749682758171032e-01 2.988929909889239886e-02 1.029880714312591539e-01 7.404444660445298754e-02 5.393758680355753565e-02 9.905955512601365143e-02 4.395960438932915854e-02 6.585488814552994952e-02 1.774825890472339351e-01 7.902073081276135558e-02 9.207085066959498632e-02 6.442792158578415640e-02 4.579010717771380551e-02 1.323606449580893019e-01 1.493211257449780782e-01 3.965188823036728816e-01 2.767993507903786232e-02
9.687500000000000000e-01 8.128476629129444131e-02 1.782505398927520385e-02 9.259801162764820515e-02 1.317205534630636610e-01 3.868399326273674332e-01 9.504103864140206470e-02 4.352405706262555407e-01 2.628957991489294654e-01 2.351903012095076795e-01 4.440061203250402766e-01 6.104114267772867142e-02 9.780636389905662115e-03 7.333558450743480304e-03 5.195212243907668809e-02 5.660472793957932458e-02 3.391771533034521491e-03 1.737252726434466987e-01 4.357155641598729756e-02 8.443267708420587603e-02 1.174592580230868488e-01
9.843750000000000000e-01 4.824600124514066835e-02 1.181751626327207233e-01 1.477221571987366311e-01 3.260122112481290274e-02 8.279882641092611850e-03 9.020767264966338128e-02 1.613505310208391275e-01 1.709559312663399000e-01 1.006606410624233394e-01 1.988653509474688497e-01 5.335080290687588267e-02 1.238854255895794482e-01 3.017638219705801039e-01 5.983493861633994160e-02 1.147037645415265872e-01 2.254517104961322738e-01 1.958470275856192822e-01 6.754614869599134819e-02 2.958410187535744362e-01 9.388912585355438378e-02
1.000000000000000000e+00 1.054743713065537346e-02 3.390870259082230751e-03 2.282964276264900887e-03 2.068925858665846690e-02 1.880412352474332633e-03 7.679292757425520977e-02 7.854295986124473772e-02 5.469667599454954704e-02 2.194977679558042516e-01 2.344730807919453291e-02 2.507797655465076811e-02 2.579343589818491184e-02 4.524684077946784788e-02 2.121483161688037314e-02 2.462218902270647269e-01 2.799611512418113124e-01 4.137329283322452311e-02 4.917332718424918814e-02 1.961373791805919586e-01 4.718960601542387945e-02
1.015625000000000000e+00 5.461628970300013569e-02 5.921354106811030360e-02 1.237593749436147889e-01 1.354337546699991290e-01 2.569131263546853283e-01 5.334133049723317754e-02 1.208054640347719227e-01 3.617492345495168515e-01 2.469132034562145916e-01 1.555544842573026443e-01 2.311495161991631436e-02 2.089565607573338341e-02 7.653531102644960116e-02 3.293828709074576172e-02 1.001892692548420893e-01 1.368142481807026190e-01 1.849908689992739719e-01 9.882300041357346132e-02 2.180756428276684755e-01 5.047406791950871663e-02
1.031250000000000000e+00 1.492660309210801228e-02 2.136001408129326595e-01 9.302623364360311509e-02 1.268342692286783813e-01 5.744220498693290711e-02 2.731602916422283187e-02 1.376682244034917180e-01 2.737576542719789563e-01 1.089131841764244685e-01 3.831426104888331907e-01 9.949744349674609356e-02 1.012696664480541020e-01 5.780852166208069742e-02 1.292936638799588311e-01 6.094993240129574497e-02 5.936550633251849035e-03 2.109897281713692674e-01 1.590440822251572850e-01 1.765936647361334225e-02 5.260838562791850248e-02
1.046875000000000000e+00 8.365462051707003854e-02 2.319727068614874099e-01 2.107886343530570861e-01 6.273434318482876138e-02 7.710123953183434242e-02 8.974172738162634194e-03 3.316106545945431416e-01 7.408287993151914386e-02 1.635183595933670589e-02 5.879189395267388207e-02 6.540546811852984699e-02 4.542316018419503276e-01 9.154961913012299446e-02 9.204034047639415850e-02 1.417355035921836759e-01 7.080199043516527402e-02 2.108469953388107665e-01 4.505527949324927284e-01 1.265958073542005069e-01 6.995608156776733644e-02
1.062500000000000000e+00 2.755404281714080583e-01 5.267497414485363683e-01 2.213377246799761444e-01 7.815047432899796531e-01 6.936978134211596592e-02 3.983576961779966008e-01 1.785709299800092853e-01 3.987824197902785084e-01 2.025517404284159495e-01 3.008628689350237306e-02 1.405408345008299087e-01 3.187023377484583531e-01 4.565309024190435799e-02 3.494938282397191398e-01 8.457650958020695997e-02 1.934470015876391391e-01 2.349942861178941356e-01 3.564841417981067795e-01 4.224730284703142602e-01 2.484233003225124192e-01
1.078125000000000000e+00 1.377737117055637395e-01 5.673720615946723500e-01 3.752947356441698190e-01 1.050150722598502118e-01 4.426173754783436221e-01 4.031270261509123931e-01 2.672391646993816372e-01 4.422056302109362430e-03 4.392038350211720926e-02 8.394279709047812454e-02 9.543171016022015951e-02 3.936722076026619166e-03 1.697345568427712781e-01 2.458399744961314859e-01 2.653095226913786964e-01 4.496143308875854006e-01 5.829424242299445502e-02 4.545401726423743682e-02 3.052355952481883641e-02 1.497482337844012468e-01
1.093750000000000000e+00 4.783295088240445414e-02 1.468996685706017991e-01 3.667722397477850282e-02 4.412307748698693355e-02 1.622903426864057974e-01 1.996671304721779061e-01 1.530948581570006628e-01 1.274521549896982242e-01 3.270325462094024194e-01 1.686866467018824645e-01 1.080958376239365692e-01 3.018833809536552448e-01 3.855908304424657262e-01 2.893453802075888169e-03 2.419322231879954821e-01 2.501341785687173358e-01 1.640459452123455564e-01 1.000109967765959972e-02 5.359758358863657597e-03 2.438930974561728249e-01
1.109375000000000000e+00 6.383509835509965091e-02 1.259809371048459803e-01 1.852393650428379168e-01 8.253071819776713891e-02 2.538252638415324988e-02 7.413992484014150786e-02 4.672841333496196431e-02 8.185618465404086164e-02 2.855840290928584602e-01 1.183068654596838437e-01 7.765998080564691375e-02 5.269145036758390160e-02 3.272013515769859326e-01 4.122946959522715699e-02 2.872504822880133646e-01 2.966114751061252330e-01 3.379215694965409522e-01 1.586562316103198172e-02 2.285182820547975724e-01 1.110350303783319559e-01
1.125000000000000000e+00 3.957786238700072290e-01 1.754599676205951609e-03 5.156449144918821004e-01 1.476243028924293377e-01 3.864615304648565952e-01 4.580566417440589538e-02 1.255409674329519831e-01 1.149636498640917576e-01 9.406172354327828333e-02 3.429264273333488267e-01 5.173745399763659547e-01 9.939446311792360378e-03 3.641556806601153329e-01 3.429783457269250935e-01 1.361074195300600587e-01 2.386019387526475410e-01 2.303611157891464478e-01 2.706851436871342623e-02 5.375678150852004622e-01 1.217887887590398885e-02
1.140625000000000000e+00 1.724841712234959634e-01 1.960467532491838583e-01 2.130197887467240592e-01 8.350688410743979384e-01 7.232218339506009397e-02 1.820347911336576974e-01 2.901161095441293775e-02 4.880225348961621523e-01 5.643388270537370854e-02 5.364778678895817943e-02 1.738595942590931975e-01 1.618601063833764384e-02 2.576876349947813602e-02 2.643553215695522082e-02 5.328006126771205747e-02 8.524175716814687276e-02 7.192655774886841380e-02 7.257463311246346860e-02 4.253825899641838770e-01 1.232258863775811952e-01
1.156250000000000000e+00 5.342766648591237150e-02 1.030583217537962837e-01 6.322545256285057313e-02 2.101352165256850091e-01 6.018531662697511331e-02 1.408554146913811554e-02 1.112479379758457843e-01 2.985030861061105378e-02 5.826171714625529019e-02 1.186836110245143849e-01 3.279843150603515417e-02 2.168142902953490714e-01 1.378505297182541223e-01 6.026645502537221477e-02 1.459105973869634088e-01 6.152788717481161990e-02 1.539706912994013854e-01 2.234847051927613959e-01 2.169715273205246875e-01 2.953877712677173417e-02
1.171875000000000000e+00 8.763953674874502831e-02 3.970307591715894341e-03 2.768151460029832922e-02 1.904968802815615314e-01 4.101727443803309114e-01 6.757823078521764393e-02 5.532093042145737050e-01 3.059754599406873735e-02 2.380139381496833295e-01 2.985656547828858254e-01 5.115691236969390626e-02 1.732329257257463756e-02 2.542900204948026627e-02 3.446291165472822188e-02 1.421241648470193963e-01 2.354311768025548271e-02 4.182529722182982967e-02 1.391006507866820452e-01 1.124230411963837890e-02 1.410821364256669153e-01
1.187500000000000000e+00 3.879916534049572541e-02 1.417336958071490627e-01 3.863180460880285411e-02 2.936436794389167201e-02 1.322637055750502423e-02 1.112703115942370591e-01 1.011643531125276801e-01 2.226596416085840913e-01 1.539018491317612203e-01 6.496199085288305308e-02 1.671329677349616197e-02 1.917570265227068471e-01 2.172712370595616393e-01 6.110139864559530065e-02 1.406980120893161490e-01 2.723621719566823862e-01 2.259776944067896920e-01 9.263691956477400347e-02 2.036126856455286460e-01 1.109890038099813209e-01
1.203125000000000000e+00 6.448983793067240844e-02 2.403358962522752010e-02 1.702457137360073288e-03 1.483583226640725755e-02 1.081500712127094442e-02 1.954770965309427788e-01 1.223978568314277454e-01 7.523803237642236186e-02 3.213366048029637767e-01 6.541555988570241231e-02 9.151685977437221120e-02 1.734712373083590513e-03 6.967736472616992138e-02 2.397491224476428276e-02 2.484699290374459968e-01 2.925485369280051429e-01 4.643663641646454676e-02 2.054916088831104937e-01 2.589684039201472499e-01 4.689152245954095188e-02
1.218750000000000000e+00 7.084854046690788887e-02 6.545686313443198345e-02 2.308058583052241264e-01 1.212449440651725135e-01 1.970443341464628850e-01 2.091281614577023343e-02 8.598886339906991472e-02 4.848590476821093009e-01 3.750345541413146466e-01 4.318732537148289308e-01 1.935581752235815967e-01 3.933441307863898284e-02 3.145057746895252859e-01 2.172306846718835283e-01 5.232733951903766056e-02 1.271782429465372621e-01 2.334485613796521697e-01 6.223614686600806994e-02 2.003407232370860158e-01 1.267656117961525053e-01
1.234375000000000000e+00 7.041995850968314763e-02 2.098714180326203826e-01 1.075438254081497770e-02 2.202224686558991729e-01 2.509898465921384797e-02 8.717176481505989338e-02 2.956517395632781153e-01 1.198904181771812544e-01 1.368910017616772890e-01 2.618161482634369097e-01 7.664577145544929082e-02 2.846809364968436173e-01 3.485733225997981327e-02 1.870671594709297225e-01 7.606239321626374894e-02 1.381599146522477506e-01 2.020563561411534426e-01 2.894766493815616459e-01 1.734757136030343899e-02 1.414648209634151166e-01
1.250000000000000000e+00 1.895398532002430247e-01 3.597501970854561359e-01 2.258577647350385187e-01 1.774991639297465729e-01 1.346972389848015601e-02 6.089815011915489240e-02 4.233432048935257264e-01 1.219015792340849141e-01 1.960616983551131259e-02 7.876078363079738742e-02 9.880503489963629593e-02 4.722134738720085156e-01 8.663752302180073583e-02 8.641748524534044462e-02 6.126944317161248793e-02 2.098065771896568121e-01 2.233661023289190972e-01 5.110908337457418238e-01 2.012648724551823753e-01 1.447738739150488674e-01
1.265625000000000000e+00 3.698266147132711068e-01 6.092206494944035766e-01 1.915652875427589219e-01 6.709349269331558174e-01 1.155338095582447988e-01 4.819368407873361182e-01 2.821406895379911517e-01 3.193368111258852449e-01 2.537086790622047339e-01 6.652053313090265652e-02 2.630194697790878000e-01 3.301630376949481471e-01 1.000179706003940516e-01 3.708121188085150566e-01 4.386838816902512844e-02 2.798360497760294940e-01 2.557424265412211462e-01 3.693260162061781093e-01 3.409103421616312413e-01 3.099446962708786169e-01
1.281250000000000000e+00 9.082614718642887525e-03 4.854853622057454521e-01 2.314362111949465617e-01 3.317449553562692305e-02 3.372907416878876963e-01 3.090117223895030296e-01 4.030417481295284210e-01 4.628592965805291594e-03 3.598667716365731156e-02 1.019506120156914858e-01 1.487880609940398224e-01 4.301691952287202414e-02 3.025524888669331447e-01 1.498253820670167880e-01 2.142612914721540029e-01 1.214480204354002613e-01 2.328106159934124550e-02 4.130362041851591559e-02 2.154869805886446693e-02 1.579356116478150551e-01
1.296875000000000000e+00 6.153638459083679568e-02 1.292113865572888376e-01 1.474496862193228584e-02 3.811004346647482027e-02 8.110046720537830711e-02 1.593110490389480216e-01 3.066947701131876244e-02 1.257988727453602518e-01 4.150769429555164480e-01 2.399167777336126683e-01 9.930625346404800546e-02 2.176447069773894682e-01 3.382501832550525167e-01 1.098870285253027504e-02 1.151216541794523179e-01 7.209809687604812334e-02 1.491885704444043670e-01 2.290793325121976559e-02 1.170386842206910371e-03 1.237754642613370926e-01
1.312500000000000000e+00 7.266296382546003074e-02 1.598982279976457199e-01 2.441355817705360975e-01 8.871400694835337997e-02 1.301413239106499475e-01 3.202556622434067635e-02 2.228890821543634201e-02 2.407757888655343570e-01 3.536572535685071905e-01 1.926581806782863560e-01 2.963295652219632981e-02 1.551006737564884601e-02 2.912807212618492292e-01 1.093547867068394575e-01 1.750611901110189772e-01 1.496177678082777907e-01 2.990727548673038361e-01 5.187313050145102300e-02 2.719322327280218610e-01 1.077935956808937640e-01
1.328125000000000000e+00 3.651629322614400319e-01 2.520773892867217772e-02 4.456489106812922540e-01 2.635695575417826841e-01 4.522618286756557304e-01 1.628686209978685573e-01 1.688042236795435358e-01 9.403279930676383680e-02 6.606942524948569706e-02 3.465676282515784412e-01 3.270419004337032365e-01 3.735535851816667013e-03 3.386189497851843089e-01 2.419058317156740356e-01 1.979211962378576994e-01 1.954137383357277824e-01 4.078730162837725937e-01 6.912700170657155863e-02 5.320351256176982790e-01 2.559445362271614219e-02
1.343750000000000000e+00 1.012926365915936960e-01 2.249065563469539453e-01 2.421860738010576108e-01 8.735429972851903591e-01 3.874994282267178736e-02 1.489376310346518795e-01 3.218756952475755606e-02 3.004955041940143290e-01 4.899813012058319706e-02 1.467429011791510605e-02 8.604182441585847552e-02 7.982708854874114024e-02 3.471425080781187500e-03 2.578489166089761170e-02 4.530640305681570695e-02 2.382743262709092202e-01 1.592080861776622169e-01 1.064647291128741347e-01 4.972835310447138446e-01 7.854450761922458779e-02
1.359375000000000000e+00 2.250880141935092046e-02 9.018034256761588152e-02 2.419207312162168291e-02 5.948853190183925332e-02 1.262621865964018431e-01 1.003116937781770371e-02 1.500893150530818558e-02 3.211221623589770313e-02 3.815473580092362815e-02 1.798470520652907800e-01 6.410967984843091161e-02 2.242411170221049188e-01 8.840784580065311204e-02 8.449970518905841610e-02 8.208295339526958112e-02 1.045671974289359291e-01 2.727980029956985630e-01 1.771205243898376636e-01 2.121975369407667067e-01 7.284562132967739578e-02
1.375000000000000000e+00 1.110354015906068748e-01 2.783820991026759659e-02 1.262373971986122112e-01 2.169748624050513164e-02 3.722109563266057797e-01 3.622784625256411095e-01 5.525824698332894025e-01 3.648048091397096404e-02 1.578077036903294816e-01 2.260809471127378512e-01 3.675293883592817973e-02 4.028705160728326268e-02 1.858069978160032942e-01 1.377039905573072820e-01 4.325637215433449957e-03 2.871439338013342252e-02 1.175747737181256775e-01 1.915112627421236904e-02 3.951400204777814201e-02 1.735102909801849724e-01
1.390625000000000000e+00 9.165362628553000435e-02 9.958239855590565737e-02 3.992178029626192171e-02 5.489330475681517343e-03 6.541379063983986109e-02 6.707483606932314324e-02 1.140226651328802576e-01 1.524490337209563062e-01 1.867964090794740906e-01 3.515584995267154178e-02 4.038748241522807647e-02 2.141283546608777344e-01 3.609334601336042780e-01 1.701105035449629044e-01 4.958778199209604165e-02 8.581316180447938480e-02 2.156713255004494567e-01 8.141280564773256678e-02 2.782258529125553603e-01 1.425155162359062477e-01
1.406250000000000000e+00 1.408934739816835591e-01 1.393415823518923471e-02 1.049282972360980918e-03 1.944925804645165554e-02 6.239363783200695124e-02 1.664880833209775313e-01 1.565061491070749711e-01 2.039807884234785540e-01 3.001302938540713061e-01 4.446858270524082363e-02 7.295967394890549851e-02 1.060143039712435967e-02 1.014292199425219920e-01 1.895765082026849846e-02 1.993173457168800622e-01 7.645254670344538150e-02 1.165899113322745179e-01 2.133365084505448039e-01 2.398745384840680339e-01 4.099937421389402564e-02
1.421875000000000000e+00 8.074258942743786638e-02 8.111638168726643949e-02 2.830253391104844973e-01 1.691548232850272060e-01 9.175111116257042565e-02 4.853584159375132906e-02 9.945148231183593979e-02 3.006411642568759812e-01 1.779674408864756474e-01 5.972492437682951349e-01 2.108935229864755123e-01 1.605639227611213929e-02 3.754833287724963498e-01 1.474754733547063712e-01 3.189710684859059509e-02 1.804776463385234300e-02 2.136238481036366599e-01 6.856495861689190785e-02 8.433172134591059022e-02 7.177020823005110517e-02
1.437500000000000000e+00 1.248612643958897511e-01 2.346419338179142611e-01 2.883006979577905360e-02 2.931836389947981014e-01 1.070653446059983104e-02 7.038146731513511556e-02 3.637233881070758290e-01 2.099966840720465799e-01 7.083100455694332775e-02 1.466247704759110204e-01 4.972003231881858692e-02 3.623339929601005482e-01 2.586277628120766878e-03 1.376140255173567972e-01 1.486847492624195910e-01 2.443846290003826721e-02 2.034350040340744681e-01 3.369197198413455552e-01 8.343747526121308294e-03 1.416603475035966564e-01
1.453125000000000000e+00 2.099340339042504167e-01 4.310772505353762107e-01 2.650158068641688125e-01 2.105479686670611306e-01 1.993657054252813768e-02 1.325316751286538253e-01 3.658089481192259851e-01 2.712319512599799531e-01 2.897845270405188453e-02 5.725228122474289999e-02 1.478682153814922517e-01 3.771424685350689421e-01 3.330455088056825941e-02 8.252452993896129685e-02 1.333016277932126681e-01 5.013762964853546444e-02 1.628197258746514609e-01 4.980460667506066974e-01 2.342088049034684039e-01 1.558330260688975955e-01
1.468750000000000000e+00 3.390035868273164610e-01 5.174687334442419351e-01 1.775220680773582083e-01 3.626767400993005097e-01 1.514921300381039670e-01 6.071913969252482612e-01 2.544989678406717193e-01 1.651277579852568900e-01 2.012626908928489278e-01 6.256551671929833081e-02 3.163604276046335650e-01 1.694041711679852291e-01 9.325068681894793654e-02 4.237320626750801233e-01 2.322317871520959698e-01 2.229058008914045624e-02 2.799491202201480067e-01 3.288297579713231888e-01 2.537682438438336741e-01 2.309216936774428630e-01
1.484375000000000000e+00 6.768055447634512001e-02 3.178189931629688547e-01 1.989942612243868758e-01 1.423790534079275028e-02 2.254914422486958836e-01 1.829103655426098651e-01 3.039996060705625891e-01 1.403121331559631715e-02 6.373989145599745498e-02 9.361950463088138108e-02 7.259205320764411384e-02 1.797586402863400046e-01 2.750808206176932336e-01 7.804776810934017928e-02 2.933909393583753467e-01 3.166958080700956191e-01 2.665802293584760771e-02 5.120516306372465548e-02 2.748095326474601224e-02 1.970363139494638316e-01
1.500000000000000000e+00 5.431983505352053210e-02 1.216797922815113092e-01 4.960779744917342450e-03 4.396026722433807321e-02 5.343013520038851494e-02 1.235809796805346084e-01 4.670121943389672972e-03 6.026167836286239893e-02 3.833401658290225278e-01 2.212004905536937571e-01 9.502917428457954840e-02 1.498342145311435392e-01 2.572477053246614576e-01 3.535488973798583956e-02 1.292154005215059021e-01 1.670654092694746351e-01 1.988698661585653893e-01 4.044432288941097325e-02 6.097039315940046972e-03 9.911584951471057170e-02
1.515625000000000000e+00 3.655278472000382528e-02 1.722153280181694945e-01 3.369369165750678019e-01 1.196647307258967563e-01 2.367394060532677924e-01 7.741268299880491900e-03 3.973004006565066665e-02 3.136049206605925899e-01 2.786793150196344437e-01 2.690237727830529502e-01 5.663105359673596684e-02 1.578914575114366559e-02 4.073076398739383097e-01 6.828380072186085448e-02 1.573014282514512141e-01 4.033987492169434641e-01 3.623428875142281069e-01 9.296638180984875821e-02 3.182305665379673298e-01 5.995038373544903793e-02
1.531250000000000000e+00 1.765877094497950439e-01 6.619098904854231469e-02 2.891659260724830927e-01 5.521753830880873348e-01 2.539547872610184998e-01 3.555630943623336870e-01 1.168428805563516554e-01 1.578835274701880509e-01 4.454596746069573038e-02 2.196951990485699335e-01 1.717104692260512933e-01 2.784067495625346458e-02 1.930763153769751161e-01 1.182187932202886510e-01 3.094241683077774696e-01 2.327039426666430988e-01 3.577896998001963147e-01 5.956517969089035469e-02 5.689624144300313713e-01 1.937051911173886393e-02
1.546875000000000000e+00 6.647043573664623839e-02 2.084319930044960245e-01 2.326609126096255697e-01 6.294674933025348196e-01 1.370381121506762494e-03 1.294892376682307555e-01 6.496532388535990188e-02 2.253282017457561848e-01 5.433700980060923724e-02 5.567233042188832713e-03 7.145196762002331559e-02 1.436273079263130081e-01 5.244816538751862368e-04 3.487635850154036099e-02 8.199884825314597558e-02 1.128244476579735867e-01 1.595431890379759576e-01 1.375086407202023298e-01 4.879582957666658838e-01 4.601103351989762474e-03
1.562500000000000000e+00 1.972230944486009011e-02 4.002454541127013071e-02 3.005435173325244659e-03 1.095110598322207411e-02 2.891814520402807842e-01 3.019748247440852407e-02 1.532320656434674015e-02 1.451968678764387899e-01 8.011656010561291064e-02 2.490904345702516787e-01 1.452393278448628477e-01 1.314862400557471056e-01 6.069822490526299852e-02 5.027264585183922885e-02 1.050753883113219045e-01 1.976100795820808290e-02 3.418353865190072449e-01 1.093437414339090558e-01 2.322980244868284860e-01 1.305186323680498917e-01
1.578125000000000000e+00 7.290179983082854809e-02 7.219490536849038076e-02 1.551356904448583374e-01 1.295830585379684208e-01 3.808705933225565721e-01 3.980949614721284169e-01 4.622961618199784573e-01 1.112205706046078546e-01 1.429940979724504124e-01 6.647115580474366459e-02 4.794258266712921046e-02 8.751790682916761599e-02 2.997248826752190731e-01 1.104325455485710844e-01 6.621385604729022878e-02 4.074031423592928969e-02 1.357985469864721184e-01 5.943892247499471537e-03 8.069900063314366934e-02 2.766225506418130697e-01
1.593750000000000000e+00 1.043372816491463934e-01 1.051866474851891331e-01 1.654580528398818390e-02 2.082653008618167226e-02 5.098111771015388259e-04 1.065213383375884955e-02 2.559666980428698668e-01 3.458196246528129347e-02 2.903807646097271156e-01 3.599837794217052717e-02 2.094257395222016982e-03 1.104317976775668897e-01 3.269228800335724494e-01 2.964257117091831720e-02 1.349581171295911319e-01 2.446451858000970037e-01 1.233400106174933480e-01 5.773597142597790277e-02 2.245656487630812992e-01 5.218612758764285681e-02
1.609375000000000000e+00 1.998750894485409879e-01 6.515796870800651987e-03 2.777301025096578363e-02 7.740205386315492098e-02 1.219449603896330253e-01 9.450215265902218997e-02 1.106593914357006103e-01 3.341648961182936972e-01 2.658787404138794885e-01 4.047661161056310963e-02 2.160375125036937405e-01 3.083836194726397376e-02 2.043416900752399734e-01 4.780460777757000040e-02 1.381379329806335099e-01 2.153750984586707273e-01 2.379158985297259166e-01 1.486244760743817284e-01 2.098111830057044214e-01 5.515743033354547631e-02
1.625000000000000000e+00 2.667553968760073835e-02 4.933251363199896156e-02 2.805682868061307733e-01 4.937931532254012379e-01 7.534084343164705773e-03 1.019628399711200312e-01 1.142488967123209825e-01 2.014088589161427412e-01 1.025736840943977379e-01 5.210723406836228477e-01 2.741827623876559872e-01 3.137889375084544630e-02 4.487900398572337024e-01 2.462562715540902170e-01 6.089161862745123659e-03 3.203416113825713341e-02 1.253316410878050624e-01 2.393305859860390267e-02 7.985999924345049683e-02 7.159069599461004296e-02
1.640625000000000000e+00 1.227379196377591242e-01 1.685331028405776255e-01 6.372289944656851779e-02 2.887956795323374237e-01 7.380865705706037005e-02 6.596326051327440487e-02 3.029186672300936967e-01 1.468070374553587520e-01 1.939828710833413003e-02 1.015507801714421732e-01 7.367324504305068633e-02 4.055426345234661167e-01 3.206506929943846868e-02 8.650483703923324275e-02 1.645191795323438511e-01 4.092452442442085642e-02 1.834823926301996921e-01 3.522917574264549656e-01 2.814821401177518279e-02 7.101822852132931574e-02
1.656250000000000000e+00 1.414023466263954476e-01 3.561246412345285273e-01 2.900121360274615645e-01 4.170673634173745481e-01 2.169632874207696582e-03 1.624212866207712380e-01 2.764874603448483903e-01 2.226169051915527775e-01 2.153747031296380024e-02 2.531536139914070116e-02 1.424791445293021874e-01 2.920668593863590123e-01 7.260678443191662633e-03 6.512197245776375765e-02 1.191451704307813914e-01 1.414291501820013064e-01 1.826738779412013236e-01 3.898718168017165642e-01 3.512568079678231037e-01 5.116933646280683728e-02
1.671875000000000000e+00 2.158056343700140989e-01 4.278423245755983984e-01 4.482898768781093390e-01 3.895626108445777169e-01 2.958668590632056450e-01 5.443112047223858108e-01 2.930275603577865984e-01 2.706560147688846438e-02 8.261840663363144432e-02 3.752854341065025526e-03 3.064293033363427177e-01 9.542421217590253690e-02 5.504471122029698515e-02 3.623174026377009582e-01 2.338870849105584571e-01 4.435103123289447780e-01 2.290674907976628927e-01 2.236867790793036492e-01 2.802966868026685598e-01 1.285149373574085430e-01
1.687500000000000000e+00 1.224602319687816132e-01 1.567350690446462913e-01 1.723823261884750435e-01 2.179354747908469891e-02 3.019663372854406447e-01 1.651540744617419065e-01 1.226537634818239686e-01 3.033924529376766377e-02 1.889528790164699545e-01 1.987889499821269834e-01 7.800521371797716763e-02 1.770525316326643783e-01 2.166863310677512033e-01 3.195920232781558623e-02 2.278405111726216070e-01 2.523060202122384132e-01 2.071479742145404535e-02 2.829055009723038805e-02 6.095391899985787287e-02 1.894659223200383102e-01
1.703125000000000000e+00 1.703061646935575407e-02 7.628636296573530762e-02 2.834796977538428867e-02 8.508411595413827022e-02 9.699522144369875781e-03 6.816597006319273511e-02 2.548742700840361114e-02 5.422134900647822275e-02 4.717819390269303303e-01 2.879647668106040115e-01 9.616544302372943831e-02 4.924816839487436426e-02 1.352395420641281376e-01 6.539339852547457199e-02 1.163848382162998574e-01 1.045126346998377642e-01 1.443831353408537577e-01 5.037588475829545692e-02 1.889439327526664172e-02 8.230375684284545190e-02
1.718750000000000000e+00 3.441395165714533633e-02 1.183502595512170158e-01 4.198556025063636121e-01 2.555339839528056878e-01 3.993500215274398690e-01 4.858476983445824543e-02 1.208260964900255557e-01 4.751028091055792824e-01 1.213534504622043736e-01 2.534133564184585796e-01 3.266637542485042317e-02 2.138549568672210369e-02 2.458487682489030046e-01 7.637573712059259057e-02 1.787217360739978000e-01 2.689683655787967198e-01 2.936712359153926810e-01 7.549558371206342711e-02 3.774491792584107053e-01 2.540437231697013215e-02
1.734375000000000000e+00 1.311626932555800817e-01 1.274682157897722712e-01 2.923478730460439268e-01 9.169963396676678036e-01 1.555415401048637070e-01 3.599589595076942428e-01 6.654851415842187590e-02 2.802806611485815780e-01 3.684473262758320572e-02 3.568815479193274132e-02 1.033097980693734042e-01 2.932795523050488185e-02 4.816636170937392547e-02 8.671374373524275148e-02 1.898132936327144027e-01 1.074553918498174776e-01 3.059775780022758740e-01 3.390064043896336143e-02 5.795451346510800406e-01 4.664699161296477492e-02
1.750000000000000000e+00 5.141519283899098625e-02 1.571677658263890554e-01 2.214600427956942841e-01 4.735022110318051758e-01 1.472417721806936267e-02 5.468136473289882810e-02 1.945041806555989350e-01 8.190692138404873091e-02 3.042163606939228201e-02 2.847624438627491261e-02 5.189242745277540536e-02 2.268023589411631291e-01 1.832253606030559423e-02 1.921095101074182798e-02 8.575299104377857862e-02 1.413514280180098170e-01 1.756101969802279228e-01 1.630041336612108871e-01 4.197676060025033462e-01 4.318302912748470113e-03
1.765625000000000000e+00 8.560718839005589109e-02 1.706908723025048896e-02 5.530576555711852992e-03 2.756641679997707262e-01 3.747707084963382007e-01 4.121072830047171204e-02 1.135616001863908736e-01 3.188467574273066152e-01 2.639910204257906942e-02 2.621152906510824665e-01 1.306171160739395543e-01 7.728958446936222415e-02 1.082240625971063810e-02 2.218356424338654292e-02 6.770459308684381727e-02 2.815197576284015485e-02 3.774200557742642959e-01 6.821796544313571409e-02 1.347721407890956069e-01 1.395146161912719507e-01
1.781250000000000000e+00 4.726774892680690537e-04 6.713040829129299225e-02 2.758618489759460668e-01 4.870449958584371214e-02 3.028735782468701676e-01 3.885307154233304527e-01 2.237720268781721866e-01 1.684571782194532186e-01 6.743705687336967736e-02 7.408255190451912275e-02 9.739345516422304172e-03 1.348400015582370270e-01 3.473845356071029733e-01 1.490155522779525732e-01 2.059901962051141344e-01 1.932682285189426044e-02 6.106357082890410959e-02 1.252658883365179165e-02 7.122047095237381276e-02 3.661238389269698135e-01
1.796875000000000000e+00 2.070594719412225115e-01 7.897385501336939839e-02 8.859337897374749277e-03 2.683688673692216989e-02 1.510337842133811607e-02 6.585685837185502323e-02 2.692831346611297416e-01 2.120821573144717268e-02 2.651161202435946551e-01 4.421369811217545909e-02 1.542670887587116110e-02 1.561105075293246491e-01 4.241367625253948392e-01 1.694558111854332638e-01 3.730681761140895725e-02 1.136881862022615791e-01 1.060738820563499468e-01 1.198990974161942280e-01 2.214751122673586092e-01 3.036275324011546498e-02
1.812500000000000000e+00 1.883820569025150549e-01 4.097495056788792028e-02 1.243981759688695260e-01 1.282735366038828262e-01 1.462720467234276123e-01 2.281769781557851928e-01 8.432625285631177581e-02 6.608375892078260927e-01 2.748329829849812667e-01 1.978050931752974861e-01 3.222306987753406626e-01 1.441509017984523577e-01 4.746646399675731876e-01 2.469756134822895799e-01 2.256657141226056651e-01 4.872666308383143824e-02 1.494801004308591585e-01 2.937175536938126108e-02 1.435865850676812661e-01 2.224651912223727102e-01
1.828125000000000000e+00 5.153785070501731846e-02 3.210007657764660932e-02 1.557307727701945921e-01 6.429740334135863877e-01 6.206353347889640576e-02 1.006188972348752153e-01 1.282038445199091548e-01 2.186228455124867853e-01 6.955753513388551745e-02 3.204638706025395023e-01 1.556807622481457820e-01 3.858224601367113427e-02 2.823323996019806437e-01 2.160324627191923808e-01 8.890439745755249201e-03 3.793886961922889739e-02 7.201274556559927875e-02 3.722563857587793401e-02 3.090255058076920094e-02 2.827386265586330147e-02
1.843750000000000000e+00 1.182122855133337785e-01 1.238090031164252730e-01 1.401492077883236542e-01 2.903010270710843499e-01 9.029745580109424519e-02 1.568696684227606844e-02 3.284533374600049349e-01 6.524488656338592318e-02 9.216941669646655380e-04 1.013079307110866800e-01 8.667233819512563942e-02 3.983514347508341769e-01 6.326393897339951944e-02 6.351206948396372065e-02 1.153467966069685463e-01 9.572842691085173272e-02 1.822723420106689418e-01 3.506944670224813043e-01 1.052922702096682067e-01 4.370796524873570010e-02
1.859375000000000000e+00 1.306590396983275115e-01 3.282791916076832628e-01 3.323952949415337477e-01 6.881856177130565300e-01 1.153925027405771318e-02 2.073175926232780630e-01 2.148859604832964176e-01 3.288901809933995612e-01 3.347866013284508252e-02 6.067318661707076649e-03 1.554930309785561848e-01 1.509657823512134955e-01 6.052843921332046705e-03 4.817121113330497667e-02 8.374477258362850174e-02 2.227383374659976378e-01 1.731015081198180039e-01 2.744937080553345732e-01 4.266136909097348884e-01 6.056398537638708196e-02
1.875000000000000000e+00 4.187187244396031044e-02 2.082321882404396252e-01 6.308796917378347580e-01 3.419886639715303822e-01 4.321364091290594289e-01 3.517011481519342064e-01 3.756492826987695710e-01 1.825497640418385636e-01 1.020478878002563893e-02 6.319936475469541126e-02 2.857254422956589379e-01 9.683445150647864569e-03 1.300357709299970188e-01 2.352868196352185526e-01 1.587629126953607750e-01 3.185768640691123421e-01 1.688310283239349285e-01 5.552523185367509717e-02 3.152297645898203826e-01 4.958075022508880159e-02
1.890625000000000000e+00 9.736236432482822667e-02 6.291205491373635939e-02 1.377865873411358855e-01 5.768435743830394730e-02 1.929129090343707775e-01 1.668993191428307932e-01 3.262713449863722647e-03 7.690470767619912718e-02 3.440076993827044793e-01 2.521314810955817554e-01 1.362820511163915782e-01 1.161199265329617841e-01 1.651009033420031136e-01 5.570356513849123586e-02 1.520083322757234956e-01 1.227886245713826346e-01 4.739432852780247479e-02 2.904598343743979710e-02 6.341074267790949848e-02 2.191279559680862354e-01
1.906250000000000000e+00 2.950814594760837323e-02 4.874381362244074867e-02 6.171214706182719806e-02 1.306655021461189670e-01 7.104765201813917873e-03 8.161102512194370884e-02 3.953094656173598842e-02 8.830815524430411789e-02 4.558971294267349927e-01 3.177419345132269646e-01 1.150096614499846459e-01 3.943207032166021198e-02 1.131586216826347274e-01 5.794947977115622734e-02 1.135999602135378678e-01 7.063196699656851263e-02 9.438824501030979031e-02 4.946926213674222167e-02 3.684825204849318664e-02 1.244244951556807144e-01
1.921875000000000000e+00 6.620963324186737720e-02 2.195416376248980270e-02 5.107476741870436987e-01 4.212899592108699798e-01 4.935449968295617662e-01 1.790284249919399384e-01 2.176699248471092862e-01 3.563394070435806360e-01 2.695924980908886992e-02 2.653171821073504466e-01 7.015857460499169695e-02 2.113398419144680088e-02 2.190954815519401133e-01 1.291846935946748542e-01 1.014927787262872999e-01 2.356403677684003883e-01 2.373303383092525976e-01 1.881869943432528183e-02 3.710784260701098791e-01 1.674077703572964329e-02
1.937500000000000000e+00 1.007553428938820494e-01 1.965631516110477872e-01 2.952075809697499720e-01 9.595516737150306952e-01 9.195436725046464421e-02 2.914193615434134133e-01 8.933843887465035827e-02 3.783417989810607396e-01 2.553189914380443390e-02 4.792737871425086643e-03 9.368414134475987198e-02 2.373948309925544634e-02 1.802582612268569667e-02 2.500474643519644269e-02 1.320005740178361864e-01 1.923901871954357690e-01 1.898425202190443528e-01 7.952258332520395490e-02 4.948375375173831303e-01 6.234966692468647126e-02
1.953125000000000000e+00 5.627613980874773131e-02 9.068578754782813389e-02 1.905239933132067964e-01 5.882024124514915187e-01 5.662428676172137632e-02 4.381150294057984881e-03 3.103542368020567044e-01 4.932289363043257206e-03 1.174052586485578066e-02 8.206296358822004477e-02 5.599877371732640136e-02 3.036192187324355252e-01 5.653624408324635364e-02 1.625104891388850364e-02 1.211145360773450419e-01 8.612800301271419934e-02 1.587339291009483844e-01 2.465290808258495669e-01 2.526107687827130466e-01 1.764816613827051642e-02
1.968750000000000000e+00 1.387973040850856710e-01 1.132158884862576910e-02 8.182964507256025588e-02 8.008938588228821098e-01 2.487406736156021203e-01 1.184431243388990029e-01 1.533439429632368067e-01 3.158749283757364412e-01 2.328749278258527428e-02 2.431852032637661920e-01 1.106048058089187658e-01 4.177304479920635610e-02 1.175800657890058720e-01 5.824053069133291322e-02 3.206591392663056539e-02 1.045286496366986534e-02 1.579324905292202319e-01 4.613031796785645178e-02 2.985823514509821849e-02 8.395551403550328973e-02
1.984375000000000000e+00 5.155401731716557912e-02 7.425252120177204540e-02 2.930458454275841063e-01 2.501993532218495520e-01 2.777550234618673675e-01 3.437069983289804953e-01 1.098572216287184017e-01 5.571982102748002097e-01 1.080324816144643124e-01 1.972378455924691243e-01 1.376315454887968581e-01 1.544982604380081836e-01 4.626442506598517079e-01 3.310866580563587291e-01 2.908088372532320331e-01 9.418628422035536796e-03 3.394006104021062009e-02 1.050513252630554464e-02 8.799506034319420911e-02 3.202654560736292733e-01
2.000000000000000000e+00 3.045534376054698580e-02 2.165105094318746717e-02 2.137859266951540107e-05 2.655922359676555697e-03 5.403708202297128477e-02 2.668081992963431195e-02 1.597390113040006443e-01 7.371758889592314179e-02 5.319215157411071038e-02 3.177501723385195431e-02 1.805851214411450427e-03 7.137166123196912737e-02 3.684957937234062397e-01 2.023921182344016745e-01 2.997431221654923983e-02 6.248752062646770189e-02 9.068193599982711517e-02 1.892730175236391199e-01 1.916398047583288133e-01 8.308864594059835185e-03
