0.000000000000000000e+00 3.029459902774763180e-01 7.160189171780512174e-02 3.424799831714404191e-02 2.289941672096265923e-01 5.754309838154609835e-01 6.827219919518616453e-02 3.848448843611542713e-01 1.772237491639223617e-01 2.374203574486488111e-01 3.187746535983983741e-03 5.073723227550057668e-01 1.625837468487119075e-01 6.704810053000956338e-02 5.363885882235062130e-01 1.336821221774619761e-01 1.496710187954969629e-01 4.346712143720337512e-02 2.895989825529161621e-01 2.993688120823168042e-02 3.250829813756055120e-02
1.562500000000000000e-02 6.822200176272276428e-02 4.293675388745138988e-01 1.747316218564001766e-02 1.785150093808976768e-01 3.017659815908642629e-01 1.321439848361289360e-01 6.921610521125332038e-01 2.843042456802696294e-01 3.985551581355746276e-01 1.170251166690261108e-01 1.600735368617278997e-01 1.664012790655902407e-01 1.396211666278665275e-01 5.142998608946393047e-01 1.325362074496472531e-01 2.169782602255338200e-01 8.814332099235631934e-02 5.920465070835947974e-02 4.451996240461374987e-01 4.043980751222078784e-01
3.125000000000000000e-02 5.119593365992011758e-02 1.571117719329812867e-01 3.606833307540814604e-02 2.690292875938421480e-01 1.155204298642449334e-01 4.174360562344501049e-03 2.871383163634242883e-02 2.961455258038377114e-02 3.560946282852808786e-01 6.014033496012798352e-01 1.079969207731578812e-01 6.219695852418026527e-02 8.220205771531254868e-01 9.612349454646430813e-02 1.865724388723704052e-01 1.227855895172376005e-01 6.589725075382346642e-02 1.650131681012148854e-01 1.073831383239676751e-01 3.235483669597504774e-01
4.687500000000000000e-02 2.773751847701796946e-01 1.782650383562561780e-01 1.095622756613656990e-01 4.257172045589673742e-02 1.426102230926100112e-01 1.175925325566826857e-01 6.825726349383751113e-02 1.825450594383172254e-01 3.780043724404559546e-02 1.174343726618662515e-01 1.485776104818356258e-01 6.553088397065334747e-02 7.454320928956749137e-01 9.354691040987387143e-03 5.689707988245915754e-02 3.244098219367393399e-01 1.018887101327389105e-01 8.846734172622068570e-02 3.870704150441753311e-02 1.624144563637641148e-01
6.250000000000000000e-02 5.433080125979219410e-01 2.709131157435419879e-01 1.312129839152842703e-01 3.329985222539003781e-02 2.070424565369811953e-01 1.041961012697186634e-02 1.013902892244845366e-01 2.654001041353217238e-01 1.318092112472543653e-01 7.576206284260041113e-02 1.393473333789779500e-01 1.763823278058283470e-02 8.140141758302884556e-01 1.340254576829240547e-02 4.105388402057924546e-02 4.952968908578894158e-01 1.820057343298251973e-01 2.383625112562623716e-01 7.507079644511867322e-02 1.667944187551550876e-03
7.812500000000000000e-02 3.895849143676913817e-01 1.324633855901138635e-01 6.377580116605739702e-02 1.191306744514433920e-02 1.912650389803517426e-01 2.030502642659442591e-03 1.076519952772911487e-01 1.901347418099565145e-02 8.335780353344048044e-02 4.670673349473127844e-01 1.781970762290989441e-01 1.279423051555321766e-01 6.550774389065295855e-01 4.903793835377520671e-02 3.722212316639773172e-02 2.699894835991547559e-01 9.684102475525442622e-02 1.936066073346340843e-01 2.971173629725365733e-03 6.981939263127572015e-02
9.375000000000000000e-02 5.440266348391884499e-01 1.560842864052781886e-01 4.135627551408251751e-02 1.482475253323341791e-01 8.120189578371636574e-02 1.124638455832396439e-01 1.124289619348658453e-01 6.218098925961929035e-01 4.922584080105608662e-01 6.935191642217364283e-02 3.665799399644071449e-02 1.357399546418414371e-01 4.929477904879305816e-01 1.386079143207185338e-01 4.004815168632701317e-02 1.991360816434198031e-02 1.215499578170125827e-01 1.962882963311030904e-01 5.945202554902771774e-02 1.420523423586936285e-01
1.093750000000000000e-01 5.143590933728392489e-01 3.313585141297638592e-01 9.347213783127945874e-02 1.420402919221577520e-01 8.164208069217845920e-02 6.149890775503294438e-02 2.853719961050679254e-04 1.842157697325708665e-01 1.903962890113948189e-02 1.444154326716514392e-01 7.488706735850106377e-02 9.128573754712653032e-02 6.627497900919468998e-01 3.029989685142711608e-02 3.509687539458927752e-02 7.872246439621020941e-02 9.513730598454515908e-02 1.977446445477908099e-01 5.800494279698440586e-02 1.438304150750762400e-01
1.250000000000000000e-01 5.093250421786179594e-01 4.786979619319760987e-02 1.754280021930964065e-02 2.685210454269854399e-02 1.956640244239153392e-01 9.325868500492778476e-03 2.033744472191914288e-01 3.806484783672146044e-01 9.244479277901887504e-02 3.273574828475562803e-01 1.675234554090566375e-01 6.627132091507534351e-02 2.739955759041400318e-01 1.380341331530566401e-02 5.338722854967628551e-03 3.569949783073751437e-01 6.483025855660823344e-02 1.357302260217254086e-01 1.203857247803327354e-03 2.229559538459788617e-02
1.406250000000000000e-01 3.573447296247016514e-01 2.656031200439687781e-02 3.679410387431220932e-03 6.151045970596424883e-02 2.748608171583909465e-01 2.688030293322401718e-02 3.641312390462987658e-02 1.279438888117014894e-01 7.717820827102886971e-01 7.425547890769040871e-02 5.874535932013788542e-02 9.538281130610716529e-02 8.719634217136916776e-01 2.531595258829074171e-02 7.008325687177829888e-02 4.061911111119949069e-01 9.493322251421300317e-02 2.048429578263362694e-01 2.163331391243075719e-01 9.218115387303334185e-02
1.562500000000000000e-01 2.168930622651726592e-01 3.413122462846940874e-01 8.626222882699927097e-02 6.829488017980160641e-02 1.372424753850978729e-01 1.315164372915249291e-02 1.373483966339587685e-02 7.715275879591335650e-01 1.843829908701730136e-01 5.260688429462093696e-01 1.288642747145657408e-01 7.442518749059900442e-03 6.252634679472514057e-01 7.807101182000408812e-02 5.948961271542848456e-02 1.194095939872591577e-01 1.619096432870799629e-01 8.738260379615410411e-02 5.264037268255113838e-02 3.243339814093905427e-02
1.718750000000000000e-01 1.553960611667499006e-02 6.139602887773233653e-02 6.950497352179038461e-03 4.487929762268350053e-01 5.244006486374944848e-02 5.952115773645628299e-02 4.160487209821207566e-01 6.917429748717919269e-01 1.326443935749824221e-02 3.332061679317140368e-01 2.145925135666550479e-02 1.332638224459103682e-01 4.057538742010419197e-01 1.403703660179669854e-01 2.718889812070505729e-01 2.336004012205212532e-01 2.542985373846079304e-03 2.421535828774023513e-01 2.300189802657564564e-01 3.562107849567018314e-01
1.875000000000000000e-01 5.588387579062947808e-01 7.369917513293829936e-01 7.486696843831841530e-01 7.193394319441436258e-01 6.505065350166764349e-01 5.707664480930791928e-01 7.767784430817735730e-01 4.435745017831811965e-01 5.607522624911188691e-01 5.254107500992530877e-01 9.570648561830540357e-01 7.078376057782322928e-01 8.486248616064983041e-01 5.418080290916159614e-01 7.262071237646748889e-01 7.319541052845576212e-01 6.951744973398525929e-01 9.192594625298865507e-01 8.621012376514588516e-01 8.755904822633820972e-01
2.031250000000000000e-01 6.639503505939923222e-01 9.262432892545763297e-01 8.902227427518001335e-01 7.602327376689619332e-01 7.137199974903192246e-01 6.916202754912085249e-01 8.976719794862147994e-01 5.597734056450623941e-01 6.282529624293126114e-01 6.181805214460183162e-01 9.789781036366429490e-01 8.224657577725115187e-01 8.384990823841022012e-01 6.268794301211203512e-01 8.737015279350445196e-01 8.038342625908190264e-01 8.358131065371224855e-01 9.533960540786523552e-01 9.104375614846466069e-01 9.360625939119268102e-01
2.187500000000000000e-01 2.357119726506093915e-01 2.395250721939599370e-01 3.671658247992496960e-01 3.429771801436963252e-01 3.990320774692696082e-01 2.272508460727216961e-01 1.400154711799818652e-01 1.295455473615392816e-01 2.558557505932645970e-01 1.161495359747071604e-01 7.391727939584088469e-01 3.884285411935171073e-01 7.685820491416425204e-01 2.737821263385742387e-01 2.090131091239393335e-01 4.812520304370258017e-01 3.647511390978987467e-01 6.204171259242166059e-01 3.961605969231106195e-01 1.967562095488702423e-01
2.343750000000000000e-01 9.931304138687863450e-03 9.689764984945119231e-02 3.457972895144537095e-02 2.874760215390650409e-01 2.972761273333199977e-02 1.103083265179394257e-02 6.225028368056145789e-02 1.191688345502539270e-01 4.864844113461420094e-01 3.771392707837384894e-01 1.358453211853481168e-01 6.324771756404926060e-02 7.381177771323613745e-01 1.002910711556302820e-01 1.965526768990880635e-01 1.133527589667377294e-01 4.615805114426427269e-02 1.849197082830457417e-01 8.004252888949515976e-02 2.338150633760370800e-01
2.500000000000000000e-01 3.186179916620401897e-01 2.932297735665197469e-01 1.548605384074185631e-01 9.910590285888908058e-02 1.873504250207009558e-01 6.431919307987586654e-02 8.842427186574709774e-02 1.978135254263974907e-01 6.485623794567037248e-02 8.185929276536482724e-02 2.020591613038026646e-01 9.849324774798685900e-02 8.122480797288678112e-01 6.021184353044650543e-03 9.518450273461822111e-03 3.451849986501607792e-01 1.001676337570888697e-01 1.029786256592866850e-01 5.009884553358466552e-02 1.272728703528505090e-01
2.656250000000000000e-01 6.176317966402465887e-01 1.954660878574797922e-01 1.111519907406038205e-01 1.889102681795787678e-02 1.986656996136834663e-01 3.053539729323633337e-02 8.510270621735195606e-02 2.911441845677396056e-01 1.208313694403844868e-01 1.623260958938372578e-01 1.419994875975572335e-01 1.839509634508383791e-03 8.337268616320234749e-01 1.103457538583310985e-02 4.836302007235399741e-02 5.094939375616005517e-01 8.776996418321149351e-02 2.305514845630464715e-01 3.449575177068470166e-02 1.651759313021136611e-03
2.812500000000000000e-01 4.076221005640192074e-01 1.379748064105219552e-01 8.074252081410240867e-02 5.537477870605303845e-03 2.114306915308742929e-01 1.148628731356982633e-03 1.079961836750068932e-01 4.253699801967637806e-02 3.041987310690855498e-02 3.253782451274443988e-01 1.292176712736835820e-01 1.394668560608608165e-01 6.742584441416861196e-01 4.021077959935815543e-02 1.349523479793395854e-02 2.624884637153040989e-01 1.146378606248957960e-01 2.163789984299147318e-01 4.216672432196632084e-03 8.562564399760097533e-02
2.968750000000000000e-01 5.971634920992182627e-01 2.314216140483118245e-01 7.475740573750339069e-02 2.866307352048917956e-01 3.884698949750006736e-02 2.858213687165486738e-01 1.480152779248100348e-01 7.460621348517435525e-01 4.794363190085467186e-01 7.518889813536140665e-02 1.766583946472406741e-02 1.546072353144319622e-01 5.154574607471819059e-01 3.596266451774609019e-01 5.391157015570131883e-02 2.994422996844092397e-02 1.455243596109752902e-01 1.396811868205537766e-01 1.054695920790570118e-01 2.075705013876840976e-01
3.125000000000000000e-01 4.650068496608088520e-01 3.445592015539251651e-01 2.065502728509146235e-01 4.776534268487525603e-02 7.141397823862902228e-02 1.203194005096002717e-01 7.872237569495064632e-03 4.119845654571914206e-01 1.294971260723033757e-01 1.262358701228128433e-01 7.916301849881926533e-02 1.474675223983116512e-01 7.622452393039939045e-01 7.989543937579675348e-02 1.837560955235654917e-03 1.321162997584458543e-01 2.262325256483556091e-01 2.665392375806087677e-01 2.950448803425801889e-02 1.832066749605146816e-01
3.281250000000000000e-01 5.050278245664534538e-01 2.912906719087577159e-02 1.769659770956395761e-02 2.338902803466888416e-03 2.695854379941609036e-01 5.482031657628946581e-04 1.735497124803470070e-01 8.310559819277485438e-02 4.526960733480410448e-02 2.730969691322321369e-01 1.515293725602284702e-01 8.116105181782105882e-02 5.302510580778304616e-01 2.899636324057985447e-03 8.027285815634258373e-03 3.781395652341760782e-01 7.989448415081998323e-02 1.747938751752786124e-01 1.085386750544672582e-02 6.872878347568178725e-02
3.437500000000000000e-01 4.090267367757781658e-01 4.069378010904252385e-02 1.680634829101564160e-05 6.562372014847410971e-03 3.157982045637723889e-01 3.400988384868446068e-02 3.615480838920993867e-02 2.385800855863390302e-02 7.014316922456820258e-01 4.851760985926521080e-03 8.198323574731551655e-02 9.580628886305564418e-02 8.514905331126760846e-01 6.945312418763046518e-04 1.545056291723825165e-02 3.622695718086942351e-01 1.171702698104963025e-01 2.052942634994990301e-01 8.359319514770127690e-02 9.398480751468306360e-02
3.593750000000000000e-01 1.786608380910631733e-01 3.407037550520577995e-01 6.994402019137946347e-02 4.357405568800858109e-02 1.069531166025069480e-01 1.070956916808215361e-03 2.994886006601770248e-02 7.229784460774538735e-01 2.289418213617018250e-01 5.526377836178022473e-01 9.312078234257049891e-02 3.231042771833570089e-03 5.406402443267744884e-01 6.328004076542774470e-02 1.285891129733681693e-01 1.196776510937393873e-01 1.847805612089790661e-01 9.477413804789029672e-02 1.034431523891774229e-01 8.241211675459704511e-02
3.750000000000000000e-01 3.569967698382050386e-02 4.839785661510648263e-02 8.131338464703971591e-03 3.928991489753469457e-01 1.354407691255106183e-01 7.617883253681512201e-02 4.503519789770571990e-01 5.952983487305960608e-01 9.244861643658649651e-04 2.043352365830761463e-01 3.882208570492792082e-02 1.009258343484355502e-01 2.613196810311752549e-01 7.766508047783787783e-02 2.131399474182381348e-01 2.416459527850640665e-01 4.964147909187071467e-03 1.663269865238299061e-01 2.190130244237157020e-01 4.752260351567326180e-01
3.906250000000000000e-01 1.835208903260603965e-03 1.458114198426828934e-01 8.286412940981258135e-02 5.769887183114272983e-02 1.857814979051262277e-02 4.480546255297333108e-02 2.839761342812076039e-01 2.049389909740422996e-02 6.063617811781380623e-02 1.739316361331342750e-03 1.246079968561056017e-01 6.425428992559835406e-02 5.327828731108914806e-02 5.035924055264744126e-02 9.887421490970876858e-02 5.569917447905656932e-02 1.190406297282076663e-02 2.832745602120231854e-01 1.325348325674310379e-01 1.385910816689373548e-01
4.062500000000000000e-01 8.860832434421974865e-03 2.779045550565954759e-02 3.656858727565304862e-02 6.580915848265421475e-02 2.809345372834637020e-02 3.396826368938982849e-02 2.896648639131755854e-01 2.534344083876604800e-02 6.843058891873701755e-02 1.144307455351376533e-02 1.831808029401048310e-01 5.757544779213596281e-02 4.323785497371288034e-02 8.567079608929303869e-02 4.012987049819263796e-02 5.049545496166843450e-02 8.271809862870994684e-04 2.695705236438750152e-01 7.121309449660130630e-02 2.383760894380050621e-01
4.218750000000000000e-01 3.707381136479798861e-03 2.229858325786062689e-01 2.413984182088741159e-01 4.757827940214519047e-01 1.280974602986096611e-01 1.596263529851761898e-01 5.973012230520181598e-01 2.429236793000669747e-01 8.582200668911316860e-03 5.103144942036592913e-02 4.108170121264411584e-02 9.909789382130788915e-02 3.273914598676864324e-02 8.936278991354593138e-02 4.924870531451072675e-01 6.743242861455313319e-02 2.687352494896991240e-01 2.424963891408922489e-01 6.625892649057285588e-01 6.728019105078482109e-01
4.375000000000000000e-01 8.378070241666034368e-02 3.300607330472038470e-01 5.265555250192008319e-02 2.571767653025711642e-01 8.567583113923159244e-02 3.426001623810433910e-02 3.042680357580103846e-03 5.588863183537495782e-01 3.641904058556719170e-01 3.994431831134442890e-01 7.430814306064191521e-02 2.926518558580212120e-02 6.303992017737581888e-01 1.095279587081716965e-01 1.545406841625083239e-01 1.589351850891771722e-01 1.514251271499672813e-01 1.265929660146527524e-01 9.780283818652647787e-02 1.117900414040747942e-01
4.531250000000000000e-01 4.343948595773509669e-01 1.043660779618912349e-01 9.205959217365825009e-02 1.517229277245180086e-01 2.141015920436475650e-01 1.073309204598947714e-01 1.470013300687496860e-01 1.581906872439930722e-01 4.253077408152983185e-01 1.075893145820880532e-02 1.537519167646052010e-01 1.449647729312816546e-01 8.673048116743666824e-01 9.834389162856210526e-04 1.670032503794182874e-02 5.289314393803578040e-01 1.075686425921212885e-01 1.252287362448310792e-01 1.815427980338104874e-01 8.766194941004648578e-02
4.687500000000000000e-01 5.139169988693974567e-01 1.450473968571867334e-01 3.238299195328796232e-02 9.745370808080055722e-03 1.614114071083758428e-01 3.129703928195039925e-02 1.597031937459661710e-01 2.457215737543997358e-01 8.065633763836900505e-02 1.999649322264768492e-01 2.172518840737877599e-01 4.478876075680579549e-02 6.514974923245036020e-01 1.029938588536789650e-02 1.023675306178877323e-02 4.448625427191476578e-01 1.578400979638455714e-02 1.956114640441663222e-01 6.366345206311340224e-03 1.137157977348112565e-03
4.843750000000000000e-01 3.739461892552118361e-01 2.949306283670178885e-01 2.095703578690367164e-01 1.784851969620215124e-03 2.028722028450706538e-01 2.949313982215833602e-02 5.283473376094257462e-02 7.781652731765834052e-02 1.374987084550851613e-01 2.984292672475049035e-01 1.484416891097863900e-01 1.812509632304716567e-01 7.514500140042559284e-01 1.380962822097328568e-01 2.248053327256897480e-02 2.166967695320690945e-01 2.367369649628884853e-01 2.569855529439198372e-01 1.063083584381055088e-02 1.115550680323384586e-01
5.000000000000000000e-01 5.641194252749777149e-01 2.493107297875143125e-01 1.579303955602985865e-01 3.017639873472388046e-01 3.235688196026886149e-02 4.109169301766996130e-01 1.322222379365143863e-01 8.384295706768262191e-01 5.602037325765947262e-01 2.994743359696052515e-02 2.020235424655338063e-02 4.680835592693912695e-01 2.030406030424293240e-01 3.646295798622121720e-01 3.717983795471575814e-02 9.306036010674933329e-03 3.114240881338178335e-01 2.666062080621732222e-01 7.080529693897617827e-02 2.815836707209243284e-01
5.156250000000000000e-01 3.372127271106586388e-01 4.816884852429993424e-01 5.627909517107843040e-01 3.646750881653408882e-01 1.178199282077237037e-01 4.329153732762345275e-01 1.603120481179400314e-01 7.503075385357192983e-01 3.072849639468741012e-01 6.332080221780495011e-02 7.702919737434468783e-02 3.398318345402360219e-01 8.300915211954373873e-01 2.954532221007611370e-01 6.086539994803030762e-02 3.302987237203269810e-01 3.799501145174181693e-01 3.493818995334024846e-01 1.918786192006437519e-01 5.675236279543266482e-01
5.312500000000000000e-01 1.619314418160293922e-01 2.280706976575100631e-01 6.543450852502605275e-02 4.696253320186624669e-01 2.068789920184376796e-01 5.382239551155511455e-03 8.598648582635425031e-02 7.756635180943013408e-01 2.240337724066232550e-01 8.566727534852276726e-02 3.009168769475392691e-02 3.181918273148511278e-01 4.019209943092350024e-02 7.928734375843793369e-03 1.048542677834727321e-01 3.763352358342962334e-01 1.853300257476365176e-01 4.648339747854045023e-01 2.256800595370965778e-01 5.096716657382245330e-01
5.468750000000000000e-01 1.812863656512609389e-01 1.971469709669861903e-01 1.657373500788188181e-02 6.756599412330337451e-01 2.752718427590232775e-01 1.143021970426186390e-01 2.922339866691646693e-01 8.639906263515252371e-01 1.352802106478107058e-01 4.426713304471460164e-01 8.044076056976437461e-02 8.367155955584032467e-02 3.601157521472111989e-01 1.037963701296240084e-02 3.924320553294844971e-01 4.823310235145059771e-02 3.581401805264509269e-02 2.432131589623724444e-01 3.362490425745793821e-01 7.395148710249860313e-02
5.625000000000000000e-01 2.814419517019682293e-01 6.160386224573451142e-02 7.926654709441072200e-02 4.484018065469750902e-01 3.536507407716817930e-01 1.663667166085120719e-01 2.185654154169982821e-01 1.713277255470748578e-02 2.923374046256949632e-01 3.296439628684648127e-01 1.949659482011713296e-01 1.699406827004324230e-02 1.312573846763601289e-02 6.090391934280401515e-02 1.925954806147085752e-01 9.744244443990063287e-02 8.690711476548361458e-02 2.032625554434241283e-02 3.109863508190145454e-01 3.356914366312542253e-01
5.781250000000000000e-01 1.551891629615545221e-01 6.331711209973929499e-02 2.365608082984100302e-01 2.583891070189736627e-01 1.718963963498650327e-01 8.066880015921031044e-02 4.718435383920913107e-01 1.378592429622187698e-01 3.852884630687530149e-02 5.606351672933893721e-02 2.990895540774066719e-01 3.407027507039553371e-01 1.566233131438284909e-01 1.644820425434428413e-01 9.143174291655546682e-02 1.194101186185057284e-01 2.716453450313489615e-01 3.572254415070262312e-01 2.554199862301338442e-01 2.922068654024575496e-01
5.937500000000000000e-01 2.373134108494053679e-02 3.581411628317658635e-02 5.707614976388829253e-02 7.663237355380003724e-02 1.363243924237157907e-02 1.368102549061679107e-01 7.388731912005815083e-02 9.842402731291416407e-03 3.114666813159009187e-02 8.009321877526601749e-04 1.541872715355935841e-01 1.077476571913089098e-01 1.399489398734447276e-01 8.196963916644260661e-02 8.759661437510055104e-02 7.589818209710813557e-02 1.757686266060330335e-02 2.255124095352217528e-01 9.421953662801089979e-02 3.691822055680313991e-02
6.093750000000000000e-01 2.836190496646885661e-02 5.879496014923868419e-02 5.531901410407400604e-02 7.289224274657989111e-02 6.814423316910625528e-02 1.696048956875718383e-01 8.074950718926469928e-02 4.419104942712842281e-07 5.034975547203228430e-02 3.446649088457042626e-02 1.389581411052305537e-01 1.557947688008742282e-01 1.554958076066725869e-01 6.432475196941243867e-02 1.416725640001173236e-01 9.256702044769522797e-02 4.209083832818145965e-02 2.360181441906315236e-01 1.159885005697028071e-01 2.545877342297503398e-02
6.250000000000000000e-01 6.602021961488938051e-02 1.046936840063616009e-01 1.363833194789705605e-01 1.262734101386639163e-01 3.993637118570399908e-02 1.286023046669312053e-01 1.971908843466380623e-01 1.567056280143836466e-01 1.026559787663923196e-01 4.990867888181449996e-01 2.215251515637513546e-01 3.441290242773287766e-01 5.784514815372167051e-01 1.089604570109044615e-02 3.732606022109016264e-01 2.004367689518176121e-01 8.309354740023784658e-02 6.842371162414041807e-02 7.811403496730544294e-02 1.069622594662317239e-01
6.406250000000000000e-01 3.877458869110779749e-01 2.938848721714821255e-01 4.513761174670938292e-02 3.559617043284454135e-02 1.813546147263972730e-01 7.153515109956739941e-03 2.607079628361868781e-02 5.696071723905362649e-01 1.936208635478078588e-01 5.208404991024923048e-01 1.135256525170958847e-01 1.079721007900578608e-02 4.854226351569650988e-01 9.746756229573749764e-02 8.833979853332322996e-02 5.243202032953334785e-02 1.318826770807456084e-01 6.440556303588861053e-02 9.595594335295437594e-02 3.256265658608415575e-02
6.562500000000000000e-01 4.501613395682869667e-01 1.262066247788592652e-02 1.016059537048836364e-02 1.663904697369210026e-02 2.804447779558620346e-01 2.616835683358015655e-02 2.342340961273945213e-02 1.015061195954531925e-01 4.977020252718697968e-01 1.973838607782212907e-03 1.242017766634443687e-01 1.195643134056641188e-01 7.441209466092660874e-01 4.062732514834503476e-03 2.484552967374346107e-03 3.062678954540116738e-01 8.120419471921837273e-02 1.164290226428829067e-01 1.165682135180978185e-01 7.868322676286072792e-02
6.718750000000000000e-01 3.164389117961514675e-01 2.266666037493101915e-01 1.582850233185500166e-01 1.261307607660865082e-01 4.126533974566523599e-02 2.234694948488116090e-02 3.342649738414641414e-01 4.669923663786578194e-01 1.501336834559116873e-01 5.395745735140754507e-01 2.672102259998792584e-01 2.523259591194305235e-02 2.668632042873870236e-01 9.602337377242710359e-02 3.191122173960577596e-02 2.929637334965905504e-01 1.372146685146100331e-01 1.465132648236263380e-01 3.164391772764864330e-02 4.519956941587036960e-03
6.875000000000000000e-01 2.009822812797930625e-01 1.910812662680448082e-01 3.540093434671758715e-02 1.956603125112545416e-01 2.203866723276068640e-01 2.153730116688743271e-02 1.842966594848690146e-02 3.651176168549543077e-01 3.640565000561252762e-01 4.303300088434730553e-01 1.913263645355346432e-01 1.251559108405920218e-01 5.482747206335969459e-01 2.165308138395123649e-01 8.701958036335516455e-02 3.405114895581468765e-02 3.126645810034712342e-02 1.764345899350312774e-01 5.741734095209537203e-02 1.367538936480920328e-02
7.031250000000000000e-01 3.349604992574480300e-01 1.368530707989072115e-01 9.683850644195061974e-02 3.521818366693707514e-02 1.712641042692767401e-01 1.265043118070449113e-01 9.318742781892340454e-02 3.030548604893192888e-01 6.457208829854028664e-01 9.715908258604080694e-02 2.356468140042821194e-02 2.134754856006501333e-01 4.704054198109189899e-01 3.049152130804066441e-01 1.138215113874915287e-02 1.420405900961239443e-03 2.764079193795856426e-01 1.894660138078867184e-01 9.982597461490433713e-03 2.620990102964687249e-02
7.187500000000000000e-01 1.836313698131284700e-01 2.087384466575719633e-01 1.126081576712115589e-01 2.730846981001167420e-02 1.216996812088474295e-01 4.190604890034028279e-02 1.696665975348455313e-01 2.081676375402862489e-01 1.551482818714580991e-01 5.388504309957907745e-01 1.889552995208554076e-01 1.531126606309636540e-01 7.462980244436584476e-01 1.030852349396754741e-01 5.596169068774843602e-02 1.806932404935374381e-01 1.187885705668076247e-01 1.345880563706384203e-01 3.337814863970840068e-02 3.493605267312165086e-02
7.343750000000000000e-01 3.901684921588404187e-01 2.493777812556059181e-01 1.025241419052988212e-01 7.105838484109212871e-02 1.483315968030848864e-01 1.077260659070350748e-02 2.361392856041565069e-01 8.392183017999318984e-02 2.178812522455439438e-01 8.890006699064283147e-02 2.150302344653962916e-01 1.226120490935870069e-02 6.090483660993545323e-01 3.729284335292647884e-02 8.905025734917600957e-04 2.903542567373316174e-01 9.000979780497136984e-02 6.796149668269253763e-02 1.305632894046059381e-02 4.222078105890229860e-02
7.500000000000000000e-01 4.531963259111388420e-01 1.056081286603618441e-01 7.157402701392719113e-02 7.674724730088734216e-03 3.351035939589743218e-01 8.836599298609908171e-02 2.771060814739579464e-02 3.372859478303680825e-01 8.252782504928692087e-02 1.493462676188654636e-01 1.043591659520526488e-01 1.223531725190214609e-01 4.862722351374005325e-01 1.462222232773827471e-02 6.850265192065070619e-02 2.160657080198192803e-01 1.401235091820593644e-02 3.764287638432320393e-02 3.781352654494726101e-02 1.395471907996427008e-01
7.656250000000000000e-01 1.596580333849686451e-01 1.963959376256112777e-01 3.862389553032468531e-02 1.424536939603085195e-01 1.353746669594785845e-01 1.591356308605976905e-02 3.976981624222269973e-02 1.970507294429431622e-01 2.829917754340645075e-01 6.830363549172264737e-01 6.773130840171151523e-02 3.580781404706916138e-02 7.877286981779781927e-01 7.120283330772846087e-02 1.464294554312663144e-01 7.416032893761488609e-02 9.447371279689714685e-02 8.769984301989078301e-02 1.152693497406635376e-01 2.531561877663390803e-01
7.812500000000000000e-01 2.120643662413473560e-02 3.076398388850372645e-01 8.946906709099154698e-02 2.562744270397656621e-01 7.280494412586230313e-02 4.432275402494755684e-02 5.900590795110228770e-01 1.495129299841269355e-01 1.510601148551409256e-01 2.110752328366104734e-03 1.220045317514112521e-01 8.719713584407142934e-03 7.486874469876737825e-02 4.310278118132853525e-02 4.910821115148263083e-02 1.352089632083769422e-01 8.144723652808043279e-02 2.935470120071556055e-01 2.940463129032986900e-01 3.432195565505580248e-01
7.968750000000000000e-01 3.303048732191517234e-02 5.693980748585103502e-02 8.330705521353010123e-02 3.930934130755914940e-02 4.276788048103015438e-02 7.621697997529656987e-02 2.188712139815431890e-01 1.157069973071018533e-02 3.461375649807844901e-02 6.942063843200403650e-03 1.379014582025138158e-01 1.956197289503772835e-02 5.253866883835975332e-02 7.390321892234769097e-02 1.374496275954459612e-01 3.903473249577840004e-02 3.871401563473391566e-02 2.001552392540313086e-01 1.881223760393809785e-01 1.234869300196201752e-01
8.125000000000000000e-01 1.170262356791650082e-03 9.860927651166065400e-02 7.734779357638467412e-02 1.091815959099638744e-01 3.214159596105022748e-02 1.527402674880881661e-02 4.688717567118906859e-01 4.156766864912443682e-02 9.843514377370833623e-02 5.808483442660030728e-03 1.832661421228466148e-01 9.306198338335160136e-02 4.110530259394165609e-02 7.105479549617130242e-02 1.432413099430624066e-02 7.366488396289935792e-02 4.582459128539456000e-02 3.564276955016880688e-01 2.867819885484435560e-01 4.084553670601009934e-01
8.281250000000000000e-01 1.200504488045665494e-02 7.647541191051893117e-02 4.567841403448815590e-03 7.382250397234357830e-01 5.575936124644767511e-02 1.163406473348452541e-01 2.954174076038607044e-01 4.090648566387665164e-01 3.534151485146521110e-01 3.287426111468172429e-01 1.083631580479320067e-01 1.298963296067414397e-01 1.958842100370821737e-01 1.200647238453871335e-01 5.572463199759759567e-01 1.621805279604210948e-01 1.089322135433371114e-01 3.033121256424332612e-01 5.116850989972221431e-01 5.767016836471536845e-01
8.437500000000000000e-01 1.031559919291304556e-01 3.773308082569943878e-01 1.316037837361761775e-01 1.944148583484041903e-01 6.054385978414740521e-02 4.620764846786451496e-02 5.230784816693478251e-02 4.789043490980685047e-01 6.174575282335340032e-02 2.385493382349795355e-01 1.524486479020117358e-01 2.179120986378323480e-02 5.009857339427117306e-01 5.351424733424292590e-02 4.584472599303628798e-02 3.164511341711943593e-01 1.934810877974188215e-01 1.395435672593630660e-01 4.212065764921173877e-02 2.924275262445256290e-02
8.593750000000000000e-01 4.885614884074586661e-01 4.356206104864458056e-02 1.273614530270803305e-02 2.057326039681086072e-01 2.329599259100308406e-01 3.592376789306280654e-02 1.350940643711048272e-01 4.105595291552358583e-01 5.215133903575955854e-01 1.855927680168353855e-01 9.441658288766030527e-02 8.385416823126225216e-02 9.066775360216973167e-01 3.485110864369539430e-02 1.400622978445766886e-01 7.175029314752932041e-01 3.949236880683368311e-02 3.617047459098898243e-01 2.818628990251816346e-01 5.025058183760552216e-02
8.750000000000000000e-01 5.875815543280249464e-01 7.166351909007032117e-02 5.831731106445476286e-03 2.483496791569581377e-02 3.423937255204969055e-01 1.752205070455096353e-02 1.125019208769184598e-01 2.858121243755107899e-01 1.053018985590207790e-01 2.910725789288854393e-01 1.218618690182092790e-01 9.579590386670404356e-02 4.441998164696750462e-01 2.661786886497974000e-02 1.240501949883819274e-02 4.185392567040188139e-01 3.723710231314483754e-02 2.171211323325276388e-01 1.193613179088358345e-03 9.452860339948038204e-02
8.906250000000000000e-01 5.869656583845728193e-01 3.243122660317275252e-01 2.495375735630588065e-01 1.040267808997784732e-01 9.359023868427261694e-02 9.803719645760854140e-02 7.581340414212907677e-03 4.758219742386910478e-01 1.879366491736825517e-01 3.544464628379204174e-02 5.935573522037271982e-02 1.651288979604201568e-01 7.166072210232371509e-01 1.752741410781945008e-01 8.036897041386749374e-03 9.700165871381044580e-02 2.324647268721868332e-01 2.377268507855255231e-01 3.158078703902963968e-02 2.616188245185930850e-01
9.062500000000000000e-01 5.246864674617811586e-01 3.150959082648353560e-01 2.031208788639867202e-01 1.148117004815861902e-01 3.950770276711203233e-02 2.497086580922377730e-01 3.151290745958716666e-02 7.761391159159528597e-01 4.748768176523848750e-01 6.317675057372292013e-02 3.738845052599575752e-02 2.288476321458478568e-01 5.838752145832932783e-01 3.490345653357732059e-01 1.677443189599549592e-02 6.833902627845520050e-02 2.409614511841973450e-01 2.728856328204858350e-01 5.320551717384140733e-02 1.676818410249417690e-01
9.218750000000000000e-01 2.949413087175871140e-01 1.297800393112321649e-01 9.793252702473130566e-02 6.684099397218017796e-03 1.898108808774005007e-01 2.903353315870020254e-02 1.812278860152745363e-01 4.912400825778869690e-02 5.976129986200812844e-02 4.050547531051592043e-01 1.812865338475874721e-01 1.528129309906935129e-01 7.146681430535691826e-01 5.836789883468995049e-02 4.458471807364922795e-02 2.853098814734781885e-01 1.376407417404631184e-01 2.059018243834736805e-01 3.442743515698870604e-02 7.781941084265796282e-02
9.375000000000000000e-01 5.249577515899842561e-01 2.081571613258101638e-01 7.824787778001598970e-02 2.472006568018414105e-02 2.093271806460716700e-01 2.162263163416212192e-02 1.111072018263022515e-01 9.031326993471774922e-02 3.906675216720977839e-01 1.053238527365653321e-01 1.666357827508800349e-01 2.496735330333956730e-03 8.398344601521839925e-01 5.667109053977918698e-02 1.502215955872946655e-03 4.454759406044264125e-01 7.915976848385555820e-02 1.792687095490354543e-01 3.656481871471196042e-03 1.531291442183964346e-02
9.531250000000000000e-01 2.848778157039745240e-01 2.838686652274517996e-01 1.633477072569729793e-01 5.996948831794900875e-02 1.712794902410623432e-01 1.048888172112129313e-01 2.666797775911419061e-02 5.131907281381999919e-01 7.531503667252706369e-02 2.265132647711091129e-01 1.344915104088721669e-01 9.371110605133026183e-02 4.858693537012284125e-01 5.200119997254445958e-02 1.173633281178413090e-01 2.692309543857867027e-01 1.181544996080157867e-01 7.452953391326379295e-02 1.202804676591532895e-01 1.112917199080862979e-01
9.687500000000000000e-01 2.255415586459950938e-02 1.324297155052226727e-01 4.260470040927762797e-02 4.375858807620442437e-01 2.849196187069248654e-02 4.406879719115074090e-02 1.430391569831859500e-01 2.078977127698334315e-01 5.527616379631442589e-01 6.867936163860566268e-01 5.866633435298615473e-02 8.754901458913807999e-02 7.815329909349958415e-01 2.051404112967942783e-01 3.847896220297715719e-01 1.531297497768249194e-01 1.598806552904328271e-01 1.891434951287463417e-01 3.216851800254320604e-01 4.183438357605415159e-01
9.843750000000000000e-01 1.137676604974146091e-03 2.267336980303818750e-01 1.835274229902566223e-01 1.863950086704910247e-01 5.992562545069116120e-02 1.007516993911064702e-02 5.989637304207205970e-01 8.795345690850631115e-02 1.002699474696269188e-01 1.361767275180423772e-02 1.405017783111818519e-01 3.408907358510005620e-02 5.005048697914964151e-02 7.861130522749189276e-02 2.410670571448253474e-02 7.907572145482717751e-02 1.007794198635272864e-01 2.754498408486869554e-01 4.034990130972622713e-01 4.729049606837667508e-01
1.000000000000000000e+00 5.062713483246868845e-02 3.885957949973684045e-02 7.415799670693076773e-02 4.081182604123633623e-02 5.714964541828809752e-02 5.732672163424704093e-02 1.849364677395289314e-01 7.354903491511058725e-03 3.203052775632975885e-02 1.078570587926868177e-02 1.611034034699089790e-01 4.877456997166405503e-03 5.081133536375122967e-02 8.553110466929207678e-02 8.492565788832116824e-02 3.916003367952236580e-02 4.718418537756178394e-02 7.286560763349297920e-02 1.291420216648516694e-01 6.392667056669479320e-02
1.015625000000000000e+00 4.446962369299245314e-03 3.064228263590713652e-01 1.375910292158917247e-01 8.776557787459308979e-02 9.405986474121622032e-02 3.837436206088547935e-02 5.440388263413855618e-01 6.063416390471856876e-02 1.218464197247824954e-01 1.558333235237312035e-02 1.065079239992222371e-01 4.480611644265180410e-02 7.590957936156116082e-02 2.888393172512966622e-02 1.132436883934840322e-01 9.065537875717000205e-02 6.411130615351022521e-02 3.513412301098202128e-01 1.567652021939525964e-01 3.489290823002328956e-01
1.031250000000000000e+00 3.497957554553036280e-02 5.014137181226650808e-02 5.727473327669575093e-02 2.211643848790167954e-01 5.085385707404653510e-02 5.400609504586331711e-02 1.023173550651926417e-01 4.994439294728703627e-01 1.812707060859907182e-01 7.015757460603914142e-01 9.420329239933337984e-02 7.829990329382206793e-02 7.982082861115409322e-01 6.759808443901162145e-02 1.618597318177502076e-01 1.536515014613707431e-01 4.304449964541080115e-02 2.023241642668719698e-01 1.283070944428555682e-01 2.870984351443923166e-01
1.046875000000000000e+00 3.266045597213107499e-01 2.250972290566298495e-01 8.314897765800022267e-02 2.516565190407982471e-03 1.719607409903879669e-01 1.450235835340782029e-02 6.105650153085863396e-02 3.720437872340264240e-01 9.561868551866241350e-02 2.122672202825821031e-01 1.341869505581680111e-01 3.046606199362751274e-02 7.067258700603370469e-01 3.524467692249840661e-02 1.449264943441587183e-01 2.052810216018744749e-01 1.203246861885525903e-01 8.347997836390351478e-02 6.439063119532727197e-02 1.214763339388285762e-01
1.062500000000000000e+00 4.499263032534720486e-01 2.892397506051088696e-01 1.885324167544064344e-01 6.312896653372904524e-03 2.738821593074952654e-01 1.517763908211360382e-02 9.212956569527923356e-02 6.432461053689370045e-02 5.818652541447398852e-01 1.257882457629293793e-01 3.252569806399917968e-02 5.176161933442648827e-02 8.142864350216829639e-01 1.601961416110739556e-01 7.077926365032964628e-02 5.246514031345348439e-01 2.715203841920181271e-01 2.464346382432564264e-01 8.822839496118008162e-02 2.161890956996745383e-03
1.078125000000000000e+00 3.745752106226342693e-01 3.206082512852652389e-02 1.571706138329317243e-02 1.003143786640225618e-02 1.201198327077207806e-01 1.875161628499479862e-03 1.825234498520288129e-01 1.142917493189777173e-01 4.948843681879595835e-02 4.735277532206043083e-01 1.953815027452205921e-01 8.124154133825187141e-02 6.208716409994545771e-01 1.193525254670014211e-02 9.702265161031981000e-03 3.042956939927741744e-01 6.911662161193059262e-02 1.957767491669432092e-01 1.010092049697941009e-02 6.751976419347423264e-02
1.093750000000000000e+00 5.381425985913498300e-01 1.775154159306849000e-01 5.078893888684047481e-02 1.457759162054521607e-01 1.011102710426645401e-01 1.088430429121438892e-01 8.285170722381549058e-02 3.682447494154149070e-01 2.076275002783064816e-01 5.824995537021188802e-02 5.747067440611828421e-02 2.098558226180141997e-02 6.615970052850903560e-01 2.219208453727419261e-01 6.401600061247685047e-02 8.672282394856446752e-02 3.846972201203308767e-02 2.473455675467071402e-01 1.140198338102716841e-01 1.332331491794451761e-01
1.109375000000000000e+00 3.117878936508233778e-01 3.606922479989194130e-01 1.553850636122146023e-01 1.262612004771947356e-02 1.473472739269773846e-01 6.085869562515435621e-02 5.041037500681498813e-03 2.163350750893924535e-01 2.902677732904688779e-01 1.626691451049129544e-01 7.193069435712624859e-02 1.799759273043161356e-01 7.019123420237634026e-01 1.710658616488839046e-01 3.266424022524525624e-03 3.772379603518791202e-02 2.050432521173807254e-01 1.511704885035916324e-01 1.985476220798080681e-03 8.276007139042311500e-02
1.125000000000000000e+00 3.400734290700011542e-01 8.370833256044606097e-02 8.458910278385604539e-03 2.695431832456661458e-02 1.664122115194982265e-01 1.135348916327362338e-02 2.500596752570198311e-01 1.000290650200323511e-01 6.362025573588454830e-02 4.061024488041970470e-01 1.689545130836471454e-01 1.234096285662055342e-01 5.626369836026575699e-01 5.356192496903135897e-02 3.347980128831991309e-02 2.612710037586660761e-01 1.369154885264076658e-02 1.229973531094856048e-01 1.907496931562080444e-02 3.728858664034954973e-02
1.140625000000000000e+00 6.805052012811435569e-01 1.306512870855030262e-01 8.976222930427102398e-02 1.324442617005967826e-02 3.497132822232439375e-01 6.706527913065587869e-03 1.572104862283929191e-02 8.368938597909309982e-03 7.810528263129004056e-01 4.053196296214119088e-02 8.152680571179256319e-02 4.305411736270414041e-02 7.900421908993375819e-01 4.273328573717833506e-02 5.287518063432468385e-02 4.095961656939827167e-01 1.820897921222870419e-01 2.008740773191372009e-01 6.549745145477506303e-02 6.820878100338749472e-02
1.156250000000000000e+00 3.126235852993754505e-01 3.460884379445502423e-01 8.034918372141036658e-02 4.946072684654728019e-03 1.015297437175368828e-01 6.035271555662505630e-03 5.726945962954871350e-02 5.558989885997568381e-01 2.004307602248099340e-01 4.610829190835274982e-01 1.145301965594356791e-01 3.185634606050334605e-02 5.407286502177180987e-01 8.062401445084883822e-02 1.487190943726944270e-01 1.205264277881249735e-01 1.392864398921682401e-01 6.676795721375741732e-02 7.512089147524672605e-02 9.985826386258117582e-02
1.171875000000000000e+00 6.382375101173587417e-02 5.997810307249845652e-02 2.174594932282261292e-02 2.355295665556723372e-01 1.502583080441372287e-01 4.339157982078233056e-02 2.136044741367094102e-01 8.725793390317642118e-01 2.336038120832768100e-02 4.223349625570490540e-01 7.444104933555587000e-02 1.404314843137068336e-01 6.435706630106036163e-01 2.049221439360611741e-01 1.633728444790071843e-01 2.397075282674303587e-01 7.030069031452415226e-03 1.073865262628169864e-01 1.298436179979955141e-01 3.568064950392222379e-01
1.187500000000000000e+00 5.146037528386368520e-03 2.333152869128339857e-01 1.455450678996482172e-01 8.036268483126386697e-02 4.969311570125927065e-03 1.753978587845772194e-02 2.935918095656808169e-01 3.859872972024993437e-02 6.530266630826134233e-02 1.249829531044827080e-03 8.774985776634681989e-02 6.851014831666507598e-02 5.513626846020037303e-02 4.792951534874785591e-02 8.883727920060108252e-02 4.279819792837998710e-02 2.100105890552468324e-01 2.139466575739374932e-01 1.006899028626098286e-01 1.207984332841888081e-01
1.203125000000000000e+00 3.425404947838411179e-02 2.510604143504649791e-02 6.509133207984367508e-02 3.206875018870722349e-02 1.078174186199775536e-01 1.206474342140452689e-02 3.117748772941579261e-01 3.520455058017783745e-02 8.695304044688360878e-02 1.947065462245033823e-02 1.915602575014103692e-01 6.704120433465618478e-03 3.233337975754397436e-02 1.169141995217154173e-01 2.885932497638457606e-02 3.941020608041705120e-02 6.544370446440600508e-02 2.221924766864632472e-01 2.942499486908536563e-02 3.239012757600240322e-01
1.218750000000000000e+00 1.011303304410226915e-02 2.907706155404339299e-01 1.842807011248577820e-01 3.613416677755313389e-01 6.235920798057947162e-02 2.916569064898581476e-01 5.228218711888836800e-01 1.778716134711219865e-01 5.214001014122116029e-02 7.337908500896427044e-02 1.449744222358966515e-02 4.291181466120019133e-02 1.601265088243551335e-02 7.465373774278231955e-02 5.394447902850431076e-01 8.456235445698036257e-02 1.034864591573538828e-01 7.246370083758385539e-02 5.137908227638089409e-01 5.896967722302203230e-01
1.234375000000000000e+00 3.883048724323544254e-02 2.086882032114031338e-01 1.185089342105286048e-02 2.802043749810280149e-01 1.096694713020719136e-01 1.133152248177160364e-03 3.337218940939652451e-03 2.403429213096170414e-01 4.567599824248501639e-01 4.485902188140800662e-01 8.171148275847053832e-02 6.893922320812871651e-02 7.286764233878829655e-01 1.034706790748507049e-01 2.290115705699974358e-01 7.978409849486689520e-02 4.550788411080901319e-02 1.772521710610318324e-01 1.313036248047888821e-01 2.536969837508239456e-01
1.250000000000000000e+00 3.970212947062201070e-01 1.692827114210337658e-01 1.160129263082623485e-01 7.009461815967345244e-02 1.775128923658877422e-01 6.026447447604867114e-02 9.513940938894115129e-02 1.173410248105232340e-01 7.755817131096845451e-02 5.253324532981436951e-02 1.829372739051709218e-01 7.474821096880358839e-02 7.594750697909008474e-01 8.048429729179518155e-03 7.310395921494321735e-03 3.774626736027027474e-01 7.396221793688764756e-02 8.311845940976403391e-02 4.455549377527912719e-02 1.563786952505848149e-01
1.265625000000000000e+00 5.000798601110518771e-01 3.097628600512980501e-01 2.025807254579634897e-01 1.202911596359081681e-01 1.675319221225011201e-01 7.638128640441206596e-02 1.742626014466094331e-01 4.635925970009187047e-01 9.113861032412534646e-02 2.392206905103611281e-01 2.096766286347720165e-01 1.501979612368234060e-02 7.412098494707841656e-01 3.956026110286312708e-02 1.143786719416332864e-01 5.590051992981959206e-01 2.094923815325102912e-01 2.124387054650598572e-01 2.272136145387218253e-01 2.478253718397154838e-03
1.281250000000000000e+00 4.262462278024514162e-01 1.862811913014786325e-01 4.648464979640042766e-02 4.576655124567489963e-02 2.202323963888886127e-01 9.953199729331672560e-03 9.180914782884838643e-02 2.113710128577042935e-01 2.789696812416561089e-01 5.011063457944540112e-01 1.652519245285763161e-01 1.384515331651439418e-01 4.073315931664819867e-01 1.622860968815126037e-01 4.682629142164306674e-02 2.450430990503018602e-01 2.760400036718213893e-02 1.800544801962314645e-01 9.881709408919102378e-03 5.861371133018183216e-02
1.296875000000000000e+00 4.892208727113628863e-01 8.184411446720829542e-02 7.684260764805947441e-02 2.029338940784995715e-01 3.324363850039362411e-01 1.813524379014446256e-02 2.019813154395409538e-01 4.380904897231412409e-01 4.483269210805858607e-01 8.956568147485459430e-02 1.746736719258911927e-02 8.739117069339216726e-02 3.981375999802536092e-01 3.522378281500502389e-02 1.086583067622273469e-01 7.577189893581555424e-02 1.761853058091796265e-01 9.112486730518479239e-02 1.489508052626572487e-01 1.369274648317023446e-01
1.312500000000000000e+00 2.660770550702588610e-01 2.983188565995548158e-01 1.275016289575215955e-01 8.005441738115885719e-02 1.583837672186750867e-01 2.689680111055465367e-02 2.728852123548904107e-02 1.262032877864738001e-01 2.842922133867915591e-01 3.679184054777294710e-01 1.513358823682260934e-01 1.580965397706970421e-01 3.928979625733943215e-01 1.385627975250086907e-01 5.574790966753053606e-02 1.968612094554907793e-02 1.476228997239057428e-01 1.258488824117099392e-01 3.594356133254003605e-02 1.207911053990994889e-02
1.328125000000000000e+00 3.356415887003729726e-01 1.448315304945020365e-01 1.571792328530224880e-02 1.475554181480618343e-01 1.187629471090301675e-01 7.915097836413968746e-02 3.690070691041344442e-01 4.836512519155211631e-01 2.604259124574725970e-02 4.975814975132327178e-01 2.628365142859626080e-01 8.352953130826970551e-02 2.705482476424923566e-01 2.229326298809045093e-02 7.164847362988004120e-02 2.203910239106631475e-01 5.379517255234736450e-03 2.786593909373850583e-02 7.500566846455737624e-02 1.645587440240673868e-02
1.343750000000000000e+00 3.094458863227040890e-01 7.753108145451827193e-02 1.061665040362871210e-01 2.107896554608919559e-01 3.556921984866958097e-01 1.478291281450616890e-01 1.532163776281947054e-01 3.612998323444229221e-01 6.862926744122730405e-01 3.265701027765945119e-02 2.152302744345688246e-01 2.077497059160112458e-01 7.725349386131959983e-01 8.224047115044932910e-02 2.099271869410953423e-02 3.578238625449483568e-01 2.439165690176196832e-02 3.288265519461662512e-02 1.647662251372365994e-01 7.809041860915660882e-02
1.359375000000000000e+00 2.424977738092463919e-01 3.429878297512249374e-01 7.804475639586094804e-02 1.853585005927609608e-01 2.133601702241278986e-01 2.882452099310228374e-02 1.906475301803378978e-04 7.596404332859428843e-01 2.334715315945082859e-01 4.700072654974493669e-01 3.433258611621967799e-02 2.983233259534771517e-02 4.336658931253845606e-01 7.958817793128419860e-02 1.450558670408903517e-01 9.670788417677693427e-02 1.923090161800387610e-01 1.121570375001782333e-01 9.725202542202855682e-02 2.302219009873539626e-02
1.375000000000000000e+00 2.878020377182004957e-02 6.726352084064872450e-02 3.881645048873523518e-02 6.742020106592401252e-01 2.741767200204175275e-02 2.236583289377446493e-01 5.425571644320507092e-01 5.506352039633500839e-01 5.308628290890324980e-02 3.038211059591251484e-01 2.944336492744284786e-02 1.136721509343290581e-01 1.472097828252891538e-01 9.734122428093702761e-02 4.464489893536540688e-01 1.811948069556482410e-01 5.581679290904423968e-02 2.621585939811399979e-01 4.653259249455023450e-01 5.957743275249196557e-01
1.390625000000000000e+00 2.250910836016127049e-03 9.792779261779183120e-02 4.901830268094885951e-02 7.710120463752370701e-02 2.712635768570840003e-02 1.269532505117753653e-02 4.211024613977141229e-01 3.760419153956981453e-02 6.961446766166451416e-02 8.497249757355456248e-03 2.564374268403806223e-01 7.094435866220172304e-02 3.674197480608087929e-02 7.067312350538719479e-02 4.611907303794644808e-02 6.418295407226055904e-02 1.579056184420481830e-03 4.121309101529585517e-01 2.374918435338697897e-01 3.091430383280295846e-01
1.406250000000000000e+00 1.526621435052592096e-02 8.305823160169466257e-02 7.314409006826717852e-02 3.685378922714460659e-02 3.378691658454013175e-02 6.758404712137139336e-02 2.747963264947014816e-01 1.230592980949124851e-02 3.632029980345327647e-02 3.888121276357700204e-03 1.377317317254052598e-01 4.460662646346464505e-02 4.501292114397851402e-02 5.605393990404201887e-02 1.589373946698718065e-01 4.590370079616072629e-02 2.144411265498100128e-02 2.945606867574449561e-01 1.872443595969344732e-01 1.215808650070190067e-01
1.421875000000000000e+00 6.038893890055143342e-03 2.607195996716817343e-01 2.303134556248581308e-02 3.042141464107383508e-01 5.256366809968256865e-02 8.851238938649215460e-02 7.001676509643409707e-01 2.125407709375992382e-01 7.518592979814305022e-02 4.022048861980365847e-02 2.201047284138657120e-02 6.371910902625706197e-02 1.125443107718388236e-01 5.283623323705648883e-02 9.697058148975651326e-02 1.654512692041172905e-01 4.096050633358340465e-02 2.791082913739909022e-01 2.855741009550029630e-01 5.039258810877698114e-01
1.437500000000000000e+00 1.873600107446325991e-01 2.539372690109980568e-01 4.054458272633212901e-02 1.042812703323013623e-01 1.234293142790476305e-01 8.399646934408472668e-03 1.347477513830997418e-02 4.276138283350806035e-01 2.991371085568569343e-01 6.703898220842916533e-01 7.008109913158004634e-02 1.662677976521557618e-02 6.039246983806939584e-01 6.336599967936450140e-02 1.268252246196892030e-01 5.115481711323304620e-02 1.689077730760615015e-01 1.112932062762563290e-01 1.155822997946799602e-01 4.600808695670337983e-02
1.453125000000000000e+00 3.751423101212887912e-01 4.784455446821005153e-02 4.456504602470041931e-02 7.991901696782675868e-03 2.787400971851835552e-01 5.329281072684460135e-02 5.927266308743701917e-02 9.286256013571493606e-02 3.815363964924091689e-01 1.713357153911482245e-02 1.642112713722650441e-01 1.140577491991000142e-01 7.464544692938711590e-01 5.901676390078337830e-02 2.887559664095576406e-02 2.918406675110927773e-01 1.401511410360638601e-02 4.514573355930783655e-02 3.367057766554674286e-02 1.229466994532310703e-01
1.468750000000000000e+00 3.873512264105620218e-01 2.568804640249066074e-01 1.242448703156878026e-01 4.451773706002391112e-02 1.271283272693997934e-01 1.459029725900015673e-02 2.552300936294212286e-01 2.240123204902366993e-01 8.332959105800616384e-02 2.750533818182777646e-01 2.262855003062966275e-01 7.416803953773486863e-03 4.775083315340837853e-01 2.542394413340693174e-02 6.073239474544777847e-03 3.975241505703873135e-01 1.331246979719044876e-01 9.151198543645207295e-02 4.922952996827678097e-03 3.718553383687418085e-03
1.484375000000000000e+00 2.766892750736156814e-01 1.852435194452450862e-01 7.023052153928691088e-02 2.382089425242928798e-02 5.825908655052097068e-02 1.874481244744383287e-03 6.092210224607353536e-02 2.676194954435447831e-02 3.400179297184931226e-02 4.400538356058913969e-01 1.526677293110387523e-01 1.122870873555157772e-01 6.187569015908773729e-01 1.096628364009512129e-02 1.471915146453554347e-02 1.221338316106466010e-01 7.648354945125306059e-02 1.911129624117673120e-01 2.062136535828180874e-04 4.446080369186412862e-02
1.500000000000000000e+00 5.927144368881830383e-01 2.730174860803081735e-02 5.118089389600646161e-02 1.548068250167647930e-01 1.298694326729513682e-01 1.054915039386438713e-01 1.992014221713576394e-01 3.924546871855464358e-01 7.383192514553024166e-01 2.289749167824774723e-01 3.402561649644382687e-03 4.792516124129223010e-02 3.354149312740356548e-01 4.126252913323675275e-01 4.925250836852271275e-02 1.456924729582108509e-02 1.057305137833770281e-01 2.684039662834799417e-02 9.651322876137782836e-02 8.086235655833913516e-02
1.515625000000000000e+00 2.434053457129569109e-01 3.038481396510127053e-01 1.628696794700042749e-01 1.362060794544883019e-02 1.374546492318157453e-01 1.844093955746903615e-02 7.764728247592397881e-02 8.500436686863528657e-02 1.824397079557891488e-01 4.437244989892957236e-01 1.628077461070119025e-01 1.681463116749243869e-01 7.223842794400957557e-01 1.191184110406947050e-01 3.207925714090485714e-02 1.459825074776686660e-01 1.660990891090716737e-01 1.732733488510077857e-01 1.482416445775351817e-02 4.757256820291089899e-02
1.531250000000000000e+00 4.298306823331519144e-01 1.450147797931142790e-01 4.842068528135760191e-02 4.863432273846317322e-02 1.326998095230885466e-01 2.859605467006281349e-02 2.544353643214910532e-01 1.528591989142598362e-01 3.012820948739898530e-02 1.916631284091452059e-01 2.332090219157994804e-01 3.625552351798770612e-02 4.657835033706367867e-01 3.526234115879358678e-03 1.433027835229475945e-02 3.277791743744457587e-01 2.472011181546466749e-02 1.106940390232252353e-01 2.086043631585911273e-02 1.159476176460883662e-02
1.546875000000000000e+00 5.040113259726115569e-01 5.542982039357486485e-02 4.866154125543310088e-02 6.700900674755592631e-03 2.730701300449003832e-01 5.843209068380138954e-02 4.867251108094278883e-02 9.542152363689855588e-02 3.430461603915357371e-01 5.179060294731761827e-02 1.361726081569489821e-01 1.618363858113339160e-01 7.487758493557482575e-01 5.469608285023453559e-02 1.372122592090269100e-02 3.269463539947817798e-01 2.779090621021586965e-02 8.297246321129203572e-02 6.846795367906075014e-02 1.501692338611767819e-01
1.562500000000000000e+00 1.571884516262651299e-01 3.331892576504296710e-01 3.775398456424026300e-02 7.231233743672264846e-02 7.413037167594928312e-02 2.992384773756712299e-04 1.822491435844506708e-02 5.428351461582839876e-01 3.172410863226845512e-01 6.614348471245331540e-01 7.317142285314569283e-02 1.807512782608622706e-02 6.356688566557739950e-01 1.336940067968370727e-01 1.400510835494414852e-01 4.988963741216071585e-02 1.710578913779618182e-01 7.558633934514472075e-02 1.109910913521306719e-01 1.272422448228621994e-01
1.578125000000000000e+00 2.176987328345850528e-02 1.969894731699366186e-01 7.829693894623808437e-02 3.288956564559402107e-01 1.618385686798699263e-01 9.672464097564263674e-02 6.199055614901716194e-01 3.192901305823986347e-01 1.056077924949218594e-01 3.347118101679640023e-02 6.265714456728076068e-04 1.111790155188786405e-01 1.556692018605444761e-01 1.110787697296385379e-01 2.482922942006550726e-01 1.692060126480641191e-01 1.250503834759440214e-01 1.014301306851056600e-01 2.841331697226089914e-01 4.159793444415770258e-01
1.593750000000000000e+00 1.632136219520046935e-02 6.681491792541552344e-02 5.391310419881617522e-02 3.805219669877194649e-02 2.731416313675952279e-02 2.168924105973157879e-02 1.941811114993524934e-01 1.198461604645168106e-02 2.916136743104309759e-02 3.258716480288905478e-03 1.175259182220395049e-01 4.554490113177249444e-02 4.945125197981553589e-02 5.880436134763011163e-02 8.797218895664883631e-02 4.465696193100020250e-02 1.710439275323628189e-02 2.060890671389933038e-01 6.844922541060650956e-02 5.992247038913939977e-02
1.609375000000000000e+00 1.256820315503000317e-03 1.060163198167356907e-01 8.202079842413648181e-02 4.617657816018354983e-02 6.050055013599330012e-02 1.086164565198215193e-02 3.697633340565681381e-01 4.217028179900166041e-02 1.100061039002194346e-01 1.684283070074575617e-02 1.211974294096557908e-01 4.470283781889411445e-02 4.009452331324897534e-02 5.858006143122914539e-02 2.733148145676203220e-02 7.929563402888366308e-02 1.294541095831786351e-02 3.113569920567456073e-01 7.302553112449755579e-02 3.003510893886975341e-01
1.625000000000000000e+00 6.712053590399408125e-04 1.166581432376625344e-01 7.260482100328254128e-04 5.223063245932962895e-01 5.663021982541785460e-02 1.372882600149040178e-01 3.888878389187676587e-01 5.080402756953603660e-01 1.956194457104989612e-02 2.642081226715435327e-01 7.092896877213475393e-02 1.285566531004615209e-01 1.880532911503336735e-01 8.960345632445150532e-02 4.263996962984314965e-01 1.752190108151114312e-01 2.759203077580281785e-02 2.558678536521027391e-01 3.226504870689554383e-01 5.829838369644718687e-01
1.640625000000000000e+00 1.874390168633622011e-01 3.166336441582696670e-01 4.252649574594859899e-02 6.661503957064911219e-02 1.379266340854228001e-01 2.189727657705143205e-03 2.316838273076071014e-02 6.636004335123676379e-01 1.185905489074414870e-01 4.022041466767443119e-01 1.077515046944111515e-01 8.731566367427374617e-03 6.869686793075066022e-01 3.247083209130657844e-02 7.207726794334977372e-02 1.465888715337094750e-01 1.367360816687997749e-01 1.320570703568287041e-01 3.965530588040930976e-02 1.493276543487487805e-02
1.656250000000000000e+00 4.250462044537280937e-01 2.196717827879153193e-02 3.649466316128256466e-03 7.679003500721962028e-02 2.991284169548901195e-01 1.542940749538229336e-02 1.048768529663256233e-01 1.098841950357460906e-01 7.579329620800865364e-01 5.637801757836908428e-02 1.730807757775414402e-01 1.232995898720389838e-01 9.238177496275874478e-01 8.006452167230310168e-02 5.220522688755683399e-02 5.606226604594094498e-01 3.305837809600076227e-02 1.751825774533338764e-01 1.352115677470809296e-01 7.128336717080328844e-02
1.671875000000000000e+00 5.495380313422448815e-01 1.320115090014107040e-01 6.986649363473292074e-02 1.836702823954690367e-02 2.147592001136137407e-01 2.327931116511358298e-02 1.794268392304965432e-01 3.893586686097620930e-01 1.537368604528732696e-01 2.914835576198370193e-01 1.675047735047687503e-01 3.106308497561077048e-02 4.899415091952354917e-01 3.771060272426244447e-02 4.066222612804802974e-03 4.648241360645117282e-01 1.069319717276763504e-01 1.731091553894822666e-01 1.695270251215191815e-02 5.106164128198100588e-02
1.687500000000000000e+00 5.002123697401105185e-01 2.508477580523810202e-01 8.378741584126100927e-02 4.335710640836047680e-02 1.302258289232437194e-01 7.311331144331447741e-03 4.060808022457266034e-03 1.428420843732921275e-01 4.220659234013869783e-03 1.880236053604282254e-01 1.129261136099443952e-01 1.087692135222140671e-01 7.548845587826811254e-01 5.976305906000286411e-03 1.015106706813902887e-02 1.693100792868436344e-01 7.327758940646582342e-02 2.600630099256859840e-01 3.564865815189775106e-02 1.802196121685096242e-01
1.703125000000000000e+00 6.607518707884446618e-01 1.554424311806285042e-01 3.110159224450283894e-02 1.496034675758935173e-01 1.993989224571305063e-01 1.581794504774737542e-01 9.240231477708603369e-02 4.775130894086626054e-01 6.186398016531476918e-01 1.156679726882630099e-01 2.455081724704563303e-02 1.395193938998669225e-01 3.654738602849008089e-01 3.692452323004750681e-01 5.033061693146970161e-02 2.688875844518314601e-02 1.484551378559264556e-01 9.968741588272550525e-02 9.776104138283472911e-02 1.356298799811335165e-01
1.718750000000000000e+00 3.080496137492554909e-01 2.157843863682430419e-01 1.125154724182698268e-01 2.660910181678333847e-02 1.869877988344121333e-01 2.401334998479111998e-02 1.519394101839526834e-01 1.449915941076131420e-01 1.507784565625421846e-01 4.981231261839598190e-01 1.599118576725268026e-01 1.698542091302401025e-01 6.281250204016977090e-01 1.124293180937360331e-01 3.961909284289134164e-02 1.689028639299116341e-01 1.161990766218813503e-01 1.442634367677858021e-01 1.710286884041796809e-02 3.906964650422777713e-02
1.734375000000000000e+00 4.453250650365694341e-01 2.328696111360346876e-01 9.768690548558860154e-02 1.029613418949004156e-01 1.758889635863977730e-01 8.355177232889577504e-03 2.411297181929021038e-01 1.437462995936618637e-01 1.728124144779483173e-01 1.130509180455842450e-01 1.725122303967168147e-01 1.627661639593807122e-02 6.452358090127764401e-01 1.143488330978601961e-02 2.771092217610257244e-03 3.199974038801012277e-01 5.902762024476466973e-02 8.916323726231875635e-02 1.727106820173801224e-02 1.008534761891428759e-02
1.750000000000000000e+00 3.723101221155631357e-01 1.546602875587845538e-01 7.983196484215129840e-02 5.489245158556670112e-02 2.519242879290850556e-01 7.081103994710429006e-02 7.907128021275067892e-03 4.727305016821927164e-01 5.459863977677816699e-02 1.708149057185209263e-01 1.244886658814297331e-01 1.047643188296547290e-01 3.716383136767605899e-01 6.986319663884016373e-02 1.254783991116835973e-01 1.775795198323653901e-01 4.242437682206350036e-02 6.981228226117354441e-02 9.000399214035738338e-02 9.478572220217122701e-02
1.765625000000000000e+00 1.255125188264681058e-01 1.933344350786997401e-01 2.226916156440742617e-02 3.434442584762868456e-01 8.591782422418013654e-02 5.475669250075957534e-02 7.397632392813061064e-02 7.177416305792592988e-02 4.213703861347984914e-01 7.209776301790770114e-01 5.607240635039900667e-02 4.719655730438240826e-02 7.759056594275259844e-01 1.365698607102147077e-01 2.744281697295402056e-01 1.500399906099225411e-01 1.032392590163493523e-01 1.318993679318272716e-01 2.803672854904237788e-01 2.473605092278685913e-01
1.781250000000000000e+00 4.754472437070508947e-04 3.119815511738091018e-01 1.482463120042213679e-02 3.328876378122023749e-01 2.239521708926918431e-03 6.690633169873708708e-01 5.295348974130453801e-01 1.571066963637710312e-01 7.191737494939232089e-02 4.215969979850589522e-02 1.453902490594281838e-01 4.486891571970221260e-01 2.945818837461428377e-02 6.752168324139085076e-02 2.535323249808393298e-01 8.113925307681126020e-02 9.187992661591609656e-02 1.646634173059429995e-01 4.881390998772737744e-01 4.778923708568876827e-01
1.796875000000000000e+00 5.629695978845155463e-02 9.824396746609090347e-02 2.532757729461233842e-02 5.289469933962771819e-02 1.078317031371837653e-01 2.406595838402078857e-01 4.629891985446233371e-01 2.753836577876029451e-02 6.792619632534195595e-02 1.490017504355332228e-02 2.791503058275773136e-02 2.802103778094632847e-01 2.509114054284568296e-02 9.741662052191304988e-02 3.884045182173400668e-01 1.675179880019224410e-02 9.497736553960983708e-02 2.556540620816957210e-01 4.442285037291585637e-01 5.293133229774033000e-01
1.812500000000000000e+00 5.160780326541056576e-03 6.503571157553404702e-02 1.593579361294190644e-01 1.025334518293592456e-01 4.032274840386622372e-02 7.338570758768597768e-01 4.930429652588174116e-01 4.757882731743615784e-02 5.242388544446459353e-02 9.402347148643052863e-03 3.194624655707503091e-01 5.566793091362289836e-01 2.004176477466406564e-02 6.085143282950577354e-02 3.241231425450455950e-01 3.815071648742342225e-02 6.126921552697493778e-02 1.382374353292096514e-01 6.405257931579341202e-01 5.328338246290852398e-01
1.828125000000000000e+00 4.233870542846000090e-02 8.280946534679335669e-02 2.891958317784459886e-02 7.422056133493190044e-01 3.015199902927619482e-02 4.225849550268627186e-01 4.658350424106691978e-01 6.602390430739676352e-01 2.191313441337998935e-01 4.947666617233809072e-01 7.136193267122241737e-03 1.910308733635556200e-01 2.725271829353531627e-01 2.082964470763623566e-01 5.016792839829226081e-01 2.197986981634061365e-01 1.083181745938158053e-01 1.090608673633581827e-01 6.074796904779627971e-01 5.074372812012297729e-01
1.843750000000000000e+00 1.772105390425439686e-01 3.761564068609538625e-01 1.449506849465440617e-01 3.124251116618101398e-01 4.204472532945214419e-02 8.233507069596203432e-02 6.709938230767571732e-02 8.679008080009749104e-01 6.190909625051447263e-01 5.908329576361909252e-01 1.616953112312173937e-02 6.456751014222619767e-02 1.824554284607369514e-01 3.409389218791988863e-01 4.414623333349795287e-01 3.873315547291915351e-02 2.282429999280400079e-01 1.043520930781186573e-01 4.009557883481227325e-01 3.445671188422298054e-02
1.859375000000000000e+00 2.772031868462402349e-01 8.315381170125528409e-02 9.081085978929126501e-02 3.269901164178435349e-01 1.685663553461567432e-01 6.122662697439448104e-02 1.299081477840779708e-01 4.061296103378754796e-01 6.693889626583225949e-01 1.474412674331420162e-02 1.372012421058590725e-01 3.996308777865457268e-02 5.489384047073998518e-01 5.089480097841257711e-02 4.683117977048736891e-02 1.601464174348797842e-01 5.045024920384085952e-04 4.344675644248978397e-02 1.700169813361728233e-01 5.846873133504004727e-02
1.875000000000000000e+00 1.866403098104714164e-01 9.536549750754991228e-02 4.721377939617441011e-02 1.093666368904334940e-01 1.191486039024620414e-01 4.606424462592684232e-02 3.250073693759721882e-01 3.326674675456782193e-01 1.006889153032003437e-01 4.590764811219519292e-01 2.124630673067293696e-01 1.405110519832034333e-01 5.242689519041519031e-01 1.047765895900820143e-01 1.041164305216833869e-01 1.732142547088592888e-01 5.712982797999192897e-02 9.772570239972611095e-02 1.106708028880154931e-01 4.769664942223588583e-02
1.890625000000000000e+00 1.807738880171591844e-01 3.805116933230490717e-01 2.848021444380101075e-01 1.436048749178691145e-02 1.340169941553232269e-01 1.281960076160312823e-01 7.088204519450282994e-03 4.051319779249190622e-01 5.331568547665159752e-01 1.662361362926592645e-01 9.987403500990271743e-02 2.499712193150867290e-01 7.190548879990603659e-01 4.154659104689696347e-01 2.775476449378291161e-02 2.920446751974610164e-02 3.376802717924354269e-01 2.201604862503508953e-01 2.702852707855226549e-02 3.870937623219997820e-02
1.906250000000000000e+00 3.224167351263868553e-01 4.136205566508906473e-01 4.772875501896659545e-01 2.907353076795800018e-01 1.671437448413735372e-01 8.779732787132199512e-01 3.931113420280226700e-01 7.030859445736998836e-01 3.514184886036523237e-01 8.700977301785951801e-02 7.510092337757168918e-03 8.271721214553929835e-01 8.595827577425142474e-01 7.891253562604126914e-01 1.086446457644754809e-01 3.125277645620571643e-01 5.665833761771787991e-01 7.682948374282906612e-02 1.277468181240806466e-01 1.268987421273526928e-01
1.921875000000000000e+00 2.977021170544998374e-01 3.957388965162379479e-01 6.062254554840128540e-01 6.685242462842269084e-01 5.102720642464902284e-02 8.559931743575635021e-01 6.984521562411721840e-01 9.741284441619583179e-01 4.066658498994487059e-01 3.386669463344393893e-01 2.480405097275227011e-01 4.234950346143287470e-01 5.361026238080862649e-01 6.845376961060946064e-01 2.583220729878413779e-01 1.476053780890078382e-01 5.415686713465541757e-01 3.371739761644408917e-01 3.676767385240700681e-01 2.057545070676626286e-01
1.937500000000000000e+00 3.156374435978420712e-01 1.473236924197528774e-01 1.799536390929654672e-01 4.448627154877536904e-01 2.866120209446409439e-01 4.239138483398035562e-01 3.327358835091519529e-01 8.737657358299699695e-01 1.392778220599547312e-01 3.735637705968716249e-01 2.649504871406225259e-01 4.462267721863181769e-01 7.992359280619002471e-01 2.286712623991148108e-01 2.060274051320156730e-01 4.483658362469191139e-01 1.582647005541225858e-03 9.612148670447875909e-02 3.773624878180938946e-01 2.545009078490086118e-02
1.953125000000000000e+00 3.804437564717538800e-01 3.229955951764237887e-01 9.616471456590669487e-02 9.008998593958632284e-02 2.738233386880804532e-01 5.495158811370603504e-03 2.052514117659740012e-01 1.487891902171740999e-02 3.033211026530694410e-01 9.544452731409598656e-02 1.509902098960775041e-01 3.564838513537307851e-02 8.518166921410845749e-01 1.442275452086463627e-01 7.236454413063579671e-02 2.514056351571338777e-01 2.933921764824310996e-01 1.316402253036503753e-02 2.971848822119705844e-02 1.413138767557297615e-01
1.968750000000000000e+00 2.196105546020666460e-02 8.586084357606728334e-02 7.589673771734549435e-02 1.271993579332010849e-01 3.171109009331379847e-02 3.917771538784348834e-02 1.181768845529998328e-02 3.449297342421057677e-01 2.506373895766459969e-01 4.092036128988153498e-01 9.034954943201284339e-02 8.839051753295505687e-02 6.538097618984934911e-01 5.874907878050836946e-02 1.040127152425062568e-01 4.094225812114286878e-02 7.523052193063049786e-02 1.311280969091202508e-01 2.076334373460812614e-03 1.028964348251942273e-01
1.984375000000000000e+00 4.059426951327750827e-04 2.565180901482965181e-01 2.545052286257219465e-01 2.103736675203107809e-01 5.838595896932038953e-02 6.047702579867713507e-02 3.020280830768443669e-01 3.481591974505289233e-01 2.174780938706341038e-01 1.708822281301848600e-01 5.775686929015669269e-02 2.623787176472165347e-02 3.082646441473581578e-01 2.514717389492356764e-02 4.403840830731741152e-01 1.437003131131360245e-01 2.858341704039181752e-01 2.981441012650803413e-01 1.669217015076215616e-01 3.019410928200113031e-01
2.000000000000000000e+00 6.034224030195205896e-02 1.359294487957765640e-02 1.837155441725240451e-02 1.669544126796328187e-02 5.904321465169674876e-02 4.480448034756583618e-03 3.620019036807548690e-03 8.811795561736972260e-02 2.698676003152401803e-02 1.455883761646427398e-03 2.574323480387094021e-01 1.612191452355288658e-03 1.034529791120439579e-01 1.031769327819366706e-02 3.243552051152572870e-03 9.408769661203968127e-02 4.609241301350092135e-02 7.871921189541329286e-03 6.601814097535488313e-02 5.915279484453567216e-02
