0.000000000000000000e+00 1.444917060167557887e-01 7.503180518677384815e-03 5.430978182032357715e-01 4.457091108855451183e-06 4.365864817850885760e-01 1.377790113966576302e-01 3.933571819253876833e-03 3.616185722728624402e-02 1.190991783310219598e-01 2.459225027647990724e-01 5.213099337721166689e-04 1.877812146239450086e-01 5.194504296275402177e-04 1.159491649574904276e-02 1.311909910971979509e-01 1.940678578925459363e-01 5.704452068435975770e-02 1.319979394726521205e-01 1.350892907490923722e-01 1.170634095980826600e-01
1.562500000000000000e-02 3.858395855290854271e-01 1.922499337391462421e-02 2.922370259853743213e-01 7.145652013852438200e-02 5.051106641798559088e-02 3.607687839165462651e-01 3.938184279991129022e-02 1.606089545309116184e-01 3.500814660143877211e-01 1.854036892009290338e-01 1.344858914663325244e-01 1.618174362343469952e-01 2.499871482971756098e-01 5.133787116435905434e-02 3.319559988063116446e-02 2.738951079858517601e-01 1.242997419377157159e-01 1.045952306868694059e-01 3.386016594830398851e-01 4.667338242293943562e-01
3.125000000000000000e-02 1.487486251226692313e-01 1.128663534087186171e-01 1.343921269814320474e-01 9.665434385660041927e-02 6.345493649777014800e-02 1.629744134899369645e-01 3.032985007421424295e-01 1.849560319349151383e-01 1.489957981859235947e-01 4.611001098013501331e-01 6.815181086600149984e-02 2.617010701742826795e-01 7.203584184954553438e-02 2.525861925790239271e-01 1.348050089515961947e-01 1.602702784796997681e-01 3.081397601317912294e-01 2.065974418025897860e-02 5.550918301926315718e-02 5.667410872998360771e-01
4.687500000000000000e-02 9.297595727305045521e-02 7.828836779044091865e-03 8.084447408399395019e-02 3.378184609604444749e-02 3.649915023687701210e-02 1.259409622568464504e-01 3.230699846872936432e-01 6.670434592214762731e-03 1.355982712758881381e-01 1.445900428355272327e-01 1.440556686900433189e-02 2.490475698237321622e-01 3.728290705090101659e-02 1.349328891879011671e-01 1.717240886319451043e-01 1.848606989242203291e-01 1.776383914356880755e-01 8.141860291062020735e-03 9.036680643905778409e-02 1.314820773026486589e-01
6.250000000000000000e-02 8.593685950926609196e-02 7.830166399699469218e-03 9.232085906597845004e-02 3.867240642109906479e-02 2.539091592922194680e-03 8.545220324767427433e-02 5.114123869539394414e-03 7.075258881944503087e-02 5.688996357907374207e-02 4.769116041338702233e-02 1.007750291879201121e-01 1.522812598795594552e-01 1.141945994239083606e-01 1.633496629433243696e-01 1.293495359064061045e-01 6.159178637723221328e-02 1.441891556836041033e-01 1.041126171357727587e-01 5.731835993165609183e-02 1.647165508843026205e-01
7.812500000000000000e-02 1.977876675128686645e-01 1.647389952645731681e-01 9.598855576412491930e-02 1.937060428121679112e-01 1.759444257489386210e-01 1.636524969195421175e-01 4.215901571305957773e-02 6.890284641234342700e-02 1.703305066736048728e-02 2.393250165366654636e-01 2.513050804597646848e-01 1.555901415362688778e-01 2.721777833858502471e-01 2.694009004523386652e-01 1.447049424049730026e-01 3.105049807068738579e-02 2.958913319745324899e-01 1.909216811313179107e-01 8.127783528344013908e-02 1.288816001694697844e-01
9.375000000000000000e-02 1.209717447936381057e-01 7.065293409117613666e-02 1.826359422761435758e-01 4.349879057433873181e-02 2.746544992275224209e-02 1.018897000401711855e-01 1.315391532253527007e-01 5.412260348433781815e-02 5.934482365631420925e-02 8.508598005899616068e-02 9.109258015614828119e-02 1.279544892901394448e-01 1.461891324036823370e-01 1.500886729961179999e-01 1.289678779180226109e-01 7.216010839674402710e-02 9.414839183549601753e-02 1.712659827842892557e-01 5.042550539480006311e-02 1.614192222734044668e-01
1.093750000000000000e-01 1.393204223230589955e-01 1.599943941196315667e-01 1.484215148789266303e-01 1.509795615420635451e-01 2.624494440473457701e-01 1.117489761248471741e-01 6.853918219451715123e-03 4.277667463184459812e-02 6.540630039703178647e-03 1.678685871787802819e-01 2.700009153480859014e-01 1.255261196265161916e-01 3.622067263275633442e-01 2.713350435232287361e-01 8.887794591835601610e-02 3.838338296333059646e-02 2.315221160479742357e-01 3.048915696463693759e-01 1.133941428345390107e-01 2.055934735176329353e-01
1.250000000000000000e-01 2.747230824083302103e-01 1.407019878564607085e-01 8.007445975019082673e-02 2.448556188679195389e-01 1.261427757893109625e-01 1.851667307238466509e-01 3.111065682515921568e-02 8.145716529423216445e-02 6.058511246447979143e-02 1.470789022601799723e-01 2.014325024645339801e-01 8.402883149933063067e-02 2.459375616840094037e-01 2.463331798186258748e-01 1.631853003730743545e-01 3.597904843130542846e-02 2.725415013351835114e-01 1.061342795296635472e-01 1.023481399056578312e-01 1.289668574564993841e-01
1.406250000000000000e-01 1.119376691185405698e-01 1.062710047345628850e-01 1.059338252515688028e-01 1.088911236011542716e-01 2.162818350242299084e-02 1.579797239758049809e-01 1.941440255567839900e-03 3.073194499929197687e-01 1.134472058314292126e-01 5.124834289368983276e-02 3.348479676373259384e-01 1.908782189798384210e-01 2.849096872240965972e-01 2.795620205924141399e-01 7.061475258943990252e-02 3.975138685789230547e-02 3.750036344879726508e-02 2.716855677383842038e-01 1.438172791590685284e-01 4.425584539630212921e-01
1.562500000000000000e-01 1.328204223673980500e-01 3.259541798571310295e-02 4.699205062107103537e-02 2.237359842057728143e-01 3.600713574936352177e-03 1.585366141217734726e-01 3.225258028273363387e-01 6.969881657113623230e-02 2.190530629530832996e-01 2.066754980746848824e-01 4.732477389252060657e-02 3.343571040904172453e-01 6.858329734636381403e-02 1.333909641642519739e-01 2.880545790901602454e-01 1.900878541929019172e-01 2.658012918233916833e-01 4.585948620252319058e-02 1.632173454508421273e-01 2.733035127808592923e-01
1.718750000000000000e-01 4.840278732678934825e-02 6.558660395265111798e-02 3.667435379920193084e-01 3.171038824369249998e-01 1.189204640972515992e-01 1.139889836446968292e-02 3.016249118077326541e-01 2.418001499990860281e-01 2.144059080474870482e-01 3.491606428233139797e-02 2.272844884927839038e-01 8.500347022308966938e-02 1.648626947630967843e-01 2.013379839770906010e-01 1.673803117236227767e-01 5.691576049652345703e-02 1.399517986068039496e-02 3.893221281143389167e-01 1.104021239971633706e-01 4.114536928800423543e-01
1.875000000000000000e-01 8.261950103518913568e-01 7.762886351057611822e-01 8.004528030582268583e-01 8.334263167280714368e-01 7.580322393531645497e-01 7.707452802674522596e-01 8.082464372204158920e-01 7.870379133140714689e-01 8.173856940756760725e-01 9.031703865056546210e-01 7.845114479819903508e-01 9.342465298689579534e-01 7.812823918928614164e-01 8.185300930539491926e-01 9.573800651958898067e-01 7.937961601022966995e-01 7.575433233809605316e-01 8.989491492172362319e-01 8.086821678654217971e-01 9.016115757537520592e-01
2.031250000000000000e-01 9.085482414416848895e-01 9.228864963603675697e-01 8.807265365333225571e-01 9.311305477788485163e-01 8.878720198885392545e-01 8.793569996678111123e-01 9.138219546903260104e-01 8.705763910747166268e-01 9.221492813844776038e-01 9.623677667934730229e-01 9.019855564878797027e-01 9.339427720182348347e-01 8.970992375997127732e-01 8.930230702940927801e-01 9.695505338496888115e-01 8.594968004232528269e-01 8.576818389313721758e-01 9.376645135681187515e-01 8.799392087798992845e-01 9.604544985605509844e-01
2.187500000000000000e-01 3.991539154373900944e-01 3.644255315095903947e-01 5.026938274761332259e-01 2.536604908909327327e-01 5.372737362737614042e-01 2.972945780458604026e-01 4.709301179369753121e-01 5.043242251280263266e-01 4.982549556838744564e-01 5.782541172950104169e-01 3.882372457398728938e-01 8.826518963436108534e-01 4.337703134454918286e-01 6.361881841289348527e-01 8.704270661553058508e-01 6.554944359080119298e-01 4.678047543879658710e-01 6.456733853265957945e-01 6.276003751970907762e-01 5.234178391447353862e-01
2.343750000000000000e-01 5.038644462201580243e-02 6.691800691344507168e-02 1.180281500975723236e-01 7.427106165156314999e-02 2.038548402575719037e-02 6.501354945504818350e-02 2.422747551521449716e-01 1.490127417542159438e-01 2.554514078221253315e-01 2.948797530366997766e-01 1.806700328293953800e-02 1.012579751588465193e-01 2.493663995658943963e-02 2.545046476036329497e-01 1.564441271644352038e-01 1.957002861271465444e-01 3.070683066444236942e-01 2.134223710508236990e-02 8.619376524331814893e-02 2.663280598091428697e-01
2.500000000000000000e-01 3.108257443809772994e-02 3.444942149135304943e-02 1.169277573592904518e-01 4.153407228407861307e-02 1.522209594700197309e-02 4.248344574803487178e-02 2.382038092047616407e-01 6.497410578408217841e-02 9.991268425082809601e-02 3.102517671257966070e-01 1.736489760705211410e-02 9.178352489684393767e-02 1.701611762651448340e-02 2.333805551811139745e-01 1.535032162526938360e-01 1.624671482180982118e-01 2.510446246538549642e-01 6.102377141959594228e-03 6.085824759080361857e-02 1.426450805121103893e-01
2.656250000000000000e-01 1.340401071659952925e-01 7.597399496051511492e-02 7.518109290455614324e-02 1.027556723132964506e-01 1.006622163897694100e-01 1.277940784443769018e-01 1.663849980531360018e-01 1.631255718336633020e-01 1.986605270507265097e-01 1.371333935922079174e-02 1.037330204460785582e-01 3.426398564076237746e-02 1.804369646321431486e-01 2.665964680222835947e-01 2.380581051215693300e-01 1.149931650167659580e-01 1.587162436553445910e-01 1.076415748684992069e-01 1.675911979391355444e-01 3.906473537040267008e-01
2.812500000000000000e-01 2.188088775576078893e-01 1.944422234684305417e-01 9.358984353442847959e-02 2.109761844071058601e-01 1.949908764643295822e-01 1.732311732999258225e-01 2.402576571419112392e-02 9.672409589636749017e-02 2.180165526139995341e-02 2.266672751569377420e-01 2.957529360628290416e-01 1.572184773246833589e-01 3.025971198119066785e-01 2.682032107403686805e-01 1.454772675750048427e-01 2.330412681823109886e-02 2.864811394304464520e-01 2.399592605732695505e-01 1.109159067568993851e-01 1.181883559717762655e-01
2.968750000000000000e-01 9.728310657524352756e-02 9.260877744576985482e-02 1.223165243302465482e-01 3.698454314357459832e-02 4.689616814080068558e-02 7.118571027246034522e-02 7.578293767786702106e-02 4.094983659656465519e-02 4.154324784996975273e-02 1.296901795926435619e-01 1.100054393997143831e-01 2.549155457340130382e-01 1.613777477962248519e-01 1.333671940348264418e-01 1.075561437578742979e-01 7.238522146363926546e-02 1.335628412817147503e-01 2.846542335529197443e-01 9.070127525839664917e-02 1.609239907410504877e-01
3.125000000000000000e-01 1.082560658475352766e-01 1.214440521534642797e-01 1.652301904828862578e-01 1.228511504994962977e-01 1.647697991433572651e-01 1.032383113597387381e-01 1.822724569582420406e-01 6.721587762509306785e-02 4.245516974633263552e-02 1.477766306607982416e-01 1.886011922877506297e-01 2.198869299507492103e-01 2.277607518062224334e-01 1.516572098821726833e-01 1.239831191215061135e-01 2.547228768046085057e-02 2.025419414426922193e-01 2.144012639263218889e-01 5.981338542756810261e-02 1.539867345659746978e-01
3.281250000000000000e-01 1.458517332769292962e-01 7.613503144023832381e-02 1.134098378435292737e-01 1.840623930806799258e-01 5.896941087633163214e-02 5.114552309518623219e-02 1.697401523807687551e-01 9.849224425408184547e-02 4.617969625759796998e-02 2.292603776883771483e-01 2.095242861503145149e-01 2.628610444296449189e-01 2.256849999331937973e-01 2.657108062758159472e-01 1.021414386166838162e-01 5.156810792724554615e-02 2.658853922232765621e-01 1.165435059777085586e-01 5.995677873447559370e-02 2.630157367251498846e-01
3.437500000000000000e-01 1.058459249831317089e-01 8.832404366692109265e-02 1.916274896790195748e-01 3.057184837190763879e-02 3.141789926452063786e-01 7.738798314277851864e-02 2.719106705139772151e-01 3.677163319816361547e-02 1.812216785641587724e-01 5.033151607570932051e-02 8.787863536400529474e-02 2.411572806035233441e-01 2.815156685881764140e-02 2.315341281896278192e-01 1.297108107802258381e-01 1.031420267702598398e-01 7.466714008764800681e-02 1.066135817060367696e-01 6.738123174873107690e-02 2.083104669884350002e-01
3.593750000000000000e-01 9.342141520989122316e-02 8.830649839881685170e-02 1.051587088871832748e-01 1.224417745922098677e-01 9.956472855356890417e-03 1.493825085434989097e-01 3.520599343947648507e-01 6.352519825141501875e-02 1.496455012841686749e-01 3.630255057732628132e-01 1.934596372191332500e-02 2.205295174662874336e-01 2.363413711601468695e-02 2.202571795270862332e-01 1.371396241412214390e-01 1.577554245669323396e-01 2.610199631733712278e-01 1.316125128525719818e-03 6.555566081822532254e-02 3.337602955640012747e-01
3.750000000000000000e-01 1.968124110541099453e-02 7.219909727676172839e-02 2.164196970431386813e-01 1.671226274786530019e-01 6.553135565694605258e-02 7.465725927217020490e-03 2.795964351664522174e-01 4.412601948032970345e-01 3.462004959315514996e-01 1.799337461638261526e-01 1.858812389793702557e-01 6.007456907261759377e-02 1.824493178509292157e-01 3.975834116989734879e-01 2.175991402833379884e-01 2.332903216227081578e-01 2.166522739370657091e-01 9.527206662890842781e-02 9.856459951001773911e-02 4.403745971876172893e-01
3.906250000000000000e-01 1.048433533148210722e-01 4.830482171693227522e-02 1.660891733885319077e-01 9.054327175779131043e-02 7.904442608619154445e-03 6.638189276317350840e-02 2.895963715767116073e-02 8.952748671607593800e-02 8.582594160521443694e-02 2.028334738828279499e-02 1.091047099949233740e-01 1.312621977598978085e-01 9.036196490939790715e-02 7.293459277956314268e-02 9.300471008108120163e-02 1.477023078582225535e-01 4.058389060898084238e-02 4.783033978131744773e-02 1.486079751868269738e-01 3.698843140565225007e-02
4.062500000000000000e-01 5.998342521957313045e-02 1.925850452354321840e-02 1.163402064504110434e-01 5.074638905165717445e-02 2.873513484310304816e-03 2.907547864534713519e-02 1.032373885379562692e-02 2.801595861715164976e-02 7.649516985916431089e-02 2.531511648621266250e-02 2.575404319070980635e-02 1.461522502139318835e-01 8.345150071145614537e-03 1.641985343992619431e-02 1.157380824824190274e-01 1.159467010897723832e-01 4.474718233607877238e-02 4.585515305871907393e-02 6.156940235158889912e-02 7.689828403703631403e-03
4.218750000000000000e-01 4.078496127941236837e-01 1.807616474886494795e-01 6.623179469168971600e-02 2.628515498116935634e-01 3.423909810540973209e-02 2.909198649489517230e-01 9.016062529663293468e-02 3.346052671101789056e-01 6.327358209143003898e-02 7.436066376192815297e-02 2.094589065580494402e-01 2.443978399455040418e-01 2.196676011421809793e-01 1.026540475605072084e-01 1.541529135153362484e-01 2.026828931823012603e-01 2.488326742918922987e-02 3.214810489118789527e-01 2.964421219421260467e-01 3.371041036607978769e-02
4.375000000000000000e-01 9.722755323004994565e-02 1.200545327182711425e-01 1.392683793397671010e-01 2.155533206651493172e-01 4.364544328913212007e-02 1.199366601118809356e-01 2.925221431196929900e-01 1.678399677587158190e-01 2.575957583088424041e-01 4.031856725693291899e-01 3.599448266777648120e-02 1.441966340188519102e-01 4.013103246818344044e-02 3.058062159088138499e-01 1.424738392607391713e-01 1.739269676541018161e-01 3.365426816311216651e-01 4.559540697414854059e-05 6.179042417310715712e-02 3.936744921006392617e-01
4.531250000000000000e-01 3.569406554142329213e-02 1.274625964418293032e-02 9.470973772888394149e-02 1.103741905166107529e-03 1.244009365259125116e-01 4.861355003145965969e-02 2.626897152010433389e-01 1.608760737644914646e-02 9.677898373837501289e-02 1.565288205982951486e-01 2.050265870510848548e-02 2.477996619094613440e-01 1.535250148786077538e-02 1.333764849241674821e-01 1.111528144551674618e-01 1.191483285583569418e-01 1.497460781667868113e-01 4.146298247416171229e-02 7.554800341703250821e-02 1.012704130399930541e-01
4.687500000000000000e-01 1.993389956152672171e-01 2.549359189445766019e-02 1.987525647221369818e-01 2.277854678402441435e-01 1.397503304464333684e-01 3.162823110296314466e-01 1.079550266357703209e-01 6.523386493140666265e-02 7.143870783874402275e-02 1.159162805934307733e-01 1.242327186378054810e-01 5.536090994401619003e-01 1.777474342826166898e-01 4.711225100117139714e-02 2.342576164847694487e-01 2.022219889226095114e-03 2.403331148490341074e-01 1.611546887972342412e-01 7.288714048404736079e-02 3.286277414336287450e-02
4.843750000000000000e-01 3.150725624722185425e-01 1.780058053254402750e-01 2.183297240185902710e-01 1.697953977683883675e-01 2.156869339074845293e-01 4.631613426928762323e-01 1.492417284661189461e-02 6.030221955105983557e-03 2.585373022270808646e-02 1.990100870633452479e-01 7.751397514418000012e-02 3.798200223706025280e-01 1.827598294807772916e-01 2.987985200566316002e-01 2.261265561878251229e-01 2.749084378604420634e-02 2.450244164202211306e-01 2.324863404247572984e-01 2.378094880019218649e-02 9.868360683623093876e-02
5.000000000000000000e-01 1.173414203693243785e-01 1.565568991249107755e-01 3.219199202766339640e-01 2.188113874726611008e-01 1.815846806067675581e-02 1.518715275275915322e-01 1.984533877765207455e-01 9.865052808931884173e-03 1.773580929207273782e-01 3.256086591917166373e-02 3.840402805591975471e-02 2.780477514516841442e-01 1.074462897645036691e-01 2.747139203894720105e-01 2.040220106359679764e-01 1.159943345668087294e-01 1.385478597303909931e-01 3.458561068102015135e-01 2.167373224471788942e-02 3.600838301762205873e-01
5.156250000000000000e-01 1.935368805385840330e-01 1.081980690514227350e-01 1.049796169787935995e-01 1.613621588056106115e-01 2.747784696505957136e-01 1.657322696925781214e-01 4.538354782548694594e-02 1.838144319208260408e-02 1.480730096686865005e-02 2.043498539751374965e-01 1.779302923638265421e-01 1.996574888015277272e-01 2.509506630786803028e-01 2.864068488649998412e-01 1.904589271690959040e-01 4.112704861009379431e-02 3.211261376725531580e-01 2.236799563132766955e-01 8.323782594741981067e-02 9.604019954893643074e-02
5.312500000000000000e-01 2.442802277171272074e-01 6.019973171315038535e-02 1.022380076512723890e-01 1.712604430076657969e-01 9.350356198589009071e-02 1.125597570055846125e-01 7.606184728810781726e-02 1.011571065870545405e-01 1.127956162299735901e-02 1.241832621695690281e-01 2.492009803194108197e-01 8.340803687461184612e-02 2.723170486153984604e-01 2.121673294812197186e-01 1.624108417087128386e-01 2.726108415985803446e-02 2.244768773300623299e-01 1.345121187067518931e-01 5.755295880236305922e-02 1.750707152558477753e-01
5.468750000000000000e-01 2.405859922206782242e-02 2.815463737904640509e-02 1.006109787986625287e-01 6.101718320246557470e-03 7.609329396992658978e-02 9.999032039855023507e-03 2.194935293359557282e-01 5.652646578781563708e-02 1.230038772576881878e-01 1.351077561664191518e-01 8.697030341408999721e-02 1.569895549258382705e-01 6.298698631297561246e-02 1.270581306362134899e-01 1.229557532737275555e-01 1.356893321286569976e-01 1.172145921010471908e-01 3.871615745159358996e-02 1.142342982414046443e-01 1.724442184176977755e-01
5.625000000000000000e-01 9.214186740135424381e-02 1.225682856204309695e-01 1.052037262072953866e-01 1.944530568654716518e-01 4.353279811526733489e-02 1.129777027263044742e-01 3.264565622468034722e-01 1.456185770062988216e-01 2.636993441889067813e-01 4.396460838977203078e-01 3.331445450825432086e-02 1.695962806568746539e-01 4.395600946542693038e-02 2.725966593912543257e-01 1.374619860091522150e-01 1.759707955198100970e-01 3.110377675030941980e-01 7.767822793973808322e-03 9.780357874994405343e-02 3.563445583204196687e-01
5.781250000000000000e-01 1.396739725596976012e-01 1.683350993338312337e-03 3.906773632385387302e-02 9.283264441803888711e-02 1.250982382557152932e-02 9.615000812065398195e-02 4.596690642680393429e-02 2.393423448461052816e-01 2.789559523729215895e-01 1.676802006667139078e-01 4.167321024873730378e-02 8.599243009085774658e-02 1.323355443614656311e-02 2.339026213867999859e-01 2.479169866643302356e-01 3.172166513728962856e-01 1.842558720344919243e-01 4.883577774619233397e-03 2.539562844119158114e-01 2.233604612621578334e-01
5.937500000000000000e-01 4.582768361075103408e-02 1.793059837617798705e-02 1.307382934948210784e-01 4.780675302748176730e-02 7.913622961631679165e-03 2.606884367027973923e-02 1.213257068395201532e-02 3.949739503266572888e-02 7.619178516670414847e-02 2.484502983563761924e-02 2.930581399118161248e-02 1.395721519152582080e-01 1.091897538716343243e-02 2.347075394767524081e-02 7.345837793723600240e-02 1.406871956843020743e-01 5.372508548476989665e-02 1.889152363655155833e-02 8.841028541551454456e-02 9.491553961328469749e-03
6.093750000000000000e-01 1.264283039878778270e-01 5.035998459123564724e-02 1.399446030597065460e-01 9.647148629892764171e-02 3.808579042495675252e-03 6.784495678428663357e-02 1.814110574028442169e-02 7.360833269132435741e-02 7.598222737473647737e-02 1.206488219704694026e-02 9.220861662330682995e-02 1.051803945087178283e-01 7.100570663904326452e-02 5.900529713490506450e-02 8.328004024592873533e-02 1.533808019801162215e-01 4.771048744266020297e-02 4.557658495583394309e-02 1.248676267796308276e-01 2.176751339447276570e-02
6.250000000000000000e-01 2.876221085394874422e-01 7.862903404264269536e-02 9.685986037051574904e-02 2.007981617667994878e-01 4.343496440497640609e-03 2.014925764270369402e-01 2.137677364773703514e-01 4.603116178136688053e-01 3.011648569942442788e-01 1.504387931228553521e-01 2.268779710697444163e-01 1.142135593984325119e-02 1.966203804582992154e-01 4.326612525370586160e-01 3.515891284518945503e-01 3.395689438057720166e-01 2.270530246302938093e-01 1.590988864693803351e-01 1.916050652811175370e-01 3.272917422826373546e-01
6.406250000000000000e-01 1.075946359401504793e-01 9.652045513145635081e-02 1.753430846750123340e-01 1.326924206773840709e-01 1.246209624435252843e-02 2.048378420860737514e-01 2.477490723114753601e-01 6.420741014063273411e-02 1.701687428427667848e-01 4.304907858534878229e-01 2.261490537702549701e-03 1.073943267878407423e-02 7.940378721416198153e-04 3.047409576442127177e-01 1.658194967364414740e-01 1.862571249739666535e-01 3.661527497924814134e-01 1.434470390705198245e-02 4.680721593554897086e-02 2.172598205960048490e-01
6.562500000000000000e-01 1.308276685158717145e-01 1.732285469741446510e-02 2.053266314085853139e-01 5.055347118786744642e-02 1.183505831069108227e-01 6.250031833369082412e-02 1.929903044360453124e-01 1.215911786069199529e-01 1.685937682591685249e-01 2.863067683211936026e-02 3.607331394492738208e-02 1.203316005919802811e-01 9.811130631338531305e-02 2.664070007054146760e-01 2.449676522174046023e-01 1.377958681342414116e-01 1.444474378058509256e-01 8.018809221095785089e-02 1.173813402376584214e-01 2.411932694982008296e-01
6.718750000000000000e-01 2.435136530798537591e-01 1.269849684209272689e-01 1.064210558925515332e-01 2.428851184425998289e-01 1.114977132944150462e-01 1.441767568082812645e-01 3.755999795482373865e-02 7.163576383964596894e-02 6.548624427970763107e-02 1.615069283917219822e-01 1.995307950798314300e-01 3.560506003416522708e-02 2.336229694514629085e-01 2.707969226927974260e-01 1.723991519642892045e-01 4.600598873246104781e-02 2.920330990747666555e-01 1.317587275939594293e-01 1.196573645960361254e-01 1.062142334923683595e-01
6.875000000000000000e-01 5.790593365931245157e-02 1.396515611036797666e-01 1.520715883568845295e-01 8.348595714534204348e-02 1.640054192577760361e-01 6.070411869944049993e-02 2.070122320248998435e-02 4.513298850756206765e-02 1.217405886831996777e-02 2.011566600325003507e-01 1.823803224397534950e-01 6.866461787702313191e-02 2.199480947183269086e-01 2.669605185628847188e-01 1.529753443965894966e-01 5.692816554455330108e-02 2.873736071887515453e-01 2.205590743850202040e-01 8.453635063278212847e-02 4.793375928114399637e-02
7.031250000000000000e-01 4.697215702756912248e-01 1.589604638667965406e-02 1.067708837455134674e-01 6.169618433478869096e-02 3.124352675022405018e-02 3.548221227993046401e-01 4.043712604469477112e-01 3.369482905580033910e-02 1.989911598012696903e-01 1.073903047323040011e-01 2.097511467061126400e-02 1.239876833779941928e-01 2.588038958801358591e-02 6.345617923952780182e-02 2.595604931536689697e-01 1.069316478263369757e-01 1.247189611200537063e-01 7.830308772954298674e-04 2.479535225175960936e-02 1.661450262533396838e-01
7.187500000000000000e-01 2.353125038134783742e-01 1.483553204074719856e-01 8.343289663724080818e-02 2.194723004701840119e-01 1.970923036554671770e-01 1.652681228255475365e-01 7.747920881003196591e-02 5.352991577746671337e-02 1.191559628461871453e-02 2.419531945316801547e-01 2.427565302099615463e-01 1.609705161830201070e-01 2.756717844128479533e-01 2.682222193187202564e-01 1.502569444705947610e-01 3.032415621202630418e-02 2.824897685554076943e-01 1.371458003121275027e-01 7.108220998764466780e-02 1.965172343039047476e-01
7.343750000000000000e-01 5.114458563103906064e-02 2.360044245319226769e-02 9.515990992234006629e-02 2.420044624042589146e-02 2.065305969567469632e-03 9.266838013386871631e-02 3.694993086920039804e-02 6.667745234698943535e-02 6.437446378599889774e-02 7.115082703189523627e-02 1.289954171474116673e-01 1.885055273267677856e-01 9.805176683138558391e-02 1.958342540788977071e-01 1.090534641599177068e-01 8.131163652499705241e-02 1.520472250553610849e-01 5.123297516600004708e-02 1.275383510803723523e-02 2.152802469911906103e-01
7.500000000000000000e-01 6.028815184475719985e-02 1.639374632447610641e-02 1.075597315193944081e-01 1.436917537288305916e-02 3.456005584787111978e-02 3.647115627827039741e-02 1.583024331611177504e-01 4.449517243412209194e-02 1.161080725348446058e-01 1.458868908503350992e-01 5.757060015901634825e-02 1.039988285791572792e-01 5.785261284197561193e-02 1.492459133726384002e-01 1.406889433161202518e-01 1.334352086323558895e-01 1.540769666423780215e-01 1.125531270614412403e-02 9.430438377720007370e-02 2.075803059058569933e-01
7.656250000000000000e-01 7.420445702231986962e-02 1.256464408905532959e-01 1.090429993304315032e-01 1.388939172070734751e-01 4.521033892084253686e-02 9.993686262694967404e-02 3.529570775205861932e-01 1.530984957902515320e-01 2.816635436560854244e-01 4.518720240805931265e-01 4.055250177888573837e-02 1.609319832296846609e-01 4.483434493439541341e-02 2.709259358411168495e-01 1.376744028134482545e-01 1.770500501390978587e-01 3.158400231220932497e-01 2.577012128191413440e-02 8.659272692346185740e-02 3.842668763932162723e-01
7.812500000000000000e-01 2.221115614326130694e-01 5.627851703387393850e-02 9.106401363738760024e-02 1.609099557268371117e-01 3.939011552625110157e-02 2.042816298293665678e-01 2.519893416913371320e-02 3.164156748960151311e-01 2.066826983670082829e-01 2.846212796608754009e-02 1.690577901456003507e-01 2.848780541239314193e-02 1.376001705242737017e-01 2.186360147319615366e-01 2.825411824454028831e-01 3.693023881308351575e-01 9.935226760302726112e-02 5.376258053532409487e-02 3.984836459712311485e-01 1.215257017843711651e-01
7.968750000000000000e-01 4.837188916974368043e-03 5.643307588662940626e-03 8.523212597113939692e-02 8.937358008715758431e-03 1.246837391065211669e-03 2.763361893856736660e-03 2.890912374488998444e-04 1.129631502821942107e-02 6.935148081087109950e-02 4.354396868308860191e-02 1.187700070339601198e-02 1.046008483303836473e-01 2.810954566841732572e-04 5.906035300070642396e-03 1.905018495383930255e-01 1.182968347574685775e-01 5.131274415660529858e-02 7.283556889338131668e-02 4.085489080692322056e-02 2.579143239472533379e-04
8.125000000000000000e-01 2.015237236421742739e-01 9.801540414198933737e-02 1.258668423797871527e-01 1.839465411787219729e-01 1.408097144689613063e-02 1.350645486772094894e-01 5.016349656411289021e-02 1.609110525275518344e-01 9.801946824583958329e-02 9.027148555551369261e-03 1.350532327544619049e-01 9.728818962230016687e-02 1.169603095848605889e-01 1.181917496825862224e-01 1.266489699026431826e-01 1.709020380569343522e-01 4.261442659760280444e-02 1.082901849924114979e-01 1.687517080954122617e-01 5.455376627080747720e-02
8.281250000000000000e-01 1.663991661155929669e-01 3.356301206836700968e-02 1.149883719397872262e-01 7.919718441883714932e-02 3.005602915550119672e-02 1.730399743695542614e-01 1.746531394611783305e-01 1.986522305453752857e-01 3.061827718184201852e-01 2.977731126535845818e-01 1.641604351918174096e-02 3.552743940896150449e-02 5.318373333142281494e-03 2.913599583741454668e-01 2.245844305922642392e-01 2.594396236155250834e-01 3.340643631608047892e-01 1.233017225633431741e-03 1.585877610228612622e-01 4.201415965156010679e-01
8.437500000000000000e-01 7.481325934745618189e-02 7.614936144327161260e-02 1.385644290835988945e-01 9.460372168012255722e-02 9.799445198010021951e-03 1.161883405615953685e-01 2.150789680347528210e-01 8.286443343727557809e-02 1.614480732521266226e-01 3.480299299122187606e-01 1.557048059078513548e-02 6.909237547789975897e-02 1.852305241053876783e-02 2.702457505566336349e-01 1.488788432731580624e-01 1.702857451294016444e-01 3.004136748465290885e-01 2.441386599064419415e-03 7.052498151093132550e-02 2.346350965212404271e-01
8.593750000000000000e-01 1.073145361079992921e-01 1.006948121254652440e-01 1.611139652872031480e-01 5.130596228649026563e-02 2.223660113229555535e-01 3.732350536376886213e-02 3.064852258343518376e-01 2.887029748411521976e-02 2.593831272526621601e-01 4.866756196873085055e-02 3.554214895100233610e-04 9.174041587450065816e-02 6.111590477970842844e-02 2.381439157774261628e-01 2.377536874307165649e-01 1.752529874330543691e-01 1.240397860412223580e-01 2.535586752048733794e-02 1.936166369079499183e-01 2.028015281721279872e-01
8.750000000000000000e-01 2.162599125123801647e-01 1.672426583464573790e-01 1.264487806061314057e-01 2.702144779230061244e-01 1.549970087587664025e-01 1.330707123233997591e-01 2.575274327765505328e-02 1.006498886140719529e-01 4.917378301562878168e-02 2.229930322577349799e-01 2.388101199414859599e-01 3.488627400102808918e-02 2.524885350456237409e-01 3.186010813647977558e-01 1.719854872833739279e-01 4.652584930678238528e-02 3.561953142092466607e-01 1.816216199492466377e-01 1.543778641866137558e-01 5.085417153346621921e-02
8.906250000000000000e-01 8.335212418868722523e-03 1.311314357395678143e-01 1.935606801537265997e-01 2.456036130399877684e-02 7.637368347280891479e-02 2.761292696992456372e-02 2.522383066168642010e-02 5.037855380356551227e-02 1.984850594482006833e-02 1.573616657859780721e-01 1.383499256210118655e-01 7.834394881229456153e-02 1.677967833534708963e-01 2.372469450688775294e-01 1.608304152665422926e-01 9.031465984044931283e-02 2.560841585606662418e-01 2.383893951246947585e-01 7.544127304001521650e-02 6.218843560851265544e-03
9.062500000000000000e-01 2.352504342949367777e-01 5.452853550286809736e-02 1.842827991260057585e-01 2.226116919537526537e-02 1.096184166719875730e-01 1.270241900663941770e-01 2.109025860280140108e-01 4.524673360607615880e-02 1.038135072486232602e-01 5.416226554419090178e-02 7.333474534590821159e-02 6.302363927090814943e-02 1.225751071054444058e-01 1.854235506230654251e-01 2.257157138529018447e-01 8.786301879789515379e-02 1.581294259489465226e-01 5.316591376307669425e-02 4.132589711565397977e-02 2.556140158009370666e-01
9.218750000000000000e-01 2.554010985433493586e-01 1.460881986204158878e-01 9.342489033274041510e-02 2.261840150111316672e-01 1.148549259915882526e-01 2.122350445448969170e-01 8.749775301822913798e-02 7.410383533547165724e-02 1.797654892161722542e-02 2.778864766290729538e-01 1.977969891286240900e-01 1.679242643680480540e-01 2.109121490835503265e-01 2.688693674549202384e-01 1.491774242816069906e-01 3.596373957604161176e-02 2.877967801048811336e-01 7.622493474052526030e-02 3.772474228339751240e-02 1.823969054355561725e-01
9.375000000000000000e-01 3.893016557450941495e-02 5.001151438784243869e-02 1.326994627318310860e-01 8.568700360782310335e-04 2.384754234414996829e-02 8.704926808875629307e-02 7.271777634427374626e-02 5.428583632752614213e-02 2.519253718848832868e-01 1.807448581490082515e-02 5.604578733988228867e-02 7.449181790490821964e-02 3.623859684189367162e-03 2.806067728192584432e-01 1.989273918128748320e-01 2.268912146083164882e-01 1.413811967756737897e-01 4.300049930532606757e-02 1.477569942364390654e-01 3.398325460288182942e-01
9.531250000000000000e-01 6.857262940906923288e-02 2.641271863612339524e-02 9.945476879283528249e-02 5.821282522033038170e-02 7.026924635308676691e-03 6.782203652269259975e-02 2.116592548000147400e-01 7.150750023338174610e-02 1.481615447615027836e-01 2.430550010938829775e-01 4.344760561483142908e-02 1.076986529882284493e-01 5.387245519509275410e-02 1.837929118043379328e-01 1.477504242891674036e-01 1.664898948667905554e-01 2.159431061497518733e-01 3.382043968479928574e-03 1.044161239557048204e-01 2.370320247932464763e-01
9.687500000000000000e-01 3.967960782925041702e-02 1.140847188107328714e-01 9.555300969273713974e-02 1.011251771739648253e-01 3.609897290474467502e-02 5.654581086065423728e-02 3.428990339789836361e-01 1.985930134884543730e-01 3.192550803776048052e-01 4.403896335595263167e-01 3.988344358886312252e-02 1.411729405775424828e-01 4.423175120510000613e-02 2.723132306054134588e-01 1.445945238644050779e-01 1.934589284787080476e-01 3.100532174123248885e-01 3.235413101999518731e-02 9.923683916523602655e-02 3.469943590836839231e-01
9.843750000000000000e-01 2.195642950414477546e-01 6.821029225431207710e-02 1.563493014943604376e-01 1.373342680646062186e-01 2.004234670792607101e-02 2.104310076162438092e-01 2.989459924188670251e-02 2.228235724189695510e-01 1.927040531535131607e-01 3.049074907759177864e-03 1.446061163800375915e-01 2.893628534551515030e-02 1.247821948520417557e-01 1.702025530618753724e-01 2.636783544508416455e-01 3.854102487975836766e-01 8.226747479277539410e-02 6.751170003035235345e-02 4.809495130248432337e-01 5.596904527066195317e-02
1.000000000000000000e+00 6.255074554854971221e-03 7.249236165616513823e-04 1.098932944115874923e-02 2.907688047634355080e-03 8.609117958072501874e-04 1.361093807181495757e-03 3.455974653666394995e-03 2.031076818210741063e-03 7.929692422870630863e-02 4.181544148278084488e-02 4.999386793819251412e-03 8.837745155374072958e-02 8.635255430875350907e-04 2.626600336820528701e-03 2.641350356490938522e-01 1.210397104242589145e-01 5.801421318451984582e-02 8.872359158422427061e-02 1.417493334037745606e-02 1.689220246334629518e-03
1.015625000000000000e+00 2.437906194716364661e-01 1.339760903395722513e-01 1.416494233070313413e-01 2.392994359436430019e-01 1.593043161126558166e-02 1.596502530113408647e-01 9.872039993459551244e-02 2.653324741436264289e-01 1.043178767255648898e-01 2.593859878569062388e-02 2.079728153576541061e-01 8.750315278542372677e-02 1.986315907228734245e-01 1.926762796413201695e-01 1.678225689384743868e-01 1.934216255991059175e-01 4.045885288182263922e-02 2.269638566706286831e-01 2.203380064768893087e-01 9.087047127029590499e-02
1.031250000000000000e+00 2.023707449537174019e-01 9.227454359154761698e-02 2.256079306126295425e-01 1.196138376262606412e-01 4.484493022284105623e-02 2.709881682515173917e-01 2.490602871833634824e-01 1.288001434534319367e-01 3.319450943980522539e-01 3.399085210584560923e-01 8.213033420146323774e-03 1.368735655709570932e-02 1.186075803423345624e-03 3.568099417709256760e-01 2.053687776619987082e-01 2.537041087510586990e-01 4.279428310580966621e-01 2.356388370099062046e-02 1.370104972373674956e-01 3.795727360120060845e-01
1.046875000000000000e+00 1.168204836555538778e-01 3.004272181816596346e-02 1.881234409523138140e-01 3.488849205151765831e-02 2.024752757097412342e-02 1.120599732087638467e-01 1.412251012230264224e-01 3.211056892010904357e-02 1.012106555948589365e-01 2.767824943766456491e-01 3.446780290212942636e-03 2.361374029641125083e-02 4.736701833119410544e-03 2.248070824910354260e-01 1.617872499053844837e-01 1.713366451846996263e-01 2.766473796299707133e-01 2.740790470113907765e-02 3.627191722925415807e-02 1.594846401868959818e-01
1.062500000000000000e+00 1.837025760408848296e-01 8.057139160410993484e-02 1.269492321748019181e-01 6.724301660032128147e-02 8.259481357562056814e-02 1.085130148994269406e-01 1.581013098231905667e-01 1.320634879998480449e-01 1.934329350569777561e-01 3.797438701866695174e-03 1.051296158024793287e-01 9.128529933556678170e-04 1.739948143480447573e-01 1.931453807697581238e-01 2.464349302321263147e-01 1.004925932121094184e-01 1.137782963279873327e-01 1.078576294444180683e-01 2.015403360946186606e-01 1.858740695588517733e-01
1.078125000000000000e+00 1.734586833657400795e-01 1.757628310425419504e-01 1.309385979929252874e-01 2.212112781502835468e-01 1.920802087326334839e-01 1.439687768760032349e-01 6.006963131398250499e-03 8.889463930916434442e-02 1.917072616712589897e-02 2.319109713858351907e-01 2.227810905493789184e-01 7.457804169047135834e-02 2.434910241636072392e-01 3.126963702458010474e-01 1.604691158546553420e-01 3.808080701151583813e-02 3.444815058840600130e-01 2.171361616119558968e-01 1.087999998300079041e-01 4.578729483938169531e-02
1.093750000000000000e+00 4.227806318141919678e-02 1.042214413491245883e-01 2.229204912594173471e-01 2.114615775338762882e-02 1.019139883369272158e-02 6.465016709816126528e-02 4.882363570918442364e-02 3.103106880601565198e-02 6.650424508223547193e-02 9.972079915703055408e-02 6.363983830357086702e-02 9.792633050151799967e-02 8.162590158108359861e-02 1.739244950976725212e-01 1.674002639109377910e-01 9.980353787010375066e-02 1.653950877737473402e-01 2.402270126145902296e-01 1.736450017221582640e-02 6.898382308132129659e-02
1.109375000000000000e+00 1.972865767066950549e-01 7.942104696177498813e-02 1.151062851375727336e-01 7.702546486003773729e-02 1.911366854281051075e-01 1.039067884707223638e-01 1.452939256239139110e-01 3.720869849304071081e-02 7.002452846156756450e-02 1.233783406795967846e-01 1.403081389339372598e-01 1.225156783005994787e-01 1.828317235136674990e-01 1.712818903171631768e-01 1.664024387921650971e-01 4.525445739167643922e-02 1.890460389919902118e-01 8.270801131697484709e-02 8.599781596710022458e-02 2.246205224623002983e-01
1.125000000000000000e+00 2.698075479734644011e-01 1.364307438406644757e-01 8.036781218723050568e-02 2.332690852667719528e-01 9.450507449020069395e-02 2.199409080090588275e-01 9.060597467288626639e-02 1.011472164047425432e-01 4.082223936911076601e-02 2.527224093636596947e-01 2.122272221848244544e-01 1.865290898884112702e-01 2.220153243518103170e-01 2.549865137298030215e-01 1.327496153064637308e-01 3.435782443150148940e-02 2.608969616684063686e-01 6.852297589375050402e-02 4.988156494782653577e-02 1.684737072913880251e-01
1.140625000000000000e+00 3.453757331000665426e-02 9.119665404704895353e-03 1.262396667849963183e-01 2.522196615694912228e-02 2.838813243080147430e-02 6.020783092451536395e-02 6.230178508596827258e-02 5.584695588698170704e-02 2.394760737401976647e-01 3.179772464797214586e-03 6.487123647977330321e-02 5.200576182674148534e-02 1.824458119065590876e-03 2.792133317670988379e-01 1.623686425408326084e-01 2.127963146037740449e-01 1.245189549653933081e-01 4.722438810514444779e-02 1.609721763358014923e-01 3.073193083235296608e-01
1.156250000000000000e+00 8.424336874891109883e-02 5.813595906117186712e-02 8.603393481219072381e-02 8.947004504652046608e-02 8.165551659193654582e-03 1.037802241875064174e-01 2.429039276215091969e-01 7.850400864548119639e-02 1.578128611291551575e-01 3.557468213294247561e-01 4.025450140097238533e-02 1.404406031732866045e-01 4.395995333908409713e-02 2.287557509056418470e-01 1.304670779177442563e-01 1.728086373274732301e-01 2.769990906893949334e-01 1.211340593342635210e-03 8.422480222155701024e-02 2.574676037173800891e-01
1.171875000000000000e+00 3.646568181532178210e-02 7.500514052985934876e-02 6.730197139526827854e-02 5.141574567535830975e-02 2.199624866522929129e-02 4.019444851322023782e-02 2.439698055111249320e-01 2.677928243820922871e-01 2.844968554094608471e-01 3.705221499104424665e-01 4.628288404426233321e-02 1.264472273273846981e-01 4.075828517516740662e-02 2.725664135647197228e-01 1.417323384894387805e-01 2.127902251250303189e-01 2.951139794514751613e-01 3.019505667294603707e-02 8.463766055455572423e-02 2.620112731456226696e-01
1.187500000000000000e+00 1.737590529272922679e-01 8.190303941512748487e-02 1.920721462324623818e-01 1.294016915918898836e-01 2.215418300714720040e-02 1.555373676778739334e-01 4.858115233784279785e-02 1.451802375123054101e-01 9.602127429407956993e-02 3.164473510700097775e-02 1.819616366468119195e-01 7.185684131739074332e-02 1.396016085729184508e-01 1.441076354396668702e-01 1.422321639903464663e-01 2.505547567760763039e-01 4.993674033529554857e-02 9.587539819156339072e-02 2.654708276778736109e-01 2.552932928627335216e-02
1.203125000000000000e+00 1.886520139529470133e-02 5.617366425112075255e-03 5.801385063359155297e-02 2.476471794456613917e-02 5.495093915417967496e-03 6.023485698481087502e-03 5.789797597831966396e-03 3.162736744230024589e-03 6.154096567292142300e-02 2.217534996321688864e-02 2.664784094571500707e-03 9.535139224313081419e-02 8.208751466570295011e-04 4.671327334638686844e-03 1.624961663948222002e-01 9.565382186932028241e-02 5.501993195522149327e-02 6.822713643124313221e-02 8.858934170824318832e-03 9.792389879941253844e-03
1.218750000000000000e+00 2.190657913150331204e-01 1.447728304987550840e-01 9.379090591533585652e-02 3.221551296403398212e-01 4.719338486662477683e-02 1.586359552250796445e-01 1.282698403281783694e-01 2.353959279137324001e-01 2.672771421692577420e-01 3.511666625027058675e-02 1.931093265220359401e-01 4.016188243977119460e-02 1.157176703191332146e-01 2.491752955100057509e-01 2.396758370426910478e-01 2.515462036882834540e-01 1.079893788553263761e-01 1.560930852859721552e-01 2.166205137484748244e-01 2.991335748441966702e-01
1.234375000000000000e+00 1.470881144611127234e-01 1.030929497120184474e-01 1.493103359595470969e-01 1.687972311206167031e-01 6.888767827052587334e-02 1.735312125114672477e-01 2.160604855527903934e-01 1.754778959826870655e-01 3.097811390738534065e-01 3.999405694417226820e-01 2.374711978945625440e-02 3.683468823307503581e-02 2.732675015296083879e-02 3.192044195246639404e-01 1.511233050947576595e-01 2.079741885310134597e-01 3.865997355094816790e-01 4.446091371103972310e-03 1.407875860090014031e-01 4.109941813870220395e-01
1.250000000000000000e+00 8.205440400558430825e-02 1.448827164602440286e-02 1.176465510625343686e-01 1.259788182538466687e-02 3.644646783252245004e-02 5.926071461234110049e-02 1.575336408442306324e-01 3.917030733700343353e-02 1.232635662563756895e-01 1.954108104725131578e-01 3.451140990504868861e-02 7.683329830509774694e-02 3.877128246037975234e-02 1.854095516016205369e-01 1.278847534742024450e-01 1.521408925109433707e-01 1.945228250956449745e-01 1.473316514786455859e-02 1.041723418628229397e-01 1.044119375623625695e-01
1.265625000000000000e+00 2.104471827615397028e-01 6.785710220233888423e-02 4.025377854660344701e-02 1.167477050804484329e-01 8.427456367662806980e-02 1.061063185020516136e-01 1.011270519571944720e-01 1.018970404314187839e-01 1.520785249848645160e-01 6.953831595740059268e-02 1.628768353692985893e-01 7.708269045464478941e-02 2.276127053660138011e-01 1.482656704387287916e-01 2.343247811750172882e-01 9.908468532471664814e-02 2.172573793201155457e-01 1.111899232182039926e-01 2.378470174252565184e-01 1.764555662304466699e-01
1.281250000000000000e+00 1.566193723707343388e-01 2.006275690460189720e-01 1.153075556300156707e-01 1.580618355980394907e-01 1.992356040483510837e-01 1.262106857472601318e-01 8.792148524521006120e-03 7.853400221950122828e-02 1.510202151914320431e-02 2.346521392270118911e-01 2.537584713960330807e-01 1.109196072077180545e-01 2.645400915164654587e-01 3.209971399652655766e-01 1.605098916226649353e-01 4.318347471863540760e-02 3.383154192455380405e-01 2.435084429951709928e-01 1.160576843488215493e-01 7.556090981997726219e-02
1.296875000000000000e+00 5.223080070208439840e-02 1.022447993991877357e-01 2.459270779609105673e-01 3.538338818396736390e-02 2.507898784383876586e-03 7.902062890395257500e-02 1.052068456709745609e-01 7.516648885907238620e-02 4.429307042188440624e-02 9.714880610829862428e-02 8.984891461426793013e-02 9.979059386335409343e-02 1.430128052067259070e-01 1.998205751671698616e-01 1.749536130433803904e-01 1.511450211727937143e-01 1.499638395358642018e-01 2.232656320453874355e-01 3.059553527661120279e-02 2.197674251693666758e-01
1.312500000000000000e+00 2.302341673588010340e-01 1.030860304658960669e-01 9.712143150986470019e-02 1.293769141449531701e-01 2.133155064364535558e-01 1.466505480882890899e-01 9.787476087246448075e-02 1.616125580474894741e-02 3.588942643737411814e-02 1.665863292511989280e-01 1.527998849558906413e-01 1.217429331805497117e-01 1.990626985165523388e-01 2.056218622773741955e-01 1.588796828752973844e-01 3.533064924443227867e-02 2.217435150467559346e-01 1.185288721242555438e-01 7.604798797464080995e-02 1.945855847906501623e-01
1.328125000000000000e+00 2.114123894258331249e-01 8.860516559524295177e-02 8.474109781286585930e-02 1.465990174019593806e-01 5.207547985127623097e-02 1.862089352864556568e-01 6.923879633321733396e-02 7.632888338122047200e-02 4.528271860726844344e-02 2.104794799975090447e-01 1.545408724867355088e-01 1.755102793175733478e-01 1.694905398886145109e-01 2.190918240706825892e-01 1.353547432765858372e-01 5.124449159235914403e-02 2.199281813139378206e-01 5.439601491620204426e-02 2.025644869865924139e-02 1.665963247108884215e-01
1.343750000000000000e+00 4.864027041551839681e-02 3.386288627674173546e-02 1.752340177313219949e-01 2.366646484100569121e-03 9.756085548980382438e-02 8.173519784002037519e-03 1.225323994252542070e-01 5.642734739872570099e-02 2.053628773374339689e-01 4.352189923234320301e-02 1.270400381393878286e-01 3.962689563302573131e-02 7.924101237224809302e-02 2.110729218899131676e-01 1.371874380991695008e-01 1.553641872432295068e-01 8.708757792047855384e-02 4.156073105879549284e-02 1.676247534131561356e-01 2.221756399826598505e-01
1.359375000000000000e+00 1.018292500039286314e-01 9.361357815471255117e-02 1.115145773529920281e-01 1.516727920949868524e-01 2.835125014084601686e-02 1.281332346156755508e-01 2.790714624978470337e-01 1.048575646804079248e-01 2.438639781744822710e-01 4.257192182586494456e-01 2.791833010406016488e-02 9.725778022557746150e-02 3.527937670814405846e-02 2.746752089124195328e-01 1.380572477391600883e-01 1.909933144956641460e-01 3.188943451011292951e-01 1.359025750922805524e-03 9.391302256109256008e-02 3.034596386292253700e-01
1.375000000000000000e+00 7.976138332156072763e-02 2.588741686318143248e-02 3.358589156760129896e-02 2.790079237609500301e-02 2.357785766788500579e-03 6.994918187776091867e-02 1.745262680775049591e-01 2.234535768938792355e-01 2.866707317290925761e-01 2.570397527537211513e-01 1.507201754382754555e-02 1.096929955959816821e-01 6.028608661504822677e-03 2.154323623132342602e-01 1.689553517664217630e-01 2.485373973571725903e-01 2.277559227737855074e-01 1.858072243498817833e-02 1.799729493759396060e-01 1.295697731197597846e-01
1.390625000000000000e+00 8.667923465778497316e-02 5.616506129939093095e-02 1.940018313002905836e-01 6.799158394685016205e-02 1.137051826454093563e-03 5.961344148400676141e-02 1.337485689822394755e-02 9.824932565719698974e-02 9.177127315667807372e-02 4.883391793303637485e-02 9.578420171757164037e-02 5.143294335215251728e-02 6.588821955594346969e-02 7.640430048119718764e-02 9.359785599794141764e-02 2.158343489277632088e-01 4.153251129421079574e-02 4.079019867256606507e-02 2.188919219721345844e-01 1.545976862616763210e-02
1.406250000000000000e+00 8.746607826401414654e-02 2.028466784100129913e-02 1.051280030341211202e-01 7.055365562729144779e-02 1.053362853890404960e-02 4.166992723661103876e-02 1.158365662889355129e-02 2.483400490425852897e-02 7.531185187910802159e-02 9.680476107218182608e-03 1.940304537736711049e-02 7.356776126786476744e-02 1.045603917107726030e-02 1.682918025937199871e-02 7.447807875039233472e-02 1.297082847215740575e-01 5.798013411198935096e-02 1.098278873834962477e-02 6.010698034723623018e-02 2.101057252517639015e-02
1.421875000000000000e+00 2.777323506036132872e-01 1.237056284597990718e-01 5.298037779036919581e-02 2.454540800109876186e-01 2.837701014426701265e-02 1.534648312368558365e-01 2.105323409385305156e-01 2.995172067135373206e-01 2.965853293911286381e-01 8.455682136969885909e-02 1.111674159879524476e-01 5.905961197163279303e-02 6.948099817292154035e-02 2.972220037307461982e-01 3.055948796120810940e-01 2.920236509580803608e-01 1.685701934695900128e-01 1.744368024597708067e-01 2.883802193277712478e-01 3.028950579587512126e-01
1.437500000000000000e+00 1.421395357305969553e-01 1.321068345550508727e-01 1.404231040894823868e-01 1.850741158548332155e-01 4.042812647877484789e-02 1.582770002568854029e-01 1.597059099542162131e-01 1.546626587672295661e-01 2.878069756618943376e-01 3.872014597201032804e-01 1.251382254438488176e-02 4.692880503069352116e-02 2.078291172745155152e-02 3.592984618045312883e-01 1.662795013277875988e-01 2.166363903227053189e-01 4.191735587637062666e-01 3.573905978638535277e-03 1.270788348040417792e-01 2.969625069455538724e-01
1.453125000000000000e+00 1.137555259750858694e-01 8.950488266685775393e-03 1.025603368204914684e-01 2.064653947292286341e-03 1.196062224969196147e-01 7.291338871206159977e-02 1.730737809362777324e-01 1.316459238824249818e-02 1.034465692682860205e-01 1.614972878354173358e-01 1.620295210952334489e-02 1.065553555630625732e-01 1.761174684933735843e-02 1.538438874696523295e-01 1.551825439774227600e-01 1.601979840721200476e-01 1.820556436576770409e-01 3.028622945163899488e-02 1.055337411068111991e-01 9.819614292531345014e-04
1.468750000000000000e+00 2.611363767637920330e-01 8.283328979085805011e-02 5.809235140597219377e-02 2.445495120423776259e-01 7.756305942544090837e-02 1.396484587455269488e-01 9.163289552971012886e-02 1.434000532911453851e-01 6.598107724432891730e-02 8.297483112474947353e-02 2.129405294908334190e-01 1.475811994514135139e-01 2.490623528248651353e-01 1.795362798680851801e-01 2.280438199897913687e-01 3.616800713404375034e-02 2.168526558064098331e-01 1.724334990714848914e-01 1.763572051002827712e-01 3.224703592616733894e-01
1.484375000000000000e+00 1.558115888004373562e-01 2.332391981189647356e-01 9.458585459082961833e-02 7.058743623407320866e-02 1.710613691918330681e-01 1.226238514327788742e-01 3.825637761259300610e-03 6.457422831319169221e-02 1.068109901361144649e-02 1.770883344437028106e-01 2.469210902588136192e-01 2.214865258072693521e-01 2.389385007258580107e-01 2.459164146030412834e-01 1.745089518682823582e-01 4.700557627898870050e-02 2.532885954973690401e-01 3.498076137185776591e-01 1.168345821731196221e-01 1.218062310151068056e-01
1.500000000000000000e+00 1.352869595412906634e-01 5.858121773569947843e-02 2.087196778724932644e-01 1.497576258108659075e-01 2.291171417504952318e-02 6.403159493141516445e-02 4.932096024580023136e-02 7.885978797311034294e-02 8.619948766720865463e-02 5.882481882888513508e-02 1.086747779305431427e-01 2.468214349987137290e-01 2.392746457059330700e-01 2.539830666975919637e-01 7.883723974083940711e-02 6.380510448423105940e-02 2.790404405681966293e-02 2.358411318287912395e-01 8.786848084284958060e-02 4.174724279162805862e-01
1.515625000000000000e+00 2.018811592856951942e-01 1.250149810595509170e-01 9.697683241682339417e-02 1.596820058074250037e-01 1.852822333328421334e-01 1.536725838134653521e-01 9.038737193590087871e-02 3.681618813173698906e-02 1.244799220174056323e-02 2.328996393523928565e-01 1.689269157719641978e-01 1.199360422690613909e-01 1.990956785052231948e-01 2.361510929178821938e-01 1.523937049874668770e-01 3.628467939262436381e-02 2.664164524326268491e-01 9.588413808945032979e-02 5.262079970258333461e-02 1.259249840342561433e-01
1.531250000000000000e+00 1.617447215831297747e-01 4.918524678644889403e-02 7.140159076562171969e-02 6.023717753301949945e-02 2.663109285583488764e-02 1.507624692450759696e-01 4.816628207390819677e-02 3.524406325745099017e-02 7.526364211658749526e-02 1.357627327234038894e-01 8.602170671925511714e-02 1.832667733993901815e-01 9.459937489889685969e-02 2.136222103241013914e-01 1.289695083200590453e-01 7.593384980324424660e-02 1.832934307816794783e-01 4.225208634507202771e-02 3.655250822413932954e-02 1.249531784223950892e-01
1.546875000000000000e+00 6.145342147923425064e-02 3.648572067708374164e-03 1.264826637023038214e-01 1.894088851069294921e-02 3.756561195199686898e-02 2.455315892957778481e-02 1.368267935436612570e-01 5.627587883036738736e-02 1.702227800254805523e-01 1.002192391355013062e-01 7.490659826159709600e-02 3.340995145157192071e-03 6.718782200401961224e-02 1.813870963159169014e-01 1.766822885843696567e-01 2.226809433618003320e-01 1.878892215484354866e-01 1.294004768224191193e-02 1.854175006630824352e-01 1.212201532955239913e-01
1.562500000000000000e+00 8.678341516240292708e-02 1.326346015669987721e-01 1.088360401527307952e-01 1.893147940338994195e-01 4.988978613568258169e-02 1.001293105183618803e-01 2.943120810557676714e-01 1.769905338228672798e-01 3.314998543348541826e-01 4.967045410870610245e-01 3.185338209749535854e-02 6.599819028366936402e-02 3.571299256222591756e-02 3.349158660136868360e-01 1.425721537422293683e-01 2.169650887760313229e-01 3.793023177676115854e-01 2.508532827288944330e-03 1.220951875614367105e-01 3.175215042193681447e-01
1.578125000000000000e+00 2.032547968073326328e-01 1.352156044719341789e-02 1.026588044460326893e-02 5.397725517586560162e-02 1.358658449739605367e-02 1.721567701019506014e-01 4.547824027194148633e-02 1.696068436248209799e-01 2.343399645038043433e-01 1.541768529484749128e-01 9.401190473203977979e-03 9.652737901328972692e-02 4.577740517569934414e-02 1.406752306601759261e-01 2.596194345971810646e-01 3.335482040215626554e-01 1.741483731041453542e-01 8.323081812374942892e-03 4.180667686097563340e-01 9.153298359175674262e-03
1.593750000000000000e+00 1.353806478797025224e-02 2.680395758161758721e-02 1.778771287500812426e-01 1.558953529106345791e-02 2.189832717654323618e-03 8.553625620304244198e-03 2.576154588896212381e-03 5.297554298976588777e-02 9.935068505379314463e-02 5.472765216902903546e-02 5.057741103859317994e-02 6.686639017998463608e-02 2.899105601792815665e-02 2.897958972342158310e-02 1.105007831380001443e-01 1.905005507592737735e-01 4.928697328225548069e-02 6.146825000236189745e-02 1.426334944475279032e-01 8.259167818626225385e-03
1.609375000000000000e+00 1.953717804246061229e-01 3.750599695391937383e-02 1.170307983490174453e-01 1.339915475761479513e-01 1.896573545444378561e-02 1.169758215222719555e-01 5.226022581888215696e-02 5.473005541547064368e-02 6.138930744982953880e-02 4.497108994535383396e-03 5.471943538840461085e-02 1.326275733716393013e-01 3.974738089009239445e-02 5.028386003033887691e-02 7.762850692106000594e-02 1.537088362501681793e-01 6.379093179237957378e-02 4.582756878175992671e-02 1.118604923703182541e-01 2.864997317655180661e-02
1.625000000000000000e+00 3.965449695735593361e-01 1.404135258230936878e-01 1.030479548497614806e-02 1.599065893227660795e-01 2.986695524493843124e-02 2.396870228723673446e-01 2.758844045209036255e-01 2.099337789394473963e-01 1.851995886797345725e-01 1.614887159197698763e-01 8.096198531755824379e-02 3.580198986071414513e-01 6.385067402366413625e-02 3.147172933096713532e-01 2.314902313032101144e-01 2.386169929295464953e-01 2.103531423434491232e-01 3.650121561595099373e-01 2.160557813903986601e-01 3.509425896708459058e-01
1.640625000000000000e+00 2.654969089906077453e-02 1.406098689711978988e-01 6.641160210137264652e-02 2.046347889259559349e-01 1.283106701144999529e-02 4.375611447226630119e-02 1.175018991578022642e-01 1.918329228887135918e-01 1.530408300459957516e-01 2.747743169783026240e-01 5.946225478078000226e-02 4.054031914891846333e-01 1.106868868193632144e-01 3.407001553605283894e-01 1.094468257212883461e-01 1.539123254080933256e-01 3.630843788395923810e-01 2.742110832215441385e-02 6.887677349334822563e-02 1.790890111673293927e-01
1.656250000000000000e+00 1.634292882459581764e-01 4.234683143246683983e-03 1.845435385535736453e-02 5.409080939183331938e-02 1.835581723327683185e-02 1.514018818151121326e-01 2.211206144922214789e-01 2.580040040528464584e-01 7.461785097700099345e-02 2.078304200521234046e-01 7.374694093261345562e-02 2.899412278023624223e-01 8.569222226177647395e-02 2.015849280109666408e-01 1.628210748176544265e-01 1.143121861791063926e-01 1.599498785042819948e-01 2.270250947087651492e-03 3.914822570851470701e-02 5.399972309183497243e-01
1.671875000000000000e+00 2.938314940933436370e-01 1.130664431233280587e-01 6.422433887707695854e-02 2.716981763283473073e-01 8.884069111923607875e-02 1.629907672282984721e-01 2.593080373086838544e-02 1.287576761729700980e-01 6.106042711197982170e-02 8.321362020639820611e-02 2.341590982062930204e-01 1.610422136995232067e-01 2.752280317100125329e-01 1.977152595447342065e-01 1.420794727343445141e-01 1.963165863139797532e-02 2.333864299088334038e-01 2.187292957568229279e-01 1.549497077368845455e-01 2.577511437789938298e-01
1.687500000000000000e+00 6.547666575619914830e-02 2.161715852058656573e-01 9.891939665707685791e-02 1.007940766392169743e-02 1.111687432491867689e-01 5.234405531456278599e-02 2.209047438511889394e-02 4.914045495816997400e-02 3.855296595187232317e-04 1.623690085196754229e-01 1.920446575586621796e-01 1.857171825979455071e-01 1.835454637171403114e-01 2.181739347056655676e-01 9.583007254401389174e-02 6.187764673016566547e-02 2.158236802968795109e-01 3.842878397727862994e-01 6.964539598702593204e-02 8.518776423444844592e-02
1.703125000000000000e+00 4.407689393395214372e-02 1.309863380870706501e-02 1.726585933981066856e-01 1.606876174914022570e-01 9.182253040906236674e-02 1.941612074718608930e-02 1.478822408982181967e-03 2.610733126834915291e-02 8.691023664298165585e-02 3.004016757213559194e-02 7.142258714761422211e-02 1.726753791642591240e-01 1.455758478548538071e-01 2.158132431763051251e-01 7.192290552851123009e-02 5.326752885258437265e-02 6.786709113768618629e-02 2.855628676119569276e-01 2.655412003342305996e-02 2.001366447164627804e-01
1.718750000000000000e+00 1.678444653450465729e-01 1.217653670321827697e-01 1.069732468517874124e-01 2.267636012220860808e-01 2.074416162634726002e-01 1.490743719816373936e-01 3.121876981952643668e-02 7.707500488923701987e-02 1.667995067730625863e-02 2.688444326251288596e-01 1.544060178200808986e-01 1.560721962407596308e-02 2.006481929409905385e-01 3.082176611165542979e-01 1.690950416976643722e-01 3.679025505841937438e-02 3.421023182154315778e-01 1.065395432250334368e-01 8.816085375808858926e-02 1.000061990494028746e-01
1.734375000000000000e+00 1.486086374948774047e-01 5.890361556560507611e-02 7.605619716873066039e-02 1.417021574987473442e-01 5.393456230026995313e-02 8.656150325908550103e-02 1.523625989992057894e-01 9.089298238995485724e-02 1.147967584044123496e-01 3.734259339813056355e-02 1.001222441466818741e-01 6.682665124013804393e-03 1.127927384299492741e-01 2.279342227849939784e-01 1.841328956353441570e-01 8.331743980489648982e-02 1.646011212597057738e-01 6.167228115821667828e-02 1.113677691898483368e-01 3.329811050636723446e-01
1.750000000000000000e+00 6.730383793296684791e-03 2.366977538947636836e-02 7.332458847502199006e-02 1.963599492401676624e-02 2.835399331436913584e-02 1.279304240625738463e-02 2.731770535638665121e-01 7.268117228483181314e-02 6.053166705853963575e-02 1.760588447641503462e-01 4.704988487592617202e-02 2.122518870415999459e-01 3.416051089596418983e-02 1.260762620602896289e-01 1.352382325761575244e-01 8.836477991189843617e-02 1.293220030595708669e-01 2.406220760590386393e-02 3.380315156176200153e-02 1.316824093617323665e-01
1.765625000000000000e+00 1.183941027668766605e-01 9.243169116519130146e-02 1.069328575697974376e-01 1.667149049225339630e-01 3.747611454954433152e-02 1.213370738818483202e-01 3.227269939006454647e-01 1.816130026896733696e-01 2.203474052867444855e-01 3.175318316000875218e-01 3.406098712435123854e-02 2.382207086538919716e-01 5.136880620751936577e-02 2.270353491889803565e-01 1.666466829782428383e-01 1.697149516628758403e-01 2.588098313504706427e-01 1.805166902622419231e-02 1.152140561054235679e-01 3.322131878594196674e-01
1.781250000000000000e+00 7.097452596384103141e-02 7.032575946799532463e-02 1.660665225861935115e-02 1.051661162578191033e-01 4.972292193837499902e-02 6.797600435790829287e-02 1.938500472428099919e-01 3.429116059235601949e-02 6.951017643871688911e-02 3.033109982109469249e-01 1.196777729443974508e-01 2.782093684548094248e-01 1.556881786312502569e-01 5.642399072398104898e-02 1.666113805073422549e-01 2.172859403048483240e-01 5.597528955426506886e-02 5.382521245351065686e-02 2.747077835805364354e-01 3.898179611079103379e-01
1.796875000000000000e+00 1.151074297739724528e-01 1.293005986127498605e-02 1.292091826315496239e-01 1.962662789202207492e-02 8.670305743186491887e-02 6.531100739763920360e-02 1.841736738881889768e-01 1.030546312722492586e-01 1.834125689975815016e-02 4.790525123119838274e-02 5.108495636506595050e-02 6.688274952750314917e-01 1.560679270070119452e-02 1.039510256334076361e-03 1.111343301402460543e-01 1.968600556984479444e-01 4.937052936434198347e-02 2.540662523183871424e-01 1.029432669246608117e-01 3.202684870740388906e-02
1.812500000000000000e+00 1.666928502771947984e-01 3.182437978744056400e-02 3.170795664665407992e-02 2.049890016826847461e-01 1.041023538192740738e-01 1.321227344273121496e-01 2.578822695328041315e-01 6.409129420451900594e-02 1.291428466593262103e-01 5.504594554794994821e-02 1.697105488521254146e-01 6.915914916879818408e-01 1.717146436269066656e-01 8.269491746457111048e-02 2.201195049988117700e-02 1.539473309472453311e-01 8.260868366638336735e-02 1.164212693053997549e-01 1.702667194993274513e-01 2.072448918505494786e-01
1.828125000000000000e+00 4.394907060107711705e-01 1.166672650444501164e-01 4.210257172178259732e-02 7.266152144403213720e-02 5.616037903337013637e-02 2.083623784557450953e-01 1.631698778529995161e-02 7.746650977868096977e-02 3.675745580954097314e-01 1.676845210831834354e-01 4.785303425743557028e-03 3.206912813235921478e-01 1.522328100778697416e-02 3.417834299027636136e-01 1.467896432674671570e-01 2.506526213123385638e-01 4.586605634920134511e-01 1.070435760228794636e-01 3.053081857565881352e-01 4.287373114151163400e-01
1.843750000000000000e+00 7.306681712934894046e-02 1.021847849928278346e-01 5.030695538644698594e-02 2.466446128814097499e-02 1.066358718016833552e-02 4.733804823936700601e-02 8.532879902237616720e-02 7.135115881590639586e-02 1.415291628832906490e-01 2.320113567285871925e-01 2.048888458431009571e-02 2.630211896639059188e-01 2.044533364663475225e-02 3.763876327990177129e-01 8.028131315771724896e-02 1.557904910045490310e-01 4.049450479847978013e-01 2.151059505882323836e-02 5.694235215625341462e-02 5.087082633001426685e-02
1.859375000000000000e+00 1.250728480892202288e-01 4.762058117014057040e-02 9.622799867511614216e-03 1.872017807588790828e-01 7.160592285801020696e-02 1.183993448607908450e-01 3.136409012218100978e-01 2.596179222071399173e-01 3.574380742495286145e-01 1.452632725073489499e-02 1.817110008794595721e-01 6.676188500472764187e-02 3.022974059698198546e-01 1.126202461967043544e-01 2.533197711477001568e-01 1.320383840124289276e-01 2.086721827206022006e-01 9.714940297998431173e-02 3.772517997847599780e-01 5.647901271252908639e-01
1.875000000000000000e+00 1.847030295202840289e-01 1.842078392577232437e-01 1.159770086471864775e-01 2.614264874188345633e-01 1.306759381964025801e-01 1.174120648897402502e-01 7.102676321231618604e-04 1.149785050203096654e-01 5.587075488872459555e-02 1.407221861942366536e-01 3.000226592795233183e-01 1.930491295210439995e-01 3.220678069569485324e-01 2.736161153043967231e-01 1.519228247119624453e-01 2.958415721537433624e-02 3.177416543393173365e-01 2.702249943089216067e-01 1.770890222582750528e-01 1.806916811072173945e-01
1.890625000000000000e+00 1.034173154126298913e-02 2.180149423413678678e-01 1.451595310474606548e-01 4.195187980490100964e-03 8.529039283411181394e-02 1.465699880658841506e-02 2.827235630045957238e-02 5.069424149185257356e-02 3.392473590870476695e-03 1.405541281742619109e-01 1.492671493998528331e-01 1.811995809788319312e-01 1.831435756505324919e-01 2.221421434242732695e-01 9.707259029036016673e-02 7.837255781554484935e-02 2.125297011518892665e-01 3.933723831732315324e-01 9.225729519169545423e-02 4.319723556634102318e-02
1.906250000000000000e+00 2.136647840177066660e-02 8.598596059499516442e-02 6.045117876455301242e-02 2.603762525500089714e-02 3.155893074928771413e-02 9.348355140067335367e-03 1.375256232439367732e-01 7.770310473111090126e-03 1.488750656013545365e-02 9.664568543022357405e-02 6.111351789491401010e-02 2.694735834560157417e-01 1.130796086252459365e-01 1.102307630700005703e-01 4.414940633762357708e-02 1.284978930898773679e-02 4.493933738380101461e-02 2.882158369489134508e-01 3.553853593396599092e-02 6.211629459282166921e-02
1.921875000000000000e+00 1.699296479305057728e-01 1.723013227386272772e-01 9.828302029926160033e-02 2.112432377176933773e-01 1.829557816911812351e-01 1.107248971961820316e-01 1.982118889612554183e-02 1.048810971070583270e-01 3.297806247140455671e-02 1.133701786891473939e-01 3.068562915617296660e-01 2.285827665671626430e-01 3.340560566448058100e-01 1.965327649855307945e-01 1.246843391164433046e-01 9.677090150501900176e-03 2.138838585199987208e-01 2.543428764571801226e-01 1.276650198712709350e-01 1.704283606272958829e-01
1.937500000000000000e+00 1.108318595097818327e-01 7.794586356698890439e-02 6.075999995131293324e-02 1.289870067700105982e-01 1.234108128893289802e-01 4.038469873683944028e-02 1.042545255788897701e-01 2.167136127527615475e-01 3.302824082630828051e-01 6.988369313206163613e-03 3.493817095218965663e-01 2.468825382372739630e-01 3.680563575498543294e-01 4.485328746688824718e-03 1.325698676801062292e-01 3.834759336069240576e-02 6.233132324912291772e-02 6.617153353386399928e-02 3.405145530858278424e-01 3.196317347568866651e-01
1.953125000000000000e+00 1.503032435713133885e-01 6.121832419003114117e-03 1.734945953207492897e-01 3.258465370390298960e-02 2.032791971810131090e-02 1.482270711921338247e-01 9.895562703088206513e-02 3.178961924671353662e-02 1.461675750568725840e-01 1.952604710216444273e-01 2.505703520595395709e-02 4.341919447027655504e-02 4.774276806870050155e-02 2.391902724614331510e-01 1.455212593071809335e-01 2.241965454021357107e-01 3.051804788669249535e-01 2.465035091116794461e-02 1.136671510643210148e-01 2.504387813631732129e-01
1.968750000000000000e+00 8.052070438965046317e-02 1.528687632656924311e-01 8.053757648702034033e-02 6.878890400838989783e-02 1.845854595859872452e-02 2.912860854511243811e-02 3.953741376903340266e-01 1.618426521007099161e-01 4.223507935320750528e-01 4.485868200687577745e-01 3.624679691703030365e-02 8.790744118122516271e-02 4.076959359224916618e-02 3.540882960012227132e-01 1.200296179032276367e-01 2.306833153560134408e-01 3.965748207568242090e-01 7.755863754103890784e-02 1.152179731784702399e-01 1.269670360030796530e-01
1.984375000000000000e+00 2.443711127620541365e-02 5.949725519815159125e-02 3.415271998656317642e-02 1.134655887936810714e-01 1.377316692711940405e-01 2.151206526023781776e-02 3.052136366983896343e-01 4.102646129369197370e-02 4.755403761093483783e-02 9.637564452599335640e-02 3.933103905245265985e-01 6.968763419610682908e-01 4.166590790878776374e-01 1.055743512756457739e-02 3.018926249949668503e-02 2.291617779372854061e-02 1.783344922897837567e-02 3.642132700022736591e-01 6.871985322669928176e-02 2.394588201324678589e-01
2.000000000000000000e+00 3.633060097098105012e-02 8.305376286157226118e-03 1.032164474516693471e-02 4.366686405208237282e-02 2.257672525338924943e-02 1.922661054037295633e-02 4.638940630286145922e-02 2.595691469479841779e-02 2.904426861396526907e-02 5.421847691417226722e-02 2.185379009921551742e-03 6.731994689973440638e-01 3.611840197731529343e-03 2.372831460930485345e-02 5.150409937144554556e-02 8.673808471225202970e-06 1.018875842613790623e-03 5.321502436048188844e-01 1.210691556738174683e-02 2.001765578831585929e-02
