0.000000000000000000e+00 3.010577724031785959e-02 8.073073532522255513e-02 4.286577679283501419e-02 1.572952993465685512e-01 2.555734854762104630e-02 9.687952887225352583e-02 2.481297642529795844e-01 1.949021518786984986e-01 6.546056027387125997e-02 1.449786813939339947e-01 5.554989700463424003e-03 1.304582220462700143e-02 5.804750462317448401e-02 3.725287430254411395e-03 1.358431547495347613e-01 6.575853903518392995e-02 7.677929406791358935e-02 5.870158845893739055e-03 8.145871751867768407e-04 4.441863784318644641e-03
1.562500000000000000e-02 1.336409292811629734e-01 1.289748204110244788e-02 2.677407363057522915e-01 1.360219856551960760e-01 8.511475165268597709e-02 1.428486276538422362e-01 1.225716905842338666e-01 3.823502354745123011e-02 4.570779385978351317e-01 1.300857322023554752e-01 7.015137622090504566e-02 2.010037779434981353e-01 4.392529054479779593e-01 2.594916936509444327e-01 6.166270112042074869e-01 8.181259262076344407e-02 4.391893497579961447e-02 6.722503697571656500e-02 4.108007421892376776e-01 5.075244394312541374e-01
3.125000000000000000e-02 1.216209983205506773e-01 1.621012968895879994e-02 1.094540530555047769e-01 4.098439310852468043e-01 2.408358880621158937e-01 2.969477876497191859e-01 2.243582975249895362e-01 2.194222233517229351e-02 7.371275212840393554e-01 1.665374201377016819e-02 5.852351586616870958e-03 1.529580195400082610e-01 8.077239079802318866e-02 1.282839731172976394e-01 7.620805358891844516e-01 6.677393748691322628e-01 4.498743330660890383e-01 1.096468102678469503e-01 7.910439079666827800e-01 7.777207374541675322e-02
4.687500000000000000e-02 2.168459748530629783e-01 1.541997682078420639e-01 1.547713373331759401e-01 2.844430287683858416e-01 8.862350128819969364e-02 1.632407175602412774e-01 2.159003470383139833e-01 1.523844353727669965e-01 2.963964606820254644e-02 6.785613214503523685e-03 2.072486035009054040e-01 2.693572057363848304e-01 6.758562731638309562e-02 1.488006504255907636e-01 5.466232252963636462e-01 2.848331929019775610e-01 5.562605643162236158e-01 3.448108791146571594e-02 7.670847318934432835e-01 3.010907010816347706e-01
6.250000000000000000e-02 2.768895960970084724e-01 2.947572705896964185e-01 9.476786437854277378e-02 3.674755774735805613e-01 3.873439418418938573e-01 6.457537476907398988e-02 9.428306382447350364e-02 4.819759916938454875e-02 1.250934385850762387e-01 1.013941041914857410e-03 2.315325225464517356e-01 1.834799679856815580e-01 1.514360091094569261e-01 1.387258111046086595e-01 4.026259588715141446e-01 5.301320062185921334e-01 5.469761630081719783e-01 4.646809887000770134e-01 2.751050585173359098e-01 5.726465554851622314e-02
7.812500000000000000e-02 2.834881720541478911e-01 9.624254418717248516e-02 1.651926796397603925e-01 1.279297542576829372e-01 2.155189690546389925e-01 2.166241832351518681e-01 4.102223572458497253e-02 4.497740650924721140e-02 4.323827214186222179e-01 4.063731862760817937e-02 2.176355729095615088e-01 1.888907171633760207e-01 1.286388127608135978e-01 1.740512975795879824e-01 5.870630129546069442e-01 7.832780979945095368e-01 4.668895312314612078e-01 5.435522747424077067e-02 5.131390877933638128e-01 3.200712326539183472e-01
9.375000000000000000e-02 3.421429831571323743e-01 6.047743959626335902e-02 3.901513578415277128e-01 3.924512016850336682e-01 3.103475489798967479e-01 5.889239511641329861e-01 6.107760903478576253e-02 1.975430430252237690e-01 1.244495516534328688e-01 1.358710802531532813e-01 2.017537810280729260e-01 6.093282508532173875e-02 2.839248643830356578e-01 1.477157895986085656e-01 7.511158082233776456e-01 9.082171298269282600e-01 6.598077005484925817e-01 1.314874553279123115e-01 6.641747003958623496e-01 5.020809834968936736e-01
1.093750000000000000e-01 2.560936432361261561e-01 6.826444765562597605e-02 1.794837552384987434e-01 1.108549412038901394e-01 1.202337214080373279e-01 2.168175521818345164e-01 2.789286377967148747e-02 1.321374253156725187e-01 2.967782071285366419e-01 1.176503280594927425e-01 2.027902170131579834e-02 2.260277218051497811e-02 2.217148982736005455e-02 6.477476667002819710e-02 4.646247385032300503e-01 7.617791308216128598e-01 3.228230189378415438e-01 1.803850448991604558e-02 5.319125980347252369e-01 1.686688180884070576e-01
1.250000000000000000e-01 2.784976579132545371e-01 1.529230620172178368e-01 5.319698797073057345e-02 2.191905464093247269e-01 3.772017416952414548e-01 2.602141171997106039e-01 3.147061177666054393e-02 9.281366216641311062e-02 1.213361025971770590e-01 3.628076224245403714e-02 4.841799025887819075e-01 3.542501946831243531e-01 2.002755085097095433e-01 1.499067718690373086e-01 5.085615274684044396e-01 3.487451890635414609e-01 4.524428088244999424e-01 1.879435222873839240e-01 1.241163242727033600e-01 2.974442222542720282e-01
1.406250000000000000e-01 1.732722469671977295e-01 1.842482820363793294e-01 6.928513223710305868e-02 2.206537672495627322e-01 2.396140578917596853e-01 3.459263507405396787e-02 2.152388989119995710e-01 2.479828667693791122e-02 4.544671677224774997e-02 7.331923795649003539e-02 9.642479150562363599e-02 4.033052134407619227e-02 5.066036536302660764e-02 8.347873005715013284e-02 1.298709005535265693e-01 1.841901712688000237e-02 2.263813454198516095e-01 2.527826324195941443e-01 1.637139953877085885e-01 2.418866838454878099e-01
1.562500000000000000e-01 1.163307906164368077e-02 1.696914603421286957e-02 1.776536466731381825e-01 1.846366380622551928e-01 6.298864598966349981e-02 1.937462964121212383e-01 1.724071430163235108e-01 2.386215466945681291e-02 5.848027089754838093e-01 4.804720363704238079e-02 7.081001898652151960e-02 2.287806311564145045e-01 2.738700190094484621e-01 4.360185638634552219e-01 6.715433365154109824e-01 7.844582786700385890e-01 6.711082881205968631e-01 3.295976015886528665e-02 7.305919317075018071e-01 1.636791759250445510e-01
1.718750000000000000e-01 3.352432646289523754e-01 1.314842589904718084e-01 8.850619311711369064e-03 5.711021262587613612e-02 6.748557682392622437e-02 8.617753338042431765e-02 1.376651140137069573e-01 3.770970838594857044e-01 1.039263384810582280e-01 3.138852980849483054e-01 7.675622561597704452e-02 2.678121775298286100e-01 2.471033745475966770e-01 2.202210537105617760e-01 6.278387265740935363e-02 7.534011210261797320e-01 1.976499205843547380e-02 8.151065184598104904e-03 4.354999713092998492e-01 1.178270332347795823e-01
1.875000000000000000e-01 8.015549102749863764e-01 7.589508313991890631e-01 8.210335572651595859e-01 8.419655412925635130e-01 8.721280548622342144e-01 8.416117962596924018e-01 7.950323738445675970e-01 8.059741369221290475e-01 9.221008103463814720e-01 7.940234723122738814e-01 8.101414193229421468e-01 8.213261737247378180e-01 7.821896444447753449e-01 9.015500204538002826e-01 8.094320718861038877e-01 8.467533388648533776e-01 7.428224587522158640e-01 9.238541983909839272e-01 8.402027729352457008e-01 9.451900444523583245e-01
2.031250000000000000e-01 8.793206361708648666e-01 8.576160913334257563e-01 9.151152888552224196e-01 9.204877890275021679e-01 9.446013062495277612e-01 8.985971489940243195e-01 8.991167680770802972e-01 9.404422266364313998e-01 8.910425556789450807e-01 9.165841402880477995e-01 9.391407778914385718e-01 9.069159256616177167e-01 9.294753971551854566e-01 9.582388007175373090e-01 9.263632036238511613e-01 9.094343800569868463e-01 8.765221827223613760e-01 9.641169928549336854e-01 9.231883412633016261e-01 9.513633888704166042e-01
2.187500000000000000e-01 5.915516476505920940e-01 5.398207943196217107e-01 5.331018305905911303e-01 6.519403924657289906e-01 5.176468689288719061e-01 6.006406452306042310e-01 5.287186332660122057e-01 4.586663388610585090e-01 8.837832636570058797e-01 5.190052334504545728e-01 3.769696994172954119e-01 5.148903193752397689e-01 3.615512081008778744e-01 7.143050688278421712e-01 4.287596825973650216e-01 7.962883218867036206e-01 5.048613507282141422e-01 7.596833130751859953e-01 6.289358742785825518e-01 7.215919510951391835e-01
2.343750000000000000e-01 3.825793812832543050e-01 5.716278905842478442e-02 9.902888629150483069e-02 2.827666283977537504e-04 2.434083977440111290e-01 1.185864479603724632e-02 1.401198361519432889e-01 3.800309565421972069e-01 5.210223202348590599e-01 2.170039349900515502e-01 2.667850289532491259e-01 3.439331434432670864e-01 2.489849046999704774e-01 9.740970996054766629e-02 7.129147296519610100e-01 8.007972566433022577e-01 2.238135055982062305e-01 2.080474655348738544e-01 7.714834294347872046e-01 3.391694451457000214e-01
2.500000000000000000e-01 5.679182069450044307e-02 7.343726435524333684e-02 2.461784056426251088e-01 7.512821605653315082e-02 7.117517614058042896e-02 2.515153105057379435e-01 3.351427207954141285e-01 1.387209151106955363e-01 1.917804720890293191e-01 1.119023213525078761e-02 9.026166608364107058e-02 3.585605956001737260e-01 1.164849660610568355e-01 2.008858154440205657e-01 6.273313301863504554e-01 5.656468813131740880e-01 5.875943407841782706e-01 2.636555169119647601e-02 7.282858252231885210e-01 1.555445658243603257e-01
2.656250000000000000e-01 1.923204541675199164e-01 2.085748057262411248e-01 8.405847356739166998e-02 2.648638070185076465e-01 4.316341018238590288e-01 1.102742803715316411e-01 1.359925951317105808e-01 3.199858338360343779e-02 2.162981804275056902e-02 2.423330348304054884e-03 3.251844186860350927e-01 1.783682938364612447e-01 1.951620975894607368e-01 8.944097048046549536e-02 3.896051210888393235e-01 3.984900377296833884e-01 4.195788150796230243e-01 3.302418498959655557e-01 2.932435144615101463e-01 7.320671688551695644e-02
2.812500000000000000e-01 2.848995438717691897e-01 9.220997141111605955e-02 1.241960287519631723e-01 1.170462908199220164e-01 2.451686958274558736e-01 2.931860160948339122e-01 4.109052425594537233e-02 6.704598833002127500e-02 3.354009568720793255e-01 5.413338224096893997e-02 2.876654193017670336e-01 1.928632030665069497e-01 1.516369207374434758e-01 1.462367184377718343e-01 6.221300544724802650e-01 6.646129125663604587e-01 5.178973358291304452e-01 4.360551448348098935e-02 4.118895010834701664e-01 3.687179570353791291e-01
2.968750000000000000e-01 4.223255430609139660e-01 7.327633732747270041e-03 3.831129612424008513e-01 4.431038468151145548e-01 2.606888482949379360e-01 1.217700305073023681e-01 6.142656853945306639e-02 4.083624233062082554e-01 1.229306221657139597e-01 1.530695910407119942e-01 1.144761846254616910e-01 1.047130087333877774e-01 9.258634843957735949e-02 7.795082193078764488e-02 8.390419554866026530e-01 9.424406925303207005e-01 7.623356660638165305e-01 1.239515305788665978e-01 7.061767379403032230e-01 6.056231841370516289e-01
3.125000000000000000e-01 2.253819583477483512e-01 1.121410432017316688e-01 1.928982748306488360e-01 1.209392480579672968e-01 1.331170586055017424e-01 2.591240166951491175e-01 6.788443543653040202e-02 1.440418027507005261e-01 1.513081723178241467e-01 7.538236681328570887e-02 2.998127768586678066e-02 4.996517303393642473e-03 2.895654509913139080e-02 5.985314906663494194e-02 3.586123486732712418e-01 6.538600050142108211e-01 2.815362256316899514e-01 2.565569585018020668e-02 4.430113125138201990e-01 1.539604812723050220e-01
3.281250000000000000e-01 2.993377064971717294e-01 1.652468341506243832e-01 5.547317244923671148e-02 2.239054927343854806e-01 3.751487581973416141e-01 2.445318112461502824e-01 3.132353378530131072e-02 9.203483618263666455e-02 1.888020102519867849e-01 6.226681156924049332e-02 4.821835333408621693e-01 3.279279511033247885e-01 1.983245036015337803e-01 1.941079408829632091e-01 4.563996709063322665e-01 2.810263327900985875e-01 4.631673785791223241e-01 2.016760558448300877e-01 3.987473303392014695e-02 2.174916669398221647e-01
3.437500000000000000e-01 2.156740171510383441e-01 2.564098297079952515e-01 8.433708202612184845e-02 4.088840201184559819e-01 2.386993255872247310e-01 8.614875828271487124e-03 2.403438062880731974e-01 3.012875235015146508e-02 3.537958440394836646e-02 8.160346730781518898e-02 8.413094907602267081e-02 4.655521962157257998e-02 5.407197600739678534e-02 7.490789416900490993e-02 4.945798301149871568e-02 1.810729024544482091e-01 3.167781052228532679e-01 3.118247532286762547e-01 1.992757755693491117e-01 2.039174232273354148e-01
3.593750000000000000e-01 2.437186315910456480e-01 5.332966937863573703e-02 7.608794906390904493e-03 3.709185196796050410e-01 1.018399225177240019e-01 1.327181812035850006e-01 4.896914683086709547e-02 7.277661837606649864e-02 2.649172424491927358e-01 1.379965697098326782e-01 5.281199792700859430e-02 1.462405741033751261e-01 3.021976373209821903e-02 1.634808677198674731e-01 5.223746653385482608e-01 6.547063905794658911e-01 5.444098134385620957e-01 5.097127591805662022e-02 7.889722320154031188e-01 3.227662547800345116e-01
3.750000000000000000e-01 1.052248208085556774e-01 1.003309662771495192e-01 1.284959209945267522e-01 2.462732227945302887e-01 2.119755816061119069e-01 3.931691879979632570e-02 3.668874048834668694e-02 2.094527816537577192e-01 2.423616258030381609e-01 4.705671830735356359e-02 4.475165439477867685e-02 1.833834911773728205e-01 2.402290210222817954e-02 1.581454638284618963e-01 4.317875426106287939e-01 7.710476730605883011e-01 2.331974833460100094e-01 1.730199383380406075e-01 6.350966441295750053e-01 2.215680460441395438e-01
3.906250000000000000e-01 2.072266731594080147e-01 7.998757404839143548e-02 1.252783598889867789e-01 1.149374384438362103e-02 1.286712343697758443e-01 1.107728075152534797e-01 1.022416978662286646e-01 1.768329663211043179e-01 2.382275972260671226e-01 2.773097942810316963e-01 2.213224440778356616e-02 1.172250011842331380e-01 2.172121106209696367e-02 7.307466301939803677e-02 5.860113484316093607e-02 2.285767602418345146e-01 9.464294525827290916e-02 3.209244750577069233e-02 2.612193871704016623e-01 2.276403129566575978e-01
4.062500000000000000e-01 8.130040996839615897e-02 8.278201719597552688e-02 8.568823021430685416e-02 1.335068815347208344e-02 1.416034813221099253e-01 2.690120315392604058e-02 2.527817579695189609e-01 3.291867660577930260e-02 4.514782589652030498e-01 6.968987244198901476e-02 2.293761699398465942e-02 9.963642754161481513e-03 4.459791177982683902e-02 2.692371348272631915e-02 2.142552786145204488e-02 1.123600783981934526e-01 5.605741971263600819e-03 1.125991978291974484e-02 1.871289663459853037e-01 2.313533996662871794e-01
4.218750000000000000e-01 2.475405909927043957e-01 1.258194312043056096e-01 4.163573860990612413e-02 5.281699802350506845e-01 8.106972903542589148e-02 2.298267286710897195e-01 5.245677936807694453e-01 5.062048182433882548e-01 1.421974849645730454e-01 1.250965232073021072e-01 1.100617364258930780e-01 4.797724448618038151e-01 4.337927870130194319e-01 2.815655232304285494e-01 2.152504976224247080e-01 7.226374842255476327e-01 5.675095306334921458e-02 6.023498038012039396e-02 3.616262924121858013e-01 4.272432061011344900e-02
4.375000000000000000e-01 1.041286450805255087e-01 3.754702578156564330e-02 5.894772049045386014e-02 1.833762073763834932e-01 1.515247655823362127e-01 5.191962216354520376e-02 4.494231273555805983e-01 3.548891039355466653e-02 5.538652087772617527e-01 2.481925135890626632e-01 5.605722421853376065e-04 1.312937808551071783e-01 2.134297555124870308e-02 1.186368712663893842e-02 6.985935448320251817e-01 6.641371589028047806e-01 4.553931352977603764e-01 9.401135202025938387e-02 6.843360542256409218e-01 3.388227450861269752e-01
4.531250000000000000e-01 6.392954026301542192e-02 1.656809348684772643e-01 2.346289482860005882e-01 2.440276003003835348e-01 2.021517895402048515e-01 1.466582282823597205e-01 2.345981951310581182e-01 1.433658346318189281e-01 1.940933796004410961e-01 1.912322782535892107e-01 2.813832944758895005e-01 1.964500424402655099e-01 1.015492476266792177e-01 8.909880151068517995e-02 4.814327062602926088e-01 5.712592414597107010e-02 5.263801601790105700e-01 7.933895015461750466e-02 3.855736008944196103e-01 2.852490778161856366e-01
4.687500000000000000e-01 1.619378709274145456e-01 1.998382368695120204e-01 1.760681941123864447e-01 1.273703111320453329e-01 4.790635036982316408e-01 1.378380006996754725e-01 8.271270193662924597e-02 4.386948901548955171e-02 8.816789747580663916e-02 1.078860290503363094e-02 4.225424383110876203e-01 2.706780122558569146e-01 1.470275846211316906e-01 1.290233464969005872e-01 4.698862827914803142e-01 4.319873707069615820e-01 4.143183313861598660e-01 3.258842561679837768e-01 1.376609588867271083e-01 1.109065755665571973e-01
4.843750000000000000e-01 2.753455246145806168e-01 6.212201413734937117e-02 2.210717321656092138e-01 2.402635264791337377e-01 1.234821988581145114e-01 2.347621240681334320e-01 6.075328875032472153e-02 4.672284142335510898e-02 3.648809788319493652e-01 5.286454506900777062e-02 8.795102306936698755e-02 1.647216393782619526e-01 8.753646471743831148e-02 1.334934802015333988e-01 6.113693720673697429e-01 7.120583424154752761e-01 4.253489354814029566e-01 1.433850524450569659e-02 4.144866036434669554e-01 2.172775987686387245e-01
5.000000000000000000e-01 3.249356793812788746e-01 2.415064361363912504e-02 4.220187476947641625e-01 5.354748769793643559e-01 2.294569612748530441e-01 2.872799867095687798e-01 9.447622266060125285e-02 4.146363789039828607e-01 1.571051421338379508e-02 1.576909367381363336e-01 1.571188993869427064e-01 6.969328175574089623e-02 4.753324501704227212e-02 3.065924876341009214e-02 6.425715149622441835e-01 9.389051579365058631e-01 4.837252718971195575e-01 1.086760042748983884e-01 5.626196836073793506e-01 3.551457950920348661e-01
5.156250000000000000e-01 2.143340121343469684e-01 9.721278744790146087e-02 1.422245731864692220e-01 5.482088813125574750e-02 1.554703631542756481e-01 2.174214116867022872e-01 5.274749456580588025e-02 8.919264249699725144e-02 1.575515711698202981e-01 1.397467063905175333e-01 9.511966959064868665e-02 6.037346357314470752e-02 3.698760488224717147e-02 8.631555416319645901e-02 3.369427667551262995e-01 2.585843680267572720e-01 2.350208977721226500e-01 9.645488628423159669e-03 9.716891971443161746e-02 1.740300165455680725e-01
5.312500000000000000e-01 2.648653892981019387e-01 1.699722923730115354e-01 2.445076462784345067e-02 2.718047772720083022e-01 4.178895007876712864e-01 1.983880026962549781e-01 6.412592666852474921e-02 1.036107612139705730e-01 8.174935339150633806e-02 1.826227715105995658e-02 4.877168790560858502e-01 3.513906710016260204e-01 1.808353123579916344e-01 1.421708495407244255e-01 3.762462854858317218e-01 3.509106435139601465e-02 3.761086686801613510e-01 2.345017315930713053e-01 5.898239530142108250e-02 2.074776223467746372e-01
5.468750000000000000e-01 1.698151881501038241e-01 1.302900568528282677e-01 4.279995785246021311e-02 1.572526684552981724e-01 1.600423628576003177e-01 1.769330503214809613e-02 2.822357304341852613e-01 4.313099018956363662e-02 9.148497295793448772e-04 1.261833756809746521e-02 2.959186027746353934e-02 5.429809596553199919e-02 8.913603109661525498e-03 6.481352398028114581e-02 9.013598658824305276e-02 1.735053570443540194e-01 1.039924685950131544e-01 1.748958018135091108e-01 3.955642782819308034e-01 3.240749681998779663e-01
5.625000000000000000e-01 1.025230691585512777e-01 1.629176811484430443e-01 5.374018012258069410e-01 4.522232438876130911e-01 2.300073783992543086e-01 4.076476963095171380e-01 4.640314190694300178e-01 1.078970536713083628e-01 7.237631122747879564e-01 8.522539497010978016e-02 1.433682281980164508e-01 4.332834243133693586e-01 4.202718558963365880e-01 2.235281233854763960e-01 1.327720009600494126e-02 7.586812115383009258e-01 1.803478223603729169e-01 5.972183859403804723e-02 6.571951493546394074e-01 6.116137919030363752e-03
5.781250000000000000e-01 2.819903393505286404e-01 4.320311980825871506e-02 1.338399383621810025e-02 1.105427604154053389e-01 6.565577885071628705e-02 2.278852541915243890e-01 2.646389024495992073e-02 4.013717377678867049e-01 4.963720231261052884e-01 3.091570225001853967e-01 1.384263130202705305e-01 3.047923107047511015e-01 3.794185639940225174e-01 2.942659195718010379e-01 3.515460231242064637e-01 2.059221900881939016e-01 8.043505012701111789e-02 5.321253045950777305e-02 3.673813238519032520e-01 3.233233058943226212e-01
5.937500000000000000e-01 1.004334437019634846e-01 5.539492085905075441e-02 8.470356061843355155e-02 1.009966888756528083e-02 1.359522593130659818e-01 3.239570765624402021e-02 8.682965754609341114e-02 5.400401788279990400e-02 3.634213223089176603e-01 2.462615516431880536e-02 2.557720144503112733e-02 5.156238456371022190e-03 3.661667299271086085e-02 3.533341916076109673e-02 3.984245876228078437e-02 2.581495279272051635e-02 6.571657162974708227e-03 9.375739635912597875e-03 2.630702964424146487e-02 2.284290688071509146e-01
6.093750000000000000e-01 1.635030947121093037e-01 6.887005936647815074e-02 9.755080097144026852e-02 2.967134462604603326e-02 1.042307592241345088e-01 6.416859741023603347e-02 5.953046680418180858e-02 9.002125677662133063e-02 2.986446935224681964e-01 9.164973690498623426e-02 4.925701361762055419e-02 2.676450974016322468e-02 9.473904342511910159e-02 1.100384024282348716e-01 9.679729806903493439e-02 2.136747389050933869e-03 4.109897153674971909e-02 1.555563586249873731e-02 1.319012159830132425e-01 1.858547347072743716e-01
6.250000000000000000e-01 2.515901644676603599e-01 6.577636148075723110e-02 1.443035047517099434e-01 3.247165579808443669e-01 2.269845535471396933e-02 1.758629846699766575e-01 1.817083969545109368e-02 2.905698760804371061e-01 5.951801347301207690e-01 2.060421000119185553e-01 1.206949927729745325e-01 1.251743759506473430e-01 5.812118537561922205e-01 4.299454465600844877e-01 6.141212574657194390e-01 3.672025715797027079e-01 3.506364814357113002e-01 9.004403943979498448e-02 6.845090008999297204e-01 3.532295599582017664e-01
6.406250000000000000e-01 3.917411823747328492e-02 9.561057882695835064e-02 6.552943784842875374e-02 8.988220449562409065e-02 1.471026217570418904e-01 6.578620515888371212e-02 3.657104397448873029e-02 8.305559397789358256e-02 4.346642376338826774e-01 2.699066289640542626e-01 4.270980355436099912e-02 6.365514392050393433e-02 7.643864856835955179e-02 1.470859648629777895e-02 7.229076326674553910e-01 7.122768430229978742e-01 4.102720139322187376e-01 3.399440091556411858e-02 7.721587917978867122e-01 4.196363448041326993e-01
6.562500000000000000e-01 2.336212396019098914e-01 3.181134679275593458e-01 1.889315767319252881e-01 4.726427547573557875e-01 8.632987727798427380e-02 3.630225546822958560e-02 2.149259514540897420e-01 6.576154303414094571e-02 1.212131073766173489e-01 5.791104238398493698e-02 8.352679661123826871e-02 2.208050493508122852e-02 8.113160484159175068e-02 1.544838563370486417e-01 4.253290594992537033e-01 1.508505140375911158e-01 6.168795034228233831e-01 2.502139157523138868e-01 4.826868670025591390e-01 8.850812541591871613e-03
6.718750000000000000e-01 3.342464780719848205e-01 1.735209441892740512e-01 8.572617591325411290e-02 2.324241777710353007e-01 3.209032382295349817e-01 2.108555359283661446e-01 1.859218616328607923e-02 5.543106372726082365e-02 4.344625797783124854e-01 7.692246745626332705e-02 3.799313376763838734e-01 3.238402364706380321e-01 2.359685512644519589e-01 2.073924758523512102e-01 5.868776987287115388e-01 7.490444720126323563e-01 6.234823623433703998e-01 2.981671155238000970e-01 3.967028130469145708e-01 2.782160219527207712e-01
6.875000000000000000e-01 2.198390180083809042e-01 9.783641988291300051e-02 2.502238873566144939e-01 1.837844060122403866e-01 1.791161957532006188e-01 3.602814805805920062e-01 9.136520633848057779e-03 1.198068255092331613e-01 4.010536520897827750e-01 3.460311110234098875e-02 3.128929094659614607e-02 3.653464669354536398e-02 8.572232086984858668e-02 1.093778131937390985e-01 7.513460200258540445e-01 8.933900548983210177e-01 5.722033112958380130e-01 2.341068091608404858e-02 6.616953338662391326e-01 3.969296025354441260e-01
7.031250000000000000e-01 3.434620629793797564e-01 2.468460495400297966e-02 2.348205509469047381e-01 1.928668232131786620e-01 2.174717304451806721e-01 2.846245804625926468e-01 9.676972871410671750e-02 3.063923092024526951e-01 8.320049673397210410e-02 1.658510327399394524e-01 1.435994541971981897e-01 5.553451585282386666e-02 3.210552839079641035e-02 2.886966712393220294e-02 4.512407976900385531e-01 9.193532093543352879e-01 3.997046282842652842e-01 1.027504979399116586e-01 6.385552211904772513e-01 5.934024765801757528e-01
7.187500000000000000e-01 2.355381740040807526e-01 1.032842466757419309e-01 1.119541196977271169e-01 7.276783042224793663e-02 2.190663584276070497e-01 2.554362873029087377e-01 5.200132588175070125e-02 7.105809236456632483e-02 1.877572459053223064e-01 1.020993404708041286e-01 2.170964754869748325e-01 1.555558844745640878e-01 8.154690368393409383e-02 1.252778889988600264e-01 4.406117552222113543e-01 3.383869222946893629e-01 3.278304773404066563e-01 2.628583194955315394e-02 1.772335271436791815e-01 2.421582546606052266e-01
7.343750000000000000e-01 2.398655851121938576e-01 1.804521857567303045e-01 1.872051770789203914e-02 3.328750408062592925e-01 4.260239955829318026e-01 1.379302040626625425e-01 1.227775541244758850e-01 8.479722809848985743e-02 5.242729691880617521e-02 4.691245293413509772e-03 4.025212863980144329e-01 3.309958955610818321e-01 1.514611608686900479e-01 9.785544055728744028e-02 3.133002660691984187e-01 1.050639178570755561e-01 3.555591597175876140e-01 2.773268564219198429e-01 9.045272280274521681e-02 1.783497786993961942e-01
7.500000000000000000e-01 1.544888209721737571e-01 1.012507380399856327e-01 8.795501561833775350e-02 9.824521176512215903e-02 8.967093705601930642e-02 1.022513382208359856e-01 4.837516270237421367e-01 3.772621641491632344e-02 9.915000165034584811e-02 1.104159613341013568e-03 1.215907838195199242e-03 7.906485498624739316e-02 2.838305260488418677e-02 1.214397585418091341e-01 3.445823548057177499e-01 1.136129574777902801e-01 3.055517913087818505e-01 1.221334745101663594e-01 5.516809740452915944e-01 3.358873366745098732e-01
7.656250000000000000e-01 1.641599296712715206e-01 1.146624811419321849e-01 2.677245162086591135e-01 4.332372434361252966e-01 2.231453480525099620e-01 1.555416583698797928e-01 6.232148650021263059e-01 1.036021061417532196e-01 9.410346959112981802e-01 9.268145669818503296e-02 1.739479985035309317e-01 6.767122115952250994e-01 2.788621097131341320e-01 1.098856183278715815e-01 6.785516132245086318e-01 7.918713435391088185e-01 7.271115823657423594e-01 9.052253106804541982e-02 7.015473332328826528e-01 5.169242374762920145e-01
7.812500000000000000e-01 2.124192934473021210e-01 4.666344535091222767e-02 2.398954915190074089e-02 1.783782909826921725e-01 5.222720009822916232e-02 1.946822109382093380e-01 3.215344375691819856e-01 3.144900811793862605e-01 4.998582961907259703e-01 2.192130452766984372e-01 1.467864165082095051e-01 1.934371775458751386e-01 4.959463162695585403e-01 3.635532895312009738e-01 2.644850285249630839e-01 6.659022684612521115e-01 3.063178637893640074e-02 2.454135450340541591e-02 1.655580798541946286e-01 4.625477814643745300e-01
7.968750000000000000e-01 3.680116481192650946e-02 3.633085288728840623e-02 7.230853675102429101e-02 3.274380619127422853e-03 1.899891256954268914e-01 8.087494411332097483e-03 2.036112671458560897e-01 2.184627182385468283e-02 4.699273574163045919e-01 1.675691371870593983e-03 1.272519485086832589e-02 9.137696864938005606e-03 2.224203825484617064e-02 1.324417987226915797e-02 1.247258864964631217e-02 5.760510891559754432e-02 1.083541297345868779e-02 5.927748607645150387e-03 8.285422435118108830e-02 2.878155943903197289e-01
8.125000000000000000e-01 2.123777071134737293e-01 9.754742923047803049e-02 7.216922726701682778e-02 4.871509433999136190e-02 7.644895809563466427e-02 1.152886491767105143e-01 1.589614769845260067e-02 1.412853462176528740e-01 2.267468958542389057e-01 2.032186258535825796e-01 7.039773685497582867e-02 1.094057660757401518e-01 1.928762333144661556e-01 2.145999220646850614e-01 2.666560067573884862e-01 1.145416312893399874e-01 1.327553069744397962e-01 2.752860048505975307e-02 2.908865867897599822e-01 1.447994667079021414e-01
8.281250000000000000e-01 2.765238906799945551e-01 1.120037479962506660e-02 2.287887516492599083e-01 5.200200405435013717e-01 1.337791816860365024e-01 2.534670892095824968e-01 5.878981670840466300e-01 1.263278570566943142e-02 6.816753487329755279e-01 1.280196752456639053e-01 7.788696344565913809e-02 2.625452241554117605e-01 5.839423914401332683e-01 2.314064238029103215e-01 9.475104366582350890e-01 7.474220532996523891e-01 6.812811110292827932e-01 3.083280626457720122e-02 7.720396253055639146e-01 7.947746100415360448e-01
8.437500000000000000e-01 1.163138176183308031e-01 5.639706467378697435e-02 1.227441040779463921e-01 7.078654566009262572e-02 9.428581683929675161e-02 1.346697704424725806e-01 3.917546596778517243e-01 1.221072331160029528e-01 6.034279156260947685e-01 2.860701332970466138e-01 7.421836904723030925e-02 4.436556466858225523e-02 2.218072402633477699e-02 2.901296151160806872e-02 7.741281752779884950e-01 6.746162350221431847e-01 4.568699784944840192e-01 8.909167201442842396e-03 5.935986944400908349e-01 5.820644124766005678e-01
8.593750000000000000e-01 2.427535317133994452e-01 2.177066874898374305e-01 2.100066662064466183e-01 5.737215985360958337e-01 2.817711719663414105e-02 3.342613418802557745e-02 3.726899569755194874e-01 1.055414852098324197e-01 1.083203808647312250e-01 7.100523266392401445e-02 3.890657609649619125e-02 1.081908992098269129e-01 3.076811821222061316e-02 8.014041039880033523e-02 3.317911624890607092e-01 1.207240928617160092e-01 5.419874106240982758e-01 2.845640120559135844e-01 7.321840504784893344e-02 1.227628731732004486e-01
8.750000000000000000e-01 3.475305044803659316e-01 1.696656640661587112e-01 4.389938821184229817e-02 2.088095579937043478e-01 2.258050473695483451e-01 2.038291969515326207e-01 4.574175344927294828e-02 4.753247757224957071e-02 3.638711512047799745e-01 5.878491394566628253e-02 3.579758731709603570e-01 2.366805814621155135e-01 2.173910628745073792e-01 2.421870735519648654e-01 5.504904330329046802e-01 5.534810368801518221e-01 5.271141529178149376e-01 2.144173906991187206e-01 3.420792920377302981e-01 4.328767609702774966e-01
8.906250000000000000e-01 2.369232219571963671e-01 7.859189462559444672e-02 2.793532876791621766e-01 8.443250057775676665e-02 1.924876315194359866e-01 4.795346051846856583e-01 5.301195348109383199e-02 2.018417596665545155e-01 4.319539008297141880e-01 1.079818134718189687e-01 3.239746079301501075e-02 5.544671259362494303e-03 9.085615271178844321e-02 9.708467813755594644e-02 6.614473372635549797e-01 8.787139855672715383e-01 5.085751981954794720e-01 6.239073357442738443e-02 6.707417895540898067e-01 3.894725623666071557e-01
9.062500000000000000e-01 3.169926543473680081e-01 2.869298208566999769e-02 1.130536019620120708e-01 7.517072601657606712e-02 2.197110270207799088e-01 2.300468065119850580e-01 4.203132734649735885e-02 3.117001501430048949e-01 2.394279279875414779e-01 2.181914750089308519e-01 6.701768391632423327e-02 6.807023138449638799e-02 1.298633569959488452e-03 1.935009024880786702e-02 4.060654140339011731e-01 8.549678759071500656e-01 1.300839552294369705e-01 6.938971600601993861e-02 6.466089615474064356e-01 4.148869830853861296e-01
9.218750000000000000e-01 2.690600152984988225e-01 1.124195574736488734e-01 7.150266516358717850e-02 9.118663471244872754e-02 2.661968661413096626e-01 2.972775061920448492e-01 3.866419350470261251e-02 7.119328339007020834e-02 1.481075005879162187e-01 8.358350485662467688e-02 3.418329802908964821e-01 2.286589464217561041e-01 1.296492786255189211e-01 1.492645759875210199e-01 5.407887478956723282e-01 3.022679383291974053e-01 3.747127922732325644e-01 7.402809347239275306e-02 1.971981870175736062e-01 3.265527364472437521e-01
9.375000000000000000e-01 2.059067245339460395e-01 1.990059082477165786e-01 2.889274190847546803e-02 3.357412032988824624e-01 4.049534613493651625e-01 8.126273835128960954e-02 1.742202438975296308e-01 5.512085278498772556e-02 4.619871427967708194e-02 5.008139376618632108e-03 2.957122232728479072e-01 2.294670190988136182e-01 1.104749856850790746e-01 6.638873267381048549e-02 2.570683127943604873e-01 1.084495020333038490e-01 3.173415653203771614e-01 3.122324330329554476e-01 2.104428889952613679e-01 1.073337297087730430e-01
9.531250000000000000e-01 1.486990393492699791e-01 1.139422826657889576e-01 1.591753655461435879e-01 1.282041755400092041e-02 5.566233952728023848e-02 2.734697975363504785e-01 6.522772515159741546e-01 1.281679696217688791e-01 3.766813017516257855e-01 4.542222025319152257e-02 2.964303414426355116e-02 1.880679697574548226e-01 5.877154317312656417e-02 1.270676850677109060e-01 3.902220184396103519e-01 5.007358591334484244e-01 5.676709838112633522e-01 6.514793393074626293e-02 7.794696692937700400e-01 2.379375324055758301e-01
9.687500000000000000e-01 9.350653639449750532e-02 1.469858029467946241e-02 2.995631693458661662e-02 9.052487555856465751e-02 2.099155174361725384e-01 2.250771182470560627e-01 6.512307220413957598e-01 3.388502130128641376e-02 8.202762394601148532e-01 1.611831334575581642e-01 4.682248958512821624e-05 1.544729269014563644e-01 7.392342823821920761e-02 7.737814239994994514e-02 6.628856535399616501e-01 7.199260664936790732e-01 4.467933918979204444e-01 7.553716217033477898e-02 7.720580139712638346e-01 2.344507169797199753e-01
9.843750000000000000e-01 2.582640820064989184e-01 6.129384282679531393e-02 1.838872628397587583e-01 3.411224779670874591e-02 1.292958760560292131e-01 1.567319688443166437e-01 2.260707510649184737e-01 3.538091160814710312e-01 3.492289044307997914e-01 2.894535035264779732e-01 6.556501088211713624e-02 2.858942002765306745e-01 6.498207025656833891e-02 2.567599671714929643e-01 4.600636140202543634e-02 7.099316169311684632e-01 1.600052330831505387e-01 1.042249944754206209e-01 2.289089148505329963e-01 1.365957487145825211e-01
1.000000000000000000e+00 3.058765161660163823e-02 1.112852455004546826e-01 1.216346706429144719e-01 4.569074720964331864e-03 2.364378633402801633e-01 4.212664974695863596e-03 1.591013330710180917e-01 4.302636281841590304e-03 3.994763687548000264e-01 5.383802808014820883e-04 4.518464144392948800e-03 1.950987922227351637e-02 4.758933093285950058e-03 1.340363706886422675e-03 5.623168188634282243e-03 5.416663654499855735e-02 2.199670309314068802e-04 1.322346181391067382e-02 1.605722481745847363e-01 4.416856146803515015e-01
1.015625000000000000e+00 2.739416317859348360e-01 1.176331818125960771e-01 8.106997248790366595e-02 7.362632394293237847e-02 8.067192833235485583e-02 1.874057924922004070e-01 8.983689335454533853e-02 2.445199914141715503e-01 9.423544539913437934e-02 1.032455044269197514e-01 8.699441260785009677e-02 2.314605007407626591e-01 2.241712921085390608e-01 2.723992641326150044e-01 2.028771138263028018e-01 2.756602480209371375e-01 1.967543933926946542e-01 5.388073033750570562e-02 5.639985403454542690e-01 9.155833645093898465e-02
1.031250000000000000e+00 1.588948297402199838e-01 6.035279509258763275e-02 1.276993534824558962e-01 5.698513652213953867e-02 2.226999687896573654e-01 2.487941360576950145e-01 3.504929643610055767e-01 8.927646637258106199e-02 6.845839580006761738e-01 6.969468818816661193e-02 5.781838089237978373e-02 2.824025962818315083e-01 8.693997093720122124e-03 1.560233411785128324e-02 6.769499521097587236e-01 7.892426109930554823e-01 4.336269299803001236e-03 1.676659420948785895e-01 7.717749420927341175e-01 3.082260265428705126e-01
1.046875000000000000e+00 1.055266772007594916e-01 1.504629614760149559e-01 1.560869685602416512e-01 1.515578841080967853e-01 1.069384677967219199e-01 9.495529755568077324e-02 1.071555049770987200e-01 1.443800792537065780e-01 1.620859130337356235e-01 1.734028978829198556e-02 1.935564996671180205e-01 1.377833350147467106e-01 5.628546308266230841e-02 6.399592617683048934e-02 4.255708217016456740e-01 2.387350669430930161e-01 3.330556215742603299e-01 7.029817274160139740e-03 6.995006039709641410e-01 2.296453822410122469e-01
1.062500000000000000e+00 8.311868719976803210e-02 2.404036020004439167e-01 2.229388604231244686e-01 1.672842223634193604e-01 3.229540581402282062e-01 1.505691182030046218e-02 1.289121405386184083e-01 8.893390819106349737e-03 1.681805072314884186e-01 1.468309759396577430e-01 2.540299158564238713e-01 8.863689334986759802e-03 7.616859735670844511e-02 9.606346930891231095e-02 1.392075547137985037e-01 4.306108132677150535e-01 3.176606492979796581e-01 3.446954912076183319e-01 5.245572599447133610e-01 7.600845830253405433e-02
1.078125000000000000e+00 2.770453085919936664e-01 1.485170746899505678e-01 1.431378203486348422e-01 4.623805863862542886e-02 3.038024557416584281e-01 2.190042526566896020e-01 2.007946461858031717e-02 6.091850611695141110e-02 5.079911269068595470e-01 8.757880448026099385e-02 2.156640764235613628e-01 2.367812490694813365e-01 6.659063797232243898e-02 1.591846080720261125e-01 5.130549088773308508e-01 8.909541858303108297e-01 4.454605780969770334e-01 1.493312190446892951e-01 6.767611159773978535e-01 2.171341188336520511e-01
1.093750000000000000e+00 2.167760238020466634e-01 5.013566930193288224e-02 1.760585751779703279e-01 3.309754874786677847e-01 1.659544525076575294e-01 4.987523566130067088e-01 8.650534922403732563e-02 2.817938012475989518e-01 3.634575855663636501e-01 9.157694464152053848e-02 5.888071128122895903e-02 7.556953845269177850e-02 2.829653903390279002e-01 1.715640465158264905e-01 4.651412296953204017e-01 9.259620856720190973e-01 2.095996893204336298e-01 9.024339647797796626e-02 7.286244646609391085e-01 3.715715524212751530e-01
1.109375000000000000e+00 2.352974796589841766e-01 6.579884071656942612e-02 1.523329438818984416e-01 1.010523910833926592e-01 1.197786220722603795e-01 2.252669733714150191e-01 2.498336817514306418e-01 1.109234181228384852e-01 4.621405047483040374e-01 1.498688580674720390e-02 3.367572996029232629e-02 3.454966406573352095e-03 1.198258766770930392e-02 3.262905138693467794e-02 9.112457235528103119e-03 6.221970820470843488e-01 1.508878056377911392e-01 4.005603593110664690e-02 4.962003180268875213e-01 2.891412696213673320e-02
1.125000000000000000e+00 2.641222524765894919e-01 1.520130704741083083e-01 5.565619427758832644e-02 1.574963303389210756e-01 3.492419960047021266e-01 2.875554979408269096e-01 9.125204095472924659e-02 9.105717999143383978e-02 2.554845127482264361e-02 3.543956366991684453e-02 4.695806225307157522e-01 3.002904090139001947e-01 1.622897536040339150e-01 1.612049996062474566e-01 3.660111624503229466e-01 1.342402362425692275e-01 3.917230484830452886e-01 1.178042084002920570e-01 3.321773420078769079e-01 1.939486489577475492e-01
1.140625000000000000e+00 1.705906583712937241e-01 1.222106928795520103e-01 1.588240194996360863e-02 2.862859463161431806e-01 3.359749450389334924e-01 5.729753836732039834e-02 2.729945255985768426e-01 7.212127493022545133e-02 9.800689457330162557e-02 8.069198692764420131e-03 2.217746380779529181e-01 2.085158620540806251e-01 5.035176734670088888e-02 2.696143760635633796e-02 1.102142663291889313e-01 5.370746852715898578e-01 1.584298376573728129e-01 2.179611064173118673e-01 5.736809690934900896e-01 1.157021578598736306e-01
1.156250000000000000e+00 5.302291171019524185e-02 7.401595005103922022e-03 1.403637969732057268e-02 2.186726112330148464e-01 1.524257104992749745e-01 9.947569171154695133e-02 5.423727480518654165e-01 9.903502445363285278e-02 6.647905925205351840e-01 8.116052050392835726e-02 1.183512313642298003e-01 2.818834906040950106e-01 9.792471184696829520e-03 6.726472782526002336e-02 8.654538838238964304e-01 6.804848234993785550e-01 2.952530726275719997e-01 1.308975963009699310e-02 8.102430621917596776e-01 8.397930753111670921e-01
1.171875000000000000e+00 8.340010874105626554e-03 4.170719942650580325e-02 1.959555895466738584e-01 9.305100302967368731e-02 1.734352875433017305e-01 1.966934832509342757e-02 4.301508612044270818e-01 6.175056323776639822e-02 6.283054696659944316e-01 1.145516435692558455e-01 4.471558432562027646e-02 1.413357843350753484e-01 8.979205582604563030e-02 1.310928515983623421e-01 7.425760476456195747e-01 7.795302402451065316e-01 3.782403196825257496e-01 1.418639052287291868e-01 8.021950131174531151e-01 7.358307628915080612e-01
1.187500000000000000e+00 3.324435225247716202e-02 1.421099319230370063e-02 1.047252751523941733e-01 1.757008464174370233e-01 2.054930957896801327e-03 4.397879047499750338e-02 2.898396843970242887e-01 3.007533340255416632e-02 5.263042934105942594e-01 7.506823111300620077e-02 1.468887219202200389e-01 9.170629637805155498e-02 5.823853770624701776e-01 4.825697914184043924e-01 2.859685115297774805e-01 6.808843455451930593e-01 3.346978929172467754e-01 3.967881182903163634e-02 5.100924077616912911e-01 7.377878537434277850e-02
1.203125000000000000e+00 4.180357981965682201e-02 2.591143002290556829e-01 6.394814416218094766e-02 2.503878970017504521e-02 2.020990435206012348e-01 1.145122804879132768e-02 4.831859248968398135e-01 8.606362456413077511e-02 3.957928361171509681e-03 6.893481455851746542e-02 8.883710174348920241e-03 3.596930835084357486e-02 4.678567099212632696e-03 1.159737912714899240e-02 4.322166486565608978e-01 2.798024000785803156e-01 7.560790244627825507e-02 7.501192928005951223e-04 2.577951834185274738e-01 1.180710942865577373e-02
1.218750000000000000e+00 1.657880822035550927e-01 7.182501603284560318e-03 1.061002167890848398e-02 9.804596054566065699e-03 4.919312483073520759e-02 1.167439637701553901e-01 5.708055921807728694e-01 3.084074997023894538e-02 8.016485735334221152e-01 3.124159321031778555e-02 7.249146840025622041e-02 6.271112182301234739e-02 3.615452266367552570e-01 2.681886285342576226e-01 7.653167710522394973e-01 7.490456645390199952e-01 6.112616092311562443e-01 1.510332016872073481e-03 7.064452485810660542e-01 3.973419506799124590e-01
1.234375000000000000e+00 1.255897882946130084e-01 6.543332564021198117e-02 2.132825380074991062e-01 1.716882165829191897e-01 2.296232517257698336e-01 4.063692821519294951e-02 2.795428662640732642e-01 2.634219384976185449e-02 5.897214028827133525e-01 7.768420705999831699e-02 2.047312587664530323e-02 1.982227866953776840e-01 3.339067406634330104e-02 2.349835733086994699e-02 5.957996658925936995e-01 7.184315474357435560e-01 2.606538634803687859e-01 1.456623989590490331e-01 7.299437684973376639e-01 8.223344931460246920e-02
1.250000000000000000e+00 1.346235504021808804e-01 1.677407175309574283e-01 2.169580767346737660e-01 2.988203769949207556e-01 1.103291495759063240e-01 1.455814482247553554e-01 1.477828488410945218e-01 1.591180438708716116e-01 2.014995707911957645e-01 1.009960695362183969e-01 2.444150625511080366e-01 2.057447716818720240e-01 8.359012249446158560e-02 7.843725143386225118e-02 3.861779097475280809e-01 1.362242696312453150e-01 4.381556576733822150e-01 1.757127178377096074e-02 6.276772259028379208e-01 2.092861306131679200e-01
1.265625000000000000e+00 1.110612494268280875e-01 2.013020694154742107e-01 2.276683151426918683e-01 2.099194877559454331e-01 1.096783068405680628e-01 2.028668405804888789e-02 6.963974924774682385e-02 1.767866317938286691e-02 3.582911982791107119e-01 5.019834673867720753e-02 5.677740582477988629e-02 9.572084275375239773e-03 2.115875645470684935e-02 4.885262898215297911e-02 1.945689930023796199e-01 4.498342476780511356e-01 3.622475559424566116e-01 3.525437160964970951e-01 4.790271027777212032e-01 1.123267418905933152e-01
1.281250000000000000e+00 2.959827411840303402e-01 1.017929429856107015e-01 8.054705844723572539e-02 1.837651500350165057e-01 1.147241793013017847e-01 1.120646625407284713e-01 7.436361186947123419e-03 2.222010693510837603e-02 7.725264815895698245e-01 8.176100450228073954e-03 1.486817419844668475e-01 8.170058940653279755e-02 1.006069096018992748e-01 2.163407174922501730e-01 7.416399750948298175e-01 9.296986372755371431e-01 6.868709203228302584e-01 1.592448987981528452e-01 7.827390293126634813e-01 2.961339447772640687e-01
1.296875000000000000e+00 1.240087387736639110e-02 2.815495913655689103e-02 1.772853281649044155e-01 3.400096958174477213e-01 1.457983227992609432e-01 2.654583472705763225e-01 5.109900848202487272e-02 3.712908562591694245e-02 1.874414790418006960e-01 7.327794779220522803e-02 2.112481955465733419e-01 1.670721171188478127e-01 2.041112855451235608e-01 1.729344804533982372e-01 8.530923049763327048e-01 9.459510876707418747e-01 7.380907625102496317e-01 6.900519156593094838e-02 6.871151477750877534e-01 5.695166709537433647e-01
1.312500000000000000e+00 1.353205372530743578e-01 5.065379798519995674e-02 1.129110023090002801e-01 9.356357132654560815e-02 1.411170825843670318e-01 2.257379282533989728e-01 1.231194369537897126e-01 4.963483981919662724e-02 4.675709675419169042e-01 1.269340163682769196e-01 4.808069314383120463e-02 1.553127625003927481e-01 1.766079807544188723e-02 2.502546709812828590e-02 1.269636238757195223e-01 4.362789120909990048e-01 2.127705618767057882e-01 5.151179270429921166e-03 3.492140626670795500e-01 8.133858855999891516e-03
1.328125000000000000e+00 2.583949507569988646e-01 1.692658284967517857e-01 3.781175132020934970e-02 2.401280275183101665e-01 3.883310961875931500e-01 2.349224053932609524e-01 1.004215202618300162e-01 7.909166145015840421e-02 3.419554078046887352e-02 1.311439520054951020e-02 5.007235218011080180e-01 3.598203663278580211e-01 1.718325215824990371e-01 1.504585571779864794e-01 3.147144764431856201e-01 1.660000630781887643e-01 4.027163337058821124e-01 1.883118390267936870e-01 3.639823902673468559e-01 2.012856491982008555e-01
1.343750000000000000e+00 1.616822879215022157e-01 1.375730260243002434e-01 9.694928075084237318e-02 2.670728356684928251e-01 2.083557020505124313e-01 3.045402070741387579e-02 4.201285434866288138e-01 2.162072325283965341e-02 1.858448210191098598e-02 9.357060776135633570e-03 7.276319503452997883e-02 7.061125270168500112e-02 4.353707195916559081e-02 5.710055632765415057e-02 4.345873835938563468e-01 4.112649774977635286e-01 2.986327845102178524e-01 2.565704684620195852e-01 5.548232688079403063e-01 4.141335258420468790e-01
1.359375000000000000e+00 1.153212207034770738e-02 3.282428916843866534e-02 9.853520240666219232e-02 2.436546505285680231e-01 2.524541225723638260e-01 2.769803882264789130e-01 6.944846663323283043e-01 1.719614261281948442e-01 9.030934208296619303e-01 6.017019753431903512e-02 2.622599435505727494e-01 5.710984278144868309e-01 4.007186457546612485e-02 2.343887899112511927e-02 7.587695041370806637e-01 7.657438705447021654e-01 6.817526499585149224e-01 1.050016513659711957e-02 8.029319744226427469e-01 5.027229599813396455e-01
1.375000000000000000e+00 1.169151784735026310e-02 1.829786557055373408e-01 1.249178010553825824e-01 3.701648092280315078e-02 1.060412013057518976e-01 2.383569908643912508e-02 3.089535711450618893e-01 8.151813608568357628e-02 1.061814632673558322e-02 3.198368773749735161e-02 1.639044881709139992e-02 1.106129954868893817e-01 5.835922479449344447e-02 1.434649751798451889e-01 7.237092615817738439e-01 7.646771252329440660e-01 4.121459285055682487e-01 1.373344631125516246e-01 6.181554043101900042e-01 6.560665703489280132e-01
1.390625000000000000e+00 1.022210701189460308e-01 2.044597703620518458e-01 2.163183938543940255e-01 1.500089684776607646e-01 3.803353131205296916e-02 3.038233441672801363e-02 2.959606490640319110e-01 1.193588005933926693e-01 5.421334757007517657e-01 2.314660960521894573e-01 1.331278526069535340e-01 2.994418671741966298e-01 3.752605985883762374e-01 3.794288488722389885e-01 2.226562381723038997e-01 2.542727856418601218e-01 5.153863771705622376e-01 6.964184864456171575e-02 5.423855476824521737e-01 1.582340293539776302e-02
1.406250000000000000e+00 1.159951829884276059e-01 1.824943876714970048e-01 9.059872198887071459e-02 1.224960234961999239e-01 1.369125543910928167e-01 6.605886211047480583e-02 4.210056214303802835e-01 3.252021370958380758e-02 6.246331489052960872e-01 8.063655737326978767e-02 1.185605236882576463e-01 1.137833388203905449e-01 1.912450695396684663e-01 5.057704695427001768e-02 6.356084099221710748e-02 3.203737073707937366e-01 1.381526532653990225e-01 1.856575573712925323e-02 3.501537733102161876e-01 9.483417260483946454e-02
1.421875000000000000e+00 1.008528760259019275e-01 2.676953092119400274e-02 7.594668443107720386e-03 1.121420095459980393e-01 8.035874547059679296e-02 1.352273660048917969e-02 6.503200212076355458e-01 3.268994216255106666e-01 3.482413830339915473e-01 1.399841170853030059e-01 3.260390335724294014e-02 4.322994226733902212e-01 1.754786581703178527e-01 4.800078053392101834e-02 6.604360862694694800e-01 6.643610012224149264e-01 5.030376740250531720e-01 1.147569684338307569e-02 6.295144855006549189e-01 3.414520599792965627e-01
1.437500000000000000e+00 9.744283386896912535e-02 4.960275632567662935e-02 1.056361264920916976e-01 5.535496863456432909e-02 1.550040882603035963e-01 1.911713545447482968e-02 2.634582037818394840e-01 4.645122940480072432e-02 4.187065352678048802e-01 2.885659158564872762e-01 5.360900969311434977e-03 6.443950024176263447e-02 1.668010669759345879e-02 2.956441373471431705e-04 6.513583838886016775e-01 2.980207519083712953e-01 2.971028693359904493e-01 7.157799734189054797e-02 5.055815328198207670e-01 4.497474185483801290e-01
1.453125000000000000e+00 1.328121865960788239e-01 1.385405386085505341e-01 2.506147940802710972e-01 4.013430778262322418e-01 1.196716658940951972e-01 1.290052239489269115e-01 2.690392784159273964e-01 1.664658464958365114e-01 3.315235276789127994e-01 2.205128585313202993e-01 2.744459009339972888e-01 2.157507866818586806e-01 9.438605574254872732e-02 9.149265017330653060e-02 3.812962633627057230e-01 4.687416169107470193e-02 4.567458154255261138e-01 5.800661433999228928e-02 4.100258042757625732e-01 2.715012239237649672e-01
1.468750000000000000e+00 1.308270863113434046e-01 2.056562122475659449e-01 1.919044668337940851e-01 1.942574678371849772e-01 5.565420210020080583e-02 1.267873860364989932e-02 9.169194870102971573e-02 2.059410405534950472e-02 2.863389336737177104e-01 7.328186760851150561e-02 7.287366619389775563e-03 1.277254552294203663e-02 2.327762409898678081e-02 4.428949266119951850e-02 5.255793461193526651e-04 8.354870326685481796e-02 3.026106066244881321e-01 3.493254942696612519e-01 8.240595293922348130e-02 1.541346658269016068e-01
1.484375000000000000e+00 2.383560287074090456e-01 1.686668399877721269e-01 2.735286519609786415e-01 2.874585143502077500e-01 1.780888660175096450e-01 2.564904639675668063e-01 1.007759984706675799e-01 9.265912863356821905e-02 6.139821647768736179e-01 1.231043229942680372e-03 1.736100474685549622e-01 1.318902413385352745e-01 1.535434710021500171e-01 2.112190680484135608e-01 6.181885470677642713e-01 7.860679500331997360e-01 6.350160933625855764e-01 1.042135030289442418e-02 6.833916550147598468e-01 6.248559404476776713e-01
1.500000000000000000e+00 1.980013323765641986e-01 5.560545786810780489e-02 9.780274846688324919e-02 1.931147313446123781e-01 1.696443119955997336e-01 1.957488922761535244e-01 3.973347245297050717e-02 2.096192459409624287e-01 2.870212518054229833e-01 1.802529320138980817e-01 8.312528384399349435e-02 3.370698268169209366e-01 1.172381020623514819e-01 3.682386084181579061e-02 4.151572541237031899e-01 8.287829978935232766e-01 1.863637982873497245e-01 3.964519500267452146e-02 4.979640229030385390e-01 1.459099615948587086e-02
1.515625000000000000e+00 2.164823758681826138e-01 6.557534629100315871e-02 7.814748821348489749e-02 3.509252465305875285e-02 1.624365509089149839e-01 2.097782848383901999e-01 5.269293434827265754e-02 1.246130558778164588e-01 2.205213639893681132e-01 2.549546012446867738e-01 8.313082894240944598e-02 3.622853150005175826e-02 2.815436733931114127e-02 6.201878464992439249e-02 3.700897638220543850e-01 1.933016803199085754e-01 1.662722350543182070e-01 1.696658439647971695e-02 1.377826744640488488e-01 3.048027074698887451e-01
1.531250000000000000e+00 2.499823134695463855e-01 1.634884331075483199e-01 2.317308397663837144e-02 2.359779369488446688e-01 4.238054817608312153e-01 2.012375381487755410e-01 7.844357167566756717e-02 9.495924664531392445e-02 5.187405337773839942e-02 1.494633071196534158e-02 4.959051932725923040e-01 3.613088703374967570e-01 1.672503725055121404e-01 1.207255381088802454e-01 3.975377948444630549e-01 7.642122263244646718e-02 3.845215979003020479e-01 2.274917101763892779e-01 1.585671123849988207e-01 2.399679087361693830e-01
1.546875000000000000e+00 1.102904565234363865e-01 1.285225217496835104e-01 3.175017821439535259e-02 4.149357797338520254e-02 1.793936410139990723e-01 8.162331636806445523e-02 3.008861681223609641e-01 3.550656406360185730e-02 1.788119368972686599e-02 7.241610951536796292e-03 7.498474288737881632e-02 8.338556031944378832e-02 1.407636303340078880e-02 4.436737983985288014e-02 1.007647119580710460e-01 7.186645732513027851e-02 1.565622058068196765e-01 1.513466840205447972e-01 5.405571392958439247e-01 3.201453577615112067e-01
1.562500000000000000e+00 1.036290606748416221e-01 1.927020154701404239e-02 9.705332095344103294e-02 1.864522304315427981e-01 1.882892727436697722e-01 1.812857944439295321e-01 2.804943505413631799e-01 4.472262796742081103e-02 7.134138709419985958e-01 1.116428123494003360e-01 1.205659023466612231e-02 3.500658621461148479e-01 2.392367766608349475e-02 1.377465504006209207e-01 3.023005939617427751e-02 7.873648067997409683e-01 1.085616949844428886e-01 3.942500310806654890e-02 6.834307567544454232e-01 1.899049662947529648e-03
1.578125000000000000e+00 1.167258062229946519e-01 6.750612467998516608e-02 1.582933083015916897e-01 6.894695264474994152e-03 1.194078115281569930e-01 5.323916752315065865e-02 6.741154523086127781e-02 1.467157121445590573e-01 2.575881047049707329e-01 3.668151587259478874e-01 2.304534374012322945e-02 6.745817393329756051e-02 1.303859675942344552e-02 1.788156233644408455e-01 3.854421420097579043e-01 4.610981800998747993e-01 2.455017846619010347e-01 1.660974579756092917e-01 3.187241124938733350e-01 1.552985445414940269e-01
1.593750000000000000e+00 1.190002520077412113e-01 5.336373429851907352e-02 1.649654340387194940e-01 1.586822724533619444e-02 1.746400639995324966e-01 6.800763686424320109e-02 6.732632014991093983e-02 1.142594022409162829e-01 2.890944415988322413e-01 2.444496982263149806e-02 6.267143863369694506e-03 8.973967941439975338e-02 6.487212782284131583e-03 2.565763053408727165e-02 6.755948695093090539e-02 2.524164532436444786e-01 7.484151158862793751e-02 3.688118944361688106e-02 9.325954278233487479e-03 2.656950319284343554e-01
1.609375000000000000e+00 2.082139317490564745e-01 7.955018424747846428e-02 1.492488405800029005e-01 4.123175963292730756e-02 1.235124847451932600e-01 1.064773770218644111e-01 9.962019171386869709e-02 1.735660609802168186e-01 5.124509615278526747e-02 2.658922023651918431e-01 1.307388167730415621e-02 8.691937915754151256e-02 3.268834484309204869e-02 7.109945770668976706e-02 3.476347926771895108e-02 1.089745038565184815e-01 8.572923562494695615e-02 3.449372346494876396e-02 3.449744612616393313e-01 1.790466192225256825e-01
1.625000000000000000e+00 1.013326855805989912e-01 1.986939333121059137e-01 3.225422403661495352e-01 2.616182398796841890e-01 1.491888987535788247e-01 7.400799647168493367e-02 3.470094730345799627e-01 1.385937534379329261e-01 2.915273707277054593e-01 8.399197524529410097e-02 1.979471941355418537e-03 4.403857078867374208e-01 1.575690805911520442e-01 1.415308757317046695e-01 5.996127386577973506e-02 6.959379352489832860e-01 2.466784047987884421e-01 2.611808778762350070e-01 5.691109068633654067e-01 1.334739546207403260e-01
1.640625000000000000e+00 9.090011081079361899e-02 1.148146813661472532e-01 1.545762685176222118e-01 3.215322967869028298e-02 8.410490098410482174e-02 8.242482500382066271e-03 1.309572476821216636e-01 6.698340904555560860e-02 1.520420929205925087e-01 8.776541363643043658e-02 3.981907687393537038e-02 1.960823695237670639e-02 4.057882038012779885e-02 8.631234855223208005e-03 4.100428409219640802e-01 4.761484444914538400e-02 1.806674530336730422e-01 5.235958793361820962e-02 2.302972374640671893e-01 2.434128984113733962e-01
1.656250000000000000e+00 1.055447316393001433e-01 1.565726290017792899e-01 2.726692546184460442e-01 3.602238189063040052e-01 1.468135177312476780e-01 1.160989328704496309e-01 1.857286002434778704e-01 1.387050439585146844e-01 3.387841100143858530e-01 2.406218862166064343e-01 2.704459420005410064e-01 2.431539883178173989e-01 8.728273553751897396e-02 8.280196865454071686e-02 1.350639972489292018e-01 6.125823292938908926e-02 3.465356367759102607e-01 1.037049265270758858e-01 2.381197245029244569e-01 2.032445404727438176e-01
1.671875000000000000e+00 6.717665842706585511e-02 1.498116226759501068e-01 1.988160265714904451e-01 7.933193567714991179e-02 1.078322850630084734e-01 1.821082787788571439e-02 2.546625104507881446e-02 4.016598441158611421e-02 2.226923667984480604e-01 9.754864708155988606e-02 2.337581564116418889e-02 3.417796510933307497e-02 8.268170116058510058e-03 2.582451852887942059e-02 3.370093776805974661e-01 3.273737946636510188e-01 1.573652406549998495e-01 2.844160024545143162e-01 2.065142978201583990e-01 2.082471444868864152e-01
1.687500000000000000e+00 1.504503255787343896e-01 6.522161982975382792e-03 4.418104659951866964e-01 3.268957753899939811e-01 8.047320034157125213e-03 1.955438848803708329e-01 9.995734700592553978e-02 1.616973916539043432e-01 3.654378506172683005e-01 5.309628554968410900e-03 1.716580512221028976e-02 3.977354331401082299e-01 2.840588368947242204e-01 3.094044241139316809e-02 7.558028454820554520e-01 9.130578021068684880e-01 7.474491566200520687e-01 3.489837233170106634e-02 6.114171599499031995e-01 2.370938886848030502e-01
1.703125000000000000e+00 1.365023091764544505e-01 2.950260417268302498e-03 8.816387253417052282e-04 2.740832560259784945e-01 1.448369976634951151e-01 2.764712264850578971e-01 1.676582750388922469e-03 5.254044611011210453e-02 5.864799951536014966e-01 3.191256770373721713e-02 2.233865353130095321e-01 2.803182162768909635e-01 2.409853882940763137e-01 5.923822370005002447e-02 4.983111931912137527e-01 2.670741403267182235e-01 1.750504872679010115e-01 1.128518617701417589e-03 3.745655430995267210e-01 1.319149166801526218e-01
1.718750000000000000e+00 1.936370353976803738e-01 9.531749294395809591e-02 7.707371355211396768e-02 5.020453936806621581e-02 2.124501099976149332e-01 2.522381738802284556e-01 3.214091216253352201e-02 9.102486667484348259e-02 8.147570926594153995e-02 1.726992255007924193e-01 1.952768065964462785e-01 1.748210887686020287e-01 4.073233962506936368e-02 8.640522292300682750e-02 2.451830244331610620e-01 1.196176264467428349e-02 1.568284372918232750e-01 2.804068284300846245e-02 1.038428313180653206e-02 1.791686562350606193e-01
1.734375000000000000e+00 2.239316272518495354e-01 1.581628878098954583e-01 7.132203955858760352e-03 3.391553041223799303e-01 4.029861563558931326e-01 1.402641598416695390e-01 9.614749813424748603e-02 9.673267783972899769e-02 9.899714701023670793e-02 1.587356247390196359e-02 4.048884648588532142e-01 3.168039929828991852e-01 1.233182738812511198e-01 7.721844919142449581e-02 1.216429797390400636e-01 7.624088985638628746e-02 2.303040141515289296e-01 2.410107453428635138e-01 1.376451294560604999e-01 1.389511421007388059e-01
1.750000000000000000e+00 1.625064141358135705e-01 5.904207697213993689e-02 8.612708733926435767e-02 1.078006457608020052e-01 5.952408197173265220e-02 9.774170858103972681e-02 2.327664039868007073e-01 8.383394416023318141e-02 1.619708094351439975e-01 3.026040449465460750e-03 9.621484086467929631e-03 7.143929962604098072e-02 6.402890937209661237e-02 8.927218033547193454e-02 7.247816073461543773e-01 5.792356099625502880e-02 1.192334239913334093e-01 9.053924330309921775e-02 5.739234248810517469e-01 6.508611861838787815e-01
1.765625000000000000e+00 2.366585395109026616e-02 1.255241558352293840e-01 1.041869147217381331e-01 2.851096634668348617e-02 2.631547500466044354e-01 1.447645385005782992e-01 2.275760701784203255e-01 1.707845363426902519e-01 4.536275933900872914e-01 1.945112335046276890e-03 2.194364342683309266e-01 5.249397284505866734e-01 7.896428435973303073e-02 7.701129510127929789e-02 6.546080002615595195e-01 6.710288760503059224e-01 7.694468272032384260e-02 1.153874312600003532e-01 7.565499963823381080e-01 2.968530312398066084e-01
1.781250000000000000e+00 1.313881912811322439e-01 2.449267339155194179e-01 1.829526101757165402e-01 3.425827209426555997e-02 3.277725879143014720e-02 8.203587640592355235e-03 9.650635582797326140e-02 3.183191554943612042e-03 2.530005163445812610e-01 6.397977833078261067e-02 7.597457137473292987e-02 6.103100585681531243e-02 3.143532686115335650e-01 5.293030938809856201e-01 2.385530011069426359e-01 4.356509553122430711e-01 3.791702763671517817e-01 1.662009342257764755e-01 8.357714191509488851e-04 1.436826704707744318e-01
1.796875000000000000e+00 7.119817746938426894e-02 1.210053732770029478e-01 1.326497625322940743e-01 4.047607366200754730e-02 1.737931390920890440e-01 5.396944104568719876e-03 2.425696428662344750e-01 1.716817275044609089e-03 5.668613962925939109e-01 2.415571363320762055e-02 3.611377339982208001e-02 1.079664678975450764e-01 3.307002994167611287e-02 2.245816603863506206e-02 2.323874518944650785e-03 1.230125764051434416e-02 4.636709501468284922e-02 9.585236299173410454e-03 1.584749210432818689e-01 3.845956360607187818e-01
1.812500000000000000e+00 2.217835571957333662e-01 1.659034379641348422e-01 9.967532966619127577e-02 1.882533868474592920e-01 6.709669230132310480e-02 1.360789956335247408e-01 1.627823845857633844e-01 1.306851003857964211e-01 4.359503152204342036e-01 1.428448931104236708e-01 1.116314192869326816e-01 6.238614190079790761e-02 3.673296923267855285e-01 2.905686768963605116e-01 9.077777147390278523e-02 1.460434455383336216e-01 1.238791837727930834e-01 1.250763732035591914e-02 2.413526751721039587e-01 5.765742445296082042e-02
1.828125000000000000e+00 3.864511211863344009e-01 3.569697842318752395e-02 1.399376093676104604e-01 3.023747396076839067e-01 3.098229181126870846e-01 4.029597346404772962e-02 4.872213599294196174e-01 8.814084144991866931e-02 2.595082568626252972e-01 3.758593533606353065e-01 1.204080715235009286e-01 5.801262664419956083e-01 1.296897572571664714e-01 8.013589466079321100e-02 6.185820434422280023e-01 4.202642636510508511e-01 3.192965508332107349e-01 1.153164072731579712e-02 1.531695920434792690e-01 1.097441799259201850e-01
1.843750000000000000e+00 1.003359653973310978e-01 1.015366524115472319e-01 1.731653047542870971e-01 4.891113980513630416e-02 7.792525270727898579e-02 5.496253626550669930e-02 2.218988161083362831e-01 1.290246668270209063e-01 2.840041141783475886e-01 1.475801832275973891e-01 8.930233069328756546e-02 5.318433395036990807e-02 5.977088615331765248e-02 3.408463851964534802e-02 4.599200993268802717e-01 1.494599416327850551e-03 2.970453314471138140e-01 1.940115272253322906e-02 2.157852250126412186e-01 2.570826511903193667e-01
1.859375000000000000e+00 8.699285886022783965e-02 1.855481001132290586e-01 2.898789793268070625e-01 2.935912400751317097e-01 1.653965071997430536e-01 8.597446277688249039e-02 1.968492407122155174e-01 8.902856757994236092e-02 2.249995962958568074e-01 2.412713019923969082e-01 2.160958943027531665e-01 1.514596195925178301e-01 8.006419216263531424e-02 7.892813549103039339e-02 8.110889566001973361e-02 3.597823743984651657e-02 3.615819724362479559e-01 1.966108426206444326e-01 1.394371748256125199e-01 2.231303085249144724e-01
1.875000000000000000e+00 1.471424425195103081e-01 2.055703950445406381e-01 2.142944558932472487e-01 6.087650101375709222e-02 1.910841864362561593e-01 4.892023148607430733e-02 5.124990251359433369e-02 3.227590851215438733e-02 3.263664573184429929e-01 8.633957433533036296e-02 4.193854109718250095e-02 7.081845044844836679e-02 4.492428579906073555e-02 7.684833982580450973e-02 3.415890541646600664e-01 2.094849644322926974e-01 4.501715490580769363e-01 3.214183785679299854e-01 2.941350051377621400e-01 7.522479124720644894e-02
1.890625000000000000e+00 1.913481246831445215e-01 4.564646214056171381e-02 1.269407047221113825e-02 4.636158043142529217e-01 1.527229590471134990e-01 2.336116162647931260e-01 3.504560044440764854e-01 1.869882647210487636e-01 3.963199403303098167e-01 9.034642519947747464e-04 1.184970319876747641e-01 4.554549953167041365e-01 5.685259905231834082e-02 2.840413813200145035e-02 5.352515845872849454e-01 9.959543923921944375e-02 3.791457616785179341e-01 9.625363126716803344e-03 4.847000268995827477e-01 5.298985201906708520e-01
1.906250000000000000e+00 7.357688979090735992e-02 4.760322062954294026e-02 2.473635053312030554e-02 3.023559891762397922e-01 1.390248918479917994e-01 2.356302426816151152e-01 1.681320072474501992e-01 4.693714161740016738e-02 4.155408404868864425e-01 1.272671242766707511e-01 2.394378913707997381e-01 2.593104694656717668e-01 2.173224659195857333e-01 1.016657858690278166e-01 2.680043637262277678e-01 1.268793361582733759e-01 3.363325601471680026e-01 1.525405495035622207e-02 3.105171101364372910e-01 5.703816044266609570e-02
1.921875000000000000e+00 1.904065185321971998e-01 1.346658898667718873e-01 1.219503517772398959e-01 5.107605952916487863e-02 2.714304932940262982e-01 2.314248528809063343e-01 1.937520752736199281e-02 5.747918935124723960e-02 2.276320401105633162e-01 1.448054087744718443e-01 2.282432636635980117e-01 2.489736822494640622e-01 5.854608816455536546e-02 1.005925203706543730e-01 2.057449972799002824e-01 4.838569089466131928e-02 3.305047457926749144e-01 1.034673728640345541e-01 2.174546489347007894e-01 1.123975899075663615e-01
1.937500000000000000e+00 9.045018333696012991e-02 2.590777307390016992e-01 2.054747085834102149e-01 1.360316255841402255e-01 3.372459659994409553e-01 2.836229567620915382e-02 2.029121233755619980e-01 4.162058796710179330e-03 2.735567367133820774e-02 1.896649237407907473e-01 2.401794599066395530e-01 7.693147767078345294e-03 1.071704923074108112e-01 9.211953045915202698e-02 6.040119927556704404e-02 6.442536271583781948e-02 3.498215599515473451e-01 3.702338363846111036e-01 9.946461708712707461e-02 8.181976058823768605e-02
1.953125000000000000e+00 1.271021174309774071e-01 9.214900696341193909e-02 1.947874133832257770e-01 1.382780892425790054e-01 7.378008470638247607e-02 1.711743708108255935e-01 2.459825677778526565e-01 1.998066166038865443e-01 3.787203340359257542e-01 1.410430945495562693e-01 1.253830033084705475e-01 5.689841160427937250e-02 6.531575573601221263e-02 5.645264681457743544e-02 5.123031225315066717e-01 4.043991243681484271e-02 4.240395944992610966e-01 1.029262898471486332e-02 1.698752240312963874e-02 2.865232257161101637e-01
1.968750000000000000e+00 1.145495483681160526e-01 6.953073511692518804e-02 5.121660756915807911e-02 2.420310533618766358e-02 3.273816456026721333e-01 1.144022621860901583e-02 7.187617631419448982e-02 1.542108267823801004e-01 2.261347527526857137e-01 4.785559420213036236e-02 2.017007208008560482e-01 5.191027863554219524e-01 1.705610404179161779e-02 3.061121664598403722e-02 5.338921386256784141e-01 2.520364964758806114e-01 1.681938549261959570e-01 1.909427167565370953e-02 3.410415503031519746e-01 6.154925353083804396e-01
1.984375000000000000e+00 1.051678771842974591e-01 2.015202214440992567e-01 1.491423635127525071e-01 1.514097125304129932e-01 5.839260234734761773e-03 5.222991686934903843e-02 4.036180217739084725e-02 4.529220127018560721e-02 3.658391533152360320e-01 1.689761862016572053e-02 1.307784107826155950e-01 2.056279744642687188e-03 5.562707529706081289e-01 5.247157665529218473e-01 4.834266980181733953e-02 1.987805938303951678e-02 2.728096573694187010e-01 7.333891447362558824e-02 1.655076721869750550e-02 1.116992316805733576e-01
2.000000000000000000e+00 4.205515942299289933e-02 5.624134757618341751e-02 9.948197982772204184e-02 3.505192094449402496e-02 2.123513903311632089e-01 8.086009861250453672e-04 2.229258048753151866e-01 1.627323808301445922e-03 5.480535118764947589e-01 1.316701310794963706e-02 4.839773168717949325e-02 1.516519004747061417e-01 3.358165372458200848e-02 7.627576104156190678e-05 7.864669358216750880e-03 1.354667558715113825e-03 8.001846713445739945e-03 3.132366082420322013e-03 8.778679357120047766e-02 4.001842094394358340e-01
