0.000000000000000000e+00 1.361359210605531389e-01 3.245212777446352878e-03 2.049624802852404171e-01 9.827504314068195856e-02 1.762677442726477695e-02 5.461767294986821786e-02 1.953211016708836841e-03 3.801583712479942104e-03 4.849371759155417239e-02 9.195568055254685347e-02 1.360877488953922236e-02 1.090831400321037731e-01 5.113164699277928001e-03 1.543606267739162374e-01 1.972036742560425437e-01 5.596193531833902612e-02 9.891267595881221564e-03 1.239892257405482007e-01 8.724100374554014103e-02 9.305988318851838442e-03
1.562500000000000000e-02 4.322736285653697719e-01 3.635639115539254784e-01 1.963532110174190659e-01 6.786739719375461943e-02 4.096914413880435868e-01 1.218889675465645167e-01 3.801920023701092083e-02 5.205572167476719692e-01 1.469030015517351351e-01 1.260039703150731272e-01 1.996875165494886029e-01 3.430275183500656189e-01 5.388768982543926112e-02 1.559910150150190140e-02 8.423034313229238457e-02 2.176293988079546771e-01 3.005296514807457089e-02 1.681577978156447717e-01 3.644762686250358485e-01 7.730235974498747553e-02
3.125000000000000000e-02 2.988719706199023385e-01 3.173618247256397296e-01 6.841266384379575405e-02 2.846437502996808089e-01 1.129059317886421665e-01 1.641630116021183805e-01 8.768213697067309131e-02 2.704890129278836319e-01 2.420350118210599227e-02 2.038293843662427052e-01 1.347967053866409859e-01 1.477033330086754102e-02 1.490651765029106512e-01 4.183342138084557571e-01 9.808323736640726931e-02 2.234020378702403498e-01 5.343793592637910428e-02 1.407945685224708254e-01 1.067311615384806400e-01 5.720343497123846488e-01
4.687500000000000000e-02 1.622633039015331791e-01 1.565075387571800147e-01 1.522365595696509588e-01 1.551727064880224771e-01 1.490568560094844043e-02 1.253128396583188253e-01 3.018667562711311453e-02 1.376710023350315726e-01 1.232328576501339921e-03 1.278547908288682200e-01 1.250512683357594690e-01 3.419081541595546392e-02 5.095527612085617997e-02 3.279411836828611815e-01 7.267019347897878123e-02 8.754856948374682701e-03 5.721776456025450680e-02 2.309200587439665942e-01 8.395399129336182653e-02 6.730105798439194043e-02
6.250000000000000000e-02 2.157890619487971284e-01 2.704953434887265584e-01 2.522928251164855418e-01 5.359563019466660055e-02 4.636886948768740441e-02 3.287424910553998214e-01 2.510847858518076587e-03 9.499577625644453627e-02 5.008285240036196295e-02 8.969825269440770410e-02 1.460770374022718754e-01 9.844201803339440449e-02 9.977201311825414920e-02 2.722259907803138979e-01 1.340065146642513971e-01 5.131334223656397464e-02 1.324932780447602709e-01 2.190818891733686824e-01 1.353551813184641628e-01 1.292635211811517526e-01
7.812500000000000000e-02 3.916236945561623606e-01 2.376507636702864801e-01 1.926045527324198869e-01 5.567451274829050833e-02 3.752939500427466823e-01 2.499216390778270236e-01 2.726808667749450188e-01 1.247882060289787487e-01 2.468866068876031661e-01 1.001392385288781134e-01 3.088763232767659517e-01 1.640196405591580475e-01 1.146984200340188526e-01 3.658428923300700020e-01 1.221771913892792244e-01 2.686338348590385228e-01 2.700947999564380919e-01 1.609512654337568738e-01 1.282815545922375289e-01 5.194329662225677380e-01
9.375000000000000000e-02 5.980742501684737505e-02 1.194685658186728644e-01 1.480906401012224149e-01 3.028243349384530589e-02 3.221263134241092452e-02 6.568945636915896058e-02 7.537856482001043142e-03 7.140045900949824886e-02 5.461726340630031207e-02 7.328179229300425812e-02 2.119807709257024719e-01 1.395968124046360892e-01 8.750019479055548555e-02 2.732894331914594854e-01 2.146417418669219201e-01 2.144241751992583267e-01 9.433997759803054717e-02 1.113602550999283347e-02 1.212683924654101991e-01 2.909373958675020092e-02
1.093750000000000000e-01 1.165685494723102539e-01 5.402976477324770987e-02 5.016247752082060585e-02 4.408224033197490760e-02 1.572043492173806067e-01 9.004003299161972285e-02 6.926494848389218306e-02 5.414416416275855126e-02 7.314218303309566460e-02 9.035199818771824654e-02 3.562954650350834140e-01 6.329306698541642406e-02 7.897930615211831706e-02 3.305873291695959337e-01 6.701065213641857476e-02 1.418223067689120265e-01 2.256571286517315700e-01 2.780335690502408821e-02 1.562029471703172412e-01 3.200877906785598581e-01
1.250000000000000000e-01 2.372245551106446360e-01 1.559177837468321559e-01 1.220043430222099157e-01 4.614213110399563444e-02 2.293165479940552642e-01 2.529244906037609320e-01 2.769282507642230606e-01 1.293993644039023450e-01 1.922659026621376110e-01 7.856241170506773897e-02 2.310169836244539143e-01 1.613608638747180413e-01 1.032005919145270456e-01 3.578569938596100619e-01 3.556251168115482503e-02 1.103025613588154152e-01 1.814188126825276581e-01 2.038439641678983505e-01 1.236657952761646834e-01 3.206631674638958929e-01
1.406250000000000000e-01 1.982581147644069119e-01 1.285339028927080796e-01 3.041597319043448100e-01 2.383550512866578763e-01 1.066555172663885553e-01 1.216906001690494787e-01 2.534730364548766768e-01 2.908314142955893411e-01 7.652870593172932112e-02 1.146732677978923448e-01 3.033397889019588400e-01 5.312959053878447274e-02 1.953187115737224644e-01 2.636198669717294829e-02 1.502302073126315363e-01 1.098149952347239611e-01 3.416359876023667558e-02 5.488672535940660770e-03 1.233295029052151603e-01 4.217922351025218258e-02
1.562500000000000000e-01 2.812962524039605561e-01 4.427295955470461619e-01 9.703678448263806933e-02 2.412028334038175126e-01 1.124840581720083360e-01 1.275285008710686507e-01 6.783328784407585688e-02 2.540306908900937799e-01 2.399885550161581782e-02 2.407551520873764672e-01 1.760836226715616348e-01 2.435799589586323810e-02 1.097732289479317613e-01 4.273003030653695911e-01 6.942205562101046168e-02 8.758590433485756443e-02 7.480265072557476524e-02 1.605691494835952138e-01 1.029686557533626562e-01 5.474422603073937355e-01
1.718750000000000000e-01 1.654464369692539571e-01 2.389436860447932964e-01 2.099452938388378098e-01 1.408070966672094193e-01 7.059026077556928257e-03 1.323099207737812033e-01 1.650542174325267050e-02 1.249258820880356641e-01 2.184991105507348794e-03 1.842545900717054985e-01 8.594461607260978075e-02 1.653017800542235915e-03 3.974010417276077622e-02 2.508801989949323019e-01 1.739074397106520342e-01 1.252241647089072929e-01 2.093064272238927964e-02 3.153289494896240053e-02 6.928005413185460426e-02 7.065670492487460819e-02
1.875000000000000000e-01 8.033653093095746156e-01 7.489051414182429367e-01 9.111169451424649957e-01 7.379108261699985905e-01 8.203924023857612768e-01 8.536925222335844943e-01 7.690915807988749631e-01 8.298050993087007221e-01 9.134534046292439591e-01 8.977126416087678473e-01 7.553182287532430594e-01 7.575370085481483162e-01 9.123216286568692768e-01 8.010562242961118962e-01 7.831121910170290024e-01 9.564371425665367799e-01 7.967275480384945485e-01 8.718603677374213712e-01 8.420231203742550852e-01 9.477433235836062453e-01
2.031250000000000000e-01 9.160719266113932502e-01 8.137507684827175458e-01 9.438076983564045452e-01 8.366450981180713065e-01 9.464407725190508991e-01 9.329830113243391398e-01 9.037177037151440384e-01 9.143014319084962205e-01 9.708263743629949039e-01 9.062441803924849992e-01 8.346501472350938977e-01 8.597294485576608691e-01 9.682440155801060877e-01 8.830580269498471413e-01 8.451539937570177186e-01 9.761248566225886325e-01 9.147634776291779790e-01 9.362116173606800373e-01 9.030979892914522411e-01 9.835668476825325524e-01
2.187500000000000000e-01 3.626659925679229790e-01 3.563590918769264926e-01 6.211512438784408952e-01 5.972263147564494945e-01 2.715526514977878447e-01 5.333979503490854368e-01 3.989040456194254403e-01 5.554253588381324880e-01 4.345157751189073214e-01 5.431000304612557672e-01 6.056246602773005527e-01 5.305476127062910274e-01 6.050040310994951875e-01 3.342890644539942002e-01 5.671773951533282121e-01 6.121615875420045594e-01 3.484284653994015879e-01 3.833211333898427498e-01 6.466628129285433291e-01 6.347095170333725278e-01
2.343750000000000000e-01 1.935279219768090975e-01 2.013452513490098239e-01 8.259356257352484798e-02 2.005939376416141506e-01 8.300073880042778407e-02 1.355692769622154070e-01 4.546793534754886568e-02 1.647255323201544386e-01 1.099834160444776790e-02 1.720832024876651767e-01 1.284116032074178460e-01 2.869532974280131904e-02 1.262439841228719661e-01 3.916854401333707547e-01 7.069621130707999523e-02 1.078678260332937289e-01 5.486866526341619560e-02 4.301738724690127441e-02 7.959029990734479976e-02 3.870636143206849789e-01
2.500000000000000000e-01 1.824969716377120577e-01 2.551476207688540554e-01 1.218827227467956104e-01 2.076699501864441300e-01 1.948018958293491754e-02 1.778188990919591650e-01 4.558050700001459177e-02 1.498032502043772363e-01 3.281799955896223299e-05 1.687098778480488892e-01 1.406281538530978203e-01 5.646861237900474562e-02 6.483531162420951011e-02 3.262185073043497585e-01 6.485944656775832762e-02 1.841314106508061196e-02 5.831577280204810337e-02 2.263666998422955712e-01 9.203492176374976352e-02 2.529007710668970121e-01
2.656250000000000000e-01 6.708647999414622809e-02 9.278747425048844422e-02 2.160664226840697810e-01 1.722348613836727771e-01 6.642280693846824152e-03 1.415151909511408734e-01 9.364000774102700098e-02 3.162597429750418354e-01 4.183604155128214691e-04 9.362249026313516909e-02 2.782763983640541561e-01 4.907054769031750363e-02 1.320185066976842236e-01 1.209036715678484253e-01 7.662787365287147823e-02 5.247611809385914483e-02 3.200006053203809098e-02 3.463581842307481701e-02 1.146560643709389898e-01 9.606925621730709464e-02
2.812500000000000000e-01 2.966681958535402064e-01 1.784814949879475754e-01 1.185174557478152202e-01 4.769171743097598559e-02 3.524745636087384115e-01 2.203700137884684884e-01 2.561063632359324438e-01 1.471852454309718616e-01 2.157968147140028603e-01 9.130290928001887074e-02 2.726161339152157748e-01 1.660451846058171033e-01 1.266935772056571319e-01 3.882559053855855757e-01 5.410510094737130959e-02 2.439559282005740182e-01 2.824541227164073520e-01 1.376755081915743140e-01 1.267260359087500621e-01 5.154222704661070020e-01
2.968750000000000000e-01 1.514329794148540353e-02 2.121236353697160404e-03 1.309060600515195294e-02 4.352251701880120033e-02 1.260349623636333738e-01 7.416803175204035592e-02 5.762527739482940954e-03 7.048701033975364287e-03 1.362642496302813588e-01 7.350649425868015230e-02 2.780935227227356310e-01 5.942268530556870515e-02 1.144267739426636267e-02 1.038059579355617712e-01 1.606821451131209555e-01 1.018189694312938640e-02 2.689337183084060043e-02 1.386894122464025700e-02 2.183325423663182718e-01 8.804268191060912740e-02
3.125000000000000000e-01 2.018114001725989370e-01 1.697695858991781492e-01 1.515588373518877985e-01 4.709216859420867901e-02 1.866670873510799522e-01 1.290955194631473180e-01 5.756823764032273361e-02 1.015916324317873709e-01 1.215699479978524788e-01 1.199268784921322384e-01 3.380801020578226845e-01 1.324237632104527662e-01 8.590026958162144677e-02 3.623322956144858220e-01 1.246177174637273510e-01 2.557769280089421948e-01 1.869467692190934505e-01 6.198272676297920253e-02 1.286406533336468538e-01 2.939923271226821955e-01
3.281250000000000000e-01 2.965402381858621705e-01 2.189456935859430964e-01 1.494876666302819568e-01 5.888994273250682671e-02 2.481400571931421661e-01 3.142868758298858478e-01 2.781642003762027637e-01 1.478242717347718893e-01 2.157200532771823553e-01 6.881990975638248298e-02 2.654910586258488747e-01 1.939366180077880808e-01 1.100341122401765764e-01 3.614012050894125916e-01 6.230219041696791193e-02 1.417386306765796300e-01 1.995023463266948072e-01 2.384606346339230298e-01 1.358592203475519067e-01 3.945919508032874612e-01
3.437500000000000000e-01 1.743433936872403056e-01 1.065933003403810864e-01 3.441353767241138173e-01 2.040045450448469688e-01 1.935627718037690737e-01 4.148754817437860787e-01 1.739990564499986347e-01 1.793904213772601897e-01 1.399618970275516849e-01 1.279952522470551857e-01 8.689486473540396216e-02 2.345116396999094230e-02 5.923372430224559115e-02 5.226622540560326574e-02 2.378721191872399665e-01 1.899565193110012706e-01 7.648595709730179881e-02 1.524705631121615057e-01 1.367329174587928464e-01 4.093147621391928642e-02
3.593750000000000000e-01 2.648587168885430110e-01 4.361707882979763418e-01 9.386037417200762678e-02 2.085866253735342291e-01 7.727821425162290092e-02 1.456073653307599636e-01 3.987968364954110750e-02 2.455321122063148787e-01 1.193361271916710403e-02 2.094638669664478092e-01 1.064185368131347620e-01 3.660224538669317601e-02 1.074203132365774416e-01 3.844843575787234013e-01 4.290446753328326646e-02 7.015580845004028288e-02 6.675530651328298593e-02 2.072304737004876940e-01 8.746159504347959801e-02 4.896624819505476234e-01
3.750000000000000000e-01 1.568750479904319484e-01 2.930096957774233624e-01 1.434602029162393433e-01 1.560134972233578610e-01 8.550437298076043156e-04 1.505886515368304035e-01 1.436326174892386676e-01 1.732342325668891347e-01 2.860261358611399050e-03 3.382085877727212808e-01 2.271835539906643942e-01 6.433107399763332568e-02 1.560066986987615999e-02 1.347981241944163633e-01 1.573364880366405760e-01 9.574436167113796470e-02 1.015613362152705673e-02 2.855517934294370119e-02 9.951935621498797513e-02 1.464649469922428837e-01
3.906250000000000000e-01 3.429557763896866514e-03 3.605126114750167171e-02 5.882869907498208123e-02 1.260491706175202731e-01 3.622864561545900003e-02 1.158593147739691437e-01 9.424970144119809712e-02 7.913665209826999114e-02 4.190787438223462363e-02 2.384291035928658431e-01 5.768504480905872062e-02 7.227472929617402564e-02 4.765561925869732374e-02 1.734951137184811976e-01 6.901872776677048238e-02 3.537988919272583299e-02 6.676552890014410269e-02 6.016379147659343951e-02 1.537830923388277815e-01 1.557259638126557155e-01
4.062500000000000000e-01 9.688690313678135352e-03 1.330526607678786735e-02 1.178688516317277224e-01 4.094693027054054080e-02 1.864373560313351691e-02 1.200667102193314212e-01 1.853230993337530094e-02 3.266519104017999442e-02 2.148732069311062517e-02 2.434901136334166605e-01 2.379041999119362039e-02 1.824656254832274574e-02 1.227462696571660419e-02 1.367193746003460275e-01 4.380648137980914375e-02 1.868855277376147220e-02 1.431221484253160196e-02 9.055199859057308509e-02 1.140241912696571408e-01 1.261235648919329932e-01
4.218750000000000000e-01 1.938382293558696956e-01 1.455394223258798525e-01 1.070390555887994893e-01 4.071475450925902129e-01 1.655587173892623110e-01 5.868344901270134556e-02 2.889016842264503504e-01 4.470839358555413479e-01 1.384411656502950450e-01 3.010299487733682500e-01 3.143200958243330678e-01 3.087933750459559978e-01 1.124732965035394466e-01 1.407378432460192619e-01 7.777293815012034650e-02 3.856015559430416885e-03 1.959921498023562414e-01 1.111018786970973532e-01 2.552254158863161426e-01 7.576514619811183793e-02
4.375000000000000000e-01 3.263554775127203156e-01 4.209599094042288936e-01 1.323649692037369985e-01 2.192063159584891341e-01 1.137393986772557430e-01 1.668456610484156388e-01 7.518195608091672588e-02 3.151109271405905243e-01 3.387346056206942679e-02 1.881813410749663129e-01 1.395264984516577655e-01 2.820198061886720203e-02 1.468680597676539634e-01 4.051010859875066039e-01 8.804688151614148417e-02 1.296474819640905940e-01 6.010882712907916064e-02 1.808169885421835044e-01 8.394888452901060061e-02 5.991220087568298602e-01
4.531250000000000000e-01 2.773778614262240594e-01 1.396424511755579578e-01 3.075304103229078434e-01 1.672857611901460428e-01 7.676879007623119144e-02 3.043117718918165737e-01 1.047311390452881491e-01 1.273731169433914290e-01 6.846827510975582454e-02 9.617461699293361477e-02 7.620424125128533177e-02 4.163712637931523547e-02 1.210632383351748290e-02 2.468011137467003013e-01 2.438180732236594483e-01 1.112649572301004225e-01 1.116198903529133091e-01 2.667375208369157091e-01 8.890006179190225455e-02 4.459211946727195675e-02
4.687500000000000000e-01 3.876064297169053430e-01 2.615247988736904006e-01 3.474109779337453685e-01 5.567446092634811133e-02 2.596969286847247149e-01 4.358441707366980666e-01 1.429438998364594704e-01 2.467515890680160029e-01 1.888895381829782949e-01 1.286008349602079104e-01 2.356593063428101820e-01 2.649271559373420626e-01 7.048996561651553472e-02 2.764852524634145992e-01 1.940046311392706058e-01 2.297586073866594580e-01 8.924731811441494189e-02 3.269822957446678613e-01 8.295267047754360801e-02 2.322536798481431575e-01
4.843750000000000000e-01 3.365239810483465210e-01 2.915751192984190610e-01 2.024401812024249070e-01 5.502802401165396429e-02 4.342293982532832719e-01 2.318980308611014174e-01 1.860430245461802135e-01 2.323347971221275399e-01 2.751904345032460397e-01 1.342592463039431749e-01 3.369719526953184885e-01 2.783797828500906846e-01 7.434601475554139527e-02 3.778695870244558885e-01 9.820818595489388958e-02 3.237400991774743719e-01 1.752389191197138985e-01 1.596509720503399288e-01 8.242263163440115281e-02 5.169623252992260332e-01
5.000000000000000000e-01 4.567784706314859111e-01 4.943053539802749752e-01 5.207469785066360934e-01 5.406962045954054330e-02 1.899086745334935267e-01 1.017751556330825369e-01 1.468658181069954216e-01 2.191652040237124788e-01 7.701608277411849113e-02 8.359970326164710419e-02 3.463819052417691641e-02 2.362192472625548878e-01 2.947790502110257949e-01 1.914296517156953981e-01 3.522868757771648318e-01 4.082833176586497803e-01 7.254995212046204400e-02 9.866260864642652575e-03 1.413183754345856136e-01 1.079166509622407448e-02
5.156250000000000000e-01 3.695523038730275656e-01 1.801972527525621814e-01 2.455788469464899870e-01 5.342618517728618677e-02 2.172744881010963414e-01 1.527947911268288383e-01 2.630140133231639865e-01 2.281029229097797373e-02 1.674556767497332732e-01 1.134873326293733831e-01 3.302802957921950888e-01 5.785184099008260084e-02 1.086141363157769740e-01 3.390763853116546822e-01 2.471543877339524298e-01 2.543614336537909915e-01 3.214951329299401417e-01 9.001526345019683628e-02 1.669036286439073424e-01 4.426060905778719801e-01
5.312500000000000000e-01 2.577235341585458750e-01 3.429687789851321722e-01 1.796658473396978428e-01 5.632326955953077113e-02 5.504221840189378601e-02 2.947134255039067785e-01 2.422787795215895421e-02 1.752339925303784268e-02 4.530262407351740711e-02 1.477502735762485815e-02 1.490140680398868989e-01 4.595104639448042982e-02 7.821002550977156076e-02 3.337015355269495887e-01 2.131783491878143089e-01 1.001217984941048245e-01 2.136732943707117527e-01 2.604610209772268981e-01 1.240560876802777601e-01 3.646935648839715882e-01
5.468750000000000000e-01 5.063098158471369681e-01 2.735750094342325744e-01 4.842264347397182700e-01 1.731853298169825361e-01 2.514629446224618814e-01 4.058662454707617773e-02 2.216591959983710280e-01 2.494556094432366089e-01 1.829702006056609098e-01 4.218384281977043126e-02 1.609653137921442378e-01 4.032017757771130112e-02 3.528979129174298485e-02 4.270054426475131115e-01 3.982497443959853722e-01 2.120279045390982831e-01 9.444982801923423876e-02 8.168752888095678899e-02 1.670986036812287523e-01 1.103790191106935464e-01
5.625000000000000000e-01 3.519031626363861021e-01 4.376693746571005961e-01 1.161269495432433324e-01 2.189417047721644027e-01 1.064207792181188078e-01 1.941273259738160728e-01 9.713261410841118881e-02 2.661059777006763993e-01 1.886190406095171815e-02 1.896688999047295987e-01 6.485125661110087425e-02 3.834048653482686336e-02 1.801759344684197850e-01 3.839392538091348506e-01 1.107959410492796309e-01 1.549974572426696395e-01 4.842403920531578032e-02 2.474614843092006258e-02 1.226508866118462965e-01 6.110252530392982218e-01
5.781250000000000000e-01 1.239735007356279617e-01 2.547590096192925424e-01 1.550084362595401943e-01 3.729769077655689102e-01 1.490418430062949995e-01 1.855625309803186351e-01 3.003852553204449660e-01 2.985545780388088599e-01 1.294120248001596751e-01 3.585837251748781318e-01 1.646203381737628146e-01 3.310461364832424647e-02 4.958744790411871023e-02 4.697475194085512853e-03 2.256247306903113869e-01 5.692261975991482620e-02 9.245588923201430998e-02 7.484842793216105183e-02 3.185116702759052121e-01 1.055650916459991290e-01
5.937500000000000000e-01 3.936078635442176281e-03 2.546221158335738519e-02 1.119432058695349896e-01 5.375526588496103153e-02 7.263549444256467771e-03 9.635305861675375061e-02 2.060818694229544709e-02 3.308219497713223156e-02 1.518537030890508219e-02 2.179789795838119604e-01 4.145090648431191266e-02 2.110363242434751610e-02 1.242755626161238906e-02 1.377777566749779081e-01 5.848949315362889784e-02 6.703484903404773737e-03 9.866557033546123970e-03 1.062389978167665588e-01 1.370096013324146322e-01 9.166513463974855502e-02
6.093750000000000000e-01 1.643721765228348466e-03 2.030762088033982032e-02 4.743963697391781476e-02 1.008853384150199123e-01 5.110697544475917981e-02 1.412700553489203148e-01 6.124953609774401453e-02 6.560881524645272023e-02 4.501884322028688185e-02 2.483352940743127346e-01 7.175962664603219299e-02 6.951352038968830471e-02 3.988261683045517952e-02 1.428339965302577452e-01 3.591803263429235726e-02 4.200267488762800955e-02 5.005118782746730693e-02 7.365220685271467449e-02 1.601269219830609436e-01 1.653926690284817924e-01
6.250000000000000000e-01 1.431168504319325352e-01 2.727968955209770716e-02 5.335284847768125005e-02 3.286401823177629855e-01 1.003830868770679979e-01 4.896868460755746805e-02 9.640337144394517388e-02 1.710245182357338078e-01 2.873011000538442522e-02 2.501393258924011764e-01 2.090680576334842944e-01 1.374791577785631699e-02 1.007754873214535551e-01 2.621732307190965394e-01 2.502099444754382271e-02 6.369058177248050623e-02 5.476294925461636792e-02 2.663405482832277571e-02 1.871661651310330410e-01 1.130428612097610641e-01
6.406250000000000000e-01 1.899220467773621301e-01 3.962171033789428920e-01 4.882011850625241067e-02 2.131311645278678724e-01 9.100589464983202537e-02 1.671826391961596103e-01 2.858760192604865163e-02 1.501361620652605644e-01 1.102957428729607788e-02 2.277008712587104133e-01 1.162385722974341173e-01 6.981694976370195205e-02 1.155826709138751129e-01 3.854638617277274526e-01 5.162182716475177680e-02 7.204354630465975573e-02 5.492061161685717063e-02 1.776325750005261772e-01 8.649037908399603847e-02 5.104780225974567820e-01
6.562500000000000000e-01 3.192163472430269155e-02 7.499439455027250012e-02 1.415068894334331751e-01 2.030727929174049040e-01 8.189320943088282401e-02 2.975607659112466385e-01 1.543949124797606709e-01 2.887202561222337871e-01 6.649654135243260322e-02 1.278407691744844199e-01 1.887217650878085240e-01 9.747738897750032883e-02 3.034739063249041260e-02 1.205952274252094364e-01 7.247337894831801242e-02 2.955770983833231128e-02 2.239327736446699094e-02 1.406423088635332941e-01 8.350137983761175831e-02 5.538096238619455436e-02
6.718750000000000000e-01 4.385083092806971172e-01 3.806318077533851207e-01 2.899729233856482291e-01 5.571315750034328690e-02 2.892371012892588911e-01 2.171350908776624455e-01 1.529637802823304860e-01 1.704400754636828108e-01 2.085969871478698112e-01 7.773377130502857890e-02 2.490084999772942675e-01 8.704912832836869674e-02 1.269336722363669789e-01 3.889137628945441016e-01 1.806217901246352786e-01 1.957214896250965286e-01 2.211849731617888393e-01 1.634991695651603905e-01 1.549176894848001418e-01 3.581477858012488968e-01
6.875000000000000000e-01 3.711275226875903055e-01 2.227618387073277140e-01 2.350285523837882529e-01 4.805914479467870287e-02 2.201161055326354421e-01 8.814063094236899987e-02 1.049322774752073084e-01 1.315787377169563011e-01 1.305279744325383573e-01 1.189023203848888766e-01 2.940789622626648891e-01 1.293778798551640796e-01 1.027371573578962083e-01 3.473611353742302454e-01 1.947097899172701430e-01 2.891160324136030635e-01 2.164826233309981862e-01 1.968036935377152213e-02 1.505941023532074152e-01 2.730622192249456126e-01
7.031250000000000000e-01 1.491210815456684990e-01 2.276339627334556248e-01 2.717868574608410803e-01 3.175220235942968761e-02 1.704884109697546099e-02 1.018762512753947601e-02 4.932228977943690917e-02 1.008373041131396530e-01 4.445177510154215555e-02 8.796699473184128870e-02 2.121129164402166256e-01 9.848646184879183973e-02 2.413850719068699746e-02 1.200246845540260399e-01 5.071687605835162316e-01 1.158225837664788593e-01 6.782002888498886439e-02 4.533468298151818732e-02 2.819142203067633856e-01 3.937673299766772383e-02
7.187500000000000000e-01 2.454039163322035699e-01 1.714708248515887656e-01 1.600595937348565923e-01 4.794489073684709418e-02 2.486424220745628300e-01 2.004248895134511377e-01 2.988678029918139800e-01 3.712693516131011090e-02 2.210645980635673746e-01 8.184238371276300605e-02 3.472619884474019147e-01 8.539860492594478214e-02 1.470801028899903773e-01 4.100720392726031616e-01 1.207480430473126809e-01 2.227690999591449006e-01 3.511489157247857928e-01 1.486194646231684402e-01 1.466941352833753265e-01 5.187858441572712476e-01
7.343750000000000000e-01 4.241065755932452858e-02 7.633891483831874158e-02 2.767590860962063776e-02 7.919694915367041232e-02 2.935915464068989712e-03 2.746922561770231419e-01 4.621062999054658012e-03 2.155479621253979239e-02 7.807775196058101483e-03 8.820919498349225063e-02 2.779709357500105282e-01 1.235900741223708854e-01 9.438573581801283641e-02 1.894315219691110608e-01 1.936276484675738749e-02 1.144810011108522534e-02 6.841644564186856459e-02 2.404996785595391873e-01 1.274682407429300335e-01 1.543973298712489617e-01
7.500000000000000000e-01 1.036842856189122697e-01 1.370087173054495566e-01 1.156449095742551614e-01 1.803143561942265050e-01 5.824901644717526278e-03 1.385108415025181616e-01 1.490976422022791646e-02 5.715869393656364955e-02 1.572569094540837709e-02 1.475033062013172691e-01 1.152689808941966126e-01 1.880151311548948143e-02 5.384089780726718927e-02 3.309374423407133170e-01 5.612058160312418525e-02 1.842983989036525716e-02 8.209144079683647344e-02 1.374285672758230603e-01 1.000155561353309047e-01 1.049561556614842239e-01
7.656250000000000000e-01 1.280359330960024744e-01 1.797977639888267698e-01 1.697007744927215775e-02 2.230436238025910456e-01 3.315093955494317901e-02 2.008397013085963800e-01 2.632660220761668529e-02 1.801763203712148376e-01 1.199654237937894516e-03 2.123316005671251339e-01 9.160884763488723326e-02 8.147867572218826793e-02 1.528911981231657613e-01 3.846289662036040391e-01 1.023653070766980359e-02 8.276463737727039749e-02 8.453236723286890186e-02 5.381793300569516492e-02 9.770153658058713941e-02 5.670765767484207132e-01
7.812500000000000000e-01 1.784195497573176081e-01 2.514198858730969932e-01 7.243921882215824393e-02 3.716584614074597281e-01 1.569809729886655347e-01 8.938376957872300188e-02 2.134999054487811687e-01 1.930932262266677191e-01 1.119727105036996129e-01 2.988901927146922488e-01 1.142472242512575092e-01 8.640577470704416396e-03 6.203406205234156257e-02 2.675919102866243515e-02 2.139585416467187362e-01 1.397493316629821736e-01 4.823474233969844704e-02 3.518282028168091130e-02 3.215706467012938163e-01 1.727643571871459172e-01
7.968750000000000000e-01 8.134640588729463023e-03 2.843944871126054957e-02 1.039624216218373171e-01 1.013605907250745251e-02 3.959696007422968127e-04 7.858783208235921303e-02 9.774502145777354614e-03 1.881291182270953752e-02 3.252922851898905256e-03 1.936492439876980609e-01 1.608172295831830981e-02 2.553763756666931495e-03 2.361207581051469242e-03 8.338891680133390938e-02 3.224007333272162906e-02 2.846943786391305155e-03 6.797628864930099551e-04 1.155191947937229680e-01 9.061815562850428218e-02 3.882076874617374634e-02
8.125000000000000000e-01 3.327754192371392555e-02 1.135037235734980415e-01 9.466526086215358571e-02 1.926416235233651686e-01 3.643964257780427096e-02 1.276667125015033821e-01 1.082163975972101205e-01 1.998564512447638941e-01 3.769817788863526198e-02 2.704957728256970895e-01 1.143004352570451826e-01 1.886169381552497137e-01 8.087564048749024126e-02 1.326483777469661951e-01 1.153628242098989204e-01 2.712389100992030136e-02 1.248236778497333471e-01 3.656664212876933190e-02 2.219438828515587214e-01 1.417496289977756285e-01
8.281250000000000000e-01 2.193235958381666295e-01 1.384245856943827901e-01 8.482392948426516199e-02 2.606190246769214403e-01 7.263750776097685491e-02 9.211424624160240160e-02 1.237218086318231797e-01 2.838341689166631321e-01 2.293041773123644794e-02 2.098661538992890041e-01 2.021057692136073447e-01 1.804943168710825951e-03 1.133956156591248571e-01 3.529041063686120805e-01 5.360098273228114385e-02 1.069920064409306121e-01 5.367953586935212545e-02 5.840547650416932912e-02 1.170930710756707127e-01 2.565639582073531710e-01
8.437500000000000000e-01 1.743292392279815473e-01 3.934892165148898280e-01 9.019023430226179305e-02 2.066040914602555456e-01 3.105358568084667925e-02 1.456237149790035879e-01 2.214187697078328493e-02 1.676971448541774434e-01 1.300461818389358603e-03 2.088548968804386230e-01 1.242910248232066417e-01 5.200765392637518580e-02 8.388529231869613911e-02 3.612167201231324953e-01 3.320128122936711473e-02 2.234595201210287305e-02 7.171397587287287045e-02 2.087727555840255544e-01 8.494849069348460457e-02 3.711479545265784497e-01
8.593750000000000000e-01 4.390442325779767702e-02 3.635871987596729638e-02 1.183494307882998892e-01 2.107306802299405701e-01 2.300990709055772410e-01 3.370052690388334882e-01 1.622707585751251846e-01 1.862052161180442200e-01 1.677119955183453137e-01 1.096052484534315724e-01 2.221650383303043208e-01 1.119062906834158433e-01 2.651119248982614779e-02 8.512303344880178813e-02 5.753679052106425162e-02 1.657529548698361554e-01 2.546601666521585219e-02 1.311739060261237766e-01 6.868774413952835611e-02 6.841328375241362281e-02
8.750000000000000000e-01 3.405160301219349317e-01 2.396213227812248603e-01 1.526994731995754140e-01 5.097391062858595834e-02 2.954638537463610271e-01 1.925537322892538761e-01 2.420152533150353724e-01 1.213152199888039157e-01 1.871854513633888495e-01 7.402090363036459286e-02 2.109987098904333169e-01 9.612421771501428180e-02 1.426292218518672161e-01 4.154717087806008569e-01 8.738100755997636748e-02 2.002883384491492835e-01 2.838724336153594097e-01 1.233393615645234226e-01 1.601703743558340887e-01 4.542723843077715040e-01
8.906250000000000000e-01 1.253610954030583147e-01 5.720930133544156748e-02 8.532279908908910193e-02 4.563122016295531602e-02 7.428572994884298508e-02 9.239093399388213779e-02 2.182442311383532216e-02 5.857091507750673137e-02 5.617756600785788618e-02 8.983538435064070127e-02 2.382695851973444523e-01 1.113371995408772575e-01 8.258708408702335191e-02 2.582251893032032064e-01 1.264680931863485236e-01 1.159472164219273044e-01 1.429151895163504327e-01 1.180997569209166730e-02 1.663822123132701614e-01 1.369535746282351252e-01
9.062500000000000000e-01 2.256724630028646983e-01 1.873181385715383951e-01 2.167997437367230606e-01 3.350917607213431404e-02 4.252076719391725129e-02 5.169124491049267855e-02 3.133660192957349322e-02 3.444235247781429060e-02 1.035871533292957725e-02 1.142253562801694156e-01 3.005333586050881189e-01 6.771033688989497312e-02 2.803334821534320120e-02 2.855383370863252557e-01 3.022744771325824309e-01 2.429865981093736749e-01 9.747789695212409622e-02 4.677933243586893108e-02 2.027792273138570300e-01 1.402012198464288595e-01
9.218750000000000000e-01 2.882824518402832825e-01 2.370674856668958663e-01 1.709343929768916970e-01 4.596357050526553301e-02 3.314724974101359023e-01 2.821686926671790885e-01 4.067104814695235437e-01 8.342399602356087573e-02 2.964902039809619860e-01 7.401473018690403471e-02 3.530019146926739460e-01 1.710341600212046953e-01 1.392566535154204088e-01 3.989706142483902540e-01 9.671892495633772902e-02 2.167674512950951982e-01 2.805237459438917336e-01 2.163872416761720985e-01 1.344758328265215630e-01 5.150563438302698804e-01
9.375000000000000000e-01 6.147022824646448946e-02 4.749767720343488209e-02 1.306933346693341935e-01 1.127356621443662693e-01 3.816776185523758358e-02 2.750770620883825068e-01 2.404987319236367993e-02 9.322885334098973686e-02 5.279888503180370923e-02 1.010652929561988572e-01 3.017288068301224313e-01 1.849720063205115839e-01 1.327009208621808822e-01 6.570878623376748273e-02 3.305651825243813291e-02 4.433187857930773884e-02 3.968714398667273074e-02 1.614327045832421037e-01 1.426063149029225818e-01 7.428336673627775055e-02
9.531250000000000000e-01 1.615123336133489351e-01 2.784784710560786469e-01 9.522983442279171762e-02 1.879900116756779149e-01 5.838482733355235266e-02 1.074089848464900021e-01 3.924329191679580553e-02 1.045179521884384566e-01 1.123063497329495654e-02 1.866154850679536126e-01 1.015934857220436305e-01 8.586020879165457212e-03 9.902031238381957257e-02 3.785733706252448760e-01 3.944788758666722267e-02 1.878348096154886654e-02 6.114188525294176474e-02 1.433202871264632472e-01 1.311008884534128893e-01 2.483398699729769676e-01
9.687500000000000000e-01 1.201687467067886622e-01 1.140182318801351846e-01 1.739346923675658477e-02 2.102556959309407059e-01 2.491660012272109079e-02 1.957704664685486207e-01 2.529946318199582239e-02 1.107270480756639836e-01 9.051882991465290754e-03 2.155962057657332953e-01 7.709769563090100586e-02 9.425516615008235066e-02 1.538347656264048846e-01 3.479073373186427620e-01 2.188656852640560174e-02 8.703620939280605484e-02 7.136678325755732577e-02 2.027867533110439685e-02 1.211800639327946516e-01 4.251453693445777504e-01
9.843750000000000000e-01 1.762012851043730510e-01 2.364858403277703136e-01 8.025364916392378756e-02 3.165874268709100159e-01 1.263566770527526362e-01 2.596738306779931144e-02 1.956202225187357591e-01 1.607498655203867532e-01 1.098294621583718877e-01 2.685038710877610812e-01 8.947368104276083589e-02 9.781384907731933628e-03 8.514577426853242592e-02 1.340069283327083582e-01 2.012442126356113192e-01 1.137572974348737692e-01 1.056567777016423071e-01 3.465644955654366421e-02 3.547014614325307291e-01 1.171028414288329961e-01
1.000000000000000000e+00 2.325779396534438138e-03 8.180632124602920177e-03 1.328489324110338210e-01 1.614281896412563932e-03 4.360160532656502316e-03 7.038120295611591248e-02 3.739671701794205290e-04 1.269580595340246212e-02 9.810165977561361751e-04 2.203321660261952364e-01 8.486728349884221229e-04 2.104729454202143232e-02 3.931077102146598307e-03 6.410837050651310362e-03 2.294257728457769867e-03 1.003235766010392854e-02 4.957571364568280972e-03 9.859774297842925639e-02 7.992640091036328290e-04 2.667286502806470380e-02
1.015625000000000000e+00 9.736502515634135047e-02 1.390576385808698356e-01 7.998141555683815906e-02 2.774700448153837318e-01 4.854279357655058580e-02 1.163001988480074217e-01 1.816182148293233045e-01 2.674702676427946346e-01 4.278935817598965990e-02 3.322078911458466455e-01 2.007339458244179475e-01 3.139122915055170826e-01 1.187944464904734099e-01 6.341701539380688313e-02 7.959069291612151653e-02 1.861791859602170487e-02 1.907446317961709048e-01 5.268845049051486956e-02 2.655660139996071090e-01 8.595301925000943533e-02
1.031250000000000000e+00 2.301237173255573365e-01 2.143043221752149730e-01 7.355489225815162180e-02 2.579173476572411139e-01 1.168751746861796392e-01 9.144747773887527964e-02 1.177446204388990225e-01 2.766707712487871396e-01 4.351757112900429825e-02 2.112755213353794126e-01 2.439172840567343514e-01 1.534946710250948039e-03 1.420535208007996653e-01 4.220819522230174203e-01 5.788711026006864574e-02 1.479377336136042942e-01 7.097148215221629752e-02 1.198494404864032525e-01 9.256855506965783187e-02 4.168261191843196101e-01
1.046875000000000000e+00 1.122034456827221971e-01 2.361774948088025128e-01 9.170855037110196839e-02 1.850838910620251077e-01 1.231508384712473592e-02 1.579754130735766537e-01 1.471194324521717112e-02 1.063977085748572388e-01 3.355320758369891368e-03 1.870504609132074558e-01 1.604994713824364760e-01 7.707025848739439133e-02 4.597438206686210033e-02 3.251857762897740756e-01 3.269805801509127058e-02 4.102379805116779417e-03 6.760273239884891094e-02 2.709538893565371365e-01 7.384215674829124054e-02 1.834601412136206144e-01
1.062500000000000000e+00 4.942645742843434359e-02 1.090042205100811845e-01 1.335666936038407415e-01 1.924700736240760601e-01 1.308960683094420041e-01 1.981548653811179284e-01 1.455330487512557780e-01 3.178288432996105306e-01 1.506768840872699244e-01 7.464020974500157335e-02 2.837237896838645801e-01 1.201128248510915791e-01 7.882396336770755574e-02 4.356199419636411219e-02 3.781945496713715743e-02 3.853940849103126842e-02 1.244447255932023925e-02 1.996949950842269797e-02 1.367535625359535822e-01 6.998536284618429859e-02
1.078125000000000000e+00 3.822575502415789250e-01 2.655912333219421217e-01 1.914855124945586407e-01 5.235047707092103236e-02 3.541277335057987363e-01 1.668896613234091275e-01 2.802472164014243039e-01 1.661177361614034620e-01 2.004696459494210714e-01 8.771878291697528252e-02 2.645937591046340076e-01 9.724458862187977670e-02 1.710020930122855276e-01 4.339043516601457928e-01 1.277544851052568320e-01 2.749816776255858408e-01 3.111427274356777239e-01 1.133530113313977322e-01 1.777798271634398464e-01 5.024402140599607547e-01
1.093750000000000000e+00 9.566696634011913336e-02 6.636421971029786426e-02 1.046140759496331230e-01 3.840216083969855143e-02 4.642902031618184600e-02 6.055378267269178466e-02 2.426436038617993396e-02 8.265570001588015692e-02 5.948907790450481958e-02 9.153566186575581853e-02 2.165580666015247402e-01 9.593011024397847530e-02 7.905791840320364194e-02 1.945912610776956431e-01 2.033517951222510722e-01 8.095616016740274368e-02 6.790519460009346309e-02 1.136396952618406835e-02 2.147559009901138516e-01 6.951179589820583038e-02
1.109375000000000000e+00 2.143011142657592072e-01 1.725973526715726680e-01 2.015118224481086406e-01 3.515031559004760942e-02 8.603793285116702327e-02 6.404648678809841955e-02 6.622461512377809945e-02 2.423062948775228306e-02 4.971843140338728234e-02 1.390466546283353200e-01 3.211820963097383186e-01 4.848875937724198004e-02 6.186689879591875801e-02 3.587861097139550259e-01 2.378966970982203111e-01 2.703545550382233653e-01 1.650699074121369514e-01 3.487019649519317033e-02 1.659371356934593589e-01 1.948003455115224769e-01
1.125000000000000000e+00 2.577745389420429412e-01 2.432234900735634198e-01 1.645783294258869878e-01 4.352627214655175464e-02 2.697189060750238565e-01 2.852485825631118632e-01 3.937916376584957856e-01 6.964048806413628001e-02 2.743286201983306527e-01 6.637583388403617279e-02 3.206643129026464645e-01 1.659281144272819475e-01 1.354961775215385300e-01 3.923244097375823136e-01 8.128827648942217599e-02 1.670865634104095609e-01 2.403532527997668811e-01 2.123500372130426583e-01 1.339672201419136455e-01 4.003408000850224857e-01
1.140625000000000000e+00 1.010339540130702762e-01 1.034878176608460265e-01 2.191133784057815725e-01 1.735052500963231714e-01 3.714960538510519994e-02 1.557510097876778077e-01 1.792475151355862051e-01 1.771734814478026221e-01 5.269546274884279180e-02 1.397212301916265220e-01 2.877758416921440410e-01 1.273061207030652120e-01 1.394063288070407636e-01 6.419481522555876493e-03 7.604038118548689384e-02 6.604348011603057567e-02 6.065610563551146472e-02 5.027642286581574145e-03 1.984772585741304274e-01 4.400181803424395299e-02
1.156250000000000000e+00 1.573099601581511298e-01 3.717882176826064478e-01 4.799610912757731884e-02 2.041138426762820757e-01 9.531919740236308169e-02 9.468749630810495421e-02 5.946828447770381720e-02 1.048283699891899290e-01 1.556362926596004809e-02 2.699754991467784304e-01 1.111288434418875593e-01 1.420072985071431024e-02 1.298163704955090092e-01 4.056731846983037681e-01 1.938192052894557871e-02 6.216355050763499451e-02 5.286041830518343337e-02 1.305603862836551277e-01 1.269576971427581469e-01 4.166907942280188015e-01
1.171875000000000000e+00 5.573470615914822429e-02 3.826249665856581994e-02 1.488181078013636749e-02 1.990110085975366205e-01 2.086100155398551079e-02 1.665208054425174611e-01 1.404024270238558164e-02 5.728820286190135919e-02 3.520788791737686219e-02 2.241582749689334242e-01 5.779757186963060955e-02 1.157499920757691786e-01 1.119436390065268599e-01 2.940613356007579227e-01 1.294592261587530595e-02 5.496197262694894892e-02 6.513595074535410978e-02 3.404953800312288115e-02 1.241485673087031477e-01 2.318996876338640378e-01
1.187500000000000000e+00 1.172193125380631556e-01 1.300919253442834600e-01 5.523194180867974090e-02 2.114898187101057758e-01 9.220811250057199537e-02 1.959412645190047528e-02 1.589212072712831714e-01 9.707958667409334608e-02 8.766239082952852202e-02 2.726458537198863663e-01 3.839929969673370330e-02 1.416240615372481478e-02 6.939368531158975062e-02 2.113356188683344350e-01 1.278213185076260416e-01 6.202513091183019245e-02 1.192093153313679849e-01 3.155222283185291771e-02 2.642934800334066359e-01 5.195426869862791730e-02
1.203125000000000000e+00 1.043657589413773262e-02 5.449282578232992474e-03 1.374106568528940808e-01 6.555847567539221411e-03 1.662299104067384292e-02 8.144480967517529757e-02 6.187185202991336841e-03 2.696521886729545681e-02 1.108465140974690226e-02 2.636098672902966733e-01 7.050880284702559959e-03 7.421220483386888750e-03 9.690165559280553009e-03 1.181628671778852530e-01 2.145083999628050880e-02 2.763354655571489960e-02 1.038681233572943778e-02 7.277556057786567500e-02 9.247930566700651722e-02 6.848450353734439333e-02
1.218750000000000000e+00 3.192778261497334347e-01 2.090050271176512597e-01 1.707712737806634795e-01 3.385458842840332605e-01 1.089170589498885539e-01 9.751710028875769376e-02 1.694771566070611690e-01 3.712787962412284481e-01 9.550800280698436284e-02 3.822692680905540596e-01 2.818957034148844021e-01 3.842570033510636085e-01 8.054703060037508855e-02 1.261449958641193761e-02 1.138723007457932146e-01 1.807329648484423679e-02 1.802791219318050364e-01 8.775650582109761899e-02 2.223750072962763780e-01 4.507232435514787333e-02
1.234375000000000000e+00 3.104539662147698387e-01 3.864066666565730279e-01 1.091751850037547961e-01 2.567500193834207911e-01 1.724327005635291343e-01 1.333753428746050629e-01 1.018792824799318458e-01 2.905619701689668433e-01 6.042644722985069522e-02 1.999508507691590831e-01 2.007182001396576876e-01 2.038453080400459347e-02 1.341514818633112449e-01 4.351107018234905421e-01 1.180597030681329873e-01 1.920738437016487610e-01 4.866753757735609032e-02 1.550604047469442137e-01 7.249239597956881609e-02 5.366519421604128981e-01
1.250000000000000000e+00 1.406035077987610460e-01 7.116837305190519547e-02 1.564720419179316813e-01 1.756733177109987276e-01 9.345786114496374211e-03 2.199791151968710778e-01 3.969680633718695312e-02 1.609737244154995639e-01 1.158350889677046448e-02 1.360556010218705314e-01 1.593880851332790394e-01 8.927955224863089179e-02 1.995331532419621773e-02 2.696065764720875224e-01 9.790507924591557165e-02 5.678748366063472892e-03 4.313833355392565627e-02 2.858968173942432744e-01 5.538198016066080837e-02 5.994521582617662325e-02
1.265625000000000000e+00 2.934155102995230080e-01 3.274783093492182329e-01 3.888889698363071079e-01 1.200281208117949111e-01 6.939899334437205081e-02 1.293933292247273770e-01 1.427645795123679284e-01 4.077168493196055565e-01 7.156786256161973281e-02 9.168253038804427546e-02 2.026678829747577959e-01 5.573718379530662875e-02 1.010482812520065443e-01 2.320669552847869632e-01 2.025859720875871350e-01 9.260197693669697250e-02 1.210422529195229469e-01 5.768753702512779274e-02 1.678606150686621779e-01 1.477886561122546683e-01
1.281250000000000000e+00 4.252489077392761496e-01 2.849267485898567820e-01 2.117188686410037546e-01 5.608614700176101087e-02 3.716620065541500484e-01 1.554534396938521967e-01 2.262584087824422996e-01 2.295778119143881135e-01 2.002548204881175464e-01 1.309598290699501844e-01 2.821804669970058299e-01 1.504967584129622560e-01 1.420990497855424972e-01 4.112967992966382602e-01 1.180452764193045956e-01 3.317043831695361544e-01 2.602699498257912136e-01 9.700904865647951014e-02 1.481162354032520556e-01 4.966642093721990170e-01
1.296875000000000000e+00 4.424195158455870858e-02 9.839331266147381683e-02 1.311443189862471770e-01 4.226614318500490630e-02 1.576465142642124173e-01 6.309313772076309557e-02 2.555350154926579534e-02 1.249374123847867002e-01 1.939354422219282670e-01 7.548631027732007059e-02 1.362611009317545030e-01 2.000665862875532497e-01 8.254671184349633706e-02 7.646158888667548004e-02 1.958528519894982556e-01 8.518469130682670976e-02 1.359234232129337199e-03 2.404084350396382824e-02 2.214765325222057823e-01 2.924831631995519765e-02
1.312500000000000000e+00 1.034852615854804786e-01 7.610512006831209042e-02 8.814723868013318864e-02 4.254841624998629418e-02 1.188815455153076628e-01 1.147720404665817512e-01 1.128574973837871837e-01 3.131973675637364507e-02 9.557556198046635032e-02 1.180457992801010464e-01 3.048856371570555779e-01 4.087755907095502045e-02 8.443337138186762791e-02 3.951531230940531492e-01 9.350363643773665356e-02 2.012915384453492496e-01 2.834742877778810288e-01 6.361569789240968664e-02 1.090614222012347007e-01 3.332225411903600998e-01
1.328125000000000000e+00 9.769075812287056348e-02 1.051292925165095427e-01 5.231553595088592190e-02 4.321828764626288455e-02 1.161761995185700697e-01 3.220288194588930564e-01 2.472073742692096343e-01 5.675946797282373224e-02 1.513202942136333828e-01 7.284526236434155089e-02 2.580793845504702477e-01 1.905299070422744323e-01 8.549349142505331678e-02 3.325790862740216070e-01 6.312658048532988030e-03 3.573370749944287939e-02 1.720390007867503568e-01 2.635436794149613737e-01 1.008753339830150975e-01 2.926641479046238614e-01
1.343750000000000000e+00 3.157485638252353621e-01 1.566336937063100010e-01 2.976295277022515395e-01 1.954057512688477660e-01 1.685250085152468491e-01 1.009034019803494719e-01 1.664963623384002889e-01 1.546507988786956500e-01 1.635915561377302707e-01 1.264423516833185213e-01 2.236583086459845993e-01 1.045732950608508349e-01 8.639270735914707233e-02 1.431641217300090585e-01 2.124586388687426108e-01 1.915061971796795381e-01 6.701744688069852240e-02 1.119462522879310397e-02 1.322192115619761632e-01 5.547957124400042239e-02
1.359375000000000000e+00 2.213247107596582608e-01 4.365544058911622338e-01 6.928845429468169503e-02 2.153539626135276552e-01 1.015477298678771068e-01 1.495919763813438885e-01 4.135672674662745074e-02 2.048072676364698363e-01 1.305520563455363908e-02 2.397219254657268206e-01 7.477112967914679997e-02 2.458021571850178486e-02 1.533008322680244895e-01 4.018143696567881840e-01 3.975003362360896020e-02 8.615945051165033175e-02 7.017540526554068292e-02 8.387548146661527593e-02 1.220115887236254970e-01 5.599064804569807707e-01
1.375000000000000000e+00 1.087825841525385528e-01 3.042722646765212702e-02 3.566177633090296395e-02 2.111548028943417421e-01 3.771907497188855402e-02 2.127786706359553470e-01 2.378430297968401469e-02 1.036076566576208668e-01 6.052195248595997057e-02 2.214866984093755986e-01 3.280824863481864723e-02 8.306429946486371119e-02 4.103857869666012459e-02 1.547323141080120257e-01 4.094762441430060268e-02 8.754319158428555204e-04 3.507942195848406941e-02 5.140786820046067129e-02 1.551638924262827846e-01 1.415573320634267995e-01
1.390625000000000000e+00 7.550536844316625695e-02 1.115834789077379957e-01 1.228023876906898376e-01 1.118009673177882274e-01 1.230255020080685616e-02 5.072173698444119166e-02 6.739428569159311433e-02 9.756560610392792099e-02 2.746285916223291726e-02 2.073007004931799457e-01 3.541364713983742585e-02 3.179923037634146271e-02 3.298024247549931343e-02 2.207079189884126880e-01 1.452951818105470416e-01 1.712170922610472060e-02 5.706189299920897545e-02 7.317992289225522251e-02 1.980859116003915177e-01 5.814099171491728807e-02
1.406250000000000000e+00 1.289570586270021545e-02 1.081619917809938276e-02 7.294729056558663105e-02 4.860063041622244423e-02 3.599041718060184969e-02 1.243416433304927599e-01 2.941852293596868700e-02 5.296940958360264740e-02 2.878334872788730625e-02 2.603064861058319024e-01 3.198020596668051108e-02 2.357374042229848018e-02 2.642084230196882141e-02 1.435928417441341143e-01 2.311876854471192622e-02 2.987556085117518134e-02 2.601963383742620858e-02 6.074264990607007586e-02 1.227470612849527326e-01 1.495059673329412198e-01
1.421875000000000000e+00 2.230099719786210744e-01 1.528348671625909816e-01 9.000976536454095844e-02 3.304845275191122811e-01 6.591224108503648815e-02 5.555068726851993682e-02 2.059698615802660615e-01 2.715182866577252052e-01 4.675551109475527267e-02 3.077367082972953805e-01 3.687680803856739908e-01 2.921916547660532992e-01 2.890963808173557803e-02 8.348177991577775126e-02 3.947124627932069307e-02 1.732530488815816824e-02 5.149567978384637229e-02 1.222316718933246782e-01 1.765434926178383324e-01 4.761761904009934737e-02
1.437500000000000000e+00 2.026131411932395876e-01 3.638185684555016453e-01 5.708980757900423281e-02 2.513994025914554342e-01 9.796192259960775917e-02 1.335355136559128741e-01 4.689452801127529102e-02 2.322180810798150086e-01 3.049476445311920594e-02 2.175723497848236765e-01 1.740126035525353942e-01 3.331558898639554178e-02 1.189043945993327467e-01 4.264474826431716159e-01 4.087800917152174807e-02 9.459611666511907879e-02 7.778328021609963450e-02 1.909326079028092482e-01 7.536007902509925249e-02 5.462307095745291274e-01
1.453125000000000000e+00 1.877973551677620699e-03 1.060068022499305318e-03 6.930067624228472556e-02 1.758698274371466030e-01 9.035548405684637463e-02 3.000489089135666143e-01 3.940008418370768983e-02 1.097773333333017243e-01 9.145620419231710596e-02 1.199801027782521901e-01 2.025877096698243118e-01 1.765588388658486940e-01 1.164099368481915676e-02 1.777284270066025185e-01 1.605431188714378024e-02 4.493002425508496600e-02 4.029252058291123151e-02 2.936097675037985799e-01 4.018123024763883139e-02 2.549280349750249891e-02
1.468750000000000000e+00 3.273214614962361435e-01 3.464880268166607991e-01 2.847634796162754056e-01 8.325763413270159674e-02 2.027118452369137958e-01 8.337848986592469314e-02 8.359567028739176009e-02 2.520674852796611631e-01 1.848040556944114676e-01 7.766389509919487122e-02 2.103123133331954997e-01 3.857104399081845436e-02 1.392839728817986955e-01 3.742297536274678538e-01 1.664621008226034038e-01 1.401049780356848629e-01 2.038932034114188385e-01 6.633925059003444036e-02 1.828786582761073309e-01 2.220689736266521774e-01
1.484375000000000000e+00 3.303258584948796095e-01 1.731667543013690469e-01 1.439745356320404623e-01 5.676223330835954844e-02 2.386787601173411266e-01 1.089570239047784050e-01 1.093283926883873158e-01 1.470261959317605838e-01 1.137071885111200498e-01 1.184760590398141467e-01 2.638801003156778235e-01 1.179752860520842661e-01 1.285325820296122079e-01 3.689537237736942310e-01 1.085031519076410517e-01 2.522878874902498847e-01 2.489647808031271725e-01 3.729419768924951972e-02 1.632262692025660822e-01 3.761548380455195795e-01
1.500000000000000000e+00 1.490021872709713369e-01 6.354264705696806292e-02 7.436387427501499336e-02 3.091075769678644156e-02 7.035812627009253861e-02 1.738883777002665498e-01 2.551987016897338048e-03 5.158413693908960734e-02 1.558552151430958321e-01 5.508560054885360685e-02 1.090267155782737862e-01 1.958373674993708624e-01 4.781455980558591001e-02 1.149353967753177427e-02 2.549888635999678077e-01 1.378896018335512737e-02 5.992156037964346729e-04 1.576239627550894418e-01 2.579609285215669900e-01 3.834963909365641382e-02
1.515625000000000000e+00 2.195862551080187686e-01 2.236220499974020948e-01 1.916457959628186658e-01 3.819069918985242701e-02 3.037330688899581022e-01 1.996347103345595675e-01 2.630401533750788001e-01 5.716565345426592726e-02 2.476200188369218347e-01 1.234223986506962495e-01 3.758327932527447679e-01 1.081485201751227893e-01 1.414936581676942695e-01 4.337123609548116931e-01 1.317789009256185306e-01 3.122218950668205761e-01 2.824758796935461502e-01 1.509826260481938187e-01 1.268655965939901875e-01 4.723200662379779535e-01
1.531250000000000000e+00 1.171142303440334403e-01 1.042486711851230985e-01 1.066951257690494231e-01 4.002666234166848969e-02 8.423446783764353130e-02 3.659502332395141444e-01 1.198184617634603932e-01 4.464733114596238645e-02 1.457622406478440713e-01 8.087201710313943193e-02 3.372625016659008268e-01 2.787611074990244964e-01 1.034073425433146981e-01 2.273919354929045955e-01 2.595872435792319008e-02 3.243294112267763873e-02 7.408008454940225029e-02 3.168134998503717714e-01 1.272402466846174751e-01 1.552416767815772980e-01
1.546875000000000000e+00 2.414453253909727148e-01 1.162262550332036209e-01 2.171083546747741011e-01 1.715038023251364008e-01 6.358758048735153878e-02 5.103555539097825305e-02 1.223350416806167074e-01 1.696993592426283282e-01 7.012291886452484690e-02 8.905097854078046493e-02 2.248592407993695308e-01 5.135424652172859011e-02 9.596688661300639689e-02 3.164008735794003879e-01 1.239607646870904412e-01 2.833655826256489471e-02 5.629004362192367716e-02 9.081338090814600195e-02 1.799035076053730198e-01 5.307272980307989330e-02
1.562500000000000000e+00 1.896781937409959262e-01 3.484803838725257230e-01 3.561251568661151501e-02 2.244177728630354085e-01 9.368778498351934547e-02 1.544313566964719553e-01 4.643269041259568547e-02 1.485679028993659445e-01 6.209896638224459732e-03 2.544410315834136904e-01 1.068534664052109007e-01 3.147357124425378266e-02 1.939168540333646162e-01 4.065525603368035368e-01 4.390415707238961435e-02 1.287352237316593262e-01 6.259346772247642576e-02 6.659919012020636131e-02 1.314995851660665516e-01 5.850509125150594736e-01
1.578125000000000000e+00 1.113044577181017541e-01 8.950388846609406979e-02 4.034350710350942393e-02 2.639755823687678360e-01 1.661500119301921041e-01 1.754298864665420621e-01 6.308290519485043601e-02 7.304880935046040302e-02 1.441765842474445614e-01 2.612661845034126018e-01 7.735529110936591179e-02 7.441307113475716106e-02 2.417863525718617207e-02 2.494512536581803067e-02 7.909032506408272822e-02 2.954967381167532617e-02 2.022297800966857059e-02 1.088373280519378955e-01 2.581940230027583993e-01 1.649556706875295042e-01
1.593750000000000000e+00 4.894050243726712213e-02 5.043233098158302757e-02 1.409537142274287780e-01 4.584274269799409190e-02 9.002237898135908483e-04 3.753311067807107992e-02 1.561012006947806903e-02 5.304654028801761984e-02 8.696470295987067736e-03 2.211195262148349383e-01 2.943861915764552778e-02 4.903437702405869653e-03 1.229209178712620774e-02 1.951223135802684083e-01 8.324738112947342727e-02 9.134329881549814976e-04 2.260539381975841880e-02 7.175783371945912426e-02 1.687047147465069730e-01 2.488271730923124689e-02
1.609375000000000000e+00 1.721883888672594287e-02 1.339683445913024927e-02 4.320613270306471188e-02 1.215287835819722218e-01 7.749044201144883459e-02 1.315584899538607411e-01 7.148646143482088877e-02 1.120869349488009536e-01 6.296192929269592287e-02 3.045044350755813922e-01 6.480603157775123579e-02 6.418298566458541243e-02 5.754661458987689326e-02 1.468208449895822554e-01 2.135380585673976594e-02 5.478228124577473601e-02 7.798543805500959825e-02 3.552737922398849224e-02 1.745890127086803523e-01 1.605797765634195962e-01
1.625000000000000000e+00 2.420574362854280848e-01 1.628232705750861098e-01 1.077250900329020239e-01 2.834587105191933576e-01 9.481812484546900399e-02 6.709474850392675715e-02 1.582162632380621214e-01 2.133636372435503969e-01 3.198745335071769696e-02 2.579582712689578172e-01 3.105350534826625264e-01 6.326188325488800446e-02 4.233804442576657306e-02 2.523847808336392440e-01 5.495455146173400252e-02 1.110066312074760309e-01 7.309603347140779250e-03 1.044977904160811072e-01 1.138453081309527409e-01 1.451228346850551298e-01
1.640625000000000000e+00 2.055103655669491269e-01 4.129270858268451749e-01 5.885334799275267204e-02 2.428932179155105231e-01 8.146559400309714982e-02 1.531352154925159637e-01 2.677377857497471869e-02 1.877838855471700152e-01 1.595454770938621938e-02 2.252731757728521356e-01 1.360799464633209721e-01 4.834766501005306749e-02 9.317614013952811580e-02 3.935747322791512404e-01 3.824387188249987052e-02 6.551438822521876704e-02 7.190554826411291178e-02 2.072111693406646915e-01 7.824247922243722508e-02 4.917442157394490421e-01
1.656250000000000000e+00 6.588097007385790987e-03 2.626896739356804691e-02 7.169474899218884756e-02 2.065494123590941589e-01 1.795806444561856008e-01 3.850926662202860395e-01 1.156301450296783606e-01 2.063487189686390444e-01 1.598119156801041385e-01 9.837526573810814745e-02 1.872416080493490287e-01 1.495264187205142536e-01 1.303172032028996306e-02 1.225632493821833952e-01 1.737321345960386731e-02 1.084423378786208841e-01 2.436596282486956644e-02 2.100320538466434184e-01 3.257987492896350507e-02 4.380572456947645632e-02
1.671875000000000000e+00 4.859361937042522839e-01 4.182722918986432337e-01 3.073740845028576918e-01 7.182115386431431325e-02 3.286169137702900644e-01 1.905151132030854788e-01 1.061250036412222791e-01 2.298834770602535549e-01 2.294616388981828015e-01 5.654944097868318253e-02 1.584388810957468308e-01 5.750522699386383801e-02 1.200588769841029191e-01 3.976830462592866322e-01 2.054282856050839434e-01 2.378346543054241924e-01 2.486879491221876681e-01 1.149900992710443659e-01 1.537074427253989628e-01 3.741156754642324667e-01
1.687500000000000000e+00 2.903496449482418362e-01 1.773251496783709025e-01 1.698317809942636591e-01 5.748565950463756236e-02 2.726172753027881202e-01 1.507525547909761565e-01 7.516155838476665241e-02 1.546205450094008116e-01 1.637212948786137823e-01 1.127139664942532760e-01 2.433032852103169108e-01 1.826294235961133661e-01 8.267951180717382498e-02 3.002214429027104670e-01 1.525240043009540580e-01 2.556455974964835232e-01 1.844599461855090938e-01 4.202447713933719214e-02 1.335297499073942462e-01 3.078620701041810404e-01
1.703125000000000000e+00 5.424654259169955917e-02 1.188417619625097843e-01 1.657881242304847513e-01 5.087171308941990794e-02 1.672110153628613219e-02 1.935623877588509290e-01 5.073285554452208052e-02 1.136546311569443246e-01 1.378196106192504204e-02 9.862411855922482984e-02 1.587677995965641464e-01 2.535961372674017666e-01 4.753020816703129592e-02 1.225751973090232066e-01 4.173055941010811454e-01 1.260612449834068727e-01 2.719797853609634206e-02 1.090286958026640829e-01 1.455071041071534232e-01 1.188390403781871968e-01
1.718750000000000000e+00 3.364506523412979511e-01 2.336059346384189994e-01 1.878727083984423618e-01 4.997561139431710986e-02 3.855033295731234433e-01 2.871978050075987277e-01 3.759531539238206155e-01 3.554557575774993511e-02 3.104247390898495773e-01 9.665473338186730823e-02 3.117541560220837282e-01 1.511548955104381198e-01 8.337898066262934560e-02 3.930093026997728556e-01 1.223269634124332095e-01 3.052963071335804135e-01 2.944892006478068147e-01 1.775645768359278565e-01 7.682698254297463947e-02 5.410163223693865708e-01
1.734375000000000000e+00 7.374935152418822526e-02 1.210611898760890481e-01 1.011686829176733082e-01 9.150702960523257601e-02 2.275357447867016897e-03 3.764007567881367256e-01 8.691492790875232155e-04 4.290554594697399554e-02 9.598539830718042648e-03 5.774549225000773223e-02 2.355834194793875458e-01 1.315885344321804928e-01 8.047117024399157159e-02 1.583266995710582992e-01 2.237696642428785299e-02 4.147823695598855560e-03 6.228815847167448738e-02 2.116631389244398309e-01 7.579198979642162715e-02 1.489620549229342672e-01
1.750000000000000000e+00 1.477982006753948696e-01 1.336785196936106090e-01 1.221929451014508033e-01 2.015648854499866582e-01 2.529479468860180991e-02 1.342681279476827805e-01 8.718532257565614341e-02 8.313421606356936888e-02 1.710192871724748251e-02 1.124992391449194662e-01 8.501745281094975903e-02 3.058634774229914734e-03 8.756376935612356083e-02 3.348459110158067964e-01 4.472311816931108519e-02 1.433140338100897387e-02 5.836195479347409953e-02 1.201600053625528769e-01 1.351503435728678149e-01 1.558985380945703547e-01
1.765625000000000000e+00 1.957557371503514387e-01 2.705695124557374043e-01 3.041859385471936197e-02 2.453125272614837538e-01 1.101762853603749925e-01 2.041843156973064677e-01 1.424586788389599172e-02 1.286923310072634885e-01 1.774467215430742401e-02 2.346401849237533255e-01 8.156069959502754152e-02 6.630801021812963991e-02 1.550062374142233690e-01 3.732171035672299797e-01 4.881403178303697632e-02 1.941199400970630151e-01 5.580869649692132145e-02 6.404237656604609696e-02 1.039641088608286856e-01 5.800274447074951212e-01
1.781250000000000000e+00 1.373488678031540011e-01 8.056587291810925200e-02 8.641763672748424031e-04 3.776816959449951772e-01 3.156458271121437842e-01 1.484401597887308744e-01 2.453997272096341831e-01 5.403188831780667001e-02 2.467406254478299310e-01 3.100568201956419578e-01 3.109015287659109769e-02 3.652241646089828681e-02 3.643536420248701113e-02 5.113990583302294168e-02 1.162828161547151129e-01 2.037135270857698688e-01 3.059785898855783490e-02 4.944401013532416511e-02 2.543385112562458472e-01 2.216647360964560109e-01
1.796875000000000000e+00 9.349103557603268347e-03 1.251750911205143195e-02 1.026559675633896690e-01 2.036973498809332636e-02 9.899521354616882401e-03 1.141758167676446833e-01 7.724428818444137312e-03 1.072964623749953633e-02 9.986158086509273890e-03 1.437742812273716808e-01 5.077305597358109865e-03 5.141835560945588572e-03 1.821234247755437611e-03 7.686674438776511242e-02 1.309069134110240132e-02 5.027541240631068845e-03 5.063056091889518370e-03 1.364301292489715212e-01 5.999747421388481466e-02 5.424243603656048879e-02
1.812500000000000000e+00 5.398512068672877556e-02 4.394305092033504341e-03 4.188773633810315145e-02 2.025872610947206387e-01 1.807020764254104739e-01 2.491934689011256199e-01 1.297879335220519237e-01 1.398167136949936828e-01 1.825663409344351618e-01 2.653538761581383243e-01 8.753761348038438528e-02 2.243992376530773158e-01 7.027559955359834187e-02 1.279586101503675244e-01 4.260529120292908672e-02 7.978188815766840136e-02 9.441906745782444044e-02 1.531155597609454577e-01 1.211695462233280257e-01 2.479497405143503141e-01
1.828125000000000000e+00 2.399367125886588958e-01 2.759735793625104350e-01 1.533482146028022908e-01 2.137854551404280989e-01 2.658817242919639390e-01 3.290512068401033052e-01 1.239326001250297682e-01 1.397545160287873844e-01 1.636619647212275708e-01 1.941628767296472158e-01 7.992357442532826983e-02 1.667182319603865148e-01 3.029253628378410571e-02 2.100952926125809195e-01 1.222771557822896066e-01 2.501872224227623676e-01 2.609461643449780335e-02 1.563729035128542250e-02 3.597096379005337158e-02 3.889720054039250696e-01
1.843750000000000000e+00 3.807403969206517580e-01 4.060005383580694849e-01 1.381018804685311130e-01 2.364746226548903041e-01 2.015080257619175919e-01 1.915585378336820688e-01 7.911458125578046952e-02 1.918522526500812120e-01 4.690068828358657377e-02 2.314200158157025122e-01 3.324710223498196504e-02 2.416636966159596903e-02 8.651360026771003076e-02 3.485297573410255367e-01 1.508791787221768765e-01 1.865108268604883657e-01 2.114541482518592433e-02 1.253948352048448178e-01 5.981909273402558069e-02 4.438050605573359286e-01
1.859375000000000000e+00 3.330942472274249777e-01 2.539463991209760518e-01 4.490371135532927882e-01 2.323116788360455320e-01 3.789347143098670267e-02 2.201200851982560991e-01 4.707125611003857846e-01 5.622700926344768035e-01 7.224024540177319265e-02 9.530063078444197394e-03 8.314197779157947443e-02 6.371692140291811135e-02 3.674562463804515594e-02 8.759430764716495676e-02 2.710884304800317834e-01 2.509030764825393930e-02 2.350671345615722163e-02 8.045387985652187671e-03 1.172165362509098273e-02 5.924881838595240369e-02
1.875000000000000000e+00 4.981451846660077121e-01 4.857636676500363127e-01 3.986115816888365915e-01 5.701044836002117783e-02 4.973696159375023962e-01 3.050505717758282276e-01 3.295749819062743224e-01 2.347394660586447079e-01 4.425947528947155596e-01 8.549978196159979671e-02 1.966011291162831076e-01 2.381392398553288658e-01 6.569146171388616506e-02 3.777648686972545633e-01 2.133838437341939176e-01 3.882101012615706281e-01 2.086749299424686122e-01 2.214912924482021483e-01 1.063311338223797975e-01 4.253880243734901034e-01
1.890625000000000000e+00 5.214739029907977663e-01 4.866145425566495986e-01 4.573833888545542625e-01 5.722173431547643296e-02 2.481176985165314819e-01 1.241693770775845473e-01 1.023284869285564780e-01 2.245473454601462360e-01 1.146249443148856101e-01 1.296331632235132592e-01 1.709996715928802646e-01 1.773474302171371975e-01 2.228354049343490156e-02 3.337976572199052305e-01 2.997348855361603448e-01 5.262235353640922764e-01 7.388663611124550445e-02 8.317263458351213667e-02 6.213545260524610397e-02 2.864626468611695120e-01
1.906250000000000000e+00 8.891641139734099419e-02 7.199878030613823809e-02 1.384445504517652914e-01 4.999555869503968797e-02 8.734299338704192353e-03 6.723930368214189879e-02 7.329560149985862860e-02 5.651702594619092967e-02 4.921519468450583946e-03 9.438987521715354323e-02 1.052979932653319711e-01 3.656583804512301278e-02 8.591747312186800989e-02 2.327790565719799198e-01 2.676939698158702918e-01 7.280218795371146134e-02 1.455046593821880396e-01 5.700554817353506963e-03 1.030656158711272807e-01 7.463477298033037444e-02
1.921875000000000000e+00 2.275196554313692332e-01 1.886461121214050574e-01 1.351717641298739170e-01 5.957452934376392117e-02 3.016614337576609128e-01 2.321190198892778833e-01 2.524438481359311814e-01 8.490339841466237880e-02 2.381897990123953146e-01 6.506912692265440223e-02 2.219701362563626656e-01 9.386773356632889531e-02 1.062459031643725738e-01 4.026492479122638080e-01 7.881362987751470983e-02 1.907550519116457122e-01 3.607100837124765369e-01 1.503574816517437296e-01 1.210679145630833564e-01 4.832009977698750736e-01
1.937500000000000000e+00 4.381173598488970200e-02 2.672541050422639827e-02 2.899510205085800013e-02 1.435584607459533535e-01 7.609804086882717561e-03 6.753025531380747737e-02 4.531607725995182023e-02 1.889029080212988043e-01 1.700838656271066660e-02 6.399937850191714239e-02 1.742832652239535984e-01 1.436601271487315534e-01 6.473289464451087438e-02 1.621804685564326720e-01 1.474741808172161470e-03 6.831304268737836694e-02 5.194373179929102219e-02 1.035988414049367479e-01 2.174356186295373083e-02 4.461842626152563718e-02
1.953125000000000000e+00 1.397759420629406391e-01 2.920352864116974589e-01 1.097878196942126822e-01 2.122233048637969521e-01 3.599151638606375853e-02 1.278853764821457906e-01 1.821324611617264680e-02 1.220883729247760618e-01 4.983349801144793499e-03 1.742277795680553243e-01 8.023688052638604240e-02 2.066859138465393722e-02 6.526889834742111152e-02 3.569423573248267645e-01 3.563342110517894734e-02 6.723729241200366441e-03 1.044911311765737427e-01 1.884812923736613188e-01 9.628635197872634222e-02 2.157664119098547106e-01
1.968750000000000000e+00 1.803073617648051907e-01 1.317730576289635192e-01 3.888514765573879151e-02 2.642814473563763755e-01 5.044696345901944490e-02 1.356711420837600768e-01 5.668249910806385378e-02 1.989705052598982338e-01 2.038440811385957424e-02 2.303281813480619611e-01 9.739754493464083951e-02 1.906916080899516072e-02 1.442367559763042539e-01 3.922732924494479745e-01 2.804258502871284989e-02 8.690786859310528634e-02 1.031254814006060394e-01 6.272157066931056957e-02 1.140135757431960106e-01 3.996829870316793709e-01
1.984375000000000000e+00 4.965369188051166338e-02 1.855016033417771215e-01 9.102031453084832857e-02 3.205576910998989004e-01 1.029355773995681983e-01 6.581354318574419993e-02 2.530004910641408533e-01 2.110422726989926723e-01 7.444412869380649667e-02 3.034538374669270566e-01 6.942119021499289222e-02 1.458806782644042899e-01 9.328963296146051964e-02 1.362452077534489214e-01 1.512453078091347269e-01 9.250273953272555860e-02 1.527293210675541302e-01 1.096384606129729468e-02 2.684019041950359563e-01 7.263782235223266437e-02
2.000000000000000000e+00 2.892851242144226214e-03 9.022272648344124499e-03 1.373047806496077439e-01 3.718634410621390689e-05 8.661088284064783862e-06 6.590668901625953979e-02 3.284276937304886519e-03 2.705499192788579795e-04 1.634843617822095106e-03 2.013515157085132012e-01 8.593499204721974339e-05 2.127409596341922615e-02 2.748601574999109888e-04 3.834151020911552490e-03 1.703776863998002211e-03 3.454793011959730355e-03 1.656226369174103839e-03 9.250030703455079661e-02 5.901068706780271443e-04 1.609972611735462078e-02
