0.000000000000000000e+00 9.823550654628890322e-02 3.580656752355650639e-03 3.137336570529913188e-02 1.969272543428384759e-01 1.069088283719111659e-01 1.349434675891737767e-01 1.933682960218611373e-03 1.566857729339407868e-01 7.009858563807258580e-02 2.343477836584249505e-02 2.671308537774047358e-03 2.184497545277687414e-02 4.754595997049767403e-02 1.183707792153318103e-02 3.942273891359335952e-02 1.655334273796761624e-02 9.763412417029500301e-03 1.211423554627039101e-01 1.333082838233435874e-01 9.792828095080195749e-02
1.562500000000000000e-02 1.396307209738433530e-01 2.491642093279536896e-01 4.747050634951091586e-02 2.219254339942514642e-01 5.314387092208149310e-01 1.916032639615556088e-01 7.502924210601874533e-02 1.265518147181223241e-01 6.532575819897416813e-02 2.129266206389154314e-01 2.910834242069038069e-01 2.681493568511564840e-01 2.208738714071654952e-01 2.010302714564057014e-01 2.336595148221543017e-01 5.326261344863133379e-02 7.359111716007742110e-02 4.534774403995783243e-01 2.430226717919274984e-02 4.219532478423168587e-01
3.125000000000000000e-02 6.300012002509600140e-02 3.100760335515179711e-01 7.815140431895652162e-02 1.099814669329946121e-01 2.159899023118319050e-01 2.038100156776599947e-01 2.202730846297371731e-02 4.620656347205816944e-02 1.162401475365003739e-01 5.835370309875712730e-02 1.885111416418219776e-01 2.233250126793649704e-01 3.681039457319220665e-01 1.572192063064896672e-01 2.962572877160342122e-01 1.943766360760850950e-02 2.480593758844004959e-01 2.768449630100068282e-01 4.709699445586394695e-02 2.145323943881529416e-01
4.687500000000000000e-02 5.210075979384991285e-02 4.949204516606871967e-02 4.382026506616408246e-01 6.774956956519471996e-02 3.135459603574842768e-01 7.803590514340018325e-02 4.385770155713213936e-01 2.251997401227602280e-01 2.813254066035877354e-01 3.162704859603202023e-01 1.030777683861599653e-01 6.324508958221682076e-02 3.143555251078045121e-02 3.441781917151375339e-03 1.906377609516084759e-01 4.645882449102601841e-01 2.977721743587875003e-01 2.418489314922996902e-01 1.454567269241628935e-01 4.235299120104965565e-01
6.250000000000000000e-02 4.955641096254600336e-02 1.767708192039650628e-01 2.118868412880076102e-01 3.300785703700868240e-02 3.512893772945892279e-02 3.019130951397633669e-02 3.673552543935370562e-01 2.615150847168275505e-01 1.686717572605751433e-02 1.564897531502342787e-01 5.241716080133226874e-02 2.464548319801214415e-01 5.706077215273622216e-02 1.533637547917399147e-01 3.729434023597528181e-01 3.086608085870612417e-01 5.030524961345548274e-01 1.878778773322918316e-01 2.666913417761481164e-01 1.223097888856004428e-01
7.812500000000000000e-02 1.136385345167929828e-01 2.537515352522793852e-02 3.450534931793707294e-01 2.735651695698921859e-01 1.573453960822234765e-01 1.976198383509934486e-01 9.665189069307497660e-02 4.911436523318347125e-01 2.011068336404324142e-01 6.259353764734684918e-04 1.653714503417822168e-01 1.307988238447060081e-01 4.642532695661721331e-01 1.320401751184868411e-01 1.272338824535602930e-01 8.234810550505114457e-02 4.766360890028444319e-01 2.119878434728223598e-02 4.612902053039010242e-01 1.088703747649987820e-02
9.375000000000000000e-02 1.796945654369365430e-01 1.295436677142536852e-01 2.243630406482701733e-01 3.700734522250840874e-01 1.704091414354769463e-01 1.497242165679689707e-01 5.214187781577194619e-02 2.325864296670991371e-01 1.576746496745314585e-01 1.306980433122273411e-01 1.000372791245211640e-01 7.121576192238510128e-02 3.783870511691618255e-01 4.022323757857296234e-02 3.809455588774592893e-01 4.344660359596507621e-02 7.622577991784110774e-01 2.425555393163740248e-01 4.635941778389464085e-01 1.170070362903645189e-01
1.093750000000000000e-01 1.655552868391573507e-01 4.733607257252065437e-01 6.503036845819900602e-01 1.630322327786402903e-01 3.162944708404757943e-01 1.283091231348762462e-01 1.860284151546044429e-01 3.812456050571246813e-01 3.229730659828881634e-01 1.190167611010259641e-01 2.287544418362273402e-01 5.805776914068476457e-02 3.365389629347033673e-01 4.331844503995638807e-01 4.210457338701604768e-01 1.149064216128780208e-01 5.425541299010149254e-01 2.080588767753396018e-01 4.165977386047070019e-01 4.281931513374872544e-01
1.250000000000000000e-01 1.198857173405903781e-01 8.721903901290746497e-02 5.332925697151750244e-01 1.235450640375866140e-02 3.484300157060722936e-01 5.385287994955729324e-02 2.769699963341364923e-01 9.628313429593737816e-02 2.835308482989292167e-01 2.451374492996368989e-02 9.224767985098045187e-02 2.446444239801361109e-01 2.890196569853688557e-01 6.401375225277718128e-02 2.071448760503890318e-01 2.615019803125968600e-01 6.152398293809088203e-01 3.751301910549780239e-01 2.254818203417029154e-01 1.828030051740309470e-01
1.406250000000000000e-01 1.725226942801452723e-01 1.964154248934376623e-01 3.511977371789440361e-01 6.572664554656090785e-02 9.436271262170196905e-02 8.131941702317698958e-03 3.948066907089008981e-01 1.900445451344440762e-01 1.591462279204710131e-02 2.391749881725602211e-01 7.826482828616328213e-02 2.477649618194400771e-01 2.959687091586262198e-01 2.411280992298414638e-02 2.834663566111489397e-01 4.692220931928955951e-01 5.700842556643535008e-01 1.686766244844077889e-01 2.079098134555984467e-01 8.261271191195618258e-02
1.562500000000000000e-01 3.082025447627840253e-01 1.833221574451363023e-01 1.897610054743540942e-01 5.526283703514480589e-02 8.359781931052641391e-02 5.109192379290560665e-02 9.579585525594057349e-02 2.300285048277352085e-02 6.072923814289107186e-02 1.907902149426287941e-01 1.386937660046433929e-01 1.589160768429867254e-01 2.991210667212557475e-02 1.987482731205953979e-01 1.739023372119817001e-01 1.168209971141784820e-01 3.229658709485165868e-01 1.746809985026677170e-01 1.145083763701537083e-01 1.318612380500769898e-01
1.718750000000000000e-01 3.180269448302244784e-01 2.198278527207245814e-01 6.115835941406573550e-02 2.589315512432075472e-01 3.002989190262420616e-01 2.930680978058461048e-02 6.256249733941644797e-02 8.002607285194203446e-03 2.299617276883255124e-01 1.032472118726088656e-01 2.601477133295858613e-01 1.893570629167470043e-01 3.145797756934497480e-01 1.162808008649486996e-01 2.742004699939507018e-01 5.710798688140295704e-02 1.196777240007416976e-01 2.908417926448241264e-01 1.335422392980330220e-01 3.629965683261862086e-01
1.875000000000000000e-01 7.883592502383653944e-01 7.269910729913350300e-01 7.681872969653569250e-01 7.156366385325484414e-01 7.565584670652674149e-01 7.850875634043941176e-01 8.132672644682806817e-01 8.211540236389834879e-01 7.932508396658560779e-01 7.779429705078333424e-01 7.756730569814243026e-01 7.693104279670019974e-01 8.542996167096357230e-01 7.476082167973152615e-01 8.053875076063183869e-01 8.250278902224937871e-01 8.295674615926742490e-01 6.590753559378347282e-01 7.364006956852522379e-01 8.508008544545130336e-01
2.031250000000000000e-01 8.662718244540019708e-01 8.899906564667461328e-01 8.241536201292418706e-01 9.200629563780483577e-01 9.079667681583497574e-01 8.921445138761104898e-01 9.125786362139188812e-01 8.914745493156380762e-01 9.145690049433631286e-01 8.688992071940503381e-01 8.601807849362546055e-01 9.217690333478413267e-01 9.132150862850666462e-01 8.882366080262965591e-01 9.144315708358983219e-01 9.215222757391990926e-01 9.184760056173513210e-01 8.253588683696956307e-01 8.345806862684631566e-01 8.965892082341990754e-01
2.187500000000000000e-01 4.299627877418257804e-01 4.990322727116938695e-01 4.083633167794594732e-01 1.656181395020300817e-01 5.584236901144296050e-01 5.988562889921827948e-01 4.850355355173236460e-01 4.928666878760658565e-01 4.115715884991582585e-01 4.071811590970801920e-01 5.905923714205580932e-01 4.855759939816132187e-01 6.578817201163664752e-01 3.795027486301089659e-01 4.238008658691340691e-01 5.168567208686892789e-01 6.033414500217634258e-01 6.259188261737629322e-01 4.589585151167129840e-01 6.456749976319360318e-01
2.343750000000000000e-01 1.629582451710870072e-01 3.353533295956197535e-01 9.285551963680353793e-02 2.527409713863271734e-01 1.067057868454549807e-01 1.057492714909731568e-01 3.515793335523138136e-02 3.294733688140685790e-02 2.149778990641114385e-01 1.856829533851684921e-01 2.068400432434733260e-01 3.182056110951934080e-01 2.257014194689896391e-01 2.702728092494836587e-01 3.730554057471699436e-01 5.183622295278943887e-02 1.210665832397976177e-01 1.726733019050001317e-01 6.524405784649682516e-02 2.065950526284819899e-01
2.500000000000000000e-01 2.849232347085615680e-01 5.968493358460179310e-02 2.543628032869442723e-01 1.101993197184197512e-02 5.214743416019795158e-02 6.617062360604536626e-03 2.461889483339826934e-01 2.022734537710479674e-01 1.177266244108049614e-01 2.460265229094750206e-01 1.265291563303630462e-01 6.454214293403419400e-02 7.788570695560780022e-02 5.755752269252496778e-02 1.009506730489097004e-01 3.150314105901499406e-01 2.455873722131781123e-01 1.477641164785874206e-02 1.312040750486238583e-01 2.773327306977337314e-01
2.656250000000000000e-01 1.672889923249319954e-01 2.169091358348024523e-01 1.952200502829505857e-01 9.389036026870127560e-03 2.172382320517064758e-02 1.375819306629580234e-02 4.158626014796785175e-01 2.976658071092987967e-01 4.281998894161666985e-02 8.966529723448402045e-02 5.314545953069391843e-02 2.870266207884940024e-01 2.168483130508257195e-01 9.392543954043260090e-02 3.416129565878422425e-01 3.416389535027586910e-01 5.009175761939581584e-01 7.266355523570261488e-02 1.584445217461613598e-01 1.379960365402568834e-01
2.812500000000000000e-01 1.777128844046001466e-01 1.594181476690477994e-01 4.444701469999110532e-01 1.668292330318597860e-01 3.705102545531041014e-01 1.408611396964853102e-01 1.077527343200148646e-01 4.257785886947527132e-01 5.858586402606610899e-02 2.954048240837400807e-02 8.017548775460865695e-02 6.804049157264117909e-02 4.118958696055694535e-01 1.843995144031556066e-01 2.171390975989432037e-01 6.036859334712973979e-02 3.400541767332787013e-01 1.929499722999411804e-01 2.795249344851863937e-01 1.624903697466611452e-01
2.968750000000000000e-01 1.984108672663502382e-01 3.311263944668939030e-01 2.712091448679318506e-01 2.345539477970502995e-01 1.522442932886329814e-01 1.942289058451941164e-01 2.126818319443737546e-02 1.904831289997945265e-01 3.620818726166497581e-01 9.725676797870047574e-02 1.651083543911255058e-01 1.179709865777993638e-01 3.324014575466098798e-01 2.388965200122094845e-01 4.520879041374131213e-01 3.153290743638873656e-02 6.622389535282443562e-01 2.961812027224670074e-01 3.111106041974359138e-01 2.568059865749531823e-01
3.125000000000000000e-01 1.410601000155237705e-01 1.255517533890240511e-01 5.433419834255968084e-01 4.380275545462986586e-01 3.928051057917847921e-01 1.952667117158289334e-01 5.937466447798512431e-02 3.493178128270773564e-01 9.336642547354909172e-02 2.259403052195135039e-03 2.458652663007015737e-01 1.126874444680075193e-01 4.002020142066523012e-01 5.958442331120320651e-02 1.499516921959662963e-01 1.082166079026742195e-01 5.669683930394696647e-01 2.970934758958521105e-01 2.691684662523493587e-01 3.059307955493933417e-01
3.281250000000000000e-01 6.136415236073537727e-02 1.444609891927882139e-01 4.067098967620085270e-01 2.929816990675116264e-02 4.276541496985445945e-01 9.513930476183982132e-02 2.333794153404636917e-01 1.299153083104211404e-01 1.876094166183843726e-01 1.391186382856653692e-01 2.209989249682957346e-01 2.021004844972611181e-01 3.150287377513188436e-01 2.565008107407560911e-01 2.414563513528854843e-01 1.369406383437459518e-01 5.094625381704261935e-01 3.450126452441343305e-01 3.193488039312797899e-01 8.129572496921527724e-02
3.437500000000000000e-01 1.049282877728551222e-01 2.395796716639839730e-01 2.918080435192597633e-01 5.936368899003661992e-02 2.307792838518704093e-01 3.793391864579251371e-02 5.204798539968014115e-01 1.280437709473334906e-01 1.097711572899492671e-01 3.592477697679010151e-01 7.744199934941969898e-02 1.323773289064654746e-01 2.527348685132280171e-01 1.126096826992409178e-01 4.152777646962949043e-01 3.535998510839397646e-01 4.279434694600423028e-01 2.567741939832245968e-01 1.702382230480362357e-01 5.268201247580097529e-02
3.593750000000000000e-01 3.024102807562805695e-01 5.154666180085663157e-02 2.751272795068582799e-01 3.245915929724881716e-02 2.336537948146532595e-01 1.100770921640073369e-01 1.810028524422955254e-01 3.896732046624988566e-02 5.167629659236513961e-02 8.512894090838089844e-02 4.489401003115435496e-02 6.998557337648124432e-02 1.124902636950474571e-01 7.020673990040592061e-02 6.548307204276439253e-02 1.653678427862232403e-01 2.853029508600317676e-01 3.020751305584469248e-01 1.367501122929718795e-02 1.371615076876918637e-01
3.750000000000000000e-01 3.608163038661924005e-01 4.108331977712532668e-01 4.962092469283024138e-02 3.221657116002218935e-01 3.524979938886765862e-01 1.354567211391074222e-01 1.889352467955995180e-02 2.492771911363061976e-02 2.206493104606550293e-01 1.521452023037604684e-01 2.884790329532231912e-01 3.167084984141325665e-01 2.641176997618321920e-01 1.406930461516830155e-01 3.893963197769650941e-01 9.378585837043090789e-02 1.173867822677073236e-01 4.323775569900228932e-01 1.287781619021350450e-03 3.572509354983220420e-01
3.906250000000000000e-01 3.472716159831634730e-01 1.020194192546211298e-01 4.453228094050167007e-03 9.704535629925065132e-02 7.636745801295560798e-02 2.175726891743149094e-01 1.635551702929214854e-02 2.148396230546038843e-02 2.668363424070074180e-02 8.486669414710942827e-02 1.643661889964087020e-01 4.570308917431057522e-02 7.439319192035540040e-02 2.471306957471917573e-02 1.153178371290799059e-01 4.174735600756774440e-02 2.504921701537266704e-02 2.614754847810650262e-01 1.325279432045375211e-02 3.061849927054717813e-01
4.062500000000000000e-01 2.621457825935264996e-01 4.409611557024333689e-02 2.488561865982064428e-02 3.319327982480802658e-02 5.719709359196379489e-02 1.483102716179195424e-01 1.426712554850026980e-02 8.407533616294203191e-03 1.190914580261169357e-02 2.816562394904911781e-02 2.341139215123435452e-02 1.808639271736325882e-02 3.895320993573259810e-02 1.071108148965449133e-02 4.964477461416912790e-02 8.889042245042397608e-03 1.832014899327472773e-02 2.753111560811231096e-01 1.096998434936061889e-02 1.739778926101655798e-01
4.218750000000000000e-01 7.245653253584104225e-02 4.803819632188177091e-01 1.952954600220545983e-02 2.731914349272789866e-01 3.581261427399367592e-01 2.934438118489502423e-01 1.584581567141030807e-03 1.287437839835565978e-01 2.587841443351748261e-01 1.170001343099818653e-01 3.511938081360885811e-01 3.724146889799556659e-01 4.495293815965585305e-01 2.274186068379399350e-01 3.827782845337701079e-01 4.900086843868192710e-02 1.041629642937847849e-01 3.798597804122472166e-01 1.658712201976310363e-02 3.494990806613018641e-01
4.375000000000000000e-01 9.287354489164792448e-02 1.696850582115595196e-01 1.701345939369832416e-01 8.740284692680580503e-02 9.815409957206966407e-02 1.256404763096989896e-01 8.486820753548088292e-02 4.227682259856024166e-02 5.052738209669842273e-02 1.203784168177813030e-01 1.332435238406576850e-01 1.504711259472497065e-01 2.397835990768449332e-01 1.277375106773107338e-01 1.468299169808975069e-01 5.442512452181451355e-02 2.327792070142641057e-01 9.122708531885534433e-02 8.079503141686014689e-02 1.962496966288445888e-01
4.531250000000000000e-01 1.011129725445885502e-01 1.391434464411718808e-01 3.925337463771881863e-01 4.855326258248230525e-02 3.214040475353786563e-01 5.769716510735874160e-02 5.315417814302890731e-01 3.478321518200941931e-01 1.391875925553470728e-01 3.420326438172566763e-01 1.131153475812507331e-01 1.355539414953216282e-01 9.429536879462240007e-02 1.572260895936651581e-02 2.921912948722953929e-01 4.934262543705167370e-01 2.755128879955383581e-01 2.414636062944096051e-01 1.153276580779568627e-01 3.602866265483361530e-01
4.687500000000000000e-01 9.478666627249165977e-02 1.406079792614621515e-01 2.790435484663065790e-01 1.316584599789881981e-02 2.261251841108178132e-02 3.778542546951348113e-02 3.345638074234732473e-01 2.437308844909292505e-01 2.232371731656558264e-02 1.012800636459606357e-01 5.825548302219311220e-02 2.299771080347794427e-01 4.625729955429282864e-02 1.353068597613137081e-01 2.352656568552998761e-01 2.393960344591447298e-01 4.938988660571623224e-01 2.223324401625447963e-02 2.507514390625484313e-01 1.267135851095557431e-01
4.843750000000000000e-01 1.562543746475445749e-01 1.013402743290141572e-01 3.384955329289460191e-01 5.046399353109997099e-01 1.960513431118629524e-01 2.888230255480177533e-01 8.660697520717813847e-02 5.251933072965062621e-01 7.058133112401594744e-02 4.314809998434208926e-02 1.242997206018143508e-01 4.584101465878280546e-02 5.023211147682737909e-01 3.887978420789867107e-02 2.261061858847143724e-01 4.811543171229405030e-02 4.800396891802970467e-01 3.329585458588485425e-02 4.508647753423216664e-01 3.103927355250513456e-02
5.000000000000000000e-01 2.421823475892694588e-01 1.896793114711756989e-01 2.409252027398309515e-01 1.810800273657787451e-01 9.819259707700976614e-02 1.126851270212689826e-01 1.636856524374441235e-01 1.874601204432165824e-01 6.531871020634959224e-02 1.761624988452584750e-01 1.262774558671063141e-01 6.663481577635625708e-02 3.128191913378181588e-01 1.048464333337120469e-01 3.627648675788679444e-01 6.295151516279123838e-02 7.551712761335970248e-01 1.048555682345752582e-01 3.973076600249796364e-01 1.094905195403272080e-01
5.156250000000000000e-01 1.832623568560368954e-01 2.602316335865363373e-01 8.407749621790586714e-01 8.464552292805385377e-04 1.560195403641363165e-01 1.316113541989219204e-01 3.576706145692630234e-01 4.334684281928339877e-01 2.675889979796652884e-01 1.086930218973599926e-01 1.810265710960098917e-01 1.134491885907044223e-01 1.752458476895180917e-01 4.134337114429547655e-01 2.328387678024757546e-01 1.728856386374089671e-01 4.108259369042831510e-01 1.767009710951949475e-01 3.878812517630570444e-01 3.138060242106262554e-01
5.312500000000000000e-01 1.858483048251133030e-01 1.424870151921283912e-01 5.923707030627557435e-01 4.567185267882419020e-02 3.283717925597237075e-01 2.139001065951528710e-02 4.118087507579880624e-01 1.447607974834350109e-01 1.706361393842879548e-01 7.821310311925847025e-02 9.532174683285976613e-02 2.547265996937176924e-01 2.668086603934471390e-01 5.317115070102864521e-02 3.292826812286601124e-01 2.182921676377738984e-01 7.032980347586617054e-01 3.127658730690149325e-01 3.022537927981160943e-01 1.824155471185131550e-01
5.468750000000000000e-01 3.586841002530996581e-01 1.266208964047115526e-01 5.612621392848081703e-01 1.208482638952978194e-01 2.133733443812423428e-02 6.190189509652478661e-02 3.721833703323452758e-01 2.848364200277039293e-01 1.635191005467318340e-02 2.893350265541174138e-01 1.234246393608767062e-01 1.204511350604555858e-01 4.995861019367173195e-01 1.666769519073698497e-02 2.254340685691698098e-01 5.010264681121132657e-01 5.969293970269218264e-01 3.043271087329887242e-02 2.470041244478354270e-01 1.073883846651070145e-01
5.625000000000000000e-01 3.835790262372599235e-01 1.890655589953167126e-01 1.604349842259372161e-01 6.552217444202514118e-02 5.157842316277510414e-02 4.905632440402323685e-02 5.312176587886399681e-02 5.507821170140663261e-03 4.183126675150939527e-02 8.757024417664453775e-02 1.318716412711881947e-01 1.608021181249097709e-01 7.081683207633092218e-03 1.905346918048747007e-01 1.977064707945866973e-01 6.580600144873345603e-02 3.748688059452168209e-01 2.017424772655447562e-01 9.257846018680965239e-02 1.112791103382500951e-01
5.781250000000000000e-01 2.722903256987500020e-01 2.733985433524687148e-01 5.603027209453485813e-02 3.784728822029062023e-01 5.329395865932784471e-02 7.183860244420493812e-02 1.033776465091390262e-01 7.908570951186791320e-02 2.292315520610987145e-01 1.273693653884210852e-01 3.456530334933544668e-01 2.175453431484844768e-01 3.762753310883473756e-01 6.607825661502146619e-02 3.135044425587977801e-01 8.617438989956224815e-02 1.232834196626520218e-01 1.400899843308411608e-01 9.805700418884098768e-02 4.271982942823308038e-01
5.937500000000000000e-01 9.344775012491055022e-02 2.930632711851656469e-02 2.591949052648907098e-02 3.574348991665066838e-02 2.390361573211299308e-03 1.186635394759085332e-01 2.188868182335517582e-02 1.425382127697122706e-02 1.118481213276672527e-02 4.537571226264761060e-02 2.816422829264900174e-02 1.217009644352700683e-02 2.868184689403782336e-02 1.055294123416936417e-02 4.588521455392005621e-02 3.301890429342933201e-03 4.095995824881714514e-02 1.203960213112929833e-01 7.089674189477883359e-02 1.282204390441467612e-01
6.093750000000000000e-01 1.663371074156018425e-01 9.779105008511895791e-02 1.706531090278324767e-02 7.726498454448205155e-02 3.722300670690791707e-02 1.977863632760279988e-01 3.223967180790119486e-02 3.125771651097769555e-02 4.356458843820079641e-02 4.239096718691900273e-02 1.315811316074474990e-01 5.757972234577488774e-02 6.163304597633775805e-02 3.147343580124488394e-02 1.110888626871382734e-01 7.726654508499503256e-03 5.269315562744739112e-02 1.785787841675516019e-01 4.327598583101555790e-02 2.389123457509108039e-01
6.250000000000000000e-01 9.805088127736628911e-02 4.535770426715874382e-01 7.256704636142486016e-03 2.848816816001710772e-01 1.705771806521179101e-01 2.064989297371113419e-01 1.072660826633151446e-02 1.159119129774688617e-01 2.549622165969781529e-01 1.165141216916099204e-01 2.942465545873221289e-01 3.810253699730893340e-01 3.348763368452892242e-01 2.159052448488534559e-01 4.076456424011680180e-01 6.196741889194255087e-02 8.366598671438939261e-02 2.410650764765120413e-01 4.116038671943386684e-02 2.978627782243488675e-01
6.406250000000000000e-01 3.053769008413517727e-01 1.162561134608266072e-01 1.231134446094748758e-01 3.130563427244589109e-02 1.108928980891143307e-02 2.537799045452253724e-02 7.844553808510884574e-02 2.340459343822626909e-02 2.945363772519349332e-02 1.365086256961778044e-01 1.067476921219251557e-01 8.464766461927430985e-02 5.066085008005081353e-02 1.362082474116926289e-01 8.287150707883376988e-02 7.618628287705209168e-02 1.482473319738965012e-01 3.324235548278674235e-02 1.092105142738607204e-01 1.614835210530881082e-01
6.562500000000000000e-01 1.603610868684574309e-01 1.445074594839431958e-01 3.208528822475399944e-01 7.460794323144638585e-02 3.259309993367767722e-01 1.346903929789816101e-01 5.389722274324738605e-01 4.282214389752487804e-01 1.382096587315394809e-01 2.606041572561839104e-01 1.510275618202158443e-01 1.740158063834282010e-01 6.092454965430984526e-01 6.410138655543631651e-03 2.714642823621672418e-01 5.526163183878535223e-01 2.116452238220728199e-01 2.240003616939144904e-01 1.141370833226425796e-01 4.568775977468287341e-01
6.718750000000000000e-01 4.174483187600156603e-02 1.486639418827384596e-01 1.950406521461473530e-01 2.750751311801696158e-02 3.424960047138875252e-01 5.925410169897622065e-02 2.822993708448657268e-01 2.988575879288570825e-01 3.330169811095737981e-02 2.594980127005763401e-02 1.111073801508904862e-01 1.958086089088912352e-01 2.653409434448654736e-01 1.409679968586234622e-01 1.072700944406591722e-01 1.641871071308659280e-01 2.944723669301304025e-01 1.514953645622145184e-01 1.970892001293569062e-01 3.029515981994230778e-01
6.875000000000000000e-01 2.942358824921702254e-02 8.423048839947455679e-02 2.636028309929998592e-01 4.593712081384541679e-01 9.885989846030092398e-02 3.048488923446028218e-02 1.532030535030440288e-01 6.980483686072467067e-03 1.778543985465895760e-01 1.441626257783915899e-01 4.604301112039645150e-02 8.633932514957053106e-03 1.291588221396518521e-01 2.081757380024447379e-02 2.124258120946681261e-01 1.494541413305209843e-01 8.649914573724391820e-02 3.213040380681947417e-01 2.887157298229832136e-01 1.764963560247890528e-01
7.031250000000000000e-01 4.672022964236115933e-02 3.673318922475956455e-02 1.246414017515053985e-01 2.427149240878561515e-02 3.210072814146923137e-01 1.021059197612458752e-01 2.554798048176891712e-01 4.868061288828783723e-02 3.679331672167529543e-02 2.273872796031040922e-01 4.004880955999871872e-03 4.838503704827006729e-02 2.972362568451092368e-01 3.250838345546905577e-03 5.569246197561108884e-03 1.429808711281505551e-01 1.789047351922552487e-01 2.751860896250003519e-01 1.607371464098812930e-01 8.791028121824465136e-02
7.187500000000000000e-01 4.439540102067255495e-02 3.529049543204046402e-02 1.739777836023396196e-01 3.869538840383113798e-01 4.217965879894052805e-01 1.444547933799976425e-01 3.568506375393469821e-01 5.542171665738826469e-02 3.219283780941372131e-01 9.000364665679980170e-02 2.822459786066523410e-02 9.202683464770324007e-02 4.815691686730125265e-01 6.040264705114514743e-02 3.355879759384157723e-01 1.825730970480471949e-01 2.135145816098686297e-02 1.830673431098419068e-01 1.777087746381826594e-01 3.097327726653915404e-03
7.343750000000000000e-01 3.855623268965224781e-02 5.525702063546861220e-02 1.856893169444654573e-02 1.797362037527690595e-02 1.539156235601332190e-01 4.200494114895007153e-02 1.168512249422907351e-01 3.347972324382923748e-02 1.924282750113815929e-02 4.584077980135384256e-02 2.437994635782599409e-02 2.638928455333317546e-01 2.490928144724875171e-01 5.544508567282092210e-02 1.466645913171315818e-01 2.495535299167348786e-01 8.473834407300220861e-02 2.831800498712627179e-01 6.707193812297772284e-02 2.837548502312682228e-02
7.500000000000000000e-01 1.345400084836754218e-01 3.577626129235136898e-02 5.628036169035167957e-02 3.101521214719036093e-02 2.777324601712132246e-01 5.536087201305417427e-02 3.466309114226073240e-01 5.428061820865345138e-02 2.289758580018973477e-01 3.548650373343710251e-01 7.141594330640115007e-02 1.652207877945888193e-01 1.679024970380890991e-01 2.678735378752795850e-03 2.821041136291531637e-01 2.741967135399226985e-01 5.426490561092456311e-02 3.281074889299403496e-01 1.106115866035445594e-01 2.521912041463069132e-01
7.656250000000000000e-01 2.610832344827662688e-01 2.211415039192791976e-01 2.511722751676290569e-02 1.319781559417626815e-01 3.139348493878268420e-01 9.098643580323671765e-02 1.559087952629979908e-02 2.471232313279214058e-03 8.949300831442698334e-02 1.269738761868697552e-01 1.364117951861083256e-01 2.150886117959630583e-01 1.771641072587226695e-01 1.883255888160573210e-01 2.435559131842405800e-01 2.633439790729266358e-02 9.782259034861019720e-02 4.249709301118029248e-01 7.379409275519713263e-02 1.867043616907527737e-01
7.812500000000000000e-01 3.802160879093676726e-01 2.316630561597724514e-01 9.656543420681370019e-03 3.887796115066673996e-01 2.196318040945295647e-01 8.259491310369367068e-02 4.684653221372892667e-02 7.813622066722003545e-02 1.984148241162995152e-01 1.396214592605620475e-01 3.244619610123791187e-01 2.182952937525479975e-01 3.341071606070731836e-01 7.357592115991054560e-02 3.038867773878562439e-01 1.033570044790115966e-01 3.440549732330802635e-02 3.017305410019059941e-01 6.901604748115593158e-02 5.119627030841310544e-01
7.968750000000000000e-01 1.675600245463052529e-01 4.958210364084713988e-03 6.947165041968095256e-02 8.908475920027046635e-03 1.906117166901863044e-02 4.474549646972065392e-02 4.066977804885024347e-03 4.582685654412998154e-03 1.980111386443069062e-03 3.420538136332360729e-02 2.573371435657736527e-03 2.263567436341233294e-03 2.007747121260504419e-02 4.446107019683023798e-03 1.499277860517526061e-02 9.196816237629048185e-04 1.905189863279841550e-02 1.722268602908660351e-01 7.425999098503240081e-02 4.491154042796440676e-02
8.125000000000000000e-01 4.012265271804875688e-01 2.271389693192618631e-01 3.479051021760338688e-03 1.616517136114500042e-01 1.827487735619280906e-01 2.426554333248269746e-01 1.489296056169662000e-02 4.017702760011014618e-02 1.150839203215193590e-01 6.323163904620289488e-02 2.767664176127087039e-01 1.599998477275763054e-01 1.410745103079718843e-01 9.436857152389367676e-02 2.141451764131989399e-01 2.329277167988375030e-02 6.501349778511282540e-02 2.970235990449943686e-01 2.796252506470222818e-02 3.526108547583003405e-01
8.281250000000000000e-01 1.763876410316508880e-01 4.090831150410760841e-01 3.364563292252528010e-02 2.479633363167412230e-01 1.624378346009876517e-01 1.387301917865539358e-01 1.654604339032905713e-02 5.166344907223471145e-02 2.145840958839015378e-01 1.363879865400472458e-01 2.388145991373024080e-01 3.432356229344624143e-01 2.348838933545416008e-01 2.182977128622385632e-01 3.825097089852808607e-01 4.430830485783442130e-02 1.360428751452476548e-01 2.682946229594017074e-01 7.284515645249763083e-02 2.424493285984811730e-01
8.437500000000000000e-01 3.209819731371341134e-01 1.093292096452858769e-01 1.975467082920474293e-01 1.587932608031823040e-02 9.182909752663934166e-03 3.768987919915562507e-02 1.320344448443261931e-01 5.315549304362034849e-02 3.973460164005743894e-02 1.768077480340286833e-01 1.114193031678895190e-01 6.295259289284045601e-02 1.529742859658712525e-02 1.166695503269047640e-01 7.538694493190156720e-02 1.428139595506065507e-01 2.294874010800189712e-01 7.128072919552803921e-02 1.633861718496538717e-01 1.746953801858986410e-01
8.593750000000000000e-01 1.043789394141935584e-01 2.415845802179470980e-01 4.106693249172443383e-01 5.910488281262121779e-02 1.841674600452773009e-02 2.588164108041123707e-02 4.895451943578992271e-01 2.304200656367126898e-01 2.867016929366715192e-02 1.951151215838279607e-01 1.079587100734848010e-01 2.783169088097914856e-01 3.763440714959274125e-01 4.581937781695657325e-02 3.799267835461742071e-01 4.565643918807864576e-01 6.673775066179162829e-01 3.294819651756566992e-02 3.150770091477378410e-01 1.659424954673800467e-01
8.750000000000000000e-01 8.405350455395223241e-02 9.355696596049711822e-02 5.393250028336501467e-01 4.326654136771222042e-03 3.776090856060846379e-01 4.362881030903904139e-02 3.259199985074405781e-01 2.335129506583328574e-01 1.691614100287418820e-01 6.128059282811934572e-02 1.294478960500742293e-01 2.253277084097786431e-01 3.249223555246532613e-01 1.703342182324141529e-01 1.694230924013395978e-01 2.670657859419282021e-01 5.589353398247191018e-01 5.100798497126566300e-01 4.385356082199360350e-01 9.780694546508744702e-02
8.906250000000000000e-01 1.215798542182999348e-01 2.877372420413277787e-01 8.090079360778644757e-01 8.847725174661999481e-02 1.132360899771310270e-01 1.073344037153632774e-01 3.195794207166260947e-01 1.678578365304201625e-01 1.408574305961516615e-01 2.636818779888731590e-01 1.788080630935971749e-01 1.050787007635112097e-01 3.416543900426771696e-01 1.910613955052896107e-01 4.329450948380779152e-01 1.328875821231901566e-01 5.576543136653547839e-01 6.654413626988694430e-01 5.868597631315852770e-01 3.860539485191616937e-01
9.062500000000000000e-01 1.303781941692768176e-01 3.366739401910588958e-01 3.216897228118631991e-01 4.541133903092500201e-01 2.903630432489544555e-01 1.228286143719813372e-01 1.591156150857550577e-01 1.916289681163417524e-01 2.643805722888001308e-01 1.847887503826262379e-01 1.400953372966763921e-01 4.612926682716653182e-02 3.564263893387484283e-01 1.182552184071040957e-01 4.569042439838107428e-01 1.592237123940896670e-01 7.094094054398437654e-01 5.927102851450021248e-01 2.032932873603950918e-01 2.206776039638351783e-01
9.218750000000000000e-01 8.465560201448645017e-02 1.465351760977189888e-01 2.433680845324100450e-01 3.854735252449543181e-01 4.229046303577987942e-01 1.176917028167058510e-01 8.668258336729149638e-02 3.535647993380700016e-01 1.869128821467033741e-01 2.045196154843351155e-01 1.597031103922590400e-01 6.435141946938424673e-02 3.693046499245616343e-01 2.366310675234681651e-02 2.851061627718026181e-01 2.070212427740317912e-02 4.854318490345580495e-01 4.873376024373081150e-01 7.243043543314335586e-02 7.511666599931056398e-02
9.375000000000000000e-01 6.549648241977958085e-02 1.831724967258488435e-01 1.517315584770499159e-01 2.168433152714178969e-03 3.629187862764777783e-01 2.917587007335659122e-02 3.788452490308303888e-01 4.089709444582437931e-02 3.735260938605447934e-03 2.540196144234441178e-01 8.693058552038009090e-02 2.543819283328179748e-01 2.267427595160904086e-01 9.835203332307661250e-02 3.968112016946564458e-01 1.687194195244297867e-01 1.538023756841297995e-01 4.864528465034482774e-01 3.445858548662505960e-02 2.631889400537856891e-03
9.531250000000000000e-01 1.699359752665307588e-01 6.842315003080585989e-02 1.803708458425146988e-01 1.591213929969060269e-03 5.026777392761831997e-01 4.929498304706512318e-02 4.111847212971700971e-01 4.022201118730175246e-02 1.755755242420712348e-01 2.522402703989038986e-01 8.295399442832855630e-02 1.105524883024972815e-01 1.966447220224379067e-01 1.394275879016552457e-02 2.368699615411007375e-01 1.960992408658570330e-01 4.357964722337449859e-02 4.499581388300735729e-01 2.259245512954345669e-02 1.329616392566068950e-01
9.687500000000000000e-01 2.598187368331715263e-01 2.668157892813912135e-01 8.281328797028275623e-02 2.420868039105632252e-01 4.627653995026307365e-01 6.739437679560088268e-02 2.895957597199438557e-02 3.716171681508885234e-03 1.392509880921890542e-01 1.107422742919786512e-01 1.333855261516786461e-01 2.882000385173367762e-01 1.677061866308826310e-01 2.178675970083321922e-01 3.407858011422119637e-01 8.664447076521278324e-02 2.550494498589205451e-03 5.710472606065712942e-01 3.214232953016898237e-02 2.128661782021752380e-01
9.843750000000000000e-01 4.162543379025542833e-01 2.006656344385661650e-01 6.723656243191374754e-04 2.923130540037157110e-01 3.233256886086194881e-01 1.707805604408156597e-01 1.471284961660078439e-02 3.910490221830390661e-02 1.608054086160560503e-01 1.518093687672854297e-01 3.049868836815524120e-01 1.539585394348935987e-01 1.925529948289549098e-01 8.861380783853181620e-02 2.688678238393680253e-01 9.770439938296379689e-02 1.057076953128306337e-02 4.324942956054980692e-01 1.302376709208224147e-02 4.940775235569472290e-01
1.000000000000000000e+00 1.338212133224156719e-01 2.613825275004835920e-03 1.402791025269037317e-01 7.340599254150864802e-04 4.475767605523205128e-02 2.837215125887901693e-04 7.207615582728875252e-03 2.137505085595793088e-03 2.908661925188840030e-05 1.777309002562105222e-02 1.771061309959194585e-02 4.705255657715639423e-04 1.340012404047919326e-04 6.267251916861780667e-04 2.133264459320940824e-03 9.813342171270610613e-04 1.252920904030986257e-02 2.243144817990301576e-01 5.817179036584994856e-02 3.275800424122839432e-03
1.015625000000000000e+00 3.049125682024738659e-01 3.414980595840453881e-01 9.343749640570267120e-03 2.324519872993338065e-01 3.127992431784913929e-01 2.304637215310675613e-01 3.967901298161549510e-03 4.776545243050436818e-02 1.863136407957364238e-01 1.184716186852580871e-01 3.731891823956413057e-01 2.535029430968110398e-01 3.293897084206433568e-01 1.548460454482080140e-01 2.918227489398941277e-01 5.090470751816061207e-02 5.708041711054983453e-02 3.951881099552723153e-01 1.241803839170430891e-02 4.181140198806926334e-01
1.031250000000000000e+00 2.297803526480763359e-01 3.607512574889042423e-01 6.154437356677756182e-02 1.965947836248831126e-01 1.511741284813907238e-01 1.429636352789442344e-01 1.847327316374774292e-02 2.357608377484620224e-02 1.529552814373195679e-01 1.118407470208354348e-01 2.109727170324816325e-01 2.912340641504106986e-01 2.281162870181661362e-01 1.999424390876471114e-01 3.402411081059504849e-01 3.237250922138725645e-02 1.579582656594453183e-01 2.738220913276399049e-01 6.731529463043871286e-02 2.256661085128965072e-01
1.046875000000000000e+00 2.696337586701553768e-01 1.182620822971148650e-01 2.670694120906241253e-01 1.367390533748218638e-02 2.872994578128687179e-02 7.736248815066322504e-02 2.272414677407981753e-01 1.464162378721567404e-01 9.324019792122154038e-02 2.264377772538173905e-01 1.347949990334611770e-01 8.197221898456905076e-02 1.247575930410220052e-01 6.864860632090984127e-02 1.330560108182541890e-01 2.464672563258669125e-01 2.866171742397538025e-01 8.084824975993083751e-02 1.209980900064357295e-01 2.682021249349128000e-01
1.062500000000000000e+00 1.227570011340969880e-01 2.025361137387374777e-01 3.091899812229405575e-01 4.499229486894550795e-02 1.321654188419639775e-01 2.213484972385802024e-02 4.480780513285584910e-01 3.370564119802610947e-01 3.143625407549412165e-02 1.433124029932708321e-01 5.993074485914784422e-02 3.000589532446541474e-01 2.279964667320676930e-01 1.119083089619332394e-01 3.737353672097998292e-01 3.824768487115790538e-01 5.293893798088241676e-01 1.011121357770724954e-01 1.962586432688827598e-01 2.055969522657031812e-01
1.078125000000000000e+00 1.440084729643120454e-01 4.431699669128675440e-02 3.211596208164316790e-01 1.299780984091396252e-01 1.226305125738231527e-01 2.353185497713014274e-01 9.212123264120287980e-02 1.094587523394317669e-01 1.254589185337953994e-01 1.326157591658029544e-02 6.360175095942997847e-02 1.248359639498055340e-01 4.251902381704965594e-01 8.337627388450330468e-02 1.887997364363708519e-01 1.268443401377085944e-01 3.264191644197586561e-01 1.313056895284495443e-02 2.873594711012201763e-01 1.552956123957076051e-01
1.093750000000000000e+00 2.099736255226418991e-01 1.288955747485090175e-01 2.112610641778234488e-01 4.133801372245046735e-01 1.817997308456519023e-01 2.681806509350868062e-01 2.031823847684491660e-02 1.749026713609034278e-01 8.410155720719687811e-02 2.134245356260184023e-01 3.950305837213952120e-02 7.868938621837430480e-02 3.165398886593271954e-01 4.539826482807553243e-02 3.865337899523713094e-01 7.108088556503989845e-03 6.324575613779770400e-01 1.321579301937554456e-02 3.574895647540178856e-01 1.290106218723065549e-03
1.109375000000000000e+00 1.666461424998774143e-01 1.961307965940098097e-01 4.108964538409024536e-01 3.067121794282659519e-01 3.673770232731775331e-02 1.745586943619175657e-01 1.408857958786181030e-01 3.044975717880573640e-01 7.666901856647683616e-03 1.442289845043878138e-01 1.373434036331737940e-01 1.147802100192105573e-01 2.097200356078569583e-01 1.546176641925316175e-01 3.059933795847623594e-01 7.409653807093392885e-02 6.125464167876277788e-01 4.799161389629297975e-02 3.721702237681337455e-01 1.699982146226624025e-01
1.125000000000000000e+00 7.784406546505465152e-02 1.393194894503095860e-01 4.731738746678700869e-01 6.029008059297471384e-02 1.263797938223848796e-02 7.166299212942556229e-02 1.629725258433880886e-01 9.859581902865401093e-02 2.412883001285495155e-01 6.324452113203896282e-03 1.603483960119450602e-01 2.190296144581547755e-01 3.563218356784358248e-02 7.726162636807502870e-02 3.959879775449995920e-01 2.623920638333186450e-01 4.692488295937437548e-01 3.333296993083748397e-03 3.242384932262891706e-01 5.311737364897290564e-02
1.140625000000000000e+00 1.814486492999288492e-02 2.746064144179370392e-01 3.143232594311205497e-01 1.147961792048461382e-01 8.688929492117929143e-02 1.329650512597302381e-01 2.940924250224917214e-01 3.897782955057674803e-01 2.889224378835244036e-02 2.898352010117390409e-01 1.078405092271698951e-01 2.828188761247551475e-01 1.771047034170232168e-02 1.628259908845193227e-01 3.886934099710426249e-01 3.526227555746327957e-01 6.120984985137836176e-01 4.074235639188956287e-02 2.656309709313318113e-01 3.165079653220225636e-02
1.156250000000000000e+00 3.062972984277138270e-03 4.604965678500366061e-02 2.243356005163272548e-01 1.891619388713458236e-02 7.223452774462844894e-02 7.109870976815822752e-02 9.274578759928113481e-02 1.371210974472568400e-01 1.273524944593200647e-01 2.443847318691557136e-01 8.508909281650302303e-02 1.290563981257923931e-01 2.809932894084022914e-01 4.032760518762563973e-02 1.677926935506966200e-01 1.669567861056364122e-01 4.584307580114443947e-01 3.255181459680986378e-02 1.851746579802637238e-01 1.503738118144522518e-01
1.171875000000000000e+00 5.411448864531318709e-02 3.824524853988129358e-01 5.394365728253260744e-02 1.886771789261072474e-01 1.772896620408293544e-01 2.380960066824728549e-01 3.330196046231810592e-02 3.694979799510103580e-02 2.186444128010204546e-01 6.502859577475142427e-02 2.489270850558501225e-01 2.530759714164433349e-01 4.778662629533781403e-01 2.350032414750428122e-01 3.944025667328853735e-01 2.476022721765216289e-02 2.791049418324312303e-01 2.019164979253336989e-01 1.169475864551920846e-01 2.663454091222521303e-01
1.187500000000000000e+00 4.996310128107345205e-02 1.187854108166905981e-01 6.108297337135931704e-02 1.800182951905546502e-01 1.247533131286225443e-02 9.793774007027741813e-02 5.311979392390655391e-02 5.077737999642384370e-02 5.744006101421298555e-02 1.099739136929725469e-01 2.426739704108341056e-01 6.092000933138926044e-02 2.844797753845065835e-01 4.360572152469893714e-02 1.737355242190641302e-01 2.409014255689016434e-02 9.670619416791265133e-02 8.261197499937621147e-02 1.355500495335946465e-01 3.501649749869114592e-01
1.203125000000000000e+00 4.634632910641016401e-02 6.814995441536447068e-03 4.309912041966799251e-02 1.240814936590066593e-02 5.864336580370631269e-03 4.667241435349613055e-02 3.438695074787187587e-03 1.695338039198082073e-03 9.179628016280147809e-03 1.978915407096629858e-02 2.526678047952625461e-03 8.798925558220411711e-03 1.568108517573785221e-02 3.511997923821182088e-03 1.467762592702700347e-02 1.686542252247318595e-03 2.816048218618048132e-02 1.180832792579709772e-01 4.587826515957895562e-02 3.951496436857850764e-02
1.218750000000000000e+00 1.754858351955342621e-01 3.854710456724900758e-01 1.248481613418125566e-02 2.643322506080595935e-01 1.513679733026572771e-01 1.836485607154090538e-01 2.184906282647750345e-02 1.362534662134179120e-01 2.479368205911491874e-01 1.250289443171508641e-01 3.654367734146479751e-01 3.227090637046806654e-01 3.970525657346481441e-01 1.851272730029864533e-01 3.423143567125148667e-01 7.780820901289371705e-02 9.250102855171996041e-02 2.164316462674851782e-01 5.208026467992614428e-02 3.591725662701405475e-01
1.234375000000000000e+00 3.241590354135507335e-01 2.537053091264165894e-01 5.799355484950494827e-02 1.376564114559289953e-01 3.856807148119626664e-03 5.279028263553932343e-02 2.608943855277835386e-02 1.481795943215131334e-02 7.754034661990043265e-02 1.260803672958681620e-01 1.534138654234806221e-01 2.021724567946017459e-01 8.145380439162888675e-02 1.752109621156577590e-01 2.672507630843131143e-01 2.200567526306304936e-02 1.170542712505287103e-01 1.033049177248763772e-01 1.031754196265566720e-01 1.626087711093183452e-01
1.250000000000000000e+00 1.297637749282394282e-01 1.219269187413745542e-01 1.821171957495396898e-01 2.175998097422497321e-02 1.808075633718312369e-01 1.957172510385407280e-02 2.487140694122186857e-01 1.123812616884128784e-01 8.196705848396065863e-02 2.125280428724090620e-01 1.182453474385383591e-01 5.623181081063671066e-02 5.491827846044813333e-01 8.227669979227912600e-02 1.844456789863685164e-01 3.261958003128430650e-01 2.504655922175889615e-01 1.071515378381913824e-01 1.577087519540323335e-01 1.976810661621853649e-01
1.265625000000000000e+00 4.471941352208765041e-02 2.857100724281617654e-01 3.785612338813425515e-01 1.825792107067687742e-01 5.848667280614729957e-01 7.069038319267394177e-02 3.831499444869912452e-01 1.803594335674158222e-01 7.611638429238182235e-02 2.821473772757960435e-02 1.101833103876441455e-01 1.481003703352265499e-01 3.084244586903875374e-01 1.664673646541463825e-01 3.001544368393844198e-01 3.163628800972114186e-01 2.661335025226023165e-01 7.855912410547375435e-01 4.740144404784903120e-02 3.792229043160551538e-01
1.281250000000000000e+00 5.274589185491580096e-02 5.424915789943880046e-02 7.264173218369039953e-01 2.373695755328595614e-01 3.236178007946312052e-01 7.057588389478318402e-02 5.942043772429497217e-01 1.927789651786182556e-01 9.638460634251004577e-02 3.841007639916409200e-02 2.792945776951569203e-01 1.727537074874158085e-02 3.416755714853484949e-01 2.367648653161903982e-01 8.742386531999851718e-02 2.531433964243421930e-01 3.025680941429245707e-01 9.304961862439014020e-01 7.094841264796739044e-02 5.716613142883658627e-01
1.296875000000000000e+00 9.738140452029091232e-02 1.498162890600956976e-01 4.796543833909258647e-01 1.943655299597586150e-01 1.067804106203224940e-01 9.810400274198896597e-02 3.778627109500782844e-01 1.007273213248894989e-01 1.425489211676695400e-01 2.512415315125222648e-01 1.419894456998081478e-01 3.088736463775594576e-02 2.801172633060763917e-01 1.833701333371077699e-02 2.912642618310717912e-02 4.954820206059809551e-02 5.397561593105906219e-01 7.569122116802012856e-01 1.639770183744787835e-01 4.897520143289805783e-01
1.312500000000000000e+00 8.332814233324736808e-02 1.471795839495753655e-01 3.384974648232031980e-01 2.567992308680230318e-01 6.389276716571216097e-01 1.392945461690078268e-01 3.014757401369881351e-01 2.603532383922229632e-01 4.472467997709459464e-01 1.595969616890753340e-01 1.185993383270763646e-01 9.768245958099928961e-02 4.216699504344701421e-01 9.087407554750109168e-03 3.872543941728916472e-01 1.216566046666079093e-01 5.389917029002595505e-01 5.846655325151480787e-01 3.691006091811257495e-01 3.060371954827654783e-01
1.328125000000000000e+00 3.548717771358939760e-02 1.131266747043466470e-01 4.437243143626516395e-01 6.107654240809808066e-02 4.950590130573052083e-01 9.433247986324090617e-02 6.867991664521039263e-02 1.496769946973597054e-01 8.812134420632847243e-02 1.670957543978758564e-02 1.076078511990326975e-01 2.197980291438088041e-01 3.330607858612812944e-01 7.339845485887759591e-02 7.401149205902883554e-02 3.071100838520098852e-01 6.096203727359527091e-01 5.647615840040329793e-01 2.454159387987463470e-01 1.423842405930689781e-01
1.343750000000000000e+00 5.878392295134003687e-02 1.721482306016977326e-01 3.724947501282198647e-01 2.145567746174536772e-01 4.100418547591525020e-01 6.776643946538918328e-02 1.603965395737300681e-01 1.063207055843504775e-03 8.752883614078403596e-02 3.369914281048205784e-01 4.857546599607524135e-02 3.110473314050608562e-01 2.666913227207586834e-01 1.250133144097159699e-01 3.815834181067945807e-01 3.441742975565609819e-01 5.301925307216674987e-01 6.162507250129343195e-01 2.152705071985633600e-01 2.169220064121769442e-03
1.359375000000000000e+00 1.616524334647612415e-01 5.911316175656382982e-02 3.018162529342198475e-02 5.317478998051909829e-03 5.570463561580185630e-01 9.601283284710064592e-02 9.717270659870550636e-03 4.842952813957570463e-02 1.193282017175247428e-01 1.910507282826651998e-01 5.413857770837504635e-02 6.915537017336112480e-02 2.494695029014439291e-01 1.014835030095117274e-01 1.853558897691378465e-02 9.326341138555893640e-02 2.749213830381607160e-01 6.191244453609245912e-01 1.543154157239050583e-01 2.181573710895015339e-01
1.375000000000000000e+00 2.754590772796389753e-01 2.989018810643311319e-01 1.781973525120550753e-02 3.606854918332477733e-01 6.052252927766205159e-01 8.040756835674356395e-02 4.488711818208691862e-02 2.842076886713809647e-02 3.169809226029547955e-01 7.562187804844039407e-02 2.365436723704537891e-01 3.203263542514445672e-01 3.312036688794697814e-01 1.776808767065247707e-01 4.057829090581970832e-01 4.845719026211268987e-02 1.808648372115074510e-01 6.812632613679177052e-01 7.861237323604117200e-02 4.782430427860993594e-01
1.390625000000000000e+00 3.625726331002124825e-01 7.493310738941448557e-02 4.826750825613321250e-02 1.032712725804135478e-01 2.278280933278382658e-01 9.332288594899315615e-02 2.822066010126730168e-02 4.957242143625238684e-02 1.980551084443424661e-02 7.159808713831745941e-02 1.060074095303690372e-01 5.579124537950349433e-02 2.107908056791980289e-01 3.197279057951715742e-02 1.332301386819615963e-01 6.280138781880156319e-03 4.090123344999624377e-02 4.032791930428542004e-01 1.133271261219669923e-01 3.020743062002517187e-01
1.406250000000000000e+00 3.275804014885834170e-01 4.868190078920939939e-02 1.187324695796232281e-02 5.662436215528680872e-02 1.362196455439473042e-01 1.305585303875393122e-01 9.349431826672128382e-03 2.467502503538391212e-04 3.296771640173207230e-02 3.021307257711597014e-02 3.555434556382729150e-02 3.449544797166520516e-02 1.515201545987232903e-02 2.366733174663223152e-02 4.821485182361949506e-02 4.253104312163143164e-03 4.111289295199335031e-02 2.660645434875407167e-01 4.131224222444997152e-02 1.699884602192474614e-01
1.421875000000000000e+00 2.944481022987089358e-01 4.080917216411984461e-01 3.246323827113208743e-02 2.897965913396730597e-01 2.434459966023808930e-01 8.732092634249645491e-02 2.441002736280586602e-02 6.944988922482993321e-02 2.945300788634275801e-01 1.640760514779165957e-01 3.051066905718248234e-01 3.676127592518092513e-01 1.396100559156820964e-01 1.993090272653584571e-01 3.649155524664083883e-01 7.636824943881403982e-02 1.188822670798853620e-01 3.160864852437497707e-01 7.510589338101172907e-02 3.312462923149682714e-01
1.437500000000000000e+00 3.561854416905693710e-01 1.993417650881632586e-01 9.769087674313106651e-02 8.872732172610782453e-02 8.510875021881983415e-02 2.149613804798803859e-02 3.125184663041578187e-02 2.513057298160131965e-03 2.823952000030375761e-02 1.345623580955861986e-01 1.264403278345487547e-01 1.350748443678870536e-01 4.930119134737425378e-03 1.541234750166095568e-01 1.984792322677154386e-01 8.851480692367311165e-03 1.725883579117639954e-01 2.345137247312612527e-01 1.704512474791553545e-01 1.450309996115983491e-01
1.453125000000000000e+00 9.992064481634153894e-02 2.280879822214617325e-01 9.974827432076567579e-02 3.151674113320283854e-02 1.707962173229533864e-01 2.235775839079005498e-02 2.650090628493927958e-01 1.959979547579260850e-01 7.405264567645231111e-02 1.407935301547259543e-01 1.094484429555037525e-01 1.536822137222355333e-01 2.620071093509106497e-01 7.413100628786034596e-02 3.485323867456811553e-01 2.717025688556279350e-01 3.788730507523702662e-01 2.697183323337421501e-01 1.651532508192812554e-01 1.383762264533011932e-01
1.468750000000000000e+00 7.844529331370347913e-02 1.115949795405970779e-01 3.035554661772209978e-02 1.138782622617397385e-02 1.991046102341046675e-01 2.290217238591497201e-02 1.837710111437264315e-01 1.140482267247600393e-02 4.380936629361929791e-02 8.245950189731962934e-03 3.838472171389274018e-02 1.749919018140310423e-01 2.051510417646911777e-01 1.417312672057000900e-01 2.295168927603855324e-01 2.023132572987993705e-01 1.784505325161311884e-01 4.315626617671537990e-01 4.618247743186486287e-02 2.873754760798967467e-02
1.484375000000000000e+00 8.201255490994421860e-02 6.885668759451736565e-02 1.597127022001969820e-01 3.215811000785356866e-01 1.170004636152783689e-01 7.501616245978222353e-02 1.657901206306497122e-01 2.032187705870804606e-01 1.014316853616873265e-01 1.717766161480070997e-01 7.649138929447601987e-02 1.497717746154301754e-01 4.018392529847485406e-01 6.907285620863330700e-02 3.500304035806765524e-01 5.813117231572283855e-02 7.249854061640874370e-02 5.956575371851053902e-01 1.292698640587266468e-01 2.163054398039001291e-01
1.500000000000000000e+00 1.043355403989975339e-01 1.646282150378924614e-01 1.399048831901523737e-01 9.007834192401299039e-03 4.491355800350011612e-02 1.082669854429000877e-01 4.633853885172534159e-01 1.530586899123053124e-01 3.799519340796158051e-01 2.436135966607216041e-01 8.499799170616224864e-02 1.554933170362171324e-01 3.186428487820519018e-01 5.835308161912514807e-02 8.409870737140535957e-02 1.866328829423220259e-01 9.214293193468436893e-02 6.965132741234330016e-01 7.351495213874693901e-02 4.338014892888303331e-01
1.515625000000000000e+00 6.670254333488306875e-02 1.960664486784830796e-01 1.741172080114884169e-01 4.057574700665574907e-01 3.788720069686880021e-01 1.529378365612245327e-01 3.523379032617363071e-01 1.558561741833135172e-01 1.034371472289260796e-01 2.063860083787741329e-01 1.105014132290341733e-01 1.130151357275903518e-01 4.302875866210226219e-01 7.422366716609155035e-02 4.893247516414483966e-01 1.384868327067104443e-01 8.070046575753998808e-02 5.503861299153025577e-01 2.007809333097020366e-01 2.446932040866852953e-01
1.531250000000000000e+00 4.480356216960573040e-02 1.052180411973242802e-01 1.046020220753654112e-01 6.480940872426389776e-02 4.126134676682178815e-01 6.943655278570906586e-02 1.123189810830673048e-02 7.169204440756869745e-02 1.111320339696407478e-01 1.527217867225719693e-02 1.045521307849080206e-01 2.458359732404287734e-01 3.246131329120057196e-01 4.752520766186878187e-02 1.045620111905600502e-01 3.330323251271216645e-01 3.031439603267798155e-01 5.994469069975928432e-01 1.656484381060459588e-01 7.727311478405750333e-02
1.546875000000000000e+00 1.066503185688296718e-01 1.086162390862727284e-01 9.339534138999622606e-03 7.440187386781292600e-02 4.135667951443185997e-01 5.853099330482637586e-02 2.009916365904355906e-01 3.196906078860789219e-03 2.499684107456644766e-01 4.025045467510089403e-01 6.970583160879587070e-02 3.205360200884185828e-01 2.685361426302598775e-01 9.674892951598665358e-02 4.226471897400992384e-01 1.207455043503898873e-01 2.894702140210156371e-01 5.688385462022068628e-01 2.153095636443376204e-01 5.268302144142190946e-02
1.562500000000000000e+00 2.718022725978507248e-01 1.137029157636033350e-01 7.614552370276313209e-03 3.897567960723922337e-02 5.777254666429081364e-01 3.720315166024954628e-02 4.869501616400420674e-02 1.976326915292187653e-02 7.151732415937592235e-02 1.679972314463004657e-01 7.517932246147977782e-02 1.915181954084617111e-01 1.199306784279016991e-01 1.224897311739370775e-01 1.860420530233529990e-01 1.661456925505648205e-02 3.063451977716392105e-01 6.426088270585266216e-01 1.954249272055409714e-01 7.899641570672176483e-02
1.578125000000000000e+00 3.838978058187014208e-01 2.449274155432550060e-01 1.409848934033603590e-02 4.430383836350804128e-01 4.349519261807782700e-01 5.256221127961722278e-02 2.745640929207313757e-02 8.422946034419061950e-03 2.911110642052509578e-01 1.708617684832852146e-01 2.642569704874833114e-01 2.603969525199558155e-01 1.243836896264702979e-01 1.681760919247989317e-01 4.193981259572835962e-01 4.085824545156550164e-02 9.317745366196221457e-02 5.556343548959776779e-01 1.010482925110063046e-01 5.159886815350300804e-01
1.593750000000000000e+00 1.876297391435354511e-01 2.330257070941983005e-02 4.260618965760531313e-02 4.412009597984998394e-02 1.073996121803162812e-01 1.248506315226343560e-01 1.220092509346620314e-02 7.921539655780273845e-03 1.690462738261627393e-02 6.997663738995826832e-02 1.687637908442484944e-02 1.002819876536110294e-02 2.584892669878808072e-02 1.824860663201532951e-02 6.452026913925931750e-02 3.427916960630641042e-03 2.817884752759507519e-02 3.448284455813449001e-01 8.232373912199630883e-02 1.607413116468606462e-01
1.609375000000000000e+00 3.561193137383897311e-01 1.532170396891089081e-01 7.147715690008230906e-03 1.168130674501223348e-01 2.008202617140243118e-01 1.785610944892678242e-01 3.906186224085819638e-03 1.237577437983273902e-02 5.519511884753693781e-02 5.102237861403589869e-02 1.725870138458742986e-01 1.137005440779473991e-01 1.526308066341076908e-01 6.259755796615247558e-02 1.423931343504746261e-01 1.738469232838803918e-02 3.719845480950207534e-02 3.568768668305270508e-01 1.888155209850684441e-02 3.143859003949881492e-01
1.625000000000000000e+00 1.621001224740591662e-01 4.498027876815091641e-01 3.092432844271295056e-02 2.713399642607537965e-01 2.938779602304889549e-01 1.808366610188910095e-01 1.436268188022407633e-02 6.854676000139647840e-02 2.698933273417990497e-01 1.478935796842407169e-01 2.941608799690264564e-01 3.779874718449384163e-01 3.406333493011300950e-01 2.278418872628222569e-01 3.801097482660731885e-01 7.964107553978527765e-02 1.063013680095929864e-01 3.429070306540525914e-01 5.571439888250317302e-02 3.008225713139835444e-01
1.640625000000000000e+00 3.204242028726402847e-01 1.562284480212826621e-01 1.446130095253569392e-01 3.928393194708738184e-02 3.439559987721384909e-02 8.351610653513424909e-02 7.379382296570516364e-02 3.910935539316461040e-02 3.005648758185832173e-02 1.221393618525314917e-01 1.382505170446030052e-01 9.828711999599482052e-02 4.426082996669902098e-02 1.237565483944826489e-01 1.012092377403850108e-01 3.577118534968157237e-02 1.581370938751804900e-01 1.415876307471373718e-01 1.141834911580089373e-01 2.046429617125637701e-01
1.656250000000000000e+00 1.538944483906395377e-01 2.434802522876816366e-01 1.551514815036733608e-01 2.628505260803429625e-02 1.140547952642504415e-01 5.644949312009726189e-02 4.235074440975310495e-01 3.853468931612196169e-01 8.668061497294346496e-02 1.692622358394601789e-01 1.069677582393187831e-01 2.250065633210293625e-01 3.389233615105921027e-01 4.412892606091074754e-02 3.757449962475750693e-01 3.796269840079780078e-01 3.178071173754465906e-01 5.514388837104552965e-02 3.575684104394029339e-02 2.706833098687359551e-01
1.671875000000000000e+00 1.573121998320188286e-01 5.412673524716909296e-02 2.043378877915766612e-01 1.848974871588008467e-02 2.729992628939146848e-01 1.752825632162552036e-02 1.785653079118828812e-01 1.891772506681026478e-01 4.642658290235697482e-02 6.016825407010937925e-03 5.798409912885436196e-02 1.674930190153485488e-01 2.180287022958700971e-01 8.051926397923180045e-02 7.156796541214595353e-02 2.158664362315103058e-01 2.404741581513216431e-01 7.394692035066689761e-02 1.382877524232568878e-01 2.256723579260547230e-01
1.687500000000000000e+00 2.175137232546348609e-01 1.340695339882710946e-01 1.554834654590261378e-01 4.799115591773727707e-01 2.423205414501466981e-01 3.820129021070559072e-01 8.488829954216649959e-03 1.866325357690152009e-01 8.029045977804365186e-02 2.133082804588750103e-01 9.076381623401007237e-02 5.298670242580048179e-02 3.739003935565477499e-01 5.936976584926416389e-02 3.757222789948601038e-01 2.032502791638942166e-02 2.860684620640901454e-01 3.806329504797226204e-02 2.007849695891540387e-01 8.327894538936463087e-02
1.703125000000000000e+00 2.565861521281570523e-01 6.067133946883866702e-02 1.488716705674070773e-01 3.827764187347172664e-02 4.322197961935126537e-02 1.151286144304616062e-03 1.397699876086748727e-01 8.341049089869000122e-02 1.167573107442735660e-02 2.059773583065269142e-01 5.207071790047149151e-02 7.742838226050345607e-02 1.615871320853130844e-01 7.391684255004489501e-02 1.057916106074365814e-01 4.299450951128654802e-02 5.522856383369258992e-01 8.985455003437550769e-02 2.393747499358618580e-01 4.334588200819519677e-02
1.718750000000000000e+00 2.010796683676702168e-01 1.090790941784571949e-01 3.991380670134329067e-01 1.845236247436552457e-01 2.125462803555194791e-02 1.641925034541160400e-01 1.826656754954568695e-01 2.186328361897311168e-01 3.197956038369414999e-01 8.200588376625816966e-02 1.209021273349334819e-01 1.823620208959520206e-01 6.387245098437296237e-03 1.074648800443344099e-01 4.355163128732317257e-01 2.035387856443048316e-01 2.751791936099156621e-01 2.521206489007302848e-02 2.132928074209243796e-01 2.252966568296776301e-02
1.734375000000000000e+00 1.578275616839990292e-01 2.096326293291756182e-01 2.543542246477731306e-01 5.084349956699531908e-02 4.750880213005724551e-02 8.168049217532871720e-02 2.380935516153495357e-01 2.609583822232027228e-01 5.189016960361090419e-03 6.812812446561036794e-02 9.772807441051722943e-02 2.490966254617556219e-01 5.116584316503885316e-02 1.364476076235218716e-01 3.792482835806644248e-01 3.178645054369372835e-01 5.621661815172179777e-01 3.378785637366539529e-02 1.078454013785431764e-01 1.007292102102755604e-01
1.750000000000000000e+00 1.644827169161504898e-01 2.395202050718136522e-01 2.160824110327956293e-01 6.888752694593987258e-02 6.966646359282274714e-02 1.469583456118478959e-01 2.059229955904955389e-01 3.954543045465511164e-01 1.886648469803684294e-02 1.097305024077901564e-01 1.669221043655453318e-01 9.952053231549395917e-02 7.022389119946036151e-02 1.318585778522998186e-01 2.161866667497619743e-01 2.696752261692405006e-01 4.161078129188957586e-01 7.171256545195844878e-02 1.948669318017483623e-02 2.213265829782487260e-01
1.765625000000000000e+00 3.372588180191199436e-01 3.254850818269188206e-01 1.677324612384333558e-01 1.144052576888688194e-01 6.654395891807583785e-02 8.146308950272493354e-02 2.893651988691636409e-02 1.204581504466542552e-02 6.269595165074272336e-02 5.655953894999351389e-02 1.991228797212324098e-01 2.031049371035985041e-01 1.764026505935427369e-01 1.486546687812385081e-01 2.860911819666486777e-01 7.713662128424499109e-02 1.906181925259581578e-01 2.198380945288096744e-01 1.269129289384355597e-01 1.998189722164293858e-01
1.781250000000000000e+00 2.530201353198254788e-01 3.010830978087150611e-01 1.872178088197022916e-01 1.022368745973898790e-01 4.749056802550190026e-01 6.645921687959852053e-02 1.033131426123032048e-01 3.017534409596656780e-02 2.068701218320088686e-01 1.452101106784195461e-01 3.475562516455998896e-01 2.367826807100322228e-01 3.849153602910386218e-01 6.991135079163873778e-02 1.145654994468932319e-01 3.443213748907980043e-01 7.991390366565864767e-02 3.803102825948976307e-01 1.398300622691673045e-01 2.446737785191367698e-01
1.796875000000000000e+00 1.910870522780871161e-01 8.346849574300610475e-03 6.522302972575190483e-02 2.289276517542065438e-03 1.064622993540872004e-01 4.119792191366668954e-05 5.671645190978236856e-02 3.794110842452505516e-02 7.085375500530196810e-03 9.395623275745855485e-03 1.548228180017318517e-02 4.713582962224430184e-02 2.674512586446409559e-02 6.899393533816268399e-05 7.113378070374456325e-03 9.345118130229523867e-02 3.261877532824147136e-02 3.606890608062891107e-02 1.965223816466780682e-01 4.839824778512499120e-02
1.812500000000000000e+00 1.198311818904058829e-01 2.427803913861658891e-01 1.998391261322373172e-02 1.767029415660056058e-01 1.756604319790814883e-01 9.799702827660196347e-02 5.883042461364604292e-03 3.636985542503923946e-02 1.551376046654042717e-01 1.301981819299166954e-01 2.995618156313814007e-01 2.230042475479355191e-01 2.955995530289397544e-01 1.592817009943728324e-01 2.195731880269250480e-01 9.535699304598507786e-02 7.345515201684607587e-02 2.317688614045860795e-01 2.341956793629152225e-02 3.450676861652057781e-01
1.828125000000000000e+00 2.125999265311560582e-01 4.008991363843280586e-01 3.053609038902096659e-02 2.359557541979530881e-01 7.913739324394675201e-02 1.284808113628681803e-01 1.891220550173642115e-02 7.377823076545313163e-02 1.975183211346278334e-01 1.565807527946529443e-01 2.320039297426331470e-01 3.395378302247082924e-01 2.222679199337815603e-01 2.146547549776867403e-01 3.619691541015088720e-01 6.638232575774019595e-02 1.326656696139057456e-01 1.733302042562468170e-01 1.019522447511400781e-01 2.244457852518139118e-01
1.843750000000000000e+00 2.079135032894761093e-01 1.418833399361194014e-01 9.723067584962541421e-02 2.758527721471608699e-02 4.458014070467003487e-02 1.867644101922975516e-02 9.876226607897753418e-02 5.194679876014938330e-02 2.223675013531797168e-02 1.543161530276292714e-01 1.152350050197641362e-01 6.924317611218391844e-02 1.515999240697200601e-01 9.658589909957958353e-02 1.003320875216342362e-01 7.332530941039647199e-02 1.671768691008061469e-01 4.800059093280214378e-02 1.854045369966700885e-01 1.774016655710917989e-01
1.859375000000000000e+00 1.353913368464727540e-01 2.133524702744996893e-01 6.854817653781775100e-02 3.224111111592847800e-02 5.955956832374379589e-02 8.072089129434151071e-04 4.470613295824371058e-01 2.223572187125688882e-01 3.228193451921268498e-02 9.657563165165061747e-02 6.022726784621812435e-02 1.962469234433846799e-01 2.712226295749251559e-01 5.467239944271552743e-02 4.028683274108353363e-01 2.995007804587833111e-01 1.589031200977268909e-01 1.268488703206418211e-01 2.845664056451098142e-02 1.301433112354812016e-01
1.875000000000000000e+00 1.393725508294825222e-01 5.882507618024260254e-02 1.365761726561753875e-01 2.564578194987891108e-02 5.460681232458094447e-01 4.138137875377741193e-02 1.951788147262477624e-01 2.163266448141956122e-01 3.193355150264452769e-02 3.893534861766713472e-04 7.791749951241358496e-02 7.667486501107664831e-02 3.439370138689012424e-01 1.610284689708293970e-01 3.503651072466631294e-02 2.166037801277049049e-02 1.999190221202615247e-01 5.988755439117845469e-01 1.980193431702193529e-01 2.149214934072504746e-01
1.890625000000000000e+00 1.555848956065911115e-01 1.026793034975499730e-01 1.542886886422630000e-01 3.581879348601156310e-01 2.745301439597516158e-01 2.205541833338220126e-01 5.108008591861801923e-02 7.651179971221844234e-02 2.743891037383767162e-01 1.799554575768836928e-01 1.471007993283172111e-01 3.195501605157361619e-02 2.240192735500423638e-01 2.946562290437362147e-02 2.477296722285675656e-01 3.182930554880610274e-01 2.611510917463765943e-02 2.022323285725971809e-01 7.624771626656730306e-02 3.020850276928782052e-01
1.906250000000000000e+00 1.658590832318160291e-01 1.156139733406452291e-01 2.545626094797398542e-01 1.448031778454142160e-01 2.796178056356533048e-01 2.413629106870549546e-01 1.089892070245970929e-01 1.393571783747455661e-01 3.090832368446999601e-01 1.312271259350814012e-01 9.627618711033465726e-02 3.060614366879533740e-02 2.864665908944608597e-01 1.672098405058970727e-02 8.867014898908270881e-02 2.651736684553719289e-02 2.131898347882787981e-01 3.631994466204386263e-01 1.975308467861893735e-01 2.740275270458538137e-01
1.921875000000000000e+00 1.066579577778871413e-01 4.900744784749221789e-02 1.822018832450553738e-01 1.259003300146336601e-01 4.984838945195346760e-01 6.337688725413254121e-02 2.360863733960239796e-01 3.359892176904697436e-01 7.673711290892833159e-02 1.037750186691534238e-02 5.615278055167147869e-02 6.691284749521565767e-02 4.599096781935929634e-01 2.279653322253266945e-01 4.652127312148772800e-03 5.294901577074498378e-02 2.066534590777718838e-01 2.412060824335522102e-01 2.737734178016529851e-01 1.153544226555888730e-01
1.937500000000000000e+00 1.372693822637476857e-01 1.773180126356568020e-01 1.270181061144473322e-01 9.046094851049221730e-03 9.785884051166792927e-03 3.623486370642157572e-03 4.395373041777698164e-01 2.551741304734966298e-01 1.749901029990210549e-02 6.342079011413750966e-02 5.226058647258771672e-02 2.308593983573607178e-01 2.064291416179449834e-01 6.531034858924725239e-02 3.516252349070502770e-01 3.360242008005357439e-01 2.812107079804823107e-01 1.076785968774143509e-01 5.647236458960114974e-02 1.486203877807203144e-01
1.953125000000000000e+00 1.321371412570650217e-01 1.444231912481791502e-01 1.068734135133513341e-01 2.124471997044008811e-02 1.109288168248233480e-01 2.641434144535953488e-02 2.378045246788796641e-01 1.070833831267571090e-01 6.145513225211707287e-02 1.698943777402401323e-01 1.117874297416796420e-01 1.138020743591440925e-01 1.731141537905366845e-01 3.124124950494572631e-02 2.007789345581926232e-01 1.357146279796755395e-01 2.153798522707283669e-01 1.576153056807541863e-01 8.623406818471703039e-02 2.160694372588919387e-01
1.968750000000000000e+00 2.606679049705307727e-01 3.455902610706909628e-01 3.343001041103757509e-02 1.905210512225628816e-01 1.031208594922318200e-01 9.522940307092216117e-02 7.633928556707266118e-03 2.226228021533955756e-02 1.169729853546650489e-01 1.463477614413128403e-01 1.809346510623899562e-01 2.980394206462156914e-01 1.069498956381958743e-01 1.916619149683820855e-01 3.442582429447805792e-01 3.619526751163466144e-02 1.349202887328165568e-01 2.474545914271680802e-01 1.178594076925984085e-01 1.883227428729768449e-01
1.984375000000000000e+00 1.611288470720869392e-01 2.323743154063147853e-01 1.390999280157786781e-02 2.437492003307320798e-01 1.936258403583672183e-01 2.715506972282678150e-02 1.120170156835493223e-02 7.842196780414246310e-03 2.392478420820123852e-01 1.999028090869195418e-01 2.983599805278914774e-01 2.546704665647701038e-01 2.247311686548464083e-01 1.467240668112618496e-01 2.564565889372661389e-01 1.228653278640303159e-01 2.495727326528893175e-02 2.047894588860789955e-01 1.982629181445933614e-02 4.021134460310657466e-01
2.000000000000000000e+00 2.740678190221749674e-02 4.433883676209457794e-03 1.316089224987812278e-01 3.571287543287238468e-04 2.872122938494670735e-02 4.803435728335888125e-03 4.685869095370416917e-03 4.042310161689428687e-03 1.165144482437418502e-04 2.429199467039944160e-02 2.547734121405308486e-02 1.915368823549031625e-04 1.335232415353896675e-03 2.922086321588630679e-03 6.173897736897492050e-03 1.110619124236344085e-04 1.968514488743162982e-02 1.930229277928218468e-01 7.062237776339495149e-03 1.003771408769370602e-04
