0.000000000000000000e+00 5.762138887705951784e-02 5.762138887705951784e-02 5.762138887705951784e-02 5.762138887705951784e-02 5.762138887705951784e-02 5.762138887705951784e-02 5.762138887705951784e-02 5.762138887705951784e-02 5.762138887705951784e-02 5.762138887705951784e-02 5.762138887705951784e-02 5.762138887705951784e-02 5.762138887705951784e-02 5.762138887705951784e-02 5.762138887705951784e-02 5.762138887705951784e-02 5.762138887705951784e-02 5.762138887705951784e-02 5.762138887705951784e-02 5.762138887705951784e-02
1.562500000000000000e-02 8.583678921201177980e-02 8.583678921201177980e-02 8.583678921201177980e-02 8.583678921201177980e-02 8.583678921201177980e-02 8.583678921201177980e-02 8.583678921201177980e-02 8.583678921201177980e-02 8.583678921201177980e-02 8.583678921201177980e-02 8.583678921201177980e-02 8.583678921201177980e-02 8.583678921201177980e-02 8.583678921201177980e-02 8.583678921201177980e-02 8.583678921201177980e-02 8.583678921201177980e-02 8.583678921201177980e-02 8.583678921201177980e-02 8.583678921201177980e-02
3.125000000000000000e-02 7.705047453985448824e-02 7.705047453985448824e-02 7.705047453985448824e-02 7.705047453985448824e-02 7.705047453985448824e-02 7.705047453985448824e-02 7.705047453985448824e-02 7.705047453985448824e-02 7.705047453985448824e-02 7.705047453985448824e-02 7.705047453985448824e-02 7.705047453985448824e-02 7.705047453985448824e-02 7.705047453985448824e-02 7.705047453985448824e-02 7.705047453985448824e-02 7.705047453985448824e-02 7.705047453985448824e-02 7.705047453985448824e-02 7.705047453985448824e-02
4.687500000000000000e-02 9.990178543407697564e-02 9.990178543407697564e-02 9.990178543407697564e-02 9.990178543407697564e-02 9.990178543407697564e-02 9.990178543407697564e-02 9.990178543407697564e-02 9.990178543407697564e-02 9.990178543407697564e-02 9.990178543407697564e-02 9.990178543407697564e-02 9.990178543407697564e-02 9.990178543407697564e-02 9.990178543407697564e-02 9.990178543407697564e-02 9.990178543407697564e-02 9.990178543407697564e-02 9.990178543407697564e-02 9.990178543407697564e-02 9.990178543407697564e-02
6.250000000000000000e-02 1.796290884023872547e-02 1.796290884023872547e-02 1.796290884023872547e-02 1.796290884023872547e-02 1.796290884023872547e-02 1.796290884023872547e-02 1.796290884023872547e-02 1.796290884023872547e-02 1.796290884023872547e-02 1.796290884023872547e-02 1.796290884023872547e-02 1.796290884023872547e-02 1.796290884023872547e-02 1.796290884023872547e-02 1.796290884023872547e-02 1.796290884023872547e-02 1.796290884023872547e-02 1.796290884023872547e-02 1.796290884023872547e-02 1.796290884023872547e-02
7.812500000000000000e-02 1.242445300133916165e-02 1.242445300133916165e-02 1.242445300133916165e-02 1.242445300133916165e-02 1.242445300133916165e-02 1.242445300133916165e-02 1.242445300133916165e-02 1.242445300133916165e-02 1.242445300133916165e-02 1.242445300133916165e-02 1.242445300133916165e-02 1.242445300133916165e-02 1.242445300133916165e-02 1.242445300133916165e-02 1.242445300133916165e-02 1.242445300133916165e-02 1.242445300133916165e-02 1.242445300133916165e-02 1.242445300133916165e-02 1.242445300133916165e-02
9.375000000000000000e-02 1.137090162754625204e-02 1.137090162754625204e-02 1.137090162754625204e-02 1.137090162754625204e-02 1.137090162754625204e-02 1.137090162754625204e-02 1.137090162754625204e-02 1.137090162754625204e-02 1.137090162754625204e-02 1.137090162754625204e-02 1.137090162754625204e-02 1.137090162754625204e-02 1.137090162754625204e-02 1.137090162754625204e-02 1.137090162754625204e-02 1.137090162754625204e-02 1.137090162754625204e-02 1.137090162754625204e-02 1.137090162754625204e-02 1.137090162754625204e-02
1.093750000000000000e-01 1.378240450880579811e-03 1.378240450880579811e-03 1.378240450880579811e-03 1.378240450880579811e-03 1.378240450880579811e-03 1.378240450880579811e-03 1.378240450880579811e-03 1.378240450880579811e-03 1.378240450880579811e-03 1.378240450880579811e-03 1.378240450880579811e-03 1.378240450880579811e-03 1.378240450880579811e-03 1.378240450880579811e-03 1.378240450880579811e-03 1.378240450880579811e-03 1.378240450880579811e-03 1.378240450880579811e-03 1.378240450880579811e-03 1.378240450880579811e-03
1.250000000000000000e-01 4.306407169990922974e-04 4.306407169990922974e-04 4.306407169990922974e-04 4.306407169990922974e-04 4.306407169990922974e-04 4.306407169990922974e-04 4.306407169990922974e-04 4.306407169990922974e-04 4.306407169990922974e-04 4.306407169990922974e-04 4.306407169990922974e-04 4.306407169990922974e-04 4.306407169990922974e-04 4.306407169990922974e-04 4.306407169990922974e-04 4.306407169990922974e-04 4.306407169990922974e-04 4.306407169990922974e-04 4.306407169990922974e-04 4.306407169990922974e-04
1.406250000000000000e-01 2.986753708398882066e-03 2.986753708398882066e-03 2.986753708398882066e-03 2.986753708398882066e-03 2.986753708398882066e-03 2.986753708398882066e-03 2.986753708398882066e-03 2.986753708398882066e-03 2.986753708398882066e-03 2.986753708398882066e-03 2.986753708398882066e-03 2.986753708398882066e-03 2.986753708398882066e-03 2.986753708398882066e-03 2.986753708398882066e-03 2.986753708398882066e-03 2.986753708398882066e-03 2.986753708398882066e-03 2.986753708398882066e-03 2.986753708398882066e-03
1.562500000000000000e-01 1.432590914192373166e-01 1.432590914192373166e-01 1.432590914192373166e-01 1.432590914192373166e-01 1.432590914192373166e-01 1.432590914192373166e-01 1.432590914192373166e-01 1.432590914192373166e-01 1.432590914192373166e-01 1.432590914192373166e-01 1.432590914192373166e-01 1.432590914192373166e-01 1.432590914192373166e-01 1.432590914192373166e-01 1.432590914192373166e-01 1.432590914192373166e-01 1.432590914192373166e-01 1.432590914192373166e-01 1.432590914192373166e-01 1.432590914192373166e-01
1.718750000000000000e-01 7.592021737516736479e-01 7.592021737516736479e-01 7.592021737516736479e-01 7.592021737516736479e-01 7.592021737516736479e-01 7.592021737516736479e-01 7.592021737516736479e-01 7.592021737516736479e-01 7.592021737516736479e-01 7.592021737516736479e-01 7.592021737516736479e-01 7.592021737516736479e-01 7.592021737516736479e-01 7.592021737516736479e-01 7.592021737516736479e-01 7.592021737516736479e-01 7.592021737516736479e-01 7.592021737516736479e-01 7.592021737516736479e-01 7.592021737516736479e-01
1.875000000000000000e-01 9.995188326768812415e-01 9.995188326768812415e-01 9.995188326768812415e-01 9.995188326768812415e-01 9.995188326768812415e-01 9.995188326768812415e-01 9.995188326768812415e-01 9.995188326768812415e-01 9.995188326768812415e-01 9.995188326768812415e-01 9.995188326768812415e-01 9.995188326768812415e-01 9.995188326768812415e-01 9.995188326768812415e-01 9.995188326768812415e-01 9.995188326768812415e-01 9.995188326768812415e-01 9.995188326768812415e-01 9.995188326768812415e-01 9.995188326768812415e-01
2.031250000000000000e-01 9.995223179043370987e-01 9.995223179043370987e-01 9.995223179043370987e-01 9.995223179043370987e-01 9.995223179043370987e-01 9.995223179043370987e-01 9.995223179043370987e-01 9.995223179043370987e-01 9.995223179043370987e-01 9.995223179043370987e-01 9.995223179043370987e-01 9.995223179043370987e-01 9.995223179043370987e-01 9.995223179043370987e-01 9.995223179043370987e-01 9.995223179043370987e-01 9.995223179043370987e-01 9.995223179043370987e-01 9.995223179043370987e-01 9.995223179043370987e-01
2.187500000000000000e-01 8.619729503845978691e-01 8.619729503845978691e-01 8.619729503845978691e-01 8.619729503845978691e-01 8.619729503845978691e-01 8.619729503845978691e-01 8.619729503845978691e-01 8.619729503845978691e-01 8.619729503845978691e-01 8.619729503845978691e-01 8.619729503845978691e-01 8.619729503845978691e-01 8.619729503845978691e-01 8.619729503845978691e-01 8.619729503845978691e-01 8.619729503845978691e-01 8.619729503845978691e-01 8.619729503845978691e-01 8.619729503845978691e-01 8.619729503845978691e-01
2.343750000000000000e-01 3.713391942734710523e-04 3.713391942734710523e-04 3.713391942734710523e-04 3.713391942734710523e-04 3.713391942734710523e-04 3.713391942734710523e-04 3.713391942734710523e-04 3.713391942734710523e-04 3.713391942734710523e-04 3.713391942734710523e-04 3.713391942734710523e-04 3.713391942734710523e-04 3.713391942734710523e-04 3.713391942734710523e-04 3.713391942734710523e-04 3.713391942734710523e-04 3.713391942734710523e-04 3.713391942734710523e-04 3.713391942734710523e-04 3.713391942734710523e-04
2.500000000000000000e-01 1.634739754376250773e-03 1.634739754376250773e-03 1.634739754376250773e-03 1.634739754376250773e-03 1.634739754376250773e-03 1.634739754376250773e-03 1.634739754376250773e-03 1.634739754376250773e-03 1.634739754376250773e-03 1.634739754376250773e-03 1.634739754376250773e-03 1.634739754376250773e-03 1.634739754376250773e-03 1.634739754376250773e-03 1.634739754376250773e-03 1.634739754376250773e-03 1.634739754376250773e-03 1.634739754376250773e-03 1.634739754376250773e-03 1.634739754376250773e-03
2.656250000000000000e-01 1.196788213704671209e-03 1.196788213704671209e-03 1.196788213704671209e-03 1.196788213704671209e-03 1.196788213704671209e-03 1.196788213704671209e-03 1.196788213704671209e-03 1.196788213704671209e-03 1.196788213704671209e-03 1.196788213704671209e-03 1.196788213704671209e-03 1.196788213704671209e-03 1.196788213704671209e-03 1.196788213704671209e-03 1.196788213704671209e-03 1.196788213704671209e-03 1.196788213704671209e-03 1.196788213704671209e-03 1.196788213704671209e-03 1.196788213704671209e-03
2.812500000000000000e-01 1.018557751184043150e-03 1.018557751184043150e-03 1.018557751184043150e-03 1.018557751184043150e-03 1.018557751184043150e-03 1.018557751184043150e-03 1.018557751184043150e-03 1.018557751184043150e-03 1.018557751184043150e-03 1.018557751184043150e-03 1.018557751184043150e-03 1.018557751184043150e-03 1.018557751184043150e-03 1.018557751184043150e-03 1.018557751184043150e-03 1.018557751184043150e-03 1.018557751184043150e-03 1.018557751184043150e-03 1.018557751184043150e-03 1.018557751184043150e-03
2.968750000000000000e-01 2.937260511820203972e-03 2.937260511820203972e-03 2.937260511820203972e-03 2.937260511820203972e-03 2.937260511820203972e-03 2.937260511820203972e-03 2.937260511820203972e-03 2.937260511820203972e-03 2.937260511820203972e-03 2.937260511820203972e-03 2.937260511820203972e-03 2.937260511820203972e-03 2.937260511820203972e-03 2.937260511820203972e-03 2.937260511820203972e-03 2.937260511820203972e-03 2.937260511820203972e-03 2.937260511820203972e-03 2.937260511820203972e-03 2.937260511820203972e-03
3.125000000000000000e-01 2.790310651920892976e-02 2.790310651920892976e-02 2.790310651920892976e-02 2.790310651920892976e-02 2.790310651920892976e-02 2.790310651920892976e-02 2.790310651920892976e-02 2.790310651920892976e-02 2.790310651920892976e-02 2.790310651920892976e-02 2.790310651920892976e-02 2.790310651920892976e-02 2.790310651920892976e-02 2.790310651920892976e-02 2.790310651920892976e-02 2.790310651920892976e-02 2.790310651920892976e-02 2.790310651920892976e-02 2.790310651920892976e-02 2.790310651920892976e-02
3.281250000000000000e-01 3.648114450656780167e-02 3.648114450656780167e-02 3.648114450656780167e-02 3.648114450656780167e-02 3.648114450656780167e-02 3.648114450656780167e-02 3.648114450656780167e-02 3.648114450656780167e-02 3.648114450656780167e-02 3.648114450656780167e-02 3.648114450656780167e-02 3.648114450656780167e-02 3.648114450656780167e-02 3.648114450656780167e-02 3.648114450656780167e-02 3.648114450656780167e-02 3.648114450656780167e-02 3.648114450656780167e-02 3.648114450656780167e-02 3.648114450656780167e-02
3.437500000000000000e-01 4.926762864523087995e-03 4.926762864523087995e-03 4.926762864523087995e-03 4.926762864523087995e-03 4.926762864523087995e-03 4.926762864523087995e-03 4.926762864523087995e-03 4.926762864523087995e-03 4.926762864523087995e-03 4.926762864523087995e-03 4.926762864523087995e-03 4.926762864523087995e-03 4.926762864523087995e-03 4.926762864523087995e-03 4.926762864523087995e-03 4.926762864523087995e-03 4.926762864523087995e-03 4.926762864523087995e-03 4.926762864523087995e-03 4.926762864523087995e-03
3.593750000000000000e-01 2.430976761021072605e-03 2.430976761021072605e-03 2.430976761021072605e-03 2.430976761021072605e-03 2.430976761021072605e-03 2.430976761021072605e-03 2.430976761021072605e-03 2.430976761021072605e-03 2.430976761021072605e-03 2.430976761021072605e-03 2.430976761021072605e-03 2.430976761021072605e-03 2.430976761021072605e-03 2.430976761021072605e-03 2.430976761021072605e-03 2.430976761021072605e-03 2.430976761021072605e-03 2.430976761021072605e-03 2.430976761021072605e-03 2.430976761021072605e-03
3.750000000000000000e-01 8.334980931788489762e-04 8.334980931788489762e-04 8.334980931788489762e-04 8.334980931788489762e-04 8.334980931788489762e-04 8.334980931788489762e-04 8.334980931788489762e-04 8.334980931788489762e-04 8.334980931788489762e-04 8.334980931788489762e-04 8.334980931788489762e-04 8.334980931788489762e-04 8.334980931788489762e-04 8.334980931788489762e-04 8.334980931788489762e-04 8.334980931788489762e-04 8.334980931788489762e-04 8.334980931788489762e-04 8.334980931788489762e-04 8.334980931788489762e-04
3.906250000000000000e-01 4.479111328059960304e-03 4.479111328059960304e-03 4.479111328059960304e-03 4.479111328059960304e-03 4.479111328059960304e-03 4.479111328059960304e-03 4.479111328059960304e-03 4.479111328059960304e-03 4.479111328059960304e-03 4.479111328059960304e-03 4.479111328059960304e-03 4.479111328059960304e-03 4.479111328059960304e-03 4.479111328059960304e-03 4.479111328059960304e-03 4.479111328059960304e-03 4.479111328059960304e-03 4.479111328059960304e-03 4.479111328059960304e-03 4.479111328059960304e-03
4.062500000000000000e-01 4.110903197703334559e-03 4.110903197703334559e-03 4.110903197703334559e-03 4.110903197703334559e-03 4.110903197703334559e-03 4.110903197703334559e-03 4.110903197703334559e-03 4.110903197703334559e-03 4.110903197703334559e-03 4.110903197703334559e-03 4.110903197703334559e-03 4.110903197703334559e-03 4.110903197703334559e-03 4.110903197703334559e-03 4.110903197703334559e-03 4.110903197703334559e-03 4.110903197703334559e-03 4.110903197703334559e-03 4.110903197703334559e-03 4.110903197703334559e-03
4.218750000000000000e-01 6.446253549116051119e-03 6.446253549116051119e-03 6.446253549116051119e-03 6.446253549116051119e-03 6.446253549116051119e-03 6.446253549116051119e-03 6.446253549116051119e-03 6.446253549116051119e-03 6.446253549116051119e-03 6.446253549116051119e-03 6.446253549116051119e-03 6.446253549116051119e-03 6.446253549116051119e-03 6.446253549116051119e-03 6.446253549116051119e-03 6.446253549116051119e-03 6.446253549116051119e-03 6.446253549116051119e-03 6.446253549116051119e-03 6.446253549116051119e-03
4.375000000000000000e-01 3.401863589442767795e-03 3.401863589442767795e-03 3.401863589442767795e-03 3.401863589442767795e-03 3.401863589442767795e-03 3.401863589442767795e-03 3.401863589442767795e-03 3.401863589442767795e-03 3.401863589442767795e-03 3.401863589442767795e-03 3.401863589442767795e-03 3.401863589442767795e-03 3.401863589442767795e-03 3.401863589442767795e-03 3.401863589442767795e-03 3.401863589442767795e-03 3.401863589442767795e-03 3.401863589442767795e-03 3.401863589442767795e-03 3.401863589442767795e-03
4.531250000000000000e-01 9.123787580370548017e-03 9.123787580370548017e-03 9.123787580370548017e-03 9.123787580370548017e-03 9.123787580370548017e-03 9.123787580370548017e-03 9.123787580370548017e-03 9.123787580370548017e-03 9.123787580370548017e-03 9.123787580370548017e-03 9.123787580370548017e-03 9.123787580370548017e-03 9.123787580370548017e-03 9.123787580370548017e-03 9.123787580370548017e-03 9.123787580370548017e-03 9.123787580370548017e-03 9.123787580370548017e-03 9.123787580370548017e-03 9.123787580370548017e-03
4.687500000000000000e-01 7.523931833746126951e-01 7.523931833746126951e-01 7.523931833746126951e-01 7.523931833746126951e-01 7.523931833746126951e-01 7.523931833746126951e-01 7.523931833746126951e-01 7.523931833746126951e-01 7.523931833746126951e-01 7.523931833746126951e-01 7.523931833746126951e-01 7.523931833746126951e-01 7.523931833746126951e-01 7.523931833746126951e-01 7.523931833746126951e-01 7.523931833746126951e-01 7.523931833746126951e-01 7.523931833746126951e-01 7.523931833746126951e-01 7.523931833746126951e-01
4.843750000000000000e-01 9.356684517294465708e-01 9.356684517294465708e-01 9.356684517294465708e-01 9.356684517294465708e-01 9.356684517294465708e-01 9.356684517294465708e-01 9.356684517294465708e-01 9.356684517294465708e-01 9.356684517294465708e-01 9.356684517294465708e-01 9.356684517294465708e-01 9.356684517294465708e-01 9.356684517294465708e-01 9.356684517294465708e-01 9.356684517294465708e-01 9.356684517294465708e-01 9.356684517294465708e-01 9.356684517294465708e-01 9.356684517294465708e-01 9.356684517294465708e-01
5.000000000000000000e-01 1.758319340600605629e-01 1.758319340600605629e-01 1.758319340600605629e-01 1.758319340600605629e-01 1.758319340600605629e-01 1.758319340600605629e-01 1.758319340600605629e-01 1.758319340600605629e-01 1.758319340600605629e-01 1.758319340600605629e-01 1.758319340600605629e-01 1.758319340600605629e-01 1.758319340600605629e-01 1.758319340600605629e-01 1.758319340600605629e-01 1.758319340600605629e-01 1.758319340600605629e-01 1.758319340600605629e-01 1.758319340600605629e-01 1.758319340600605629e-01
5.156250000000000000e-01 5.566621594305176668e-02 5.566621594305176668e-02 5.566621594305176668e-02 5.566621594305176668e-02 5.566621594305176668e-02 5.566621594305176668e-02 5.566621594305176668e-02 5.566621594305176668e-02 5.566621594305176668e-02 5.566621594305176668e-02 5.566621594305176668e-02 5.566621594305176668e-02 5.566621594305176668e-02 5.566621594305176668e-02 5.566621594305176668e-02 5.566621594305176668e-02 5.566621594305176668e-02 5.566621594305176668e-02 5.566621594305176668e-02 5.566621594305176668e-02
5.312500000000000000e-01 5.004147822613198154e-02 5.004147822613198154e-02 5.004147822613198154e-02 5.004147822613198154e-02 5.004147822613198154e-02 5.004147822613198154e-02 5.004147822613198154e-02 5.004147822613198154e-02 5.004147822613198154e-02 5.004147822613198154e-02 5.004147822613198154e-02 5.004147822613198154e-02 5.004147822613198154e-02 5.004147822613198154e-02 5.004147822613198154e-02 5.004147822613198154e-02 5.004147822613198154e-02 5.004147822613198154e-02 5.004147822613198154e-02 5.004147822613198154e-02
5.468750000000000000e-01 1.236431057461120572e-02 1.236431057461120572e-02 1.236431057461120572e-02 1.236431057461120572e-02 1.236431057461120572e-02 1.236431057461120572e-02 1.236431057461120572e-02 1.236431057461120572e-02 1.236431057461120572e-02 1.236431057461120572e-02 1.236431057461120572e-02 1.236431057461120572e-02 1.236431057461120572e-02 1.236431057461120572e-02 1.236431057461120572e-02 1.236431057461120572e-02 1.236431057461120572e-02 1.236431057461120572e-02 1.236431057461120572e-02 1.236431057461120572e-02
5.625000000000000000e-01 1.384666732379750617e-02 1.384666732379750617e-02 1.384666732379750617e-02 1.384666732379750617e-02 1.384666732379750617e-02 1.384666732379750617e-02 1.384666732379750617e-02 1.384666732379750617e-02 1.384666732379750617e-02 1.384666732379750617e-02 1.384666732379750617e-02 1.384666732379750617e-02 1.384666732379750617e-02 1.384666732379750617e-02 1.384666732379750617e-02 1.384666732379750617e-02 1.384666732379750617e-02 1.384666732379750617e-02 1.384666732379750617e-02 1.384666732379750617e-02
5.781250000000000000e-01 3.322619892130680014e-02 3.322619892130680014e-02 3.322619892130680014e-02 3.322619892130680014e-02 3.322619892130680014e-02 3.322619892130680014e-02 3.322619892130680014e-02 3.322619892130680014e-02 3.322619892130680014e-02 3.322619892130680014e-02 3.322619892130680014e-02 3.322619892130680014e-02 3.322619892130680014e-02 3.322619892130680014e-02 3.322619892130680014e-02 3.322619892130680014e-02 3.322619892130680014e-02 3.322619892130680014e-02 3.322619892130680014e-02 3.322619892130680014e-02
5.937500000000000000e-01 4.413310034071215443e-02 4.413310034071215443e-02 4.413310034071215443e-02 4.413310034071215443e-02 4.413310034071215443e-02 4.413310034071215443e-02 4.413310034071215443e-02 4.413310034071215443e-02 4.413310034071215443e-02 4.413310034071215443e-02 4.413310034071215443e-02 4.413310034071215443e-02 4.413310034071215443e-02 4.413310034071215443e-02 4.413310034071215443e-02 4.413310034071215443e-02 4.413310034071215443e-02 4.413310034071215443e-02 4.413310034071215443e-02 4.413310034071215443e-02
6.093750000000000000e-01 4.387085518327234201e-02 4.387085518327234201e-02 4.387085518327234201e-02 4.387085518327234201e-02 4.387085518327234201e-02 4.387085518327234201e-02 4.387085518327234201e-02 4.387085518327234201e-02 4.387085518327234201e-02 4.387085518327234201e-02 4.387085518327234201e-02 4.387085518327234201e-02 4.387085518327234201e-02 4.387085518327234201e-02 4.387085518327234201e-02 4.387085518327234201e-02 4.387085518327234201e-02 4.387085518327234201e-02 4.387085518327234201e-02 4.387085518327234201e-02
6.250000000000000000e-01 1.426500622737553459e-01 1.426500622737553459e-01 1.426500622737553459e-01 1.426500622737553459e-01 1.426500622737553459e-01 1.426500622737553459e-01 1.426500622737553459e-01 1.426500622737553459e-01 1.426500622737553459e-01 1.426500622737553459e-01 1.426500622737553459e-01 1.426500622737553459e-01 1.426500622737553459e-01 1.426500622737553459e-01 1.426500622737553459e-01 1.426500622737553459e-01 1.426500622737553459e-01 1.426500622737553459e-01 1.426500622737553459e-01 1.426500622737553459e-01
6.406250000000000000e-01 1.281334066971402119e-01 1.281334066971402119e-01 1.281334066971402119e-01 1.281334066971402119e-01 1.281334066971402119e-01 1.281334066971402119e-01 1.281334066971402119e-01 1.281334066971402119e-01 1.281334066971402119e-01 1.281334066971402119e-01 1.281334066971402119e-01 1.281334066971402119e-01 1.281334066971402119e-01 1.281334066971402119e-01 1.281334066971402119e-01 1.281334066971402119e-01 1.281334066971402119e-01 1.281334066971402119e-01 1.281334066971402119e-01 1.281334066971402119e-01
6.562500000000000000e-01 4.450872522916930057e-02 4.450872522916930057e-02 4.450872522916930057e-02 4.450872522916930057e-02 4.450872522916930057e-02 4.450872522916930057e-02 4.450872522916930057e-02 4.450872522916930057e-02 4.450872522916930057e-02 4.450872522916930057e-02 4.450872522916930057e-02 4.450872522916930057e-02 4.450872522916930057e-02 4.450872522916930057e-02 4.450872522916930057e-02 4.450872522916930057e-02 4.450872522916930057e-02 4.450872522916930057e-02 4.450872522916930057e-02 4.450872522916930057e-02
6.718750000000000000e-01 1.710749675540572390e-02 1.710749675540572390e-02 1.710749675540572390e-02 1.710749675540572390e-02 1.710749675540572390e-02 1.710749675540572390e-02 1.710749675540572390e-02 1.710749675540572390e-02 1.710749675540572390e-02 1.710749675540572390e-02 1.710749675540572390e-02 1.710749675540572390e-02 1.710749675540572390e-02 1.710749675540572390e-02 1.710749675540572390e-02 1.710749675540572390e-02 1.710749675540572390e-02 1.710749675540572390e-02 1.710749675540572390e-02 1.710749675540572390e-02
6.875000000000000000e-01 1.759325989451288041e-02 1.759325989451288041e-02 1.759325989451288041e-02 1.759325989451288041e-02 1.759325989451288041e-02 1.759325989451288041e-02 1.759325989451288041e-02 1.759325989451288041e-02 1.759325989451288041e-02 1.759325989451288041e-02 1.759325989451288041e-02 1.759325989451288041e-02 1.759325989451288041e-02 1.759325989451288041e-02 1.759325989451288041e-02 1.759325989451288041e-02 1.759325989451288041e-02 1.759325989451288041e-02 1.759325989451288041e-02 1.759325989451288041e-02
7.031250000000000000e-01 3.746791307565089379e-02 3.746791307565089379e-02 3.746791307565089379e-02 3.746791307565089379e-02 3.746791307565089379e-02 3.746791307565089379e-02 3.746791307565089379e-02 3.746791307565089379e-02 3.746791307565089379e-02 3.746791307565089379e-02 3.746791307565089379e-02 3.746791307565089379e-02 3.746791307565089379e-02 3.746791307565089379e-02 3.746791307565089379e-02 3.746791307565089379e-02 3.746791307565089379e-02 3.746791307565089379e-02 3.746791307565089379e-02 3.746791307565089379e-02
7.187500000000000000e-01 2.565305775901741830e-02 2.565305775901741830e-02 2.565305775901741830e-02 2.565305775901741830e-02 2.565305775901741830e-02 2.565305775901741830e-02 2.565305775901741830e-02 2.565305775901741830e-02 2.565305775901741830e-02 2.565305775901741830e-02 2.565305775901741830e-02 2.565305775901741830e-02 2.565305775901741830e-02 2.565305775901741830e-02 2.565305775901741830e-02 2.565305775901741830e-02 2.565305775901741830e-02 2.565305775901741830e-02 2.565305775901741830e-02 2.565305775901741830e-02
7.343750000000000000e-01 5.035458971304181651e-03 5.035458971304181651e-03 5.035458971304181651e-03 5.035458971304181651e-03 5.035458971304181651e-03 5.035458971304181651e-03 5.035458971304181651e-03 5.035458971304181651e-03 5.035458971304181651e-03 5.035458971304181651e-03 5.035458971304181651e-03 5.035458971304181651e-03 5.035458971304181651e-03 5.035458971304181651e-03 5.035458971304181651e-03 5.035458971304181651e-03 5.035458971304181651e-03 5.035458971304181651e-03 5.035458971304181651e-03 5.035458971304181651e-03
7.500000000000000000e-01 4.673278068223212234e-01 4.673278068223212234e-01 4.673278068223212234e-01 4.673278068223212234e-01 4.673278068223212234e-01 4.673278068223212234e-01 4.673278068223212234e-01 4.673278068223212234e-01 4.673278068223212234e-01 4.673278068223212234e-01 4.673278068223212234e-01 4.673278068223212234e-01 4.673278068223212234e-01 4.673278068223212234e-01 4.673278068223212234e-01 4.673278068223212234e-01 4.673278068223212234e-01 4.673278068223212234e-01 4.673278068223212234e-01 4.673278068223212234e-01
7.656250000000000000e-01 4.843935166094397449e-01 4.843935166094397449e-01 4.843935166094397449e-01 4.843935166094397449e-01 4.843935166094397449e-01 4.843935166094397449e-01 4.843935166094397449e-01 4.843935166094397449e-01 4.843935166094397449e-01 4.843935166094397449e-01 4.843935166094397449e-01 4.843935166094397449e-01 4.843935166094397449e-01 4.843935166094397449e-01 4.843935166094397449e-01 4.843935166094397449e-01 4.843935166094397449e-01 4.843935166094397449e-01 4.843935166094397449e-01 4.843935166094397449e-01
7.812500000000000000e-01 2.387984082391876040e-01 2.387984082391876040e-01 2.387984082391876040e-01 2.387984082391876040e-01 2.387984082391876040e-01 2.387984082391876040e-01 2.387984082391876040e-01 2.387984082391876040e-01 2.387984082391876040e-01 2.387984082391876040e-01 2.387984082391876040e-01 2.387984082391876040e-01 2.387984082391876040e-01 2.387984082391876040e-01 2.387984082391876040e-01 2.387984082391876040e-01 2.387984082391876040e-01 2.387984082391876040e-01 2.387984082391876040e-01 2.387984082391876040e-01
7.968750000000000000e-01 1.022628106876541099e-01 1.022628106876541099e-01 1.022628106876541099e-01 1.022628106876541099e-01 1.022628106876541099e-01 1.022628106876541099e-01 1.022628106876541099e-01 1.022628106876541099e-01 1.022628106876541099e-01 1.022628106876541099e-01 1.022628106876541099e-01 1.022628106876541099e-01 1.022628106876541099e-01 1.022628106876541099e-01 1.022628106876541099e-01 1.022628106876541099e-01 1.022628106876541099e-01 1.022628106876541099e-01 1.022628106876541099e-01 1.022628106876541099e-01
8.125000000000000000e-01 1.038488344599121233e-01 1.038488344599121233e-01 1.038488344599121233e-01 1.038488344599121233e-01 1.038488344599121233e-01 1.038488344599121233e-01 1.038488344599121233e-01 1.038488344599121233e-01 1.038488344599121233e-01 1.038488344599121233e-01 1.038488344599121233e-01 1.038488344599121233e-01 1.038488344599121233e-01 1.038488344599121233e-01 1.038488344599121233e-01 1.038488344599121233e-01 1.038488344599121233e-01 1.038488344599121233e-01 1.038488344599121233e-01 1.038488344599121233e-01
8.281250000000000000e-01 2.884665931423992247e-02 2.884665931423992247e-02 2.884665931423992247e-02 2.884665931423992247e-02 2.884665931423992247e-02 2.884665931423992247e-02 2.884665931423992247e-02 2.884665931423992247e-02 2.884665931423992247e-02 2.884665931423992247e-02 2.884665931423992247e-02 2.884665931423992247e-02 2.884665931423992247e-02 2.884665931423992247e-02 2.884665931423992247e-02 2.884665931423992247e-02 2.884665931423992247e-02 2.884665931423992247e-02 2.884665931423992247e-02 2.884665931423992247e-02
8.437500000000000000e-01 1.560729505590503080e-02 1.560729505590503080e-02 1.560729505590503080e-02 1.560729505590503080e-02 1.560729505590503080e-02 1.560729505590503080e-02 1.560729505590503080e-02 1.560729505590503080e-02 1.560729505590503080e-02 1.560729505590503080e-02 1.560729505590503080e-02 1.560729505590503080e-02 1.560729505590503080e-02 1.560729505590503080e-02 1.560729505590503080e-02 1.560729505590503080e-02 1.560729505590503080e-02 1.560729505590503080e-02 1.560729505590503080e-02 1.560729505590503080e-02
8.593750000000000000e-01 2.280018389850884536e-02 2.280018389850884536e-02 2.280018389850884536e-02 2.280018389850884536e-02 2.280018389850884536e-02 2.280018389850884536e-02 2.280018389850884536e-02 2.280018389850884536e-02 2.280018389850884536e-02 2.280018389850884536e-02 2.280018389850884536e-02 2.280018389850884536e-02 2.280018389850884536e-02 2.280018389850884536e-02 2.280018389850884536e-02 2.280018389850884536e-02 2.280018389850884536e-02 2.280018389850884536e-02 2.280018389850884536e-02 2.280018389850884536e-02
8.750000000000000000e-01 5.021441487895750289e-02 5.021441487895750289e-02 5.021441487895750289e-02 5.021441487895750289e-02 5.021441487895750289e-02 5.021441487895750289e-02 5.021441487895750289e-02 5.021441487895750289e-02 5.021441487895750289e-02 5.021441487895750289e-02 5.021441487895750289e-02 5.021441487895750289e-02 5.021441487895750289e-02 5.021441487895750289e-02 5.021441487895750289e-02 5.021441487895750289e-02 5.021441487895750289e-02 5.021441487895750289e-02 5.021441487895750289e-02 5.021441487895750289e-02
8.906250000000000000e-01 6.141927361596920265e-02 6.141927361596920265e-02 6.141927361596920265e-02 6.141927361596920265e-02 6.141927361596920265e-02 6.141927361596920265e-02 6.141927361596920265e-02 6.141927361596920265e-02 6.141927361596920265e-02 6.141927361596920265e-02 6.141927361596920265e-02 6.141927361596920265e-02 6.141927361596920265e-02 6.141927361596920265e-02 6.141927361596920265e-02 6.141927361596920265e-02 6.141927361596920265e-02 6.141927361596920265e-02 6.141927361596920265e-02 6.141927361596920265e-02
9.062500000000000000e-01 3.885615816123650368e-01 3.885615816123650368e-01 3.885615816123650368e-01 3.885615816123650368e-01 3.885615816123650368e-01 3.885615816123650368e-01 3.885615816123650368e-01 3.885615816123650368e-01 3.885615816123650368e-01 3.885615816123650368e-01 3.885615816123650368e-01 3.885615816123650368e-01 3.885615816123650368e-01 3.885615816123650368e-01 3.885615816123650368e-01 3.885615816123650368e-01 3.885615816123650368e-01 3.885615816123650368e-01 3.885615816123650368e-01 3.885615816123650368e-01
9.218750000000000000e-01 3.958900978113847891e-01 3.958900978113847891e-01 3.958900978113847891e-01 3.958900978113847891e-01 3.958900978113847891e-01 3.958900978113847891e-01 3.958900978113847891e-01 3.958900978113847891e-01 3.958900978113847891e-01 3.958900978113847891e-01 3.958900978113847891e-01 3.958900978113847891e-01 3.958900978113847891e-01 3.958900978113847891e-01 3.958900978113847891e-01 3.958900978113847891e-01 3.958900978113847891e-01 3.958900978113847891e-01 3.958900978113847891e-01 3.958900978113847891e-01
9.375000000000000000e-01 3.019582552858869340e-01 3.019582552858869340e-01 3.019582552858869340e-01 3.019582552858869340e-01 3.019582552858869340e-01 3.019582552858869340e-01 3.019582552858869340e-01 3.019582552858869340e-01 3.019582552858869340e-01 3.019582552858869340e-01 3.019582552858869340e-01 3.019582552858869340e-01 3.019582552858869340e-01 3.019582552858869340e-01 3.019582552858869340e-01 3.019582552858869340e-01 3.019582552858869340e-01 3.019582552858869340e-01 3.019582552858869340e-01 3.019582552858869340e-01
9.531250000000000000e-01 2.210452475615058004e-02 2.210452475615058004e-02 2.210452475615058004e-02 2.210452475615058004e-02 2.210452475615058004e-02 2.210452475615058004e-02 2.210452475615058004e-02 2.210452475615058004e-02 2.210452475615058004e-02 2.210452475615058004e-02 2.210452475615058004e-02 2.210452475615058004e-02 2.210452475615058004e-02 2.210452475615058004e-02 2.210452475615058004e-02 2.210452475615058004e-02 2.210452475615058004e-02 2.210452475615058004e-02 2.210452475615058004e-02 2.210452475615058004e-02
9.687500000000000000e-01 2.599689593618060429e-02 2.599689593618060429e-02 2.599689593618060429e-02 2.599689593618060429e-02 2.599689593618060429e-02 2.599689593618060429e-02 2.599689593618060429e-02 2.599689593618060429e-02 2.599689593618060429e-02 2.599689593618060429e-02 2.599689593618060429e-02 2.599689593618060429e-02 2.599689593618060429e-02 2.599689593618060429e-02 2.599689593618060429e-02 2.599689593618060429e-02 2.599689593618060429e-02 2.599689593618060429e-02 2.599689593618060429e-02 2.599689593618060429e-02
9.843750000000000000e-01 3.190371781775361293e-02 3.190371781775361293e-02 3.190371781775361293e-02 3.190371781775361293e-02 3.190371781775361293e-02 3.190371781775361293e-02 3.190371781775361293e-02 3.190371781775361293e-02 3.190371781775361293e-02 3.190371781775361293e-02 3.190371781775361293e-02 3.190371781775361293e-02 3.190371781775361293e-02 3.190371781775361293e-02 3.190371781775361293e-02 3.190371781775361293e-02 3.190371781775361293e-02 3.190371781775361293e-02 3.190371781775361293e-02 3.190371781775361293e-02
1.000000000000000000e+00 1.641557728894621482e-02 1.641557728894621482e-02 1.641557728894621482e-02 1.641557728894621482e-02 1.641557728894621482e-02 1.641557728894621482e-02 1.641557728894621482e-02 1.641557728894621482e-02 1.641557728894621482e-02 1.641557728894621482e-02 1.641557728894621482e-02 1.641557728894621482e-02 1.641557728894621482e-02 1.641557728894621482e-02 1.641557728894621482e-02 1.641557728894621482e-02 1.641557728894621482e-02 1.641557728894621482e-02 1.641557728894621482e-02 1.641557728894621482e-02
1.015625000000000000e+00 2.293093184233351012e-02 2.293093184233351012e-02 2.293093184233351012e-02 2.293093184233351012e-02 2.293093184233351012e-02 2.293093184233351012e-02 2.293093184233351012e-02 2.293093184233351012e-02 2.293093184233351012e-02 2.293093184233351012e-02 2.293093184233351012e-02 2.293093184233351012e-02 2.293093184233351012e-02 2.293093184233351012e-02 2.293093184233351012e-02 2.293093184233351012e-02 2.293093184233351012e-02 2.293093184233351012e-02 2.293093184233351012e-02 2.293093184233351012e-02
1.031250000000000000e+00 2.099174570043470245e-01 2.099174570043470245e-01 2.099174570043470245e-01 2.099174570043470245e-01 2.099174570043470245e-01 2.099174570043470245e-01 2.099174570043470245e-01 2.099174570043470245e-01 2.099174570043470245e-01 2.099174570043470245e-01 2.099174570043470245e-01 2.099174570043470245e-01 2.099174570043470245e-01 2.099174570043470245e-01 2.099174570043470245e-01 2.099174570043470245e-01 2.099174570043470245e-01 2.099174570043470245e-01 2.099174570043470245e-01 2.099174570043470245e-01
1.046875000000000000e+00 2.226841803322252844e-01 2.226841803322252844e-01 2.226841803322252844e-01 2.226841803322252844e-01 2.226841803322252844e-01 2.226841803322252844e-01 2.226841803322252844e-01 2.226841803322252844e-01 2.226841803322252844e-01 2.226841803322252844e-01 2.226841803322252844e-01 2.226841803322252844e-01 2.226841803322252844e-01 2.226841803322252844e-01 2.226841803322252844e-01 2.226841803322252844e-01 2.226841803322252844e-01 2.226841803322252844e-01 2.226841803322252844e-01 2.226841803322252844e-01
1.062500000000000000e+00 1.419744742078300481e-01 1.419744742078300481e-01 1.419744742078300481e-01 1.419744742078300481e-01 1.419744742078300481e-01 1.419744742078300481e-01 1.419744742078300481e-01 1.419744742078300481e-01 1.419744742078300481e-01 1.419744742078300481e-01 1.419744742078300481e-01 1.419744742078300481e-01 1.419744742078300481e-01 1.419744742078300481e-01 1.419744742078300481e-01 1.419744742078300481e-01 1.419744742078300481e-01 1.419744742078300481e-01 1.419744742078300481e-01 1.419744742078300481e-01
1.078125000000000000e+00 7.629233548498128015e-02 7.629233548498128015e-02 7.629233548498128015e-02 7.629233548498128015e-02 7.629233548498128015e-02 7.629233548498128015e-02 7.629233548498128015e-02 7.629233548498128015e-02 7.629233548498128015e-02 7.629233548498128015e-02 7.629233548498128015e-02 7.629233548498128015e-02 7.629233548498128015e-02 7.629233548498128015e-02 7.629233548498128015e-02 7.629233548498128015e-02 7.629233548498128015e-02 7.629233548498128015e-02 7.629233548498128015e-02 7.629233548498128015e-02
1.093750000000000000e+00 9.784050509914911375e-02 9.784050509914911375e-02 9.784050509914911375e-02 9.784050509914911375e-02 9.784050509914911375e-02 9.784050509914911375e-02 9.784050509914911375e-02 9.784050509914911375e-02 9.784050509914911375e-02 9.784050509914911375e-02 9.784050509914911375e-02 9.784050509914911375e-02 9.784050509914911375e-02 9.784050509914911375e-02 9.784050509914911375e-02 9.784050509914911375e-02 9.784050509914911375e-02 9.784050509914911375e-02 9.784050509914911375e-02 9.784050509914911375e-02
1.109375000000000000e+00 2.188890243281032405e-02 2.188890243281032405e-02 2.188890243281032405e-02 2.188890243281032405e-02 2.188890243281032405e-02 2.188890243281032405e-02 2.188890243281032405e-02 2.188890243281032405e-02 2.188890243281032405e-02 2.188890243281032405e-02 2.188890243281032405e-02 2.188890243281032405e-02 2.188890243281032405e-02 2.188890243281032405e-02 2.188890243281032405e-02 2.188890243281032405e-02 2.188890243281032405e-02 2.188890243281032405e-02 2.188890243281032405e-02 2.188890243281032405e-02
1.125000000000000000e+00 1.369956741989011850e-02 1.369956741989011850e-02 1.369956741989011850e-02 1.369956741989011850e-02 1.369956741989011850e-02 1.369956741989011850e-02 1.369956741989011850e-02 1.369956741989011850e-02 1.369956741989011850e-02 1.369956741989011850e-02 1.369956741989011850e-02 1.369956741989011850e-02 1.369956741989011850e-02 1.369956741989011850e-02 1.369956741989011850e-02 1.369956741989011850e-02 1.369956741989011850e-02 1.369956741989011850e-02 1.369956741989011850e-02 1.369956741989011850e-02
1.140625000000000000e+00 1.502181217156048007e-02 1.502181217156048007e-02 1.502181217156048007e-02 1.502181217156048007e-02 1.502181217156048007e-02 1.502181217156048007e-02 1.502181217156048007e-02 1.502181217156048007e-02 1.502181217156048007e-02 1.502181217156048007e-02 1.502181217156048007e-02 1.502181217156048007e-02 1.502181217156048007e-02 1.502181217156048007e-02 1.502181217156048007e-02 1.502181217156048007e-02 1.502181217156048007e-02 1.502181217156048007e-02 1.502181217156048007e-02 1.502181217156048007e-02
1.156250000000000000e+00 1.171363291979276439e-02 1.171363291979276439e-02 1.171363291979276439e-02 1.171363291979276439e-02 1.171363291979276439e-02 1.171363291979276439e-02 1.171363291979276439e-02 1.171363291979276439e-02 1.171363291979276439e-02 1.171363291979276439e-02 1.171363291979276439e-02 1.171363291979276439e-02 1.171363291979276439e-02 1.171363291979276439e-02 1.171363291979276439e-02 1.171363291979276439e-02 1.171363291979276439e-02 1.171363291979276439e-02 1.171363291979276439e-02 1.171363291979276439e-02
1.171875000000000000e+00 1.368844227165493498e-02 1.368844227165493498e-02 1.368844227165493498e-02 1.368844227165493498e-02 1.368844227165493498e-02 1.368844227165493498e-02 1.368844227165493498e-02 1.368844227165493498e-02 1.368844227165493498e-02 1.368844227165493498e-02 1.368844227165493498e-02 1.368844227165493498e-02 1.368844227165493498e-02 1.368844227165493498e-02 1.368844227165493498e-02 1.368844227165493498e-02 1.368844227165493498e-02 1.368844227165493498e-02 1.368844227165493498e-02 1.368844227165493498e-02
1.187500000000000000e+00 8.344542513131368855e-01 8.344542513131368855e-01 8.344542513131368855e-01 8.344542513131368855e-01 8.344542513131368855e-01 8.344542513131368855e-01 8.344542513131368855e-01 8.344542513131368855e-01 8.344542513131368855e-01 8.344542513131368855e-01 8.344542513131368855e-01 8.344542513131368855e-01 8.344542513131368855e-01 8.344542513131368855e-01 8.344542513131368855e-01 8.344542513131368855e-01 8.344542513131368855e-01 8.344542513131368855e-01 8.344542513131368855e-01 8.344542513131368855e-01
1.203125000000000000e+00 8.490818733952745223e-01 8.490818733952745223e-01 8.490818733952745223e-01 8.490818733952745223e-01 8.490818733952745223e-01 8.490818733952745223e-01 8.490818733952745223e-01 8.490818733952745223e-01 8.490818733952745223e-01 8.490818733952745223e-01 8.490818733952745223e-01 8.490818733952745223e-01 8.490818733952745223e-01 8.490818733952745223e-01 8.490818733952745223e-01 8.490818733952745223e-01 8.490818733952745223e-01 8.490818733952745223e-01 8.490818733952745223e-01 8.490818733952745223e-01
1.218750000000000000e+00 7.469810003242205454e-01 7.469810003242205454e-01 7.469810003242205454e-01 7.469810003242205454e-01 7.469810003242205454e-01 7.469810003242205454e-01 7.469810003242205454e-01 7.469810003242205454e-01 7.469810003242205454e-01 7.469810003242205454e-01 7.469810003242205454e-01 7.469810003242205454e-01 7.469810003242205454e-01 7.469810003242205454e-01 7.469810003242205454e-01 7.469810003242205454e-01 7.469810003242205454e-01 7.469810003242205454e-01 7.469810003242205454e-01 7.469810003242205454e-01
1.234375000000000000e+00 3.430704322800613715e-02 3.430704322800613715e-02 3.430704322800613715e-02 3.430704322800613715e-02 3.430704322800613715e-02 3.430704322800613715e-02 3.430704322800613715e-02 3.430704322800613715e-02 3.430704322800613715e-02 3.430704322800613715e-02 3.430704322800613715e-02 3.430704322800613715e-02 3.430704322800613715e-02 3.430704322800613715e-02 3.430704322800613715e-02 3.430704322800613715e-02 3.430704322800613715e-02 3.430704322800613715e-02 3.430704322800613715e-02 3.430704322800613715e-02
1.250000000000000000e+00 3.775889483439540117e-02 3.775889483439540117e-02 3.775889483439540117e-02 3.775889483439540117e-02 3.775889483439540117e-02 3.775889483439540117e-02 3.775889483439540117e-02 3.775889483439540117e-02 3.775889483439540117e-02 3.775889483439540117e-02 3.775889483439540117e-02 3.775889483439540117e-02 3.775889483439540117e-02 3.775889483439540117e-02 3.775889483439540117e-02 3.775889483439540117e-02 3.775889483439540117e-02 3.775889483439540117e-02 3.775889483439540117e-02 3.775889483439540117e-02
1.265625000000000000e+00 1.357553090606295268e-02 1.357553090606295268e-02 1.357553090606295268e-02 1.357553090606295268e-02 1.357553090606295268e-02 1.357553090606295268e-02 1.357553090606295268e-02 1.357553090606295268e-02 1.357553090606295268e-02 1.357553090606295268e-02 1.357553090606295268e-02 1.357553090606295268e-02 1.357553090606295268e-02 1.357553090606295268e-02 1.357553090606295268e-02 1.357553090606295268e-02 1.357553090606295268e-02 1.357553090606295268e-02 1.357553090606295268e-02 1.357553090606295268e-02
1.281250000000000000e+00 7.328562626890494647e-03 7.328562626890494647e-03 7.328562626890494647e-03 7.328562626890494647e-03 7.328562626890494647e-03 7.328562626890494647e-03 7.328562626890494647e-03 7.328562626890494647e-03 7.328562626890494647e-03 7.328562626890494647e-03 7.328562626890494647e-03 7.328562626890494647e-03 7.328562626890494647e-03 7.328562626890494647e-03 7.328562626890494647e-03 7.328562626890494647e-03 7.328562626890494647e-03 7.328562626890494647e-03 7.328562626890494647e-03 7.328562626890494647e-03
1.296875000000000000e+00 5.422971598600308599e-03 5.422971598600308599e-03 5.422971598600308599e-03 5.422971598600308599e-03 5.422971598600308599e-03 5.422971598600308599e-03 5.422971598600308599e-03 5.422971598600308599e-03 5.422971598600308599e-03 5.422971598600308599e-03 5.422971598600308599e-03 5.422971598600308599e-03 5.422971598600308599e-03 5.422971598600308599e-03 5.422971598600308599e-03 5.422971598600308599e-03 5.422971598600308599e-03 5.422971598600308599e-03 5.422971598600308599e-03 5.422971598600308599e-03
1.312500000000000000e+00 2.472200755170580327e-02 2.472200755170580327e-02 2.472200755170580327e-02 2.472200755170580327e-02 2.472200755170580327e-02 2.472200755170580327e-02 2.472200755170580327e-02 2.472200755170580327e-02 2.472200755170580327e-02 2.472200755170580327e-02 2.472200755170580327e-02 2.472200755170580327e-02 2.472200755170580327e-02 2.472200755170580327e-02 2.472200755170580327e-02 2.472200755170580327e-02 2.472200755170580327e-02 2.472200755170580327e-02 2.472200755170580327e-02 2.472200755170580327e-02
1.328125000000000000e+00 1.895766348916081909e-02 1.895766348916081909e-02 1.895766348916081909e-02 1.895766348916081909e-02 1.895766348916081909e-02 1.895766348916081909e-02 1.895766348916081909e-02 1.895766348916081909e-02 1.895766348916081909e-02 1.895766348916081909e-02 1.895766348916081909e-02 1.895766348916081909e-02 1.895766348916081909e-02 1.895766348916081909e-02 1.895766348916081909e-02 1.895766348916081909e-02 1.895766348916081909e-02 1.895766348916081909e-02 1.895766348916081909e-02 1.895766348916081909e-02
1.343750000000000000e+00 1.162198629865263816e-02 1.162198629865263816e-02 1.162198629865263816e-02 1.162198629865263816e-02 1.162198629865263816e-02 1.162198629865263816e-02 1.162198629865263816e-02 1.162198629865263816e-02 1.162198629865263816e-02 1.162198629865263816e-02 1.162198629865263816e-02 1.162198629865263816e-02 1.162198629865263816e-02 1.162198629865263816e-02 1.162198629865263816e-02 1.162198629865263816e-02 1.162198629865263816e-02 1.162198629865263816e-02 1.162198629865263816e-02 1.162198629865263816e-02
1.359375000000000000e+00 7.755592127683760655e-03 7.755592127683760655e-03 7.755592127683760655e-03 7.755592127683760655e-03 7.755592127683760655e-03 7.755592127683760655e-03 7.755592127683760655e-03 7.755592127683760655e-03 7.755592127683760655e-03 7.755592127683760655e-03 7.755592127683760655e-03 7.755592127683760655e-03 7.755592127683760655e-03 7.755592127683760655e-03 7.755592127683760655e-03 7.755592127683760655e-03 7.755592127683760655e-03 7.755592127683760655e-03 7.755592127683760655e-03 7.755592127683760655e-03
1.375000000000000000e+00 1.002597982200630414e-02 1.002597982200630414e-02 1.002597982200630414e-02 1.002597982200630414e-02 1.002597982200630414e-02 1.002597982200630414e-02 1.002597982200630414e-02 1.002597982200630414e-02 1.002597982200630414e-02 1.002597982200630414e-02 1.002597982200630414e-02 1.002597982200630414e-02 1.002597982200630414e-02 1.002597982200630414e-02 1.002597982200630414e-02 1.002597982200630414e-02 1.002597982200630414e-02 1.002597982200630414e-02 1.002597982200630414e-02 1.002597982200630414e-02
1.390625000000000000e+00 1.053112727091058166e-02 1.053112727091058166e-02 1.053112727091058166e-02 1.053112727091058166e-02 1.053112727091058166e-02 1.053112727091058166e-02 1.053112727091058166e-02 1.053112727091058166e-02 1.053112727091058166e-02 1.053112727091058166e-02 1.053112727091058166e-02 1.053112727091058166e-02 1.053112727091058166e-02 1.053112727091058166e-02 1.053112727091058166e-02 1.053112727091058166e-02 1.053112727091058166e-02 1.053112727091058166e-02 1.053112727091058166e-02 1.053112727091058166e-02
1.406250000000000000e+00 8.564359433868023661e-03 8.564359433868023661e-03 8.564359433868023661e-03 8.564359433868023661e-03 8.564359433868023661e-03 8.564359433868023661e-03 8.564359433868023661e-03 8.564359433868023661e-03 8.564359433868023661e-03 8.564359433868023661e-03 8.564359433868023661e-03 8.564359433868023661e-03 8.564359433868023661e-03 8.564359433868023661e-03 8.564359433868023661e-03 8.564359433868023661e-03 8.564359433868023661e-03 8.564359433868023661e-03 8.564359433868023661e-03 8.564359433868023661e-03
1.421875000000000000e+00 1.036062977566310286e-02 1.036062977566310286e-02 1.036062977566310286e-02 1.036062977566310286e-02 1.036062977566310286e-02 1.036062977566310286e-02 1.036062977566310286e-02 1.036062977566310286e-02 1.036062977566310286e-02 1.036062977566310286e-02 1.036062977566310286e-02 1.036062977566310286e-02 1.036062977566310286e-02 1.036062977566310286e-02 1.036062977566310286e-02 1.036062977566310286e-02 1.036062977566310286e-02 1.036062977566310286e-02 1.036062977566310286e-02 1.036062977566310286e-02
1.437500000000000000e+00 3.203637412234623671e-03 3.203637412234623671e-03 3.203637412234623671e-03 3.203637412234623671e-03 3.203637412234623671e-03 3.203637412234623671e-03 3.203637412234623671e-03 3.203637412234623671e-03 3.203637412234623671e-03 3.203637412234623671e-03 3.203637412234623671e-03 3.203637412234623671e-03 3.203637412234623671e-03 3.203637412234623671e-03 3.203637412234623671e-03 3.203637412234623671e-03 3.203637412234623671e-03 3.203637412234623671e-03 3.203637412234623671e-03 3.203637412234623671e-03
1.453125000000000000e+00 1.936716790376290026e-03 1.936716790376290026e-03 1.936716790376290026e-03 1.936716790376290026e-03 1.936716790376290026e-03 1.936716790376290026e-03 1.936716790376290026e-03 1.936716790376290026e-03 1.936716790376290026e-03 1.936716790376290026e-03 1.936716790376290026e-03 1.936716790376290026e-03 1.936716790376290026e-03 1.936716790376290026e-03 1.936716790376290026e-03 1.936716790376290026e-03 1.936716790376290026e-03 1.936716790376290026e-03 1.936716790376290026e-03 1.936716790376290026e-03
1.468750000000000000e+00 8.478782713950342442e-01 8.478782713950342442e-01 8.478782713950342442e-01 8.478782713950342442e-01 8.478782713950342442e-01 8.478782713950342442e-01 8.478782713950342442e-01 8.478782713950342442e-01 8.478782713950342442e-01 8.478782713950342442e-01 8.478782713950342442e-01 8.478782713950342442e-01 8.478782713950342442e-01 8.478782713950342442e-01 8.478782713950342442e-01 8.478782713950342442e-01 8.478782713950342442e-01 8.478782713950342442e-01 8.478782713950342442e-01 8.478782713950342442e-01
1.484375000000000000e+00 8.904936928529648688e-01 8.904936928529648688e-01 8.904936928529648688e-01 8.904936928529648688e-01 8.904936928529648688e-01 8.904936928529648688e-01 8.904936928529648688e-01 8.904936928529648688e-01 8.904936928529648688e-01 8.904936928529648688e-01 8.904936928529648688e-01 8.904936928529648688e-01 8.904936928529648688e-01 8.904936928529648688e-01 8.904936928529648688e-01 8.904936928529648688e-01 8.904936928529648688e-01 8.904936928529648688e-01 8.904936928529648688e-01 8.904936928529648688e-01
1.500000000000000000e+00 4.363873095543143732e-01 4.363873095543143732e-01 4.363873095543143732e-01 4.363873095543143732e-01 4.363873095543143732e-01 4.363873095543143732e-01 4.363873095543143732e-01 4.363873095543143732e-01 4.363873095543143732e-01 4.363873095543143732e-01 4.363873095543143732e-01 4.363873095543143732e-01 4.363873095543143732e-01 4.363873095543143732e-01 4.363873095543143732e-01 4.363873095543143732e-01 4.363873095543143732e-01 4.363873095543143732e-01 4.363873095543143732e-01 4.363873095543143732e-01
1.515625000000000000e+00 5.864565381343229966e-02 5.864565381343229966e-02 5.864565381343229966e-02 5.864565381343229966e-02 5.864565381343229966e-02 5.864565381343229966e-02 5.864565381343229966e-02 5.864565381343229966e-02 5.864565381343229966e-02 5.864565381343229966e-02 5.864565381343229966e-02 5.864565381343229966e-02 5.864565381343229966e-02 5.864565381343229966e-02 5.864565381343229966e-02 5.864565381343229966e-02 5.864565381343229966e-02 5.864565381343229966e-02 5.864565381343229966e-02 5.864565381343229966e-02
1.531250000000000000e+00 4.163367182377235992e-02 4.163367182377235992e-02 4.163367182377235992e-02 4.163367182377235992e-02 4.163367182377235992e-02 4.163367182377235992e-02 4.163367182377235992e-02 4.163367182377235992e-02 4.163367182377235992e-02 4.163367182377235992e-02 4.163367182377235992e-02 4.163367182377235992e-02 4.163367182377235992e-02 4.163367182377235992e-02 4.163367182377235992e-02 4.163367182377235992e-02 4.163367182377235992e-02 4.163367182377235992e-02 4.163367182377235992e-02 4.163367182377235992e-02
1.546875000000000000e+00 1.092182927132341781e-02 1.092182927132341781e-02 1.092182927132341781e-02 1.092182927132341781e-02 1.092182927132341781e-02 1.092182927132341781e-02 1.092182927132341781e-02 1.092182927132341781e-02 1.092182927132341781e-02 1.092182927132341781e-02 1.092182927132341781e-02 1.092182927132341781e-02 1.092182927132341781e-02 1.092182927132341781e-02 1.092182927132341781e-02 1.092182927132341781e-02 1.092182927132341781e-02 1.092182927132341781e-02 1.092182927132341781e-02 1.092182927132341781e-02
1.562500000000000000e+00 8.487131741001827795e-03 8.487131741001827795e-03 8.487131741001827795e-03 8.487131741001827795e-03 8.487131741001827795e-03 8.487131741001827795e-03 8.487131741001827795e-03 8.487131741001827795e-03 8.487131741001827795e-03 8.487131741001827795e-03 8.487131741001827795e-03 8.487131741001827795e-03 8.487131741001827795e-03 8.487131741001827795e-03 8.487131741001827795e-03 8.487131741001827795e-03 8.487131741001827795e-03 8.487131741001827795e-03 8.487131741001827795e-03 8.487131741001827795e-03
1.578125000000000000e+00 2.151077245663709017e-02 2.151077245663709017e-02 2.151077245663709017e-02 2.151077245663709017e-02 2.151077245663709017e-02 2.151077245663709017e-02 2.151077245663709017e-02 2.151077245663709017e-02 2.151077245663709017e-02 2.151077245663709017e-02 2.151077245663709017e-02 2.151077245663709017e-02 2.151077245663709017e-02 2.151077245663709017e-02 2.151077245663709017e-02 2.151077245663709017e-02 2.151077245663709017e-02 2.151077245663709017e-02 2.151077245663709017e-02 2.151077245663709017e-02
1.593750000000000000e+00 2.341093124707968945e-02 2.341093124707968945e-02 2.341093124707968945e-02 2.341093124707968945e-02 2.341093124707968945e-02 2.341093124707968945e-02 2.341093124707968945e-02 2.341093124707968945e-02 2.341093124707968945e-02 2.341093124707968945e-02 2.341093124707968945e-02 2.341093124707968945e-02 2.341093124707968945e-02 2.341093124707968945e-02 2.341093124707968945e-02 2.341093124707968945e-02 2.341093124707968945e-02 2.341093124707968945e-02 2.341093124707968945e-02 2.341093124707968945e-02
1.609375000000000000e+00 3.859116683304458784e-02 3.859116683304458784e-02 3.859116683304458784e-02 3.859116683304458784e-02 3.859116683304458784e-02 3.859116683304458784e-02 3.859116683304458784e-02 3.859116683304458784e-02 3.859116683304458784e-02 3.859116683304458784e-02 3.859116683304458784e-02 3.859116683304458784e-02 3.859116683304458784e-02 3.859116683304458784e-02 3.859116683304458784e-02 3.859116683304458784e-02 3.859116683304458784e-02 3.859116683304458784e-02 3.859116683304458784e-02 3.859116683304458784e-02
1.625000000000000000e+00 1.564485276421929416e-01 1.564485276421929416e-01 1.564485276421929416e-01 1.564485276421929416e-01 1.564485276421929416e-01 1.564485276421929416e-01 1.564485276421929416e-01 1.564485276421929416e-01 1.564485276421929416e-01 1.564485276421929416e-01 1.564485276421929416e-01 1.564485276421929416e-01 1.564485276421929416e-01 1.564485276421929416e-01 1.564485276421929416e-01 1.564485276421929416e-01 1.564485276421929416e-01 1.564485276421929416e-01 1.564485276421929416e-01 1.564485276421929416e-01
1.640625000000000000e+00 3.924898652165339369e-02 3.924898652165339369e-02 3.924898652165339369e-02 3.924898652165339369e-02 3.924898652165339369e-02 3.924898652165339369e-02 3.924898652165339369e-02 3.924898652165339369e-02 3.924898652165339369e-02 3.924898652165339369e-02 3.924898652165339369e-02 3.924898652165339369e-02 3.924898652165339369e-02 3.924898652165339369e-02 3.924898652165339369e-02 3.924898652165339369e-02 3.924898652165339369e-02 3.924898652165339369e-02 3.924898652165339369e-02 3.924898652165339369e-02
1.656250000000000000e+00 9.848382544988799892e-03 9.848382544988799892e-03 9.848382544988799892e-03 9.848382544988799892e-03 9.848382544988799892e-03 9.848382544988799892e-03 9.848382544988799892e-03 9.848382544988799892e-03 9.848382544988799892e-03 9.848382544988799892e-03 9.848382544988799892e-03 9.848382544988799892e-03 9.848382544988799892e-03 9.848382544988799892e-03 9.848382544988799892e-03 9.848382544988799892e-03 9.848382544988799892e-03 9.848382544988799892e-03 9.848382544988799892e-03 9.848382544988799892e-03
1.671875000000000000e+00 5.975433302884428088e-03 5.975433302884428088e-03 5.975433302884428088e-03 5.975433302884428088e-03 5.975433302884428088e-03 5.975433302884428088e-03 5.975433302884428088e-03 5.975433302884428088e-03 5.975433302884428088e-03 5.975433302884428088e-03 5.975433302884428088e-03 5.975433302884428088e-03 5.975433302884428088e-03 5.975433302884428088e-03 5.975433302884428088e-03 5.975433302884428088e-03 5.975433302884428088e-03 5.975433302884428088e-03 5.975433302884428088e-03 5.975433302884428088e-03
1.687500000000000000e+00 5.439406147183173564e-03 5.439406147183173564e-03 5.439406147183173564e-03 5.439406147183173564e-03 5.439406147183173564e-03 5.439406147183173564e-03 5.439406147183173564e-03 5.439406147183173564e-03 5.439406147183173564e-03 5.439406147183173564e-03 5.439406147183173564e-03 5.439406147183173564e-03 5.439406147183173564e-03 5.439406147183173564e-03 5.439406147183173564e-03 5.439406147183173564e-03 5.439406147183173564e-03 5.439406147183173564e-03 5.439406147183173564e-03 5.439406147183173564e-03
1.703125000000000000e+00 7.071732058084058675e-04 7.071732058084058675e-04 7.071732058084058675e-04 7.071732058084058675e-04 7.071732058084058675e-04 7.071732058084058675e-04 7.071732058084058675e-04 7.071732058084058675e-04 7.071732058084058675e-04 7.071732058084058675e-04 7.071732058084058675e-04 7.071732058084058675e-04 7.071732058084058675e-04 7.071732058084058675e-04 7.071732058084058675e-04 7.071732058084058675e-04 7.071732058084058675e-04 7.071732058084058675e-04 7.071732058084058675e-04 7.071732058084058675e-04
1.718750000000000000e+00 9.476815550677059052e-03 9.476815550677059052e-03 9.476815550677059052e-03 9.476815550677059052e-03 9.476815550677059052e-03 9.476815550677059052e-03 9.476815550677059052e-03 9.476815550677059052e-03 9.476815550677059052e-03 9.476815550677059052e-03 9.476815550677059052e-03 9.476815550677059052e-03 9.476815550677059052e-03 9.476815550677059052e-03 9.476815550677059052e-03 9.476815550677059052e-03 9.476815550677059052e-03 9.476815550677059052e-03 9.476815550677059052e-03 9.476815550677059052e-03
1.734375000000000000e+00 5.967694063884802780e-03 5.967694063884802780e-03 5.967694063884802780e-03 5.967694063884802780e-03 5.967694063884802780e-03 5.967694063884802780e-03 5.967694063884802780e-03 5.967694063884802780e-03 5.967694063884802780e-03 5.967694063884802780e-03 5.967694063884802780e-03 5.967694063884802780e-03 5.967694063884802780e-03 5.967694063884802780e-03 5.967694063884802780e-03 5.967694063884802780e-03 5.967694063884802780e-03 5.967694063884802780e-03 5.967694063884802780e-03 5.967694063884802780e-03
1.750000000000000000e+00 6.708719891078847308e-02 6.708719891078847308e-02 6.708719891078847308e-02 6.708719891078847308e-02 6.708719891078847308e-02 6.708719891078847308e-02 6.708719891078847308e-02 6.708719891078847308e-02 6.708719891078847308e-02 6.708719891078847308e-02 6.708719891078847308e-02 6.708719891078847308e-02 6.708719891078847308e-02 6.708719891078847308e-02 6.708719891078847308e-02 6.708719891078847308e-02 6.708719891078847308e-02 6.708719891078847308e-02 6.708719891078847308e-02 6.708719891078847308e-02
1.765625000000000000e+00 7.239565552109163138e-02 7.239565552109163138e-02 7.239565552109163138e-02 7.239565552109163138e-02 7.239565552109163138e-02 7.239565552109163138e-02 7.239565552109163138e-02 7.239565552109163138e-02 7.239565552109163138e-02 7.239565552109163138e-02 7.239565552109163138e-02 7.239565552109163138e-02 7.239565552109163138e-02 7.239565552109163138e-02 7.239565552109163138e-02 7.239565552109163138e-02 7.239565552109163138e-02 7.239565552109163138e-02 7.239565552109163138e-02 7.239565552109163138e-02
1.781250000000000000e+00 1.812466351669337521e-03 1.812466351669337521e-03 1.812466351669337521e-03 1.812466351669337521e-03 1.812466351669337521e-03 1.812466351669337521e-03 1.812466351669337521e-03 1.812466351669337521e-03 1.812466351669337521e-03 1.812466351669337521e-03 1.812466351669337521e-03 1.812466351669337521e-03 1.812466351669337521e-03 1.812466351669337521e-03 1.812466351669337521e-03 1.812466351669337521e-03 1.812466351669337521e-03 1.812466351669337521e-03 1.812466351669337521e-03 1.812466351669337521e-03
1.796875000000000000e+00 7.528944536920599865e-04 7.528944536920599865e-04 7.528944536920599865e-04 7.528944536920599865e-04 7.528944536920599865e-04 7.528944536920599865e-04 7.528944536920599865e-04 7.528944536920599865e-04 7.528944536920599865e-04 7.528944536920599865e-04 7.528944536920599865e-04 7.528944536920599865e-04 7.528944536920599865e-04 7.528944536920599865e-04 7.528944536920599865e-04 7.528944536920599865e-04 7.528944536920599865e-04 7.528944536920599865e-04 7.528944536920599865e-04 7.528944536920599865e-04
1.812500000000000000e+00 2.253403025647281524e-02 2.253403025647281524e-02 2.253403025647281524e-02 2.253403025647281524e-02 2.253403025647281524e-02 2.253403025647281524e-02 2.253403025647281524e-02 2.253403025647281524e-02 2.253403025647281524e-02 2.253403025647281524e-02 2.253403025647281524e-02 2.253403025647281524e-02 2.253403025647281524e-02 2.253403025647281524e-02 2.253403025647281524e-02 2.253403025647281524e-02 2.253403025647281524e-02 2.253403025647281524e-02 2.253403025647281524e-02 2.253403025647281524e-02
1.828125000000000000e+00 8.571876161238204186e-03 8.571876161238204186e-03 8.571876161238204186e-03 8.571876161238204186e-03 8.571876161238204186e-03 8.571876161238204186e-03 8.571876161238204186e-03 8.571876161238204186e-03 8.571876161238204186e-03 8.571876161238204186e-03 8.571876161238204186e-03 8.571876161238204186e-03 8.571876161238204186e-03 8.571876161238204186e-03 8.571876161238204186e-03 8.571876161238204186e-03 8.571876161238204186e-03 8.571876161238204186e-03 8.571876161238204186e-03 8.571876161238204186e-03
1.843750000000000000e+00 1.098167682468382048e-02 1.098167682468382048e-02 1.098167682468382048e-02 1.098167682468382048e-02 1.098167682468382048e-02 1.098167682468382048e-02 1.098167682468382048e-02 1.098167682468382048e-02 1.098167682468382048e-02 1.098167682468382048e-02 1.098167682468382048e-02 1.098167682468382048e-02 1.098167682468382048e-02 1.098167682468382048e-02 1.098167682468382048e-02 1.098167682468382048e-02 1.098167682468382048e-02 1.098167682468382048e-02 1.098167682468382048e-02 1.098167682468382048e-02
1.859375000000000000e+00 3.343217016742274644e-02 3.343217016742274644e-02 3.343217016742274644e-02 3.343217016742274644e-02 3.343217016742274644e-02 3.343217016742274644e-02 3.343217016742274644e-02 3.343217016742274644e-02 3.343217016742274644e-02 3.343217016742274644e-02 3.343217016742274644e-02 3.343217016742274644e-02 3.343217016742274644e-02 3.343217016742274644e-02 3.343217016742274644e-02 3.343217016742274644e-02 3.343217016742274644e-02 3.343217016742274644e-02 3.343217016742274644e-02 3.343217016742274644e-02
1.875000000000000000e+00 5.573417768497170022e-02 5.573417768497170022e-02 5.573417768497170022e-02 5.573417768497170022e-02 5.573417768497170022e-02 5.573417768497170022e-02 5.573417768497170022e-02 5.573417768497170022e-02 5.573417768497170022e-02 5.573417768497170022e-02 5.573417768497170022e-02 5.573417768497170022e-02 5.573417768497170022e-02 5.573417768497170022e-02 5.573417768497170022e-02 5.573417768497170022e-02 5.573417768497170022e-02 5.573417768497170022e-02 5.573417768497170022e-02 5.573417768497170022e-02
1.890625000000000000e+00 8.308501594608506957e-02 8.308501594608506957e-02 8.308501594608506957e-02 8.308501594608506957e-02 8.308501594608506957e-02 8.308501594608506957e-02 8.308501594608506957e-02 8.308501594608506957e-02 8.308501594608506957e-02 8.308501594608506957e-02 8.308501594608506957e-02 8.308501594608506957e-02 8.308501594608506957e-02 8.308501594608506957e-02 8.308501594608506957e-02 8.308501594608506957e-02 8.308501594608506957e-02 8.308501594608506957e-02 8.308501594608506957e-02 8.308501594608506957e-02
1.906250000000000000e+00 8.684398429223364468e-01 8.684398429223364468e-01 8.684398429223364468e-01 8.684398429223364468e-01 8.684398429223364468e-01 8.684398429223364468e-01 8.684398429223364468e-01 8.684398429223364468e-01 8.684398429223364468e-01 8.684398429223364468e-01 8.684398429223364468e-01 8.684398429223364468e-01 8.684398429223364468e-01 8.684398429223364468e-01 8.684398429223364468e-01 8.684398429223364468e-01 8.684398429223364468e-01 8.684398429223364468e-01 8.684398429223364468e-01 8.684398429223364468e-01
1.921875000000000000e+00 9.194518933100641611e-01 9.194518933100641611e-01 9.194518933100641611e-01 9.194518933100641611e-01 9.194518933100641611e-01 9.194518933100641611e-01 9.194518933100641611e-01 9.194518933100641611e-01 9.194518933100641611e-01 9.194518933100641611e-01 9.194518933100641611e-01 9.194518933100641611e-01 9.194518933100641611e-01 9.194518933100641611e-01 9.194518933100641611e-01 9.194518933100641611e-01 9.194518933100641611e-01 9.194518933100641611e-01 9.194518933100641611e-01 9.194518933100641611e-01
1.937500000000000000e+00 3.813018506150341325e-01 3.813018506150341325e-01 3.813018506150341325e-01 3.813018506150341325e-01 3.813018506150341325e-01 3.813018506150341325e-01 3.813018506150341325e-01 3.813018506150341325e-01 3.813018506150341325e-01 3.813018506150341325e-01 3.813018506150341325e-01 3.813018506150341325e-01 3.813018506150341325e-01 3.813018506150341325e-01 3.813018506150341325e-01 3.813018506150341325e-01 3.813018506150341325e-01 3.813018506150341325e-01 3.813018506150341325e-01 3.813018506150341325e-01
1.953125000000000000e+00 8.747336382953675368e-03 8.747336382953675368e-03 8.747336382953675368e-03 8.747336382953675368e-03 8.747336382953675368e-03 8.747336382953675368e-03 8.747336382953675368e-03 8.747336382953675368e-03 8.747336382953675368e-03 8.747336382953675368e-03 8.747336382953675368e-03 8.747336382953675368e-03 8.747336382953675368e-03 8.747336382953675368e-03 8.747336382953675368e-03 8.747336382953675368e-03 8.747336382953675368e-03 8.747336382953675368e-03 8.747336382953675368e-03 8.747336382953675368e-03
1.968750000000000000e+00 4.557676337133277980e-03 4.557676337133277980e-03 4.557676337133277980e-03 4.557676337133277980e-03 4.557676337133277980e-03 4.557676337133277980e-03 4.557676337133277980e-03 4.557676337133277980e-03 4.557676337133277980e-03 4.557676337133277980e-03 4.557676337133277980e-03 4.557676337133277980e-03 4.557676337133277980e-03 4.557676337133277980e-03 4.557676337133277980e-03 4.557676337133277980e-03 4.557676337133277980e-03 4.557676337133277980e-03 4.557676337133277980e-03 4.557676337133277980e-03
1.984375000000000000e+00 3.672491663444377857e-02 3.672491663444377857e-02 3.672491663444377857e-02 3.672491663444377857e-02 3.672491663444377857e-02 3.672491663444377857e-02 3.672491663444377857e-02 3.672491663444377857e-02 3.672491663444377857e-02 3.672491663444377857e-02 3.672491663444377857e-02 3.672491663444377857e-02 3.672491663444377857e-02 3.672491663444377857e-02 3.672491663444377857e-02 3.672491663444377857e-02 3.672491663444377857e-02 3.672491663444377857e-02 3.672491663444377857e-02 3.672491663444377857e-02
2.000000000000000000e+00 5.059252770690618461e-02 5.059252770690618461e-02 5.059252770690618461e-02 5.059252770690618461e-02 5.059252770690618461e-02 5.059252770690618461e-02 5.059252770690618461e-02 5.059252770690618461e-02 5.059252770690618461e-02 5.059252770690618461e-02 5.059252770690618461e-02 5.059252770690618461e-02 5.059252770690618461e-02 5.059252770690618461e-02 5.059252770690618461e-02 5.059252770690618461e-02 5.059252770690618461e-02 5.059252770690618461e-02 5.059252770690618461e-02 5.059252770690618461e-02
