0.000000000000000000e+00 7.373896433829320307e-02 7.373896433829320307e-02 7.373896433829320307e-02 7.373896433829320307e-02 7.373896433829320307e-02 7.373896433829320307e-02 7.373896433829320307e-02 7.373896433829320307e-02 7.373896433829320307e-02 7.373896433829320307e-02 7.373896433829320307e-02 7.373896433829320307e-02 7.373896433829320307e-02 7.373896433829320307e-02 7.373896433829320307e-02 7.373896433829320307e-02 7.373896433829320307e-02 7.373896433829320307e-02 7.373896433829320307e-02 7.373896433829320307e-02
1.562500000000000000e-02 8.343624328197829509e-02 8.343624328197829509e-02 8.343624328197829509e-02 8.343624328197829509e-02 8.343624328197829509e-02 8.343624328197829509e-02 8.343624328197829509e-02 8.343624328197829509e-02 8.343624328197829509e-02 8.343624328197829509e-02 8.343624328197829509e-02 8.343624328197829509e-02 8.343624328197829509e-02 8.343624328197829509e-02 8.343624328197829509e-02 8.343624328197829509e-02 8.343624328197829509e-02 8.343624328197829509e-02 8.343624328197829509e-02 8.343624328197829509e-02
3.125000000000000000e-02 1.642311373877805014e-01 1.642311373877805014e-01 1.642311373877805014e-01 1.642311373877805014e-01 1.642311373877805014e-01 1.642311373877805014e-01 1.642311373877805014e-01 1.642311373877805014e-01 1.642311373877805014e-01 1.642311373877805014e-01 1.642311373877805014e-01 1.642311373877805014e-01 1.642311373877805014e-01 1.642311373877805014e-01 1.642311373877805014e-01 1.642311373877805014e-01 1.642311373877805014e-01 1.642311373877805014e-01 1.642311373877805014e-01 1.642311373877805014e-01
4.687500000000000000e-02 1.031843595666931540e-01 1.031843595666931540e-01 1.031843595666931540e-01 1.031843595666931540e-01 1.031843595666931540e-01 1.031843595666931540e-01 1.031843595666931540e-01 1.031843595666931540e-01 1.031843595666931540e-01 1.031843595666931540e-01 1.031843595666931540e-01 1.031843595666931540e-01 1.031843595666931540e-01 1.031843595666931540e-01 1.031843595666931540e-01 1.031843595666931540e-01 1.031843595666931540e-01 1.031843595666931540e-01 1.031843595666931540e-01 1.031843595666931540e-01
6.250000000000000000e-02 2.491496618358799570e-02 2.491496618358799570e-02 2.491496618358799570e-02 2.491496618358799570e-02 2.491496618358799570e-02 2.491496618358799570e-02 2.491496618358799570e-02 2.491496618358799570e-02 2.491496618358799570e-02 2.491496618358799570e-02 2.491496618358799570e-02 2.491496618358799570e-02 2.491496618358799570e-02 2.491496618358799570e-02 2.491496618358799570e-02 2.491496618358799570e-02 2.491496618358799570e-02 2.491496618358799570e-02 2.491496618358799570e-02 2.491496618358799570e-02
7.812500000000000000e-02 2.531108057546146289e-02 2.531108057546146289e-02 2.531108057546146289e-02 2.531108057546146289e-02 2.531108057546146289e-02 2.531108057546146289e-02 2.531108057546146289e-02 2.531108057546146289e-02 2.531108057546146289e-02 2.531108057546146289e-02 2.531108057546146289e-02 2.531108057546146289e-02 2.531108057546146289e-02 2.531108057546146289e-02 2.531108057546146289e-02 2.531108057546146289e-02 2.531108057546146289e-02 2.531108057546146289e-02 2.531108057546146289e-02 2.531108057546146289e-02
9.375000000000000000e-02 4.430401886639012687e-01 4.430401886639012687e-01 4.430401886639012687e-01 4.430401886639012687e-01 4.430401886639012687e-01 4.430401886639012687e-01 4.430401886639012687e-01 4.430401886639012687e-01 4.430401886639012687e-01 4.430401886639012687e-01 4.430401886639012687e-01 4.430401886639012687e-01 4.430401886639012687e-01 4.430401886639012687e-01 4.430401886639012687e-01 4.430401886639012687e-01 4.430401886639012687e-01 4.430401886639012687e-01 4.430401886639012687e-01 4.430401886639012687e-01
1.093750000000000000e-01 8.926262944735999794e-01 8.926262944735999794e-01 8.926262944735999794e-01 8.926262944735999794e-01 8.926262944735999794e-01 8.926262944735999794e-01 8.926262944735999794e-01 8.926262944735999794e-01 8.926262944735999794e-01 8.926262944735999794e-01 8.926262944735999794e-01 8.926262944735999794e-01 8.926262944735999794e-01 8.926262944735999794e-01 8.926262944735999794e-01 8.926262944735999794e-01 8.926262944735999794e-01 8.926262944735999794e-01 8.926262944735999794e-01 8.926262944735999794e-01
1.250000000000000000e-01 9.768060836265054503e-01 9.768060836265054503e-01 9.768060836265054503e-01 9.768060836265054503e-01 9.768060836265054503e-01 9.768060836265054503e-01 9.768060836265054503e-01 9.768060836265054503e-01 9.768060836265054503e-01 9.768060836265054503e-01 9.768060836265054503e-01 9.768060836265054503e-01 9.768060836265054503e-01 9.768060836265054503e-01 9.768060836265054503e-01 9.768060836265054503e-01 9.768060836265054503e-01 9.768060836265054503e-01 9.768060836265054503e-01 9.768060836265054503e-01
1.406250000000000000e-01 9.990253867952700872e-01 9.990253867952700872e-01 9.990253867952700872e-01 9.990253867952700872e-01 9.990253867952700872e-01 9.990253867952700872e-01 9.990253867952700872e-01 9.990253867952700872e-01 9.990253867952700872e-01 9.990253867952700872e-01 9.990253867952700872e-01 9.990253867952700872e-01 9.990253867952700872e-01 9.990253867952700872e-01 9.990253867952700872e-01 9.990253867952700872e-01 9.990253867952700872e-01 9.990253867952700872e-01 9.990253867952700872e-01 9.990253867952700872e-01
1.562500000000000000e-01 9.998646875593809602e-01 9.998646875593809602e-01 9.998646875593809602e-01 9.998646875593809602e-01 9.998646875593809602e-01 9.998646875593809602e-01 9.998646875593809602e-01 9.998646875593809602e-01 9.998646875593809602e-01 9.998646875593809602e-01 9.998646875593809602e-01 9.998646875593809602e-01 9.998646875593809602e-01 9.998646875593809602e-01 9.998646875593809602e-01 9.998646875593809602e-01 9.998646875593809602e-01 9.998646875593809602e-01 9.998646875593809602e-01 9.998646875593809602e-01
1.718750000000000000e-01 9.999909922929955952e-01 9.999909922929955952e-01 9.999909922929955952e-01 9.999909922929955952e-01 9.999909922929955952e-01 9.999909922929955952e-01 9.999909922929955952e-01 9.999909922929955952e-01 9.999909922929955952e-01 9.999909922929955952e-01 9.999909922929955952e-01 9.999909922929955952e-01 9.999909922929955952e-01 9.999909922929955952e-01 9.999909922929955952e-01 9.999909922929955952e-01 9.999909922929955952e-01 9.999909922929955952e-01 9.999909922929955952e-01 9.999909922929955952e-01
1.875000000000000000e-01 9.999999282686857782e-01 9.999999282686857782e-01 9.999999282686857782e-01 9.999999282686857782e-01 9.999999282686857782e-01 9.999999282686857782e-01 9.999999282686857782e-01 9.999999282686857782e-01 9.999999282686857782e-01 9.999999282686857782e-01 9.999999282686857782e-01 9.999999282686857782e-01 9.999999282686857782e-01 9.999999282686857782e-01 9.999999282686857782e-01 9.999999282686857782e-01 9.999999282686857782e-01 9.999999282686857782e-01 9.999999282686857782e-01 9.999999282686857782e-01
2.031250000000000000e-01 9.999999477173954210e-01 9.999999477173954210e-01 9.999999477173954210e-01 9.999999477173954210e-01 9.999999477173954210e-01 9.999999477173954210e-01 9.999999477173954210e-01 9.999999477173954210e-01 9.999999477173954210e-01 9.999999477173954210e-01 9.999999477173954210e-01 9.999999477173954210e-01 9.999999477173954210e-01 9.999999477173954210e-01 9.999999477173954210e-01 9.999999477173954210e-01 9.999999477173954210e-01 9.999999477173954210e-01 9.999999477173954210e-01 9.999999477173954210e-01
2.187500000000000000e-01 9.999995712032431205e-01 9.999995712032431205e-01 9.999995712032431205e-01 9.999995712032431205e-01 9.999995712032431205e-01 9.999995712032431205e-01 9.999995712032431205e-01 9.999995712032431205e-01 9.999995712032431205e-01 9.999995712032431205e-01 9.999995712032431205e-01 9.999995712032431205e-01 9.999995712032431205e-01 9.999995712032431205e-01 9.999995712032431205e-01 9.999995712032431205e-01 9.999995712032431205e-01 9.999995712032431205e-01 9.999995712032431205e-01 9.999995712032431205e-01
2.343750000000000000e-01 9.999364220808278914e-01 9.999364220808278914e-01 9.999364220808278914e-01 9.999364220808278914e-01 9.999364220808278914e-01 9.999364220808278914e-01 9.999364220808278914e-01 9.999364220808278914e-01 9.999364220808278914e-01 9.999364220808278914e-01 9.999364220808278914e-01 9.999364220808278914e-01 9.999364220808278914e-01 9.999364220808278914e-01 9.999364220808278914e-01 9.999364220808278914e-01 9.999364220808278914e-01 9.999364220808278914e-01 9.999364220808278914e-01 9.999364220808278914e-01
2.500000000000000000e-01 9.993942783130091989e-01 9.993942783130091989e-01 9.993942783130091989e-01 9.993942783130091989e-01 9.993942783130091989e-01 9.993942783130091989e-01 9.993942783130091989e-01 9.993942783130091989e-01 9.993942783130091989e-01 9.993942783130091989e-01 9.993942783130091989e-01 9.993942783130091989e-01 9.993942783130091989e-01 9.993942783130091989e-01 9.993942783130091989e-01 9.993942783130091989e-01 9.993942783130091989e-01 9.993942783130091989e-01 9.993942783130091989e-01 9.993942783130091989e-01
2.656250000000000000e-01 9.954979733303677136e-01 9.954979733303677136e-01 9.954979733303677136e-01 9.954979733303677136e-01 9.954979733303677136e-01 9.954979733303677136e-01 9.954979733303677136e-01 9.954979733303677136e-01 9.954979733303677136e-01 9.954979733303677136e-01 9.954979733303677136e-01 9.954979733303677136e-01 9.954979733303677136e-01 9.954979733303677136e-01 9.954979733303677136e-01 9.954979733303677136e-01 9.954979733303677136e-01 9.954979733303677136e-01 9.954979733303677136e-01 9.954979733303677136e-01
2.812500000000000000e-01 9.912819915867445708e-01 9.912819915867445708e-01 9.912819915867445708e-01 9.912819915867445708e-01 9.912819915867445708e-01 9.912819915867445708e-01 9.912819915867445708e-01 9.912819915867445708e-01 9.912819915867445708e-01 9.912819915867445708e-01 9.912819915867445708e-01 9.912819915867445708e-01 9.912819915867445708e-01 9.912819915867445708e-01 9.912819915867445708e-01 9.912819915867445708e-01 9.912819915867445708e-01 9.912819915867445708e-01 9.912819915867445708e-01 9.912819915867445708e-01
2.968750000000000000e-01 9.890776097370450604e-01 9.890776097370450604e-01 9.890776097370450604e-01 9.890776097370450604e-01 9.890776097370450604e-01 9.890776097370450604e-01 9.890776097370450604e-01 9.890776097370450604e-01 9.890776097370450604e-01 9.890776097370450604e-01 9.890776097370450604e-01 9.890776097370450604e-01 9.890776097370450604e-01 9.890776097370450604e-01 9.890776097370450604e-01 9.890776097370450604e-01 9.890776097370450604e-01 9.890776097370450604e-01 9.890776097370450604e-01 9.890776097370450604e-01
3.125000000000000000e-01 9.296363804665429553e-01 9.296363804665429553e-01 9.296363804665429553e-01 9.296363804665429553e-01 9.296363804665429553e-01 9.296363804665429553e-01 9.296363804665429553e-01 9.296363804665429553e-01 9.296363804665429553e-01 9.296363804665429553e-01 9.296363804665429553e-01 9.296363804665429553e-01 9.296363804665429553e-01 9.296363804665429553e-01 9.296363804665429553e-01 9.296363804665429553e-01 9.296363804665429553e-01 9.296363804665429553e-01 9.296363804665429553e-01 9.296363804665429553e-01
3.281250000000000000e-01 9.271693307484388802e-01 9.271693307484388802e-01 9.271693307484388802e-01 9.271693307484388802e-01 9.271693307484388802e-01 9.271693307484388802e-01 9.271693307484388802e-01 9.271693307484388802e-01 9.271693307484388802e-01 9.271693307484388802e-01 9.271693307484388802e-01 9.271693307484388802e-01 9.271693307484388802e-01 9.271693307484388802e-01 9.271693307484388802e-01 9.271693307484388802e-01 9.271693307484388802e-01 9.271693307484388802e-01 9.271693307484388802e-01 9.271693307484388802e-01
3.437500000000000000e-01 6.848783053239188012e-01 6.848783053239188012e-01 6.848783053239188012e-01 6.848783053239188012e-01 6.848783053239188012e-01 6.848783053239188012e-01 6.848783053239188012e-01 6.848783053239188012e-01 6.848783053239188012e-01 6.848783053239188012e-01 6.848783053239188012e-01 6.848783053239188012e-01 6.848783053239188012e-01 6.848783053239188012e-01 6.848783053239188012e-01 6.848783053239188012e-01 6.848783053239188012e-01 6.848783053239188012e-01 6.848783053239188012e-01 6.848783053239188012e-01
3.593750000000000000e-01 7.355202712114370378e-01 7.355202712114370378e-01 7.355202712114370378e-01 7.355202712114370378e-01 7.355202712114370378e-01 7.355202712114370378e-01 7.355202712114370378e-01 7.355202712114370378e-01 7.355202712114370378e-01 7.355202712114370378e-01 7.355202712114370378e-01 7.355202712114370378e-01 7.355202712114370378e-01 7.355202712114370378e-01 7.355202712114370378e-01 7.355202712114370378e-01 7.355202712114370378e-01 7.355202712114370378e-01 7.355202712114370378e-01 7.355202712114370378e-01
3.750000000000000000e-01 2.783558367419677188e-02 2.783558367419677188e-02 2.783558367419677188e-02 2.783558367419677188e-02 2.783558367419677188e-02 2.783558367419677188e-02 2.783558367419677188e-02 2.783558367419677188e-02 2.783558367419677188e-02 2.783558367419677188e-02 2.783558367419677188e-02 2.783558367419677188e-02 2.783558367419677188e-02 2.783558367419677188e-02 2.783558367419677188e-02 2.783558367419677188e-02 2.783558367419677188e-02 2.783558367419677188e-02 2.783558367419677188e-02 2.783558367419677188e-02
3.906250000000000000e-01 8.639038390554477573e-03 8.639038390554477573e-03 8.639038390554477573e-03 8.639038390554477573e-03 8.639038390554477573e-03 8.639038390554477573e-03 8.639038390554477573e-03 8.639038390554477573e-03 8.639038390554477573e-03 8.639038390554477573e-03 8.639038390554477573e-03 8.639038390554477573e-03 8.639038390554477573e-03 8.639038390554477573e-03 8.639038390554477573e-03 8.639038390554477573e-03 8.639038390554477573e-03 8.639038390554477573e-03 8.639038390554477573e-03 8.639038390554477573e-03
4.062500000000000000e-01 1.025758878031922394e-02 1.025758878031922394e-02 1.025758878031922394e-02 1.025758878031922394e-02 1.025758878031922394e-02 1.025758878031922394e-02 1.025758878031922394e-02 1.025758878031922394e-02 1.025758878031922394e-02 1.025758878031922394e-02 1.025758878031922394e-02 1.025758878031922394e-02 1.025758878031922394e-02 1.025758878031922394e-02 1.025758878031922394e-02 1.025758878031922394e-02 1.025758878031922394e-02 1.025758878031922394e-02 1.025758878031922394e-02 1.025758878031922394e-02
4.218750000000000000e-01 1.100205801365165305e-02 1.100205801365165305e-02 1.100205801365165305e-02 1.100205801365165305e-02 1.100205801365165305e-02 1.100205801365165305e-02 1.100205801365165305e-02 1.100205801365165305e-02 1.100205801365165305e-02 1.100205801365165305e-02 1.100205801365165305e-02 1.100205801365165305e-02 1.100205801365165305e-02 1.100205801365165305e-02 1.100205801365165305e-02 1.100205801365165305e-02 1.100205801365165305e-02 1.100205801365165305e-02 1.100205801365165305e-02 1.100205801365165305e-02
4.375000000000000000e-01 1.637177226795338836e-02 1.637177226795338836e-02 1.637177226795338836e-02 1.637177226795338836e-02 1.637177226795338836e-02 1.637177226795338836e-02 1.637177226795338836e-02 1.637177226795338836e-02 1.637177226795338836e-02 1.637177226795338836e-02 1.637177226795338836e-02 1.637177226795338836e-02 1.637177226795338836e-02 1.637177226795338836e-02 1.637177226795338836e-02 1.637177226795338836e-02 1.637177226795338836e-02 1.637177226795338836e-02 1.637177226795338836e-02 1.637177226795338836e-02
4.531250000000000000e-01 2.960924492648639092e-02 2.960924492648639092e-02 2.960924492648639092e-02 2.960924492648639092e-02 2.960924492648639092e-02 2.960924492648639092e-02 2.960924492648639092e-02 2.960924492648639092e-02 2.960924492648639092e-02 2.960924492648639092e-02 2.960924492648639092e-02 2.960924492648639092e-02 2.960924492648639092e-02 2.960924492648639092e-02 2.960924492648639092e-02 2.960924492648639092e-02 2.960924492648639092e-02 2.960924492648639092e-02 2.960924492648639092e-02 2.960924492648639092e-02
4.687500000000000000e-01 1.484170410983606976e-02 1.484170410983606976e-02 1.484170410983606976e-02 1.484170410983606976e-02 1.484170410983606976e-02 1.484170410983606976e-02 1.484170410983606976e-02 1.484170410983606976e-02 1.484170410983606976e-02 1.484170410983606976e-02 1.484170410983606976e-02 1.484170410983606976e-02 1.484170410983606976e-02 1.484170410983606976e-02 1.484170410983606976e-02 1.484170410983606976e-02 1.484170410983606976e-02 1.484170410983606976e-02 1.484170410983606976e-02 1.484170410983606976e-02
4.843750000000000000e-01 6.300426203612144449e-02 6.300426203612144449e-02 6.300426203612144449e-02 6.300426203612144449e-02 6.300426203612144449e-02 6.300426203612144449e-02 6.300426203612144449e-02 6.300426203612144449e-02 6.300426203612144449e-02 6.300426203612144449e-02 6.300426203612144449e-02 6.300426203612144449e-02 6.300426203612144449e-02 6.300426203612144449e-02 6.300426203612144449e-02 6.300426203612144449e-02 6.300426203612144449e-02 6.300426203612144449e-02 6.300426203612144449e-02 6.300426203612144449e-02
5.000000000000000000e-01 1.643030062586181839e-01 1.643030062586181839e-01 1.643030062586181839e-01 1.643030062586181839e-01 1.643030062586181839e-01 1.643030062586181839e-01 1.643030062586181839e-01 1.643030062586181839e-01 1.643030062586181839e-01 1.643030062586181839e-01 1.643030062586181839e-01 1.643030062586181839e-01 1.643030062586181839e-01 1.643030062586181839e-01 1.643030062586181839e-01 1.643030062586181839e-01 1.643030062586181839e-01 1.643030062586181839e-01 1.643030062586181839e-01 1.643030062586181839e-01
5.156250000000000000e-01 3.132874203992486173e-01 3.132874203992486173e-01 3.132874203992486173e-01 3.132874203992486173e-01 3.132874203992486173e-01 3.132874203992486173e-01 3.132874203992486173e-01 3.132874203992486173e-01 3.132874203992486173e-01 3.132874203992486173e-01 3.132874203992486173e-01 3.132874203992486173e-01 3.132874203992486173e-01 3.132874203992486173e-01 3.132874203992486173e-01 3.132874203992486173e-01 3.132874203992486173e-01 3.132874203992486173e-01 3.132874203992486173e-01 3.132874203992486173e-01
5.312500000000000000e-01 1.095843733317676399e-01 1.095843733317676399e-01 1.095843733317676399e-01 1.095843733317676399e-01 1.095843733317676399e-01 1.095843733317676399e-01 1.095843733317676399e-01 1.095843733317676399e-01 1.095843733317676399e-01 1.095843733317676399e-01 1.095843733317676399e-01 1.095843733317676399e-01 1.095843733317676399e-01 1.095843733317676399e-01 1.095843733317676399e-01 1.095843733317676399e-01 1.095843733317676399e-01 1.095843733317676399e-01 1.095843733317676399e-01 1.095843733317676399e-01
5.468750000000000000e-01 2.010372517601656875e-02 2.010372517601656875e-02 2.010372517601656875e-02 2.010372517601656875e-02 2.010372517601656875e-02 2.010372517601656875e-02 2.010372517601656875e-02 2.010372517601656875e-02 2.010372517601656875e-02 2.010372517601656875e-02 2.010372517601656875e-02 2.010372517601656875e-02 2.010372517601656875e-02 2.010372517601656875e-02 2.010372517601656875e-02 2.010372517601656875e-02 2.010372517601656875e-02 2.010372517601656875e-02 2.010372517601656875e-02 2.010372517601656875e-02
5.625000000000000000e-01 9.581668028848509822e-02 9.581668028848509822e-02 9.581668028848509822e-02 9.581668028848509822e-02 9.581668028848509822e-02 9.581668028848509822e-02 9.581668028848509822e-02 9.581668028848509822e-02 9.581668028848509822e-02 9.581668028848509822e-02 9.581668028848509822e-02 9.581668028848509822e-02 9.581668028848509822e-02 9.581668028848509822e-02 9.581668028848509822e-02 9.581668028848509822e-02 9.581668028848509822e-02 9.581668028848509822e-02 9.581668028848509822e-02 9.581668028848509822e-02
5.781250000000000000e-01 8.943756313429243598e-02 8.943756313429243598e-02 8.943756313429243598e-02 8.943756313429243598e-02 8.943756313429243598e-02 8.943756313429243598e-02 8.943756313429243598e-02 8.943756313429243598e-02 8.943756313429243598e-02 8.943756313429243598e-02 8.943756313429243598e-02 8.943756313429243598e-02 8.943756313429243598e-02 8.943756313429243598e-02 8.943756313429243598e-02 8.943756313429243598e-02 8.943756313429243598e-02 8.943756313429243598e-02 8.943756313429243598e-02 8.943756313429243598e-02
5.937500000000000000e-01 2.484000815433871912e-02 2.484000815433871912e-02 2.484000815433871912e-02 2.484000815433871912e-02 2.484000815433871912e-02 2.484000815433871912e-02 2.484000815433871912e-02 2.484000815433871912e-02 2.484000815433871912e-02 2.484000815433871912e-02 2.484000815433871912e-02 2.484000815433871912e-02 2.484000815433871912e-02 2.484000815433871912e-02 2.484000815433871912e-02 2.484000815433871912e-02 2.484000815433871912e-02 2.484000815433871912e-02 2.484000815433871912e-02 2.484000815433871912e-02
6.093750000000000000e-01 1.548143338176869444e-01 1.548143338176869444e-01 1.548143338176869444e-01 1.548143338176869444e-01 1.548143338176869444e-01 1.548143338176869444e-01 1.548143338176869444e-01 1.548143338176869444e-01 1.548143338176869444e-01 1.548143338176869444e-01 1.548143338176869444e-01 1.548143338176869444e-01 1.548143338176869444e-01 1.548143338176869444e-01 1.548143338176869444e-01 1.548143338176869444e-01 1.548143338176869444e-01 1.548143338176869444e-01 1.548143338176869444e-01 1.548143338176869444e-01
6.250000000000000000e-01 6.481465821994511489e-02 6.481465821994511489e-02 6.481465821994511489e-02 6.481465821994511489e-02 6.481465821994511489e-02 6.481465821994511489e-02 6.481465821994511489e-02 6.481465821994511489e-02 6.481465821994511489e-02 6.481465821994511489e-02 6.481465821994511489e-02 6.481465821994511489e-02 6.481465821994511489e-02 6.481465821994511489e-02 6.481465821994511489e-02 6.481465821994511489e-02 6.481465821994511489e-02 6.481465821994511489e-02 6.481465821994511489e-02 6.481465821994511489e-02
6.406250000000000000e-01 5.420960578926450890e-02 5.420960578926450890e-02 5.420960578926450890e-02 5.420960578926450890e-02 5.420960578926450890e-02 5.420960578926450890e-02 5.420960578926450890e-02 5.420960578926450890e-02 5.420960578926450890e-02 5.420960578926450890e-02 5.420960578926450890e-02 5.420960578926450890e-02 5.420960578926450890e-02 5.420960578926450890e-02 5.420960578926450890e-02 5.420960578926450890e-02 5.420960578926450890e-02 5.420960578926450890e-02 5.420960578926450890e-02 5.420960578926450890e-02
6.562500000000000000e-01 2.901060011029750751e-01 2.901060011029750751e-01 2.901060011029750751e-01 2.901060011029750751e-01 2.901060011029750751e-01 2.901060011029750751e-01 2.901060011029750751e-01 2.901060011029750751e-01 2.901060011029750751e-01 2.901060011029750751e-01 2.901060011029750751e-01 2.901060011029750751e-01 2.901060011029750751e-01 2.901060011029750751e-01 2.901060011029750751e-01 2.901060011029750751e-01 2.901060011029750751e-01 2.901060011029750751e-01 2.901060011029750751e-01 2.901060011029750751e-01
6.718750000000000000e-01 1.613657090903526659e-01 1.613657090903526659e-01 1.613657090903526659e-01 1.613657090903526659e-01 1.613657090903526659e-01 1.613657090903526659e-01 1.613657090903526659e-01 1.613657090903526659e-01 1.613657090903526659e-01 1.613657090903526659e-01 1.613657090903526659e-01 1.613657090903526659e-01 1.613657090903526659e-01 1.613657090903526659e-01 1.613657090903526659e-01 1.613657090903526659e-01 1.613657090903526659e-01 1.613657090903526659e-01 1.613657090903526659e-01 1.613657090903526659e-01
6.875000000000000000e-01 2.290002010609668015e-01 2.290002010609668015e-01 2.290002010609668015e-01 2.290002010609668015e-01 2.290002010609668015e-01 2.290002010609668015e-01 2.290002010609668015e-01 2.290002010609668015e-01 2.290002010609668015e-01 2.290002010609668015e-01 2.290002010609668015e-01 2.290002010609668015e-01 2.290002010609668015e-01 2.290002010609668015e-01 2.290002010609668015e-01 2.290002010609668015e-01 2.290002010609668015e-01 2.290002010609668015e-01 2.290002010609668015e-01 2.290002010609668015e-01
7.031250000000000000e-01 3.029881173623621970e-01 3.029881173623621970e-01 3.029881173623621970e-01 3.029881173623621970e-01 3.029881173623621970e-01 3.029881173623621970e-01 3.029881173623621970e-01 3.029881173623621970e-01 3.029881173623621970e-01 3.029881173623621970e-01 3.029881173623621970e-01 3.029881173623621970e-01 3.029881173623621970e-01 3.029881173623621970e-01 3.029881173623621970e-01 3.029881173623621970e-01 3.029881173623621970e-01 3.029881173623621970e-01 3.029881173623621970e-01 3.029881173623621970e-01
7.187500000000000000e-01 1.070837439914721495e-01 1.070837439914721495e-01 1.070837439914721495e-01 1.070837439914721495e-01 1.070837439914721495e-01 1.070837439914721495e-01 1.070837439914721495e-01 1.070837439914721495e-01 1.070837439914721495e-01 1.070837439914721495e-01 1.070837439914721495e-01 1.070837439914721495e-01 1.070837439914721495e-01 1.070837439914721495e-01 1.070837439914721495e-01 1.070837439914721495e-01 1.070837439914721495e-01 1.070837439914721495e-01 1.070837439914721495e-01 1.070837439914721495e-01
7.343750000000000000e-01 8.064991546722280469e-02 8.064991546722280469e-02 8.064991546722280469e-02 8.064991546722280469e-02 8.064991546722280469e-02 8.064991546722280469e-02 8.064991546722280469e-02 8.064991546722280469e-02 8.064991546722280469e-02 8.064991546722280469e-02 8.064991546722280469e-02 8.064991546722280469e-02 8.064991546722280469e-02 8.064991546722280469e-02 8.064991546722280469e-02 8.064991546722280469e-02 8.064991546722280469e-02 8.064991546722280469e-02 8.064991546722280469e-02 8.064991546722280469e-02
7.500000000000000000e-01 1.031308301519493764e-01 1.031308301519493764e-01 1.031308301519493764e-01 1.031308301519493764e-01 1.031308301519493764e-01 1.031308301519493764e-01 1.031308301519493764e-01 1.031308301519493764e-01 1.031308301519493764e-01 1.031308301519493764e-01 1.031308301519493764e-01 1.031308301519493764e-01 1.031308301519493764e-01 1.031308301519493764e-01 1.031308301519493764e-01 1.031308301519493764e-01 1.031308301519493764e-01 1.031308301519493764e-01 1.031308301519493764e-01 1.031308301519493764e-01
7.656250000000000000e-01 4.831824644192020402e-02 4.831824644192020402e-02 4.831824644192020402e-02 4.831824644192020402e-02 4.831824644192020402e-02 4.831824644192020402e-02 4.831824644192020402e-02 4.831824644192020402e-02 4.831824644192020402e-02 4.831824644192020402e-02 4.831824644192020402e-02 4.831824644192020402e-02 4.831824644192020402e-02 4.831824644192020402e-02 4.831824644192020402e-02 4.831824644192020402e-02 4.831824644192020402e-02 4.831824644192020402e-02 4.831824644192020402e-02 4.831824644192020402e-02
7.812500000000000000e-01 7.836883790775514558e-02 7.836883790775514558e-02 7.836883790775514558e-02 7.836883790775514558e-02 7.836883790775514558e-02 7.836883790775514558e-02 7.836883790775514558e-02 7.836883790775514558e-02 7.836883790775514558e-02 7.836883790775514558e-02 7.836883790775514558e-02 7.836883790775514558e-02 7.836883790775514558e-02 7.836883790775514558e-02 7.836883790775514558e-02 7.836883790775514558e-02 7.836883790775514558e-02 7.836883790775514558e-02 7.836883790775514558e-02 7.836883790775514558e-02
7.968750000000000000e-01 1.186453083517114843e-01 1.186453083517114843e-01 1.186453083517114843e-01 1.186453083517114843e-01 1.186453083517114843e-01 1.186453083517114843e-01 1.186453083517114843e-01 1.186453083517114843e-01 1.186453083517114843e-01 1.186453083517114843e-01 1.186453083517114843e-01 1.186453083517114843e-01 1.186453083517114843e-01 1.186453083517114843e-01 1.186453083517114843e-01 1.186453083517114843e-01 1.186453083517114843e-01 1.186453083517114843e-01 1.186453083517114843e-01 1.186453083517114843e-01
8.125000000000000000e-01 1.947247981170931175e-01 1.947247981170931175e-01 1.947247981170931175e-01 1.947247981170931175e-01 1.947247981170931175e-01 1.947247981170931175e-01 1.947247981170931175e-01 1.947247981170931175e-01 1.947247981170931175e-01 1.947247981170931175e-01 1.947247981170931175e-01 1.947247981170931175e-01 1.947247981170931175e-01 1.947247981170931175e-01 1.947247981170931175e-01 1.947247981170931175e-01 1.947247981170931175e-01 1.947247981170931175e-01 1.947247981170931175e-01 1.947247981170931175e-01
8.281250000000000000e-01 1.562267846180143416e-01 1.562267846180143416e-01 1.562267846180143416e-01 1.562267846180143416e-01 1.562267846180143416e-01 1.562267846180143416e-01 1.562267846180143416e-01 1.562267846180143416e-01 1.562267846180143416e-01 1.562267846180143416e-01 1.562267846180143416e-01 1.562267846180143416e-01 1.562267846180143416e-01 1.562267846180143416e-01 1.562267846180143416e-01 1.562267846180143416e-01 1.562267846180143416e-01 1.562267846180143416e-01 1.562267846180143416e-01 1.562267846180143416e-01
8.437500000000000000e-01 1.671093548843219645e-01 1.671093548843219645e-01 1.671093548843219645e-01 1.671093548843219645e-01 1.671093548843219645e-01 1.671093548843219645e-01 1.671093548843219645e-01 1.671093548843219645e-01 1.671093548843219645e-01 1.671093548843219645e-01 1.671093548843219645e-01 1.671093548843219645e-01 1.671093548843219645e-01 1.671093548843219645e-01 1.671093548843219645e-01 1.671093548843219645e-01 1.671093548843219645e-01 1.671093548843219645e-01 1.671093548843219645e-01 1.671093548843219645e-01
8.593750000000000000e-01 1.798959918115994594e-01 1.798959918115994594e-01 1.798959918115994594e-01 1.798959918115994594e-01 1.798959918115994594e-01 1.798959918115994594e-01 1.798959918115994594e-01 1.798959918115994594e-01 1.798959918115994594e-01 1.798959918115994594e-01 1.798959918115994594e-01 1.798959918115994594e-01 1.798959918115994594e-01 1.798959918115994594e-01 1.798959918115994594e-01 1.798959918115994594e-01 1.798959918115994594e-01 1.798959918115994594e-01 1.798959918115994594e-01 1.798959918115994594e-01
8.750000000000000000e-01 1.804840115365378694e-01 1.804840115365378694e-01 1.804840115365378694e-01 1.804840115365378694e-01 1.804840115365378694e-01 1.804840115365378694e-01 1.804840115365378694e-01 1.804840115365378694e-01 1.804840115365378694e-01 1.804840115365378694e-01 1.804840115365378694e-01 1.804840115365378694e-01 1.804840115365378694e-01 1.804840115365378694e-01 1.804840115365378694e-01 1.804840115365378694e-01 1.804840115365378694e-01 1.804840115365378694e-01 1.804840115365378694e-01 1.804840115365378694e-01
8.906250000000000000e-01 1.773100466564106470e-01 1.773100466564106470e-01 1.773100466564106470e-01 1.773100466564106470e-01 1.773100466564106470e-01 1.773100466564106470e-01 1.773100466564106470e-01 1.773100466564106470e-01 1.773100466564106470e-01 1.773100466564106470e-01 1.773100466564106470e-01 1.773100466564106470e-01 1.773100466564106470e-01 1.773100466564106470e-01 1.773100466564106470e-01 1.773100466564106470e-01 1.773100466564106470e-01 1.773100466564106470e-01 1.773100466564106470e-01 1.773100466564106470e-01
9.062500000000000000e-01 1.892803401647911721e-01 1.892803401647911721e-01 1.892803401647911721e-01 1.892803401647911721e-01 1.892803401647911721e-01 1.892803401647911721e-01 1.892803401647911721e-01 1.892803401647911721e-01 1.892803401647911721e-01 1.892803401647911721e-01 1.892803401647911721e-01 1.892803401647911721e-01 1.892803401647911721e-01 1.892803401647911721e-01 1.892803401647911721e-01 1.892803401647911721e-01 1.892803401647911721e-01 1.892803401647911721e-01 1.892803401647911721e-01 1.892803401647911721e-01
9.218750000000000000e-01 1.368491296673264405e-03 1.368491296673264405e-03 1.368491296673264405e-03 1.368491296673264405e-03 1.368491296673264405e-03 1.368491296673264405e-03 1.368491296673264405e-03 1.368491296673264405e-03 1.368491296673264405e-03 1.368491296673264405e-03 1.368491296673264405e-03 1.368491296673264405e-03 1.368491296673264405e-03 1.368491296673264405e-03 1.368491296673264405e-03 1.368491296673264405e-03 1.368491296673264405e-03 1.368491296673264405e-03 1.368491296673264405e-03 1.368491296673264405e-03
9.375000000000000000e-01 1.800198922358873339e-03 1.800198922358873339e-03 1.800198922358873339e-03 1.800198922358873339e-03 1.800198922358873339e-03 1.800198922358873339e-03 1.800198922358873339e-03 1.800198922358873339e-03 1.800198922358873339e-03 1.800198922358873339e-03 1.800198922358873339e-03 1.800198922358873339e-03 1.800198922358873339e-03 1.800198922358873339e-03 1.800198922358873339e-03 1.800198922358873339e-03 1.800198922358873339e-03 1.800198922358873339e-03 1.800198922358873339e-03 1.800198922358873339e-03
9.531250000000000000e-01 1.500325137280867065e-03 1.500325137280867065e-03 1.500325137280867065e-03 1.500325137280867065e-03 1.500325137280867065e-03 1.500325137280867065e-03 1.500325137280867065e-03 1.500325137280867065e-03 1.500325137280867065e-03 1.500325137280867065e-03 1.500325137280867065e-03 1.500325137280867065e-03 1.500325137280867065e-03 1.500325137280867065e-03 1.500325137280867065e-03 1.500325137280867065e-03 1.500325137280867065e-03 1.500325137280867065e-03 1.500325137280867065e-03 1.500325137280867065e-03
9.687500000000000000e-01 7.594485647426098274e-02 7.594485647426098274e-02 7.594485647426098274e-02 7.594485647426098274e-02 7.594485647426098274e-02 7.594485647426098274e-02 7.594485647426098274e-02 7.594485647426098274e-02 7.594485647426098274e-02 7.594485647426098274e-02 7.594485647426098274e-02 7.594485647426098274e-02 7.594485647426098274e-02 7.594485647426098274e-02 7.594485647426098274e-02 7.594485647426098274e-02 7.594485647426098274e-02 7.594485647426098274e-02 7.594485647426098274e-02 7.594485647426098274e-02
9.843750000000000000e-01 1.639217283904104983e-01 1.639217283904104983e-01 1.639217283904104983e-01 1.639217283904104983e-01 1.639217283904104983e-01 1.639217283904104983e-01 1.639217283904104983e-01 1.639217283904104983e-01 1.639217283904104983e-01 1.639217283904104983e-01 1.639217283904104983e-01 1.639217283904104983e-01 1.639217283904104983e-01 1.639217283904104983e-01 1.639217283904104983e-01 1.639217283904104983e-01 1.639217283904104983e-01 1.639217283904104983e-01 1.639217283904104983e-01 1.639217283904104983e-01
1.000000000000000000e+00 1.109484327383952890e-01 1.109484327383952890e-01 1.109484327383952890e-01 1.109484327383952890e-01 1.109484327383952890e-01 1.109484327383952890e-01 1.109484327383952890e-01 1.109484327383952890e-01 1.109484327383952890e-01 1.109484327383952890e-01 1.109484327383952890e-01 1.109484327383952890e-01 1.109484327383952890e-01 1.109484327383952890e-01 1.109484327383952890e-01 1.109484327383952890e-01 1.109484327383952890e-01 1.109484327383952890e-01 1.109484327383952890e-01 1.109484327383952890e-01
1.015625000000000000e+00 1.657742354422711284e-01 1.657742354422711284e-01 1.657742354422711284e-01 1.657742354422711284e-01 1.657742354422711284e-01 1.657742354422711284e-01 1.657742354422711284e-01 1.657742354422711284e-01 1.657742354422711284e-01 1.657742354422711284e-01 1.657742354422711284e-01 1.657742354422711284e-01 1.657742354422711284e-01 1.657742354422711284e-01 1.657742354422711284e-01 1.657742354422711284e-01 1.657742354422711284e-01 1.657742354422711284e-01 1.657742354422711284e-01 1.657742354422711284e-01
1.031250000000000000e+00 1.674519095478455843e-01 1.674519095478455843e-01 1.674519095478455843e-01 1.674519095478455843e-01 1.674519095478455843e-01 1.674519095478455843e-01 1.674519095478455843e-01 1.674519095478455843e-01 1.674519095478455843e-01 1.674519095478455843e-01 1.674519095478455843e-01 1.674519095478455843e-01 1.674519095478455843e-01 1.674519095478455843e-01 1.674519095478455843e-01 1.674519095478455843e-01 1.674519095478455843e-01 1.674519095478455843e-01 1.674519095478455843e-01 1.674519095478455843e-01
1.046875000000000000e+00 1.620329790110461021e-01 1.620329790110461021e-01 1.620329790110461021e-01 1.620329790110461021e-01 1.620329790110461021e-01 1.620329790110461021e-01 1.620329790110461021e-01 1.620329790110461021e-01 1.620329790110461021e-01 1.620329790110461021e-01 1.620329790110461021e-01 1.620329790110461021e-01 1.620329790110461021e-01 1.620329790110461021e-01 1.620329790110461021e-01 1.620329790110461021e-01 1.620329790110461021e-01 1.620329790110461021e-01 1.620329790110461021e-01 1.620329790110461021e-01
1.062500000000000000e+00 1.746541464766075136e-01 1.746541464766075136e-01 1.746541464766075136e-01 1.746541464766075136e-01 1.746541464766075136e-01 1.746541464766075136e-01 1.746541464766075136e-01 1.746541464766075136e-01 1.746541464766075136e-01 1.746541464766075136e-01 1.746541464766075136e-01 1.746541464766075136e-01 1.746541464766075136e-01 1.746541464766075136e-01 1.746541464766075136e-01 1.746541464766075136e-01 1.746541464766075136e-01 1.746541464766075136e-01 1.746541464766075136e-01 1.746541464766075136e-01
1.078125000000000000e+00 1.935412948918134035e-01 1.935412948918134035e-01 1.935412948918134035e-01 1.935412948918134035e-01 1.935412948918134035e-01 1.935412948918134035e-01 1.935412948918134035e-01 1.935412948918134035e-01 1.935412948918134035e-01 1.935412948918134035e-01 1.935412948918134035e-01 1.935412948918134035e-01 1.935412948918134035e-01 1.935412948918134035e-01 1.935412948918134035e-01 1.935412948918134035e-01 1.935412948918134035e-01 1.935412948918134035e-01 1.935412948918134035e-01 1.935412948918134035e-01
1.093750000000000000e+00 2.523397713896723404e-01 2.523397713896723404e-01 2.523397713896723404e-01 2.523397713896723404e-01 2.523397713896723404e-01 2.523397713896723404e-01 2.523397713896723404e-01 2.523397713896723404e-01 2.523397713896723404e-01 2.523397713896723404e-01 2.523397713896723404e-01 2.523397713896723404e-01 2.523397713896723404e-01 2.523397713896723404e-01 2.523397713896723404e-01 2.523397713896723404e-01 2.523397713896723404e-01 2.523397713896723404e-01 2.523397713896723404e-01 2.523397713896723404e-01
1.109375000000000000e+00 6.166707190040244813e-01 6.166707190040244813e-01 6.166707190040244813e-01 6.166707190040244813e-01 6.166707190040244813e-01 6.166707190040244813e-01 6.166707190040244813e-01 6.166707190040244813e-01 6.166707190040244813e-01 6.166707190040244813e-01 6.166707190040244813e-01 6.166707190040244813e-01 6.166707190040244813e-01 6.166707190040244813e-01 6.166707190040244813e-01 6.166707190040244813e-01 6.166707190040244813e-01 6.166707190040244813e-01 6.166707190040244813e-01 6.166707190040244813e-01
1.125000000000000000e+00 8.567461774075302294e-01 8.567461774075302294e-01 8.567461774075302294e-01 8.567461774075302294e-01 8.567461774075302294e-01 8.567461774075302294e-01 8.567461774075302294e-01 8.567461774075302294e-01 8.567461774075302294e-01 8.567461774075302294e-01 8.567461774075302294e-01 8.567461774075302294e-01 8.567461774075302294e-01 8.567461774075302294e-01 8.567461774075302294e-01 8.567461774075302294e-01 8.567461774075302294e-01 8.567461774075302294e-01 8.567461774075302294e-01 8.567461774075302294e-01
1.140625000000000000e+00 8.886638412876497473e-01 8.886638412876497473e-01 8.886638412876497473e-01 8.886638412876497473e-01 8.886638412876497473e-01 8.886638412876497473e-01 8.886638412876497473e-01 8.886638412876497473e-01 8.886638412876497473e-01 8.886638412876497473e-01 8.886638412876497473e-01 8.886638412876497473e-01 8.886638412876497473e-01 8.886638412876497473e-01 8.886638412876497473e-01 8.886638412876497473e-01 8.886638412876497473e-01 8.886638412876497473e-01 8.886638412876497473e-01 8.886638412876497473e-01
1.156250000000000000e+00 8.202106082754465621e-01 8.202106082754465621e-01 8.202106082754465621e-01 8.202106082754465621e-01 8.202106082754465621e-01 8.202106082754465621e-01 8.202106082754465621e-01 8.202106082754465621e-01 8.202106082754465621e-01 8.202106082754465621e-01 8.202106082754465621e-01 8.202106082754465621e-01 8.202106082754465621e-01 8.202106082754465621e-01 8.202106082754465621e-01 8.202106082754465621e-01 8.202106082754465621e-01 8.202106082754465621e-01 8.202106082754465621e-01 8.202106082754465621e-01
1.171875000000000000e+00 5.491235490484823456e-04 5.491235490484823456e-04 5.491235490484823456e-04 5.491235490484823456e-04 5.491235490484823456e-04 5.491235490484823456e-04 5.491235490484823456e-04 5.491235490484823456e-04 5.491235490484823456e-04 5.491235490484823456e-04 5.491235490484823456e-04 5.491235490484823456e-04 5.491235490484823456e-04 5.491235490484823456e-04 5.491235490484823456e-04 5.491235490484823456e-04 5.491235490484823456e-04 5.491235490484823456e-04 5.491235490484823456e-04 5.491235490484823456e-04
1.187500000000000000e+00 4.915457386990316341e-02 4.915457386990316341e-02 4.915457386990316341e-02 4.915457386990316341e-02 4.915457386990316341e-02 4.915457386990316341e-02 4.915457386990316341e-02 4.915457386990316341e-02 4.915457386990316341e-02 4.915457386990316341e-02 4.915457386990316341e-02 4.915457386990316341e-02 4.915457386990316341e-02 4.915457386990316341e-02 4.915457386990316341e-02 4.915457386990316341e-02 4.915457386990316341e-02 4.915457386990316341e-02 4.915457386990316341e-02 4.915457386990316341e-02
1.203125000000000000e+00 1.105210202999636904e-01 1.105210202999636904e-01 1.105210202999636904e-01 1.105210202999636904e-01 1.105210202999636904e-01 1.105210202999636904e-01 1.105210202999636904e-01 1.105210202999636904e-01 1.105210202999636904e-01 1.105210202999636904e-01 1.105210202999636904e-01 1.105210202999636904e-01 1.105210202999636904e-01 1.105210202999636904e-01 1.105210202999636904e-01 1.105210202999636904e-01 1.105210202999636904e-01 1.105210202999636904e-01 1.105210202999636904e-01 1.105210202999636904e-01
1.218750000000000000e+00 1.148127464668586423e-01 1.148127464668586423e-01 1.148127464668586423e-01 1.148127464668586423e-01 1.148127464668586423e-01 1.148127464668586423e-01 1.148127464668586423e-01 1.148127464668586423e-01 1.148127464668586423e-01 1.148127464668586423e-01 1.148127464668586423e-01 1.148127464668586423e-01 1.148127464668586423e-01 1.148127464668586423e-01 1.148127464668586423e-01 1.148127464668586423e-01 1.148127464668586423e-01 1.148127464668586423e-01 1.148127464668586423e-01 1.148127464668586423e-01
1.234375000000000000e+00 1.262726147686810130e-01 1.262726147686810130e-01 1.262726147686810130e-01 1.262726147686810130e-01 1.262726147686810130e-01 1.262726147686810130e-01 1.262726147686810130e-01 1.262726147686810130e-01 1.262726147686810130e-01 1.262726147686810130e-01 1.262726147686810130e-01 1.262726147686810130e-01 1.262726147686810130e-01 1.262726147686810130e-01 1.262726147686810130e-01 1.262726147686810130e-01 1.262726147686810130e-01 1.262726147686810130e-01 1.262726147686810130e-01 1.262726147686810130e-01
1.250000000000000000e+00 1.216264083093499260e-01 1.216264083093499260e-01 1.216264083093499260e-01 1.216264083093499260e-01 1.216264083093499260e-01 1.216264083093499260e-01 1.216264083093499260e-01 1.216264083093499260e-01 1.216264083093499260e-01 1.216264083093499260e-01 1.216264083093499260e-01 1.216264083093499260e-01 1.216264083093499260e-01 1.216264083093499260e-01 1.216264083093499260e-01 1.216264083093499260e-01 1.216264083093499260e-01 1.216264083093499260e-01 1.216264083093499260e-01 1.216264083093499260e-01
1.265625000000000000e+00 1.056091961684512692e-01 1.056091961684512692e-01 1.056091961684512692e-01 1.056091961684512692e-01 1.056091961684512692e-01 1.056091961684512692e-01 1.056091961684512692e-01 1.056091961684512692e-01 1.056091961684512692e-01 1.056091961684512692e-01 1.056091961684512692e-01 1.056091961684512692e-01 1.056091961684512692e-01 1.056091961684512692e-01 1.056091961684512692e-01 1.056091961684512692e-01 1.056091961684512692e-01 1.056091961684512692e-01 1.056091961684512692e-01 1.056091961684512692e-01
1.281250000000000000e+00 9.029072339452209883e-02 9.029072339452209883e-02 9.029072339452209883e-02 9.029072339452209883e-02 9.029072339452209883e-02 9.029072339452209883e-02 9.029072339452209883e-02 9.029072339452209883e-02 9.029072339452209883e-02 9.029072339452209883e-02 9.029072339452209883e-02 9.029072339452209883e-02 9.029072339452209883e-02 9.029072339452209883e-02 9.029072339452209883e-02 9.029072339452209883e-02 9.029072339452209883e-02 9.029072339452209883e-02 9.029072339452209883e-02 9.029072339452209883e-02
1.296875000000000000e+00 3.526590462946749965e-02 3.526590462946749965e-02 3.526590462946749965e-02 3.526590462946749965e-02 3.526590462946749965e-02 3.526590462946749965e-02 3.526590462946749965e-02 3.526590462946749965e-02 3.526590462946749965e-02 3.526590462946749965e-02 3.526590462946749965e-02 3.526590462946749965e-02 3.526590462946749965e-02 3.526590462946749965e-02 3.526590462946749965e-02 3.526590462946749965e-02 3.526590462946749965e-02 3.526590462946749965e-02 3.526590462946749965e-02 3.526590462946749965e-02
1.312500000000000000e+00 3.925975849227241604e-02 3.925975849227241604e-02 3.925975849227241604e-02 3.925975849227241604e-02 3.925975849227241604e-02 3.925975849227241604e-02 3.925975849227241604e-02 3.925975849227241604e-02 3.925975849227241604e-02 3.925975849227241604e-02 3.925975849227241604e-02 3.925975849227241604e-02 3.925975849227241604e-02 3.925975849227241604e-02 3.925975849227241604e-02 3.925975849227241604e-02 3.925975849227241604e-02 3.925975849227241604e-02 3.925975849227241604e-02 3.925975849227241604e-02
1.328125000000000000e+00 2.557281383586499854e-02 2.557281383586499854e-02 2.557281383586499854e-02 2.557281383586499854e-02 2.557281383586499854e-02 2.557281383586499854e-02 2.557281383586499854e-02 2.557281383586499854e-02 2.557281383586499854e-02 2.557281383586499854e-02 2.557281383586499854e-02 2.557281383586499854e-02 2.557281383586499854e-02 2.557281383586499854e-02 2.557281383586499854e-02 2.557281383586499854e-02 2.557281383586499854e-02 2.557281383586499854e-02 2.557281383586499854e-02 2.557281383586499854e-02
1.343750000000000000e+00 2.429212048587622158e-02 2.429212048587622158e-02 2.429212048587622158e-02 2.429212048587622158e-02 2.429212048587622158e-02 2.429212048587622158e-02 2.429212048587622158e-02 2.429212048587622158e-02 2.429212048587622158e-02 2.429212048587622158e-02 2.429212048587622158e-02 2.429212048587622158e-02 2.429212048587622158e-02 2.429212048587622158e-02 2.429212048587622158e-02 2.429212048587622158e-02 2.429212048587622158e-02 2.429212048587622158e-02 2.429212048587622158e-02 2.429212048587622158e-02
1.359375000000000000e+00 2.073592151951602139e-02 2.073592151951602139e-02 2.073592151951602139e-02 2.073592151951602139e-02 2.073592151951602139e-02 2.073592151951602139e-02 2.073592151951602139e-02 2.073592151951602139e-02 2.073592151951602139e-02 2.073592151951602139e-02 2.073592151951602139e-02 2.073592151951602139e-02 2.073592151951602139e-02 2.073592151951602139e-02 2.073592151951602139e-02 2.073592151951602139e-02 2.073592151951602139e-02 2.073592151951602139e-02 2.073592151951602139e-02 2.073592151951602139e-02
1.375000000000000000e+00 1.004456140220946758e-02 1.004456140220946758e-02 1.004456140220946758e-02 1.004456140220946758e-02 1.004456140220946758e-02 1.004456140220946758e-02 1.004456140220946758e-02 1.004456140220946758e-02 1.004456140220946758e-02 1.004456140220946758e-02 1.004456140220946758e-02 1.004456140220946758e-02 1.004456140220946758e-02 1.004456140220946758e-02 1.004456140220946758e-02 1.004456140220946758e-02 1.004456140220946758e-02 1.004456140220946758e-02 1.004456140220946758e-02 1.004456140220946758e-02
1.390625000000000000e+00 1.221932422327547075e-03 1.221932422327547075e-03 1.221932422327547075e-03 1.221932422327547075e-03 1.221932422327547075e-03 1.221932422327547075e-03 1.221932422327547075e-03 1.221932422327547075e-03 1.221932422327547075e-03 1.221932422327547075e-03 1.221932422327547075e-03 1.221932422327547075e-03 1.221932422327547075e-03 1.221932422327547075e-03 1.221932422327547075e-03 1.221932422327547075e-03 1.221932422327547075e-03 1.221932422327547075e-03 1.221932422327547075e-03 1.221932422327547075e-03
1.406250000000000000e+00 1.506008443281687571e-02 1.506008443281687571e-02 1.506008443281687571e-02 1.506008443281687571e-02 1.506008443281687571e-02 1.506008443281687571e-02 1.506008443281687571e-02 1.506008443281687571e-02 1.506008443281687571e-02 1.506008443281687571e-02 1.506008443281687571e-02 1.506008443281687571e-02 1.506008443281687571e-02 1.506008443281687571e-02 1.506008443281687571e-02 1.506008443281687571e-02 1.506008443281687571e-02 1.506008443281687571e-02 1.506008443281687571e-02 1.506008443281687571e-02
1.421875000000000000e+00 9.803203421937943529e-02 9.803203421937943529e-02 9.803203421937943529e-02 9.803203421937943529e-02 9.803203421937943529e-02 9.803203421937943529e-02 9.803203421937943529e-02 9.803203421937943529e-02 9.803203421937943529e-02 9.803203421937943529e-02 9.803203421937943529e-02 9.803203421937943529e-02 9.803203421937943529e-02 9.803203421937943529e-02 9.803203421937943529e-02 9.803203421937943529e-02 9.803203421937943529e-02 9.803203421937943529e-02 9.803203421937943529e-02 9.803203421937943529e-02
1.437500000000000000e+00 1.684279824051563568e-01 1.684279824051563568e-01 1.684279824051563568e-01 1.684279824051563568e-01 1.684279824051563568e-01 1.684279824051563568e-01 1.684279824051563568e-01 1.684279824051563568e-01 1.684279824051563568e-01 1.684279824051563568e-01 1.684279824051563568e-01 1.684279824051563568e-01 1.684279824051563568e-01 1.684279824051563568e-01 1.684279824051563568e-01 1.684279824051563568e-01 1.684279824051563568e-01 1.684279824051563568e-01 1.684279824051563568e-01 1.684279824051563568e-01
1.453125000000000000e+00 1.869198103972521952e-01 1.869198103972521952e-01 1.869198103972521952e-01 1.869198103972521952e-01 1.869198103972521952e-01 1.869198103972521952e-01 1.869198103972521952e-01 1.869198103972521952e-01 1.869198103972521952e-01 1.869198103972521952e-01 1.869198103972521952e-01 1.869198103972521952e-01 1.869198103972521952e-01 1.869198103972521952e-01 1.869198103972521952e-01 1.869198103972521952e-01 1.869198103972521952e-01 1.869198103972521952e-01 1.869198103972521952e-01 1.869198103972521952e-01
1.468750000000000000e+00 1.493489903062885649e-01 1.493489903062885649e-01 1.493489903062885649e-01 1.493489903062885649e-01 1.493489903062885649e-01 1.493489903062885649e-01 1.493489903062885649e-01 1.493489903062885649e-01 1.493489903062885649e-01 1.493489903062885649e-01 1.493489903062885649e-01 1.493489903062885649e-01 1.493489903062885649e-01 1.493489903062885649e-01 1.493489903062885649e-01 1.493489903062885649e-01 1.493489903062885649e-01 1.493489903062885649e-01 1.493489903062885649e-01 1.493489903062885649e-01
1.484375000000000000e+00 8.261449948356879014e-02 8.261449948356879014e-02 8.261449948356879014e-02 8.261449948356879014e-02 8.261449948356879014e-02 8.261449948356879014e-02 8.261449948356879014e-02 8.261449948356879014e-02 8.261449948356879014e-02 8.261449948356879014e-02 8.261449948356879014e-02 8.261449948356879014e-02 8.261449948356879014e-02 8.261449948356879014e-02 8.261449948356879014e-02 8.261449948356879014e-02 8.261449948356879014e-02 8.261449948356879014e-02 8.261449948356879014e-02 8.261449948356879014e-02
1.500000000000000000e+00 3.092513586985340401e-03 3.092513586985340401e-03 3.092513586985340401e-03 3.092513586985340401e-03 3.092513586985340401e-03 3.092513586985340401e-03 3.092513586985340401e-03 3.092513586985340401e-03 3.092513586985340401e-03 3.092513586985340401e-03 3.092513586985340401e-03 3.092513586985340401e-03 3.092513586985340401e-03 3.092513586985340401e-03 3.092513586985340401e-03 3.092513586985340401e-03 3.092513586985340401e-03 3.092513586985340401e-03 3.092513586985340401e-03 3.092513586985340401e-03
1.515625000000000000e+00 1.254943802302753257e-02 1.254943802302753257e-02 1.254943802302753257e-02 1.254943802302753257e-02 1.254943802302753257e-02 1.254943802302753257e-02 1.254943802302753257e-02 1.254943802302753257e-02 1.254943802302753257e-02 1.254943802302753257e-02 1.254943802302753257e-02 1.254943802302753257e-02 1.254943802302753257e-02 1.254943802302753257e-02 1.254943802302753257e-02 1.254943802302753257e-02 1.254943802302753257e-02 1.254943802302753257e-02 1.254943802302753257e-02 1.254943802302753257e-02
1.531250000000000000e+00 3.254331436896412688e-02 3.254331436896412688e-02 3.254331436896412688e-02 3.254331436896412688e-02 3.254331436896412688e-02 3.254331436896412688e-02 3.254331436896412688e-02 3.254331436896412688e-02 3.254331436896412688e-02 3.254331436896412688e-02 3.254331436896412688e-02 3.254331436896412688e-02 3.254331436896412688e-02 3.254331436896412688e-02 3.254331436896412688e-02 3.254331436896412688e-02 3.254331436896412688e-02 3.254331436896412688e-02 3.254331436896412688e-02 3.254331436896412688e-02
1.546875000000000000e+00 5.026900588767985872e-02 5.026900588767985872e-02 5.026900588767985872e-02 5.026900588767985872e-02 5.026900588767985872e-02 5.026900588767985872e-02 5.026900588767985872e-02 5.026900588767985872e-02 5.026900588767985872e-02 5.026900588767985872e-02 5.026900588767985872e-02 5.026900588767985872e-02 5.026900588767985872e-02 5.026900588767985872e-02 5.026900588767985872e-02 5.026900588767985872e-02 5.026900588767985872e-02 5.026900588767985872e-02 5.026900588767985872e-02 5.026900588767985872e-02
1.562500000000000000e+00 5.956843441542532952e-02 5.956843441542532952e-02 5.956843441542532952e-02 5.956843441542532952e-02 5.956843441542532952e-02 5.956843441542532952e-02 5.956843441542532952e-02 5.956843441542532952e-02 5.956843441542532952e-02 5.956843441542532952e-02 5.956843441542532952e-02 5.956843441542532952e-02 5.956843441542532952e-02 5.956843441542532952e-02 5.956843441542532952e-02 5.956843441542532952e-02 5.956843441542532952e-02 5.956843441542532952e-02 5.956843441542532952e-02 5.956843441542532952e-02
1.578125000000000000e+00 3.769967015738295291e-01 3.769967015738295291e-01 3.769967015738295291e-01 3.769967015738295291e-01 3.769967015738295291e-01 3.769967015738295291e-01 3.769967015738295291e-01 3.769967015738295291e-01 3.769967015738295291e-01 3.769967015738295291e-01 3.769967015738295291e-01 3.769967015738295291e-01 3.769967015738295291e-01 3.769967015738295291e-01 3.769967015738295291e-01 3.769967015738295291e-01 3.769967015738295291e-01 3.769967015738295291e-01 3.769967015738295291e-01 3.769967015738295291e-01
1.593750000000000000e+00 1.137152154192021397e-01 1.137152154192021397e-01 1.137152154192021397e-01 1.137152154192021397e-01 1.137152154192021397e-01 1.137152154192021397e-01 1.137152154192021397e-01 1.137152154192021397e-01 1.137152154192021397e-01 1.137152154192021397e-01 1.137152154192021397e-01 1.137152154192021397e-01 1.137152154192021397e-01 1.137152154192021397e-01 1.137152154192021397e-01 1.137152154192021397e-01 1.137152154192021397e-01 1.137152154192021397e-01 1.137152154192021397e-01 1.137152154192021397e-01
1.609375000000000000e+00 3.367926433026391941e-01 3.367926433026391941e-01 3.367926433026391941e-01 3.367926433026391941e-01 3.367926433026391941e-01 3.367926433026391941e-01 3.367926433026391941e-01 3.367926433026391941e-01 3.367926433026391941e-01 3.367926433026391941e-01 3.367926433026391941e-01 3.367926433026391941e-01 3.367926433026391941e-01 3.367926433026391941e-01 3.367926433026391941e-01 3.367926433026391941e-01 3.367926433026391941e-01 3.367926433026391941e-01 3.367926433026391941e-01 3.367926433026391941e-01
1.625000000000000000e+00 2.339991544358375752e-01 2.339991544358375752e-01 2.339991544358375752e-01 2.339991544358375752e-01 2.339991544358375752e-01 2.339991544358375752e-01 2.339991544358375752e-01 2.339991544358375752e-01 2.339991544358375752e-01 2.339991544358375752e-01 2.339991544358375752e-01 2.339991544358375752e-01 2.339991544358375752e-01 2.339991544358375752e-01 2.339991544358375752e-01 2.339991544358375752e-01 2.339991544358375752e-01 2.339991544358375752e-01 2.339991544358375752e-01 2.339991544358375752e-01
1.640625000000000000e+00 5.631014038778447278e-02 5.631014038778447278e-02 5.631014038778447278e-02 5.631014038778447278e-02 5.631014038778447278e-02 5.631014038778447278e-02 5.631014038778447278e-02 5.631014038778447278e-02 5.631014038778447278e-02 5.631014038778447278e-02 5.631014038778447278e-02 5.631014038778447278e-02 5.631014038778447278e-02 5.631014038778447278e-02 5.631014038778447278e-02 5.631014038778447278e-02 5.631014038778447278e-02 5.631014038778447278e-02 5.631014038778447278e-02 5.631014038778447278e-02
1.656250000000000000e+00 1.694864253435449664e-01 1.694864253435449664e-01 1.694864253435449664e-01 1.694864253435449664e-01 1.694864253435449664e-01 1.694864253435449664e-01 1.694864253435449664e-01 1.694864253435449664e-01 1.694864253435449664e-01 1.694864253435449664e-01 1.694864253435449664e-01 1.694864253435449664e-01 1.694864253435449664e-01 1.694864253435449664e-01 1.694864253435449664e-01 1.694864253435449664e-01 1.694864253435449664e-01 1.694864253435449664e-01 1.694864253435449664e-01 1.694864253435449664e-01
1.671875000000000000e+00 1.986698565677554734e-02 1.986698565677554734e-02 1.986698565677554734e-02 1.986698565677554734e-02 1.986698565677554734e-02 1.986698565677554734e-02 1.986698565677554734e-02 1.986698565677554734e-02 1.986698565677554734e-02 1.986698565677554734e-02 1.986698565677554734e-02 1.986698565677554734e-02 1.986698565677554734e-02 1.986698565677554734e-02 1.986698565677554734e-02 1.986698565677554734e-02 1.986698565677554734e-02 1.986698565677554734e-02 1.986698565677554734e-02 1.986698565677554734e-02
1.687500000000000000e+00 9.374647274451267109e-02 9.374647274451267109e-02 9.374647274451267109e-02 9.374647274451267109e-02 9.374647274451267109e-02 9.374647274451267109e-02 9.374647274451267109e-02 9.374647274451267109e-02 9.374647274451267109e-02 9.374647274451267109e-02 9.374647274451267109e-02 9.374647274451267109e-02 9.374647274451267109e-02 9.374647274451267109e-02 9.374647274451267109e-02 9.374647274451267109e-02 9.374647274451267109e-02 9.374647274451267109e-02 9.374647274451267109e-02 9.374647274451267109e-02
1.703125000000000000e+00 2.053842503460347191e-02 2.053842503460347191e-02 2.053842503460347191e-02 2.053842503460347191e-02 2.053842503460347191e-02 2.053842503460347191e-02 2.053842503460347191e-02 2.053842503460347191e-02 2.053842503460347191e-02 2.053842503460347191e-02 2.053842503460347191e-02 2.053842503460347191e-02 2.053842503460347191e-02 2.053842503460347191e-02 2.053842503460347191e-02 2.053842503460347191e-02 2.053842503460347191e-02 2.053842503460347191e-02 2.053842503460347191e-02 2.053842503460347191e-02
1.718750000000000000e+00 2.929089523104089904e-02 2.929089523104089904e-02 2.929089523104089904e-02 2.929089523104089904e-02 2.929089523104089904e-02 2.929089523104089904e-02 2.929089523104089904e-02 2.929089523104089904e-02 2.929089523104089904e-02 2.929089523104089904e-02 2.929089523104089904e-02 2.929089523104089904e-02 2.929089523104089904e-02 2.929089523104089904e-02 2.929089523104089904e-02 2.929089523104089904e-02 2.929089523104089904e-02 2.929089523104089904e-02 2.929089523104089904e-02 2.929089523104089904e-02
1.734375000000000000e+00 4.042665842298066988e-04 4.042665842298066988e-04 4.042665842298066988e-04 4.042665842298066988e-04 4.042665842298066988e-04 4.042665842298066988e-04 4.042665842298066988e-04 4.042665842298066988e-04 4.042665842298066988e-04 4.042665842298066988e-04 4.042665842298066988e-04 4.042665842298066988e-04 4.042665842298066988e-04 4.042665842298066988e-04 4.042665842298066988e-04 4.042665842298066988e-04 4.042665842298066988e-04 4.042665842298066988e-04 4.042665842298066988e-04 4.042665842298066988e-04
1.750000000000000000e+00 3.572429864785380688e-02 3.572429864785380688e-02 3.572429864785380688e-02 3.572429864785380688e-02 3.572429864785380688e-02 3.572429864785380688e-02 3.572429864785380688e-02 3.572429864785380688e-02 3.572429864785380688e-02 3.572429864785380688e-02 3.572429864785380688e-02 3.572429864785380688e-02 3.572429864785380688e-02 3.572429864785380688e-02 3.572429864785380688e-02 3.572429864785380688e-02 3.572429864785380688e-02 3.572429864785380688e-02 3.572429864785380688e-02 3.572429864785380688e-02
1.765625000000000000e+00 1.228175516647639770e-01 1.228175516647639770e-01 1.228175516647639770e-01 1.228175516647639770e-01 1.228175516647639770e-01 1.228175516647639770e-01 1.228175516647639770e-01 1.228175516647639770e-01 1.228175516647639770e-01 1.228175516647639770e-01 1.228175516647639770e-01 1.228175516647639770e-01 1.228175516647639770e-01 1.228175516647639770e-01 1.228175516647639770e-01 1.228175516647639770e-01 1.228175516647639770e-01 1.228175516647639770e-01 1.228175516647639770e-01 1.228175516647639770e-01
1.781250000000000000e+00 1.299386228550144795e-01 1.299386228550144795e-01 1.299386228550144795e-01 1.299386228550144795e-01 1.299386228550144795e-01 1.299386228550144795e-01 1.299386228550144795e-01 1.299386228550144795e-01 1.299386228550144795e-01 1.299386228550144795e-01 1.299386228550144795e-01 1.299386228550144795e-01 1.299386228550144795e-01 1.299386228550144795e-01 1.299386228550144795e-01 1.299386228550144795e-01 1.299386228550144795e-01 1.299386228550144795e-01 1.299386228550144795e-01 1.299386228550144795e-01
1.796875000000000000e+00 6.197536176608126751e-02 6.197536176608126751e-02 6.197536176608126751e-02 6.197536176608126751e-02 6.197536176608126751e-02 6.197536176608126751e-02 6.197536176608126751e-02 6.197536176608126751e-02 6.197536176608126751e-02 6.197536176608126751e-02 6.197536176608126751e-02 6.197536176608126751e-02 6.197536176608126751e-02 6.197536176608126751e-02 6.197536176608126751e-02 6.197536176608126751e-02 6.197536176608126751e-02 6.197536176608126751e-02 6.197536176608126751e-02 6.197536176608126751e-02
1.812500000000000000e+00 2.589498035534934517e-02 2.589498035534934517e-02 2.589498035534934517e-02 2.589498035534934517e-02 2.589498035534934517e-02 2.589498035534934517e-02 2.589498035534934517e-02 2.589498035534934517e-02 2.589498035534934517e-02 2.589498035534934517e-02 2.589498035534934517e-02 2.589498035534934517e-02 2.589498035534934517e-02 2.589498035534934517e-02 2.589498035534934517e-02 2.589498035534934517e-02 2.589498035534934517e-02 2.589498035534934517e-02 2.589498035534934517e-02 2.589498035534934517e-02
1.828125000000000000e+00 2.141994196417593699e-01 2.141994196417593699e-01 2.141994196417593699e-01 2.141994196417593699e-01 2.141994196417593699e-01 2.141994196417593699e-01 2.141994196417593699e-01 2.141994196417593699e-01 2.141994196417593699e-01 2.141994196417593699e-01 2.141994196417593699e-01 2.141994196417593699e-01 2.141994196417593699e-01 2.141994196417593699e-01 2.141994196417593699e-01 2.141994196417593699e-01 2.141994196417593699e-01 2.141994196417593699e-01 2.141994196417593699e-01 2.141994196417593699e-01
1.843750000000000000e+00 6.957214297862844565e-02 6.957214297862844565e-02 6.957214297862844565e-02 6.957214297862844565e-02 6.957214297862844565e-02 6.957214297862844565e-02 6.957214297862844565e-02 6.957214297862844565e-02 6.957214297862844565e-02 6.957214297862844565e-02 6.957214297862844565e-02 6.957214297862844565e-02 6.957214297862844565e-02 6.957214297862844565e-02 6.957214297862844565e-02 6.957214297862844565e-02 6.957214297862844565e-02 6.957214297862844565e-02 6.957214297862844565e-02 6.957214297862844565e-02
1.859375000000000000e+00 7.608657736772118148e-04 7.608657736772118148e-04 7.608657736772118148e-04 7.608657736772118148e-04 7.608657736772118148e-04 7.608657736772118148e-04 7.608657736772118148e-04 7.608657736772118148e-04 7.608657736772118148e-04 7.608657736772118148e-04 7.608657736772118148e-04 7.608657736772118148e-04 7.608657736772118148e-04 7.608657736772118148e-04 7.608657736772118148e-04 7.608657736772118148e-04 7.608657736772118148e-04 7.608657736772118148e-04 7.608657736772118148e-04 7.608657736772118148e-04
1.875000000000000000e+00 1.140776793496273058e-03 1.140776793496273058e-03 1.140776793496273058e-03 1.140776793496273058e-03 1.140776793496273058e-03 1.140776793496273058e-03 1.140776793496273058e-03 1.140776793496273058e-03 1.140776793496273058e-03 1.140776793496273058e-03 1.140776793496273058e-03 1.140776793496273058e-03 1.140776793496273058e-03 1.140776793496273058e-03 1.140776793496273058e-03 1.140776793496273058e-03 1.140776793496273058e-03 1.140776793496273058e-03 1.140776793496273058e-03 1.140776793496273058e-03
1.890625000000000000e+00 1.264741223465106010e-03 1.264741223465106010e-03 1.264741223465106010e-03 1.264741223465106010e-03 1.264741223465106010e-03 1.264741223465106010e-03 1.264741223465106010e-03 1.264741223465106010e-03 1.264741223465106010e-03 1.264741223465106010e-03 1.264741223465106010e-03 1.264741223465106010e-03 1.264741223465106010e-03 1.264741223465106010e-03 1.264741223465106010e-03 1.264741223465106010e-03 1.264741223465106010e-03 1.264741223465106010e-03 1.264741223465106010e-03 1.264741223465106010e-03
1.906250000000000000e+00 9.241180640653051670e-02 9.241180640653051670e-02 9.241180640653051670e-02 9.241180640653051670e-02 9.241180640653051670e-02 9.241180640653051670e-02 9.241180640653051670e-02 9.241180640653051670e-02 9.241180640653051670e-02 9.241180640653051670e-02 9.241180640653051670e-02 9.241180640653051670e-02 9.241180640653051670e-02 9.241180640653051670e-02 9.241180640653051670e-02 9.241180640653051670e-02 9.241180640653051670e-02 9.241180640653051670e-02 9.241180640653051670e-02 9.241180640653051670e-02
1.921875000000000000e+00 1.230903501189952592e-01 1.230903501189952592e-01 1.230903501189952592e-01 1.230903501189952592e-01 1.230903501189952592e-01 1.230903501189952592e-01 1.230903501189952592e-01 1.230903501189952592e-01 1.230903501189952592e-01 1.230903501189952592e-01 1.230903501189952592e-01 1.230903501189952592e-01 1.230903501189952592e-01 1.230903501189952592e-01 1.230903501189952592e-01 1.230903501189952592e-01 1.230903501189952592e-01 1.230903501189952592e-01 1.230903501189952592e-01 1.230903501189952592e-01
1.937500000000000000e+00 1.630376861895669327e-01 1.630376861895669327e-01 1.630376861895669327e-01 1.630376861895669327e-01 1.630376861895669327e-01 1.630376861895669327e-01 1.630376861895669327e-01 1.630376861895669327e-01 1.630376861895669327e-01 1.630376861895669327e-01 1.630376861895669327e-01 1.630376861895669327e-01 1.630376861895669327e-01 1.630376861895669327e-01 1.630376861895669327e-01 1.630376861895669327e-01 1.630376861895669327e-01 1.630376861895669327e-01 1.630376861895669327e-01 1.630376861895669327e-01
1.953125000000000000e+00 2.160584332766474214e-01 2.160584332766474214e-01 2.160584332766474214e-01 2.160584332766474214e-01 2.160584332766474214e-01 2.160584332766474214e-01 2.160584332766474214e-01 2.160584332766474214e-01 2.160584332766474214e-01 2.160584332766474214e-01 2.160584332766474214e-01 2.160584332766474214e-01 2.160584332766474214e-01 2.160584332766474214e-01 2.160584332766474214e-01 2.160584332766474214e-01 2.160584332766474214e-01 2.160584332766474214e-01 2.160584332766474214e-01 2.160584332766474214e-01
1.968750000000000000e+00 3.634194765717139730e-01 3.634194765717139730e-01 3.634194765717139730e-01 3.634194765717139730e-01 3.634194765717139730e-01 3.634194765717139730e-01 3.634194765717139730e-01 3.634194765717139730e-01 3.634194765717139730e-01 3.634194765717139730e-01 3.634194765717139730e-01 3.634194765717139730e-01 3.634194765717139730e-01 3.634194765717139730e-01 3.634194765717139730e-01 3.634194765717139730e-01 3.634194765717139730e-01 3.634194765717139730e-01 3.634194765717139730e-01 3.634194765717139730e-01
1.984375000000000000e+00 4.196139293584301710e-01 4.196139293584301710e-01 4.196139293584301710e-01 4.196139293584301710e-01 4.196139293584301710e-01 4.196139293584301710e-01 4.196139293584301710e-01 4.196139293584301710e-01 4.196139293584301710e-01 4.196139293584301710e-01 4.196139293584301710e-01 4.196139293584301710e-01 4.196139293584301710e-01 4.196139293584301710e-01 4.196139293584301710e-01 4.196139293584301710e-01 4.196139293584301710e-01 4.196139293584301710e-01 4.196139293584301710e-01 4.196139293584301710e-01
2.000000000000000000e+00 4.443074208954714277e-01 4.443074208954714277e-01 4.443074208954714277e-01 4.443074208954714277e-01 4.443074208954714277e-01 4.443074208954714277e-01 4.443074208954714277e-01 4.443074208954714277e-01 4.443074208954714277e-01 4.443074208954714277e-01 4.443074208954714277e-01 4.443074208954714277e-01 4.443074208954714277e-01 4.443074208954714277e-01 4.443074208954714277e-01 4.443074208954714277e-01 4.443074208954714277e-01 4.443074208954714277e-01 4.443074208954714277e-01 4.443074208954714277e-01
