0.000000000000000000e+00 5.056735748230761773e-03 5.056735748230761773e-03 5.056735748230761773e-03 5.056735748230761773e-03 5.056735748230761773e-03 5.056735748230761773e-03 5.056735748230761773e-03 5.056735748230761773e-03 5.056735748230761773e-03 5.056735748230761773e-03 5.056735748230761773e-03 5.056735748230761773e-03 5.056735748230761773e-03 5.056735748230761773e-03 5.056735748230761773e-03 5.056735748230761773e-03 5.056735748230761773e-03 5.056735748230761773e-03 5.056735748230761773e-03 5.056735748230761773e-03
1.562500000000000000e-02 2.620644469151074962e-01 2.620644469151074962e-01 2.620644469151074962e-01 2.620644469151074962e-01 2.620644469151074962e-01 2.620644469151074962e-01 2.620644469151074962e-01 2.620644469151074962e-01 2.620644469151074962e-01 2.620644469151074962e-01 2.620644469151074962e-01 2.620644469151074962e-01 2.620644469151074962e-01 2.620644469151074962e-01 2.620644469151074962e-01 2.620644469151074962e-01 2.620644469151074962e-01 2.620644469151074962e-01 2.620644469151074962e-01 2.620644469151074962e-01
3.125000000000000000e-02 8.299750735530186940e-02 8.299750735530186940e-02 8.299750735530186940e-02 8.299750735530186940e-02 8.299750735530186940e-02 8.299750735530186940e-02 8.299750735530186940e-02 8.299750735530186940e-02 8.299750735530186940e-02 8.299750735530186940e-02 8.299750735530186940e-02 8.299750735530186940e-02 8.299750735530186940e-02 8.299750735530186940e-02 8.299750735530186940e-02 8.299750735530186940e-02 8.299750735530186940e-02 8.299750735530186940e-02 8.299750735530186940e-02 8.299750735530186940e-02
4.687500000000000000e-02 5.352096038379097059e-02 5.352096038379097059e-02 5.352096038379097059e-02 5.352096038379097059e-02 5.352096038379097059e-02 5.352096038379097059e-02 5.352096038379097059e-02 5.352096038379097059e-02 5.352096038379097059e-02 5.352096038379097059e-02 5.352096038379097059e-02 5.352096038379097059e-02 5.352096038379097059e-02 5.352096038379097059e-02 5.352096038379097059e-02 5.352096038379097059e-02 5.352096038379097059e-02 5.352096038379097059e-02 5.352096038379097059e-02 5.352096038379097059e-02
6.250000000000000000e-02 3.251195538933648876e-02 3.251195538933648876e-02 3.251195538933648876e-02 3.251195538933648876e-02 3.251195538933648876e-02 3.251195538933648876e-02 3.251195538933648876e-02 3.251195538933648876e-02 3.251195538933648876e-02 3.251195538933648876e-02 3.251195538933648876e-02 3.251195538933648876e-02 3.251195538933648876e-02 3.251195538933648876e-02 3.251195538933648876e-02 3.251195538933648876e-02 3.251195538933648876e-02 3.251195538933648876e-02 3.251195538933648876e-02 3.251195538933648876e-02
7.812500000000000000e-02 1.042234019604293925e-02 1.042234019604293925e-02 1.042234019604293925e-02 1.042234019604293925e-02 1.042234019604293925e-02 1.042234019604293925e-02 1.042234019604293925e-02 1.042234019604293925e-02 1.042234019604293925e-02 1.042234019604293925e-02 1.042234019604293925e-02 1.042234019604293925e-02 1.042234019604293925e-02 1.042234019604293925e-02 1.042234019604293925e-02 1.042234019604293925e-02 1.042234019604293925e-02 1.042234019604293925e-02 1.042234019604293925e-02 1.042234019604293925e-02
9.375000000000000000e-02 5.154524688992289175e-03 5.154524688992289175e-03 5.154524688992289175e-03 5.154524688992289175e-03 5.154524688992289175e-03 5.154524688992289175e-03 5.154524688992289175e-03 5.154524688992289175e-03 5.154524688992289175e-03 5.154524688992289175e-03 5.154524688992289175e-03 5.154524688992289175e-03 5.154524688992289175e-03 5.154524688992289175e-03 5.154524688992289175e-03 5.154524688992289175e-03 5.154524688992289175e-03 5.154524688992289175e-03 5.154524688992289175e-03 5.154524688992289175e-03
1.093750000000000000e-01 3.390108082586319044e-02 3.390108082586319044e-02 3.390108082586319044e-02 3.390108082586319044e-02 3.390108082586319044e-02 3.390108082586319044e-02 3.390108082586319044e-02 3.390108082586319044e-02 3.390108082586319044e-02 3.390108082586319044e-02 3.390108082586319044e-02 3.390108082586319044e-02 3.390108082586319044e-02 3.390108082586319044e-02 3.390108082586319044e-02 3.390108082586319044e-02 3.390108082586319044e-02 3.390108082586319044e-02 3.390108082586319044e-02 3.390108082586319044e-02
1.250000000000000000e-01 4.955286019272354264e-02 4.955286019272354264e-02 4.955286019272354264e-02 4.955286019272354264e-02 4.955286019272354264e-02 4.955286019272354264e-02 4.955286019272354264e-02 4.955286019272354264e-02 4.955286019272354264e-02 4.955286019272354264e-02 4.955286019272354264e-02 4.955286019272354264e-02 4.955286019272354264e-02 4.955286019272354264e-02 4.955286019272354264e-02 4.955286019272354264e-02 4.955286019272354264e-02 4.955286019272354264e-02 4.955286019272354264e-02 4.955286019272354264e-02
1.406250000000000000e-01 2.306883753768799727e-01 2.306883753768799727e-01 2.306883753768799727e-01 2.306883753768799727e-01 2.306883753768799727e-01 2.306883753768799727e-01 2.306883753768799727e-01 2.306883753768799727e-01 2.306883753768799727e-01 2.306883753768799727e-01 2.306883753768799727e-01 2.306883753768799727e-01 2.306883753768799727e-01 2.306883753768799727e-01 2.306883753768799727e-01 2.306883753768799727e-01 2.306883753768799727e-01 2.306883753768799727e-01 2.306883753768799727e-01 2.306883753768799727e-01
1.562500000000000000e-01 4.051581509634060579e-02 4.051581509634060579e-02 4.051581509634060579e-02 4.051581509634060579e-02 4.051581509634060579e-02 4.051581509634060579e-02 4.051581509634060579e-02 4.051581509634060579e-02 4.051581509634060579e-02 4.051581509634060579e-02 4.051581509634060579e-02 4.051581509634060579e-02 4.051581509634060579e-02 4.051581509634060579e-02 4.051581509634060579e-02 4.051581509634060579e-02 4.051581509634060579e-02 4.051581509634060579e-02 4.051581509634060579e-02 4.051581509634060579e-02
1.718750000000000000e-01 8.364612513986481590e-02 8.364612513986481590e-02 8.364612513986481590e-02 8.364612513986481590e-02 8.364612513986481590e-02 8.364612513986481590e-02 8.364612513986481590e-02 8.364612513986481590e-02 8.364612513986481590e-02 8.364612513986481590e-02 8.364612513986481590e-02 8.364612513986481590e-02 8.364612513986481590e-02 8.364612513986481590e-02 8.364612513986481590e-02 8.364612513986481590e-02 8.364612513986481590e-02 8.364612513986481590e-02 8.364612513986481590e-02 8.364612513986481590e-02
1.875000000000000000e-01 9.381000233029076485e-01 9.381000233029076485e-01 9.381000233029076485e-01 9.381000233029076485e-01 9.381000233029076485e-01 9.381000233029076485e-01 9.381000233029076485e-01 9.381000233029076485e-01 9.381000233029076485e-01 9.381000233029076485e-01 9.381000233029076485e-01 9.381000233029076485e-01 9.381000233029076485e-01 9.381000233029076485e-01 9.381000233029076485e-01 9.381000233029076485e-01 9.381000233029076485e-01 9.381000233029076485e-01 9.381000233029076485e-01 9.381000233029076485e-01
2.031250000000000000e-01 9.926400726885729053e-01 9.926400726885729053e-01 9.926400726885729053e-01 9.926400726885729053e-01 9.926400726885729053e-01 9.926400726885729053e-01 9.926400726885729053e-01 9.926400726885729053e-01 9.926400726885729053e-01 9.926400726885729053e-01 9.926400726885729053e-01 9.926400726885729053e-01 9.926400726885729053e-01 9.926400726885729053e-01 9.926400726885729053e-01 9.926400726885729053e-01 9.926400726885729053e-01 9.926400726885729053e-01 9.926400726885729053e-01 9.926400726885729053e-01
2.187500000000000000e-01 7.569975620386395487e-01 7.569975620386395487e-01 7.569975620386395487e-01 7.569975620386395487e-01 7.569975620386395487e-01 7.569975620386395487e-01 7.569975620386395487e-01 7.569975620386395487e-01 7.569975620386395487e-01 7.569975620386395487e-01 7.569975620386395487e-01 7.569975620386395487e-01 7.569975620386395487e-01 7.569975620386395487e-01 7.569975620386395487e-01 7.569975620386395487e-01 7.569975620386395487e-01 7.569975620386395487e-01 7.569975620386395487e-01 7.569975620386395487e-01
2.343750000000000000e-01 1.111555695905402225e-04 1.111555695905402225e-04 1.111555695905402225e-04 1.111555695905402225e-04 1.111555695905402225e-04 1.111555695905402225e-04 1.111555695905402225e-04 1.111555695905402225e-04 1.111555695905402225e-04 1.111555695905402225e-04 1.111555695905402225e-04 1.111555695905402225e-04 1.111555695905402225e-04 1.111555695905402225e-04 1.111555695905402225e-04 1.111555695905402225e-04 1.111555695905402225e-04 1.111555695905402225e-04 1.111555695905402225e-04 1.111555695905402225e-04
2.500000000000000000e-01 5.424780570405244445e-02 5.424780570405244445e-02 5.424780570405244445e-02 5.424780570405244445e-02 5.424780570405244445e-02 5.424780570405244445e-02 5.424780570405244445e-02 5.424780570405244445e-02 5.424780570405244445e-02 5.424780570405244445e-02 5.424780570405244445e-02 5.424780570405244445e-02 5.424780570405244445e-02 5.424780570405244445e-02 5.424780570405244445e-02 5.424780570405244445e-02 5.424780570405244445e-02 5.424780570405244445e-02 5.424780570405244445e-02 5.424780570405244445e-02
2.656250000000000000e-01 2.458622778329964953e-01 2.458622778329964953e-01 2.458622778329964953e-01 2.458622778329964953e-01 2.458622778329964953e-01 2.458622778329964953e-01 2.458622778329964953e-01 2.458622778329964953e-01 2.458622778329964953e-01 2.458622778329964953e-01 2.458622778329964953e-01 2.458622778329964953e-01 2.458622778329964953e-01 2.458622778329964953e-01 2.458622778329964953e-01 2.458622778329964953e-01 2.458622778329964953e-01 2.458622778329964953e-01 2.458622778329964953e-01 2.458622778329964953e-01
2.812500000000000000e-01 3.739417134853293984e-03 3.739417134853293984e-03 3.739417134853293984e-03 3.739417134853293984e-03 3.739417134853293984e-03 3.739417134853293984e-03 3.739417134853293984e-03 3.739417134853293984e-03 3.739417134853293984e-03 3.739417134853293984e-03 3.739417134853293984e-03 3.739417134853293984e-03 3.739417134853293984e-03 3.739417134853293984e-03 3.739417134853293984e-03 3.739417134853293984e-03 3.739417134853293984e-03 3.739417134853293984e-03 3.739417134853293984e-03 3.739417134853293984e-03
2.968750000000000000e-01 3.578811395534718665e-02 3.578811395534718665e-02 3.578811395534718665e-02 3.578811395534718665e-02 3.578811395534718665e-02 3.578811395534718665e-02 3.578811395534718665e-02 3.578811395534718665e-02 3.578811395534718665e-02 3.578811395534718665e-02 3.578811395534718665e-02 3.578811395534718665e-02 3.578811395534718665e-02 3.578811395534718665e-02 3.578811395534718665e-02 3.578811395534718665e-02 3.578811395534718665e-02 3.578811395534718665e-02 3.578811395534718665e-02 3.578811395534718665e-02
3.125000000000000000e-01 2.599857853946167807e-02 2.599857853946167807e-02 2.599857853946167807e-02 2.599857853946167807e-02 2.599857853946167807e-02 2.599857853946167807e-02 2.599857853946167807e-02 2.599857853946167807e-02 2.599857853946167807e-02 2.599857853946167807e-02 2.599857853946167807e-02 2.599857853946167807e-02 2.599857853946167807e-02 2.599857853946167807e-02 2.599857853946167807e-02 2.599857853946167807e-02 2.599857853946167807e-02 2.599857853946167807e-02 2.599857853946167807e-02 2.599857853946167807e-02
3.281250000000000000e-01 2.226922532313420008e-02 2.226922532313420008e-02 2.226922532313420008e-02 2.226922532313420008e-02 2.226922532313420008e-02 2.226922532313420008e-02 2.226922532313420008e-02 2.226922532313420008e-02 2.226922532313420008e-02 2.226922532313420008e-02 2.226922532313420008e-02 2.226922532313420008e-02 2.226922532313420008e-02 2.226922532313420008e-02 2.226922532313420008e-02 2.226922532313420008e-02 2.226922532313420008e-02 2.226922532313420008e-02 2.226922532313420008e-02 2.226922532313420008e-02
3.437500000000000000e-01 3.460371296279266679e-02 3.460371296279266679e-02 3.460371296279266679e-02 3.460371296279266679e-02 3.460371296279266679e-02 3.460371296279266679e-02 3.460371296279266679e-02 3.460371296279266679e-02 3.460371296279266679e-02 3.460371296279266679e-02 3.460371296279266679e-02 3.460371296279266679e-02 3.460371296279266679e-02 3.460371296279266679e-02 3.460371296279266679e-02 3.460371296279266679e-02 3.460371296279266679e-02 3.460371296279266679e-02 3.460371296279266679e-02 3.460371296279266679e-02
3.593750000000000000e-01 6.697644128890629933e-02 6.697644128890629933e-02 6.697644128890629933e-02 6.697644128890629933e-02 6.697644128890629933e-02 6.697644128890629933e-02 6.697644128890629933e-02 6.697644128890629933e-02 6.697644128890629933e-02 6.697644128890629933e-02 6.697644128890629933e-02 6.697644128890629933e-02 6.697644128890629933e-02 6.697644128890629933e-02 6.697644128890629933e-02 6.697644128890629933e-02 6.697644128890629933e-02 6.697644128890629933e-02 6.697644128890629933e-02 6.697644128890629933e-02
3.750000000000000000e-01 1.623736658717460368e-02 1.623736658717460368e-02 1.623736658717460368e-02 1.623736658717460368e-02 1.623736658717460368e-02 1.623736658717460368e-02 1.623736658717460368e-02 1.623736658717460368e-02 1.623736658717460368e-02 1.623736658717460368e-02 1.623736658717460368e-02 1.623736658717460368e-02 1.623736658717460368e-02 1.623736658717460368e-02 1.623736658717460368e-02 1.623736658717460368e-02 1.623736658717460368e-02 1.623736658717460368e-02 1.623736658717460368e-02 1.623736658717460368e-02
3.906250000000000000e-01 6.532181373271580931e-03 6.532181373271580931e-03 6.532181373271580931e-03 6.532181373271580931e-03 6.532181373271580931e-03 6.532181373271580931e-03 6.532181373271580931e-03 6.532181373271580931e-03 6.532181373271580931e-03 6.532181373271580931e-03 6.532181373271580931e-03 6.532181373271580931e-03 6.532181373271580931e-03 6.532181373271580931e-03 6.532181373271580931e-03 6.532181373271580931e-03 6.532181373271580931e-03 6.532181373271580931e-03 6.532181373271580931e-03 6.532181373271580931e-03
4.062500000000000000e-01 2.189224996674709808e-02 2.189224996674709808e-02 2.189224996674709808e-02 2.189224996674709808e-02 2.189224996674709808e-02 2.189224996674709808e-02 2.189224996674709808e-02 2.189224996674709808e-02 2.189224996674709808e-02 2.189224996674709808e-02 2.189224996674709808e-02 2.189224996674709808e-02 2.189224996674709808e-02 2.189224996674709808e-02 2.189224996674709808e-02 2.189224996674709808e-02 2.189224996674709808e-02 2.189224996674709808e-02 2.189224996674709808e-02 2.189224996674709808e-02
4.218750000000000000e-01 1.604604911128367506e-01 1.604604911128367506e-01 1.604604911128367506e-01 1.604604911128367506e-01 1.604604911128367506e-01 1.604604911128367506e-01 1.604604911128367506e-01 1.604604911128367506e-01 1.604604911128367506e-01 1.604604911128367506e-01 1.604604911128367506e-01 1.604604911128367506e-01 1.604604911128367506e-01 1.604604911128367506e-01 1.604604911128367506e-01 1.604604911128367506e-01 1.604604911128367506e-01 1.604604911128367506e-01 1.604604911128367506e-01 1.604604911128367506e-01
4.375000000000000000e-01 2.511637800986624147e-02 2.511637800986624147e-02 2.511637800986624147e-02 2.511637800986624147e-02 2.511637800986624147e-02 2.511637800986624147e-02 2.511637800986624147e-02 2.511637800986624147e-02 2.511637800986624147e-02 2.511637800986624147e-02 2.511637800986624147e-02 2.511637800986624147e-02 2.511637800986624147e-02 2.511637800986624147e-02 2.511637800986624147e-02 2.511637800986624147e-02 2.511637800986624147e-02 2.511637800986624147e-02 2.511637800986624147e-02 2.511637800986624147e-02
4.531250000000000000e-01 1.009587339900932558e-02 1.009587339900932558e-02 1.009587339900932558e-02 1.009587339900932558e-02 1.009587339900932558e-02 1.009587339900932558e-02 1.009587339900932558e-02 1.009587339900932558e-02 1.009587339900932558e-02 1.009587339900932558e-02 1.009587339900932558e-02 1.009587339900932558e-02 1.009587339900932558e-02 1.009587339900932558e-02 1.009587339900932558e-02 1.009587339900932558e-02 1.009587339900932558e-02 1.009587339900932558e-02 1.009587339900932558e-02 1.009587339900932558e-02
4.687500000000000000e-01 1.007105884480069824e-01 1.007105884480069824e-01 1.007105884480069824e-01 1.007105884480069824e-01 1.007105884480069824e-01 1.007105884480069824e-01 1.007105884480069824e-01 1.007105884480069824e-01 1.007105884480069824e-01 1.007105884480069824e-01 1.007105884480069824e-01 1.007105884480069824e-01 1.007105884480069824e-01 1.007105884480069824e-01 1.007105884480069824e-01 1.007105884480069824e-01 1.007105884480069824e-01 1.007105884480069824e-01 1.007105884480069824e-01 1.007105884480069824e-01
4.843750000000000000e-01 6.643248863934047010e-01 6.643248863934047010e-01 6.643248863934047010e-01 6.643248863934047010e-01 6.643248863934047010e-01 6.643248863934047010e-01 6.643248863934047010e-01 6.643248863934047010e-01 6.643248863934047010e-01 6.643248863934047010e-01 6.643248863934047010e-01 6.643248863934047010e-01 6.643248863934047010e-01 6.643248863934047010e-01 6.643248863934047010e-01 6.643248863934047010e-01 6.643248863934047010e-01 6.643248863934047010e-01 6.643248863934047010e-01 6.643248863934047010e-01
5.000000000000000000e-01 2.352925413893371398e-01 2.352925413893371398e-01 2.352925413893371398e-01 2.352925413893371398e-01 2.352925413893371398e-01 2.352925413893371398e-01 2.352925413893371398e-01 2.352925413893371398e-01 2.352925413893371398e-01 2.352925413893371398e-01 2.352925413893371398e-01 2.352925413893371398e-01 2.352925413893371398e-01 2.352925413893371398e-01 2.352925413893371398e-01 2.352925413893371398e-01 2.352925413893371398e-01 2.352925413893371398e-01 2.352925413893371398e-01 2.352925413893371398e-01
5.156250000000000000e-01 6.226717201431161697e-02 6.226717201431161697e-02 6.226717201431161697e-02 6.226717201431161697e-02 6.226717201431161697e-02 6.226717201431161697e-02 6.226717201431161697e-02 6.226717201431161697e-02 6.226717201431161697e-02 6.226717201431161697e-02 6.226717201431161697e-02 6.226717201431161697e-02 6.226717201431161697e-02 6.226717201431161697e-02 6.226717201431161697e-02 6.226717201431161697e-02 6.226717201431161697e-02 6.226717201431161697e-02 6.226717201431161697e-02 6.226717201431161697e-02
5.312500000000000000e-01 3.542982372734428814e-02 3.542982372734428814e-02 3.542982372734428814e-02 3.542982372734428814e-02 3.542982372734428814e-02 3.542982372734428814e-02 3.542982372734428814e-02 3.542982372734428814e-02 3.542982372734428814e-02 3.542982372734428814e-02 3.542982372734428814e-02 3.542982372734428814e-02 3.542982372734428814e-02 3.542982372734428814e-02 3.542982372734428814e-02 3.542982372734428814e-02 3.542982372734428814e-02 3.542982372734428814e-02 3.542982372734428814e-02 3.542982372734428814e-02
5.468750000000000000e-01 2.588177266291656620e-02 2.588177266291656620e-02 2.588177266291656620e-02 2.588177266291656620e-02 2.588177266291656620e-02 2.588177266291656620e-02 2.588177266291656620e-02 2.588177266291656620e-02 2.588177266291656620e-02 2.588177266291656620e-02 2.588177266291656620e-02 2.588177266291656620e-02 2.588177266291656620e-02 2.588177266291656620e-02 2.588177266291656620e-02 2.588177266291656620e-02 2.588177266291656620e-02 2.588177266291656620e-02 2.588177266291656620e-02 2.588177266291656620e-02
5.625000000000000000e-01 1.446062575587090358e-02 1.446062575587090358e-02 1.446062575587090358e-02 1.446062575587090358e-02 1.446062575587090358e-02 1.446062575587090358e-02 1.446062575587090358e-02 1.446062575587090358e-02 1.446062575587090358e-02 1.446062575587090358e-02 1.446062575587090358e-02 1.446062575587090358e-02 1.446062575587090358e-02 1.446062575587090358e-02 1.446062575587090358e-02 1.446062575587090358e-02 1.446062575587090358e-02 1.446062575587090358e-02 1.446062575587090358e-02 1.446062575587090358e-02
5.781250000000000000e-01 1.548996127406922912e-02 1.548996127406922912e-02 1.548996127406922912e-02 1.548996127406922912e-02 1.548996127406922912e-02 1.548996127406922912e-02 1.548996127406922912e-02 1.548996127406922912e-02 1.548996127406922912e-02 1.548996127406922912e-02 1.548996127406922912e-02 1.548996127406922912e-02 1.548996127406922912e-02 1.548996127406922912e-02 1.548996127406922912e-02 1.548996127406922912e-02 1.548996127406922912e-02 1.548996127406922912e-02 1.548996127406922912e-02 1.548996127406922912e-02
5.937500000000000000e-01 3.796267241555748712e-02 3.796267241555748712e-02 3.796267241555748712e-02 3.796267241555748712e-02 3.796267241555748712e-02 3.796267241555748712e-02 3.796267241555748712e-02 3.796267241555748712e-02 3.796267241555748712e-02 3.796267241555748712e-02 3.796267241555748712e-02 3.796267241555748712e-02 3.796267241555748712e-02 3.796267241555748712e-02 3.796267241555748712e-02 3.796267241555748712e-02 3.796267241555748712e-02 3.796267241555748712e-02 3.796267241555748712e-02 3.796267241555748712e-02
6.093750000000000000e-01 4.566553268196207188e-02 4.566553268196207188e-02 4.566553268196207188e-02 4.566553268196207188e-02 4.566553268196207188e-02 4.566553268196207188e-02 4.566553268196207188e-02 4.566553268196207188e-02 4.566553268196207188e-02 4.566553268196207188e-02 4.566553268196207188e-02 4.566553268196207188e-02 4.566553268196207188e-02 4.566553268196207188e-02 4.566553268196207188e-02 4.566553268196207188e-02 4.566553268196207188e-02 4.566553268196207188e-02 4.566553268196207188e-02 4.566553268196207188e-02
6.250000000000000000e-01 2.560595430371115921e-01 2.560595430371115921e-01 2.560595430371115921e-01 2.560595430371115921e-01 2.560595430371115921e-01 2.560595430371115921e-01 2.560595430371115921e-01 2.560595430371115921e-01 2.560595430371115921e-01 2.560595430371115921e-01 2.560595430371115921e-01 2.560595430371115921e-01 2.560595430371115921e-01 2.560595430371115921e-01 2.560595430371115921e-01 2.560595430371115921e-01 2.560595430371115921e-01 2.560595430371115921e-01 2.560595430371115921e-01 2.560595430371115921e-01
6.406250000000000000e-01 3.336621374626380643e-01 3.336621374626380643e-01 3.336621374626380643e-01 3.336621374626380643e-01 3.336621374626380643e-01 3.336621374626380643e-01 3.336621374626380643e-01 3.336621374626380643e-01 3.336621374626380643e-01 3.336621374626380643e-01 3.336621374626380643e-01 3.336621374626380643e-01 3.336621374626380643e-01 3.336621374626380643e-01 3.336621374626380643e-01 3.336621374626380643e-01 3.336621374626380643e-01 3.336621374626380643e-01 3.336621374626380643e-01 3.336621374626380643e-01
6.562500000000000000e-01 1.567795063859708793e-01 1.567795063859708793e-01 1.567795063859708793e-01 1.567795063859708793e-01 1.567795063859708793e-01 1.567795063859708793e-01 1.567795063859708793e-01 1.567795063859708793e-01 1.567795063859708793e-01 1.567795063859708793e-01 1.567795063859708793e-01 1.567795063859708793e-01 1.567795063859708793e-01 1.567795063859708793e-01 1.567795063859708793e-01 1.567795063859708793e-01 1.567795063859708793e-01 1.567795063859708793e-01 1.567795063859708793e-01 1.567795063859708793e-01
6.718750000000000000e-01 3.145622550587477695e-02 3.145622550587477695e-02 3.145622550587477695e-02 3.145622550587477695e-02 3.145622550587477695e-02 3.145622550587477695e-02 3.145622550587477695e-02 3.145622550587477695e-02 3.145622550587477695e-02 3.145622550587477695e-02 3.145622550587477695e-02 3.145622550587477695e-02 3.145622550587477695e-02 3.145622550587477695e-02 3.145622550587477695e-02 3.145622550587477695e-02 3.145622550587477695e-02 3.145622550587477695e-02 3.145622550587477695e-02 3.145622550587477695e-02
6.875000000000000000e-01 2.118824545075801979e-01 2.118824545075801979e-01 2.118824545075801979e-01 2.118824545075801979e-01 2.118824545075801979e-01 2.118824545075801979e-01 2.118824545075801979e-01 2.118824545075801979e-01 2.118824545075801979e-01 2.118824545075801979e-01 2.118824545075801979e-01 2.118824545075801979e-01 2.118824545075801979e-01 2.118824545075801979e-01 2.118824545075801979e-01 2.118824545075801979e-01 2.118824545075801979e-01 2.118824545075801979e-01 2.118824545075801979e-01 2.118824545075801979e-01
7.031250000000000000e-01 8.455281184663405725e-01 8.455281184663405725e-01 8.455281184663405725e-01 8.455281184663405725e-01 8.455281184663405725e-01 8.455281184663405725e-01 8.455281184663405725e-01 8.455281184663405725e-01 8.455281184663405725e-01 8.455281184663405725e-01 8.455281184663405725e-01 8.455281184663405725e-01 8.455281184663405725e-01 8.455281184663405725e-01 8.455281184663405725e-01 8.455281184663405725e-01 8.455281184663405725e-01 8.455281184663405725e-01 8.455281184663405725e-01 8.455281184663405725e-01
7.187500000000000000e-01 2.882608362211168118e-01 2.882608362211168118e-01 2.882608362211168118e-01 2.882608362211168118e-01 2.882608362211168118e-01 2.882608362211168118e-01 2.882608362211168118e-01 2.882608362211168118e-01 2.882608362211168118e-01 2.882608362211168118e-01 2.882608362211168118e-01 2.882608362211168118e-01 2.882608362211168118e-01 2.882608362211168118e-01 2.882608362211168118e-01 2.882608362211168118e-01 2.882608362211168118e-01 2.882608362211168118e-01 2.882608362211168118e-01 2.882608362211168118e-01
7.343750000000000000e-01 1.337721367284489329e-02 1.337721367284489329e-02 1.337721367284489329e-02 1.337721367284489329e-02 1.337721367284489329e-02 1.337721367284489329e-02 1.337721367284489329e-02 1.337721367284489329e-02 1.337721367284489329e-02 1.337721367284489329e-02 1.337721367284489329e-02 1.337721367284489329e-02 1.337721367284489329e-02 1.337721367284489329e-02 1.337721367284489329e-02 1.337721367284489329e-02 1.337721367284489329e-02 1.337721367284489329e-02 1.337721367284489329e-02 1.337721367284489329e-02
7.500000000000000000e-01 5.164629797559558422e-02 5.164629797559558422e-02 5.164629797559558422e-02 5.164629797559558422e-02 5.164629797559558422e-02 5.164629797559558422e-02 5.164629797559558422e-02 5.164629797559558422e-02 5.164629797559558422e-02 5.164629797559558422e-02 5.164629797559558422e-02 5.164629797559558422e-02 5.164629797559558422e-02 5.164629797559558422e-02 5.164629797559558422e-02 5.164629797559558422e-02 5.164629797559558422e-02 5.164629797559558422e-02 5.164629797559558422e-02 5.164629797559558422e-02
7.656250000000000000e-01 2.351828099525025417e-01 2.351828099525025417e-01 2.351828099525025417e-01 2.351828099525025417e-01 2.351828099525025417e-01 2.351828099525025417e-01 2.351828099525025417e-01 2.351828099525025417e-01 2.351828099525025417e-01 2.351828099525025417e-01 2.351828099525025417e-01 2.351828099525025417e-01 2.351828099525025417e-01 2.351828099525025417e-01 2.351828099525025417e-01 2.351828099525025417e-01 2.351828099525025417e-01 2.351828099525025417e-01 2.351828099525025417e-01 2.351828099525025417e-01
7.812500000000000000e-01 2.213930374782437649e-01 2.213930374782437649e-01 2.213930374782437649e-01 2.213930374782437649e-01 2.213930374782437649e-01 2.213930374782437649e-01 2.213930374782437649e-01 2.213930374782437649e-01 2.213930374782437649e-01 2.213930374782437649e-01 2.213930374782437649e-01 2.213930374782437649e-01 2.213930374782437649e-01 2.213930374782437649e-01 2.213930374782437649e-01 2.213930374782437649e-01 2.213930374782437649e-01 2.213930374782437649e-01 2.213930374782437649e-01 2.213930374782437649e-01
7.968750000000000000e-01 1.290968262121895693e-01 1.290968262121895693e-01 1.290968262121895693e-01 1.290968262121895693e-01 1.290968262121895693e-01 1.290968262121895693e-01 1.290968262121895693e-01 1.290968262121895693e-01 1.290968262121895693e-01 1.290968262121895693e-01 1.290968262121895693e-01 1.290968262121895693e-01 1.290968262121895693e-01 1.290968262121895693e-01 1.290968262121895693e-01 1.290968262121895693e-01 1.290968262121895693e-01 1.290968262121895693e-01 1.290968262121895693e-01 1.290968262121895693e-01
8.125000000000000000e-01 1.006258845179918843e-01 1.006258845179918843e-01 1.006258845179918843e-01 1.006258845179918843e-01 1.006258845179918843e-01 1.006258845179918843e-01 1.006258845179918843e-01 1.006258845179918843e-01 1.006258845179918843e-01 1.006258845179918843e-01 1.006258845179918843e-01 1.006258845179918843e-01 1.006258845179918843e-01 1.006258845179918843e-01 1.006258845179918843e-01 1.006258845179918843e-01 1.006258845179918843e-01 1.006258845179918843e-01 1.006258845179918843e-01 1.006258845179918843e-01
8.281250000000000000e-01 7.777778019962630456e-03 7.777778019962630456e-03 7.777778019962630456e-03 7.777778019962630456e-03 7.777778019962630456e-03 7.777778019962630456e-03 7.777778019962630456e-03 7.777778019962630456e-03 7.777778019962630456e-03 7.777778019962630456e-03 7.777778019962630456e-03 7.777778019962630456e-03 7.777778019962630456e-03 7.777778019962630456e-03 7.777778019962630456e-03 7.777778019962630456e-03 7.777778019962630456e-03 7.777778019962630456e-03 7.777778019962630456e-03 7.777778019962630456e-03
8.437500000000000000e-01 3.983885524626877041e-03 3.983885524626877041e-03 3.983885524626877041e-03 3.983885524626877041e-03 3.983885524626877041e-03 3.983885524626877041e-03 3.983885524626877041e-03 3.983885524626877041e-03 3.983885524626877041e-03 3.983885524626877041e-03 3.983885524626877041e-03 3.983885524626877041e-03 3.983885524626877041e-03 3.983885524626877041e-03 3.983885524626877041e-03 3.983885524626877041e-03 3.983885524626877041e-03 3.983885524626877041e-03 3.983885524626877041e-03 3.983885524626877041e-03
8.593750000000000000e-01 3.252486763833235990e-03 3.252486763833235990e-03 3.252486763833235990e-03 3.252486763833235990e-03 3.252486763833235990e-03 3.252486763833235990e-03 3.252486763833235990e-03 3.252486763833235990e-03 3.252486763833235990e-03 3.252486763833235990e-03 3.252486763833235990e-03 3.252486763833235990e-03 3.252486763833235990e-03 3.252486763833235990e-03 3.252486763833235990e-03 3.252486763833235990e-03 3.252486763833235990e-03 3.252486763833235990e-03 3.252486763833235990e-03 3.252486763833235990e-03
8.750000000000000000e-01 2.953499535669079287e-02 2.953499535669079287e-02 2.953499535669079287e-02 2.953499535669079287e-02 2.953499535669079287e-02 2.953499535669079287e-02 2.953499535669079287e-02 2.953499535669079287e-02 2.953499535669079287e-02 2.953499535669079287e-02 2.953499535669079287e-02 2.953499535669079287e-02 2.953499535669079287e-02 2.953499535669079287e-02 2.953499535669079287e-02 2.953499535669079287e-02 2.953499535669079287e-02 2.953499535669079287e-02 2.953499535669079287e-02 2.953499535669079287e-02
8.906250000000000000e-01 2.733220323264190163e-02 2.733220323264190163e-02 2.733220323264190163e-02 2.733220323264190163e-02 2.733220323264190163e-02 2.733220323264190163e-02 2.733220323264190163e-02 2.733220323264190163e-02 2.733220323264190163e-02 2.733220323264190163e-02 2.733220323264190163e-02 2.733220323264190163e-02 2.733220323264190163e-02 2.733220323264190163e-02 2.733220323264190163e-02 2.733220323264190163e-02 2.733220323264190163e-02 2.733220323264190163e-02 2.733220323264190163e-02 2.733220323264190163e-02
9.062500000000000000e-01 3.967619423845482052e-01 3.967619423845482052e-01 3.967619423845482052e-01 3.967619423845482052e-01 3.967619423845482052e-01 3.967619423845482052e-01 3.967619423845482052e-01 3.967619423845482052e-01 3.967619423845482052e-01 3.967619423845482052e-01 3.967619423845482052e-01 3.967619423845482052e-01 3.967619423845482052e-01 3.967619423845482052e-01 3.967619423845482052e-01 3.967619423845482052e-01 3.967619423845482052e-01 3.967619423845482052e-01 3.967619423845482052e-01 3.967619423845482052e-01
9.218750000000000000e-01 6.637870422177886143e-01 6.637870422177886143e-01 6.637870422177886143e-01 6.637870422177886143e-01 6.637870422177886143e-01 6.637870422177886143e-01 6.637870422177886143e-01 6.637870422177886143e-01 6.637870422177886143e-01 6.637870422177886143e-01 6.637870422177886143e-01 6.637870422177886143e-01 6.637870422177886143e-01 6.637870422177886143e-01 6.637870422177886143e-01 6.637870422177886143e-01 6.637870422177886143e-01 6.637870422177886143e-01 6.637870422177886143e-01 6.637870422177886143e-01
9.375000000000000000e-01 2.353349695765150629e-01 2.353349695765150629e-01 2.353349695765150629e-01 2.353349695765150629e-01 2.353349695765150629e-01 2.353349695765150629e-01 2.353349695765150629e-01 2.353349695765150629e-01 2.353349695765150629e-01 2.353349695765150629e-01 2.353349695765150629e-01 2.353349695765150629e-01 2.353349695765150629e-01 2.353349695765150629e-01 2.353349695765150629e-01 2.353349695765150629e-01 2.353349695765150629e-01 2.353349695765150629e-01 2.353349695765150629e-01 2.353349695765150629e-01
9.531250000000000000e-01 4.390389631917049687e-03 4.390389631917049687e-03 4.390389631917049687e-03 4.390389631917049687e-03 4.390389631917049687e-03 4.390389631917049687e-03 4.390389631917049687e-03 4.390389631917049687e-03 4.390389631917049687e-03 4.390389631917049687e-03 4.390389631917049687e-03 4.390389631917049687e-03 4.390389631917049687e-03 4.390389631917049687e-03 4.390389631917049687e-03 4.390389631917049687e-03 4.390389631917049687e-03 4.390389631917049687e-03 4.390389631917049687e-03 4.390389631917049687e-03
9.687500000000000000e-01 1.412173281177356299e-01 1.412173281177356299e-01 1.412173281177356299e-01 1.412173281177356299e-01 1.412173281177356299e-01 1.412173281177356299e-01 1.412173281177356299e-01 1.412173281177356299e-01 1.412173281177356299e-01 1.412173281177356299e-01 1.412173281177356299e-01 1.412173281177356299e-01 1.412173281177356299e-01 1.412173281177356299e-01 1.412173281177356299e-01 1.412173281177356299e-01 1.412173281177356299e-01 1.412173281177356299e-01 1.412173281177356299e-01 1.412173281177356299e-01
9.843750000000000000e-01 4.176170353163174975e-01 4.176170353163174975e-01 4.176170353163174975e-01 4.176170353163174975e-01 4.176170353163174975e-01 4.176170353163174975e-01 4.176170353163174975e-01 4.176170353163174975e-01 4.176170353163174975e-01 4.176170353163174975e-01 4.176170353163174975e-01 4.176170353163174975e-01 4.176170353163174975e-01 4.176170353163174975e-01 4.176170353163174975e-01 4.176170353163174975e-01 4.176170353163174975e-01 4.176170353163174975e-01 4.176170353163174975e-01 4.176170353163174975e-01
1.000000000000000000e+00 4.047718640985542571e-02 4.047718640985542571e-02 4.047718640985542571e-02 4.047718640985542571e-02 4.047718640985542571e-02 4.047718640985542571e-02 4.047718640985542571e-02 4.047718640985542571e-02 4.047718640985542571e-02 4.047718640985542571e-02 4.047718640985542571e-02 4.047718640985542571e-02 4.047718640985542571e-02 4.047718640985542571e-02 4.047718640985542571e-02 4.047718640985542571e-02 4.047718640985542571e-02 4.047718640985542571e-02 4.047718640985542571e-02 4.047718640985542571e-02
1.015625000000000000e+00 1.669843206207298481e-02 1.669843206207298481e-02 1.669843206207298481e-02 1.669843206207298481e-02 1.669843206207298481e-02 1.669843206207298481e-02 1.669843206207298481e-02 1.669843206207298481e-02 1.669843206207298481e-02 1.669843206207298481e-02 1.669843206207298481e-02 1.669843206207298481e-02 1.669843206207298481e-02 1.669843206207298481e-02 1.669843206207298481e-02 1.669843206207298481e-02 1.669843206207298481e-02 1.669843206207298481e-02 1.669843206207298481e-02 1.669843206207298481e-02
1.031250000000000000e+00 2.705189939146472253e-02 2.705189939146472253e-02 2.705189939146472253e-02 2.705189939146472253e-02 2.705189939146472253e-02 2.705189939146472253e-02 2.705189939146472253e-02 2.705189939146472253e-02 2.705189939146472253e-02 2.705189939146472253e-02 2.705189939146472253e-02 2.705189939146472253e-02 2.705189939146472253e-02 2.705189939146472253e-02 2.705189939146472253e-02 2.705189939146472253e-02 2.705189939146472253e-02 2.705189939146472253e-02 2.705189939146472253e-02 2.705189939146472253e-02
1.046875000000000000e+00 6.543011774921346502e-02 6.543011774921346502e-02 6.543011774921346502e-02 6.543011774921346502e-02 6.543011774921346502e-02 6.543011774921346502e-02 6.543011774921346502e-02 6.543011774921346502e-02 6.543011774921346502e-02 6.543011774921346502e-02 6.543011774921346502e-02 6.543011774921346502e-02 6.543011774921346502e-02 6.543011774921346502e-02 6.543011774921346502e-02 6.543011774921346502e-02 6.543011774921346502e-02 6.543011774921346502e-02 6.543011774921346502e-02 6.543011774921346502e-02
1.062500000000000000e+00 9.362437538067618081e-02 9.362437538067618081e-02 9.362437538067618081e-02 9.362437538067618081e-02 9.362437538067618081e-02 9.362437538067618081e-02 9.362437538067618081e-02 9.362437538067618081e-02 9.362437538067618081e-02 9.362437538067618081e-02 9.362437538067618081e-02 9.362437538067618081e-02 9.362437538067618081e-02 9.362437538067618081e-02 9.362437538067618081e-02 9.362437538067618081e-02 9.362437538067618081e-02 9.362437538067618081e-02 9.362437538067618081e-02 9.362437538067618081e-02
1.078125000000000000e+00 7.518546327094736970e-02 7.518546327094736970e-02 7.518546327094736970e-02 7.518546327094736970e-02 7.518546327094736970e-02 7.518546327094736970e-02 7.518546327094736970e-02 7.518546327094736970e-02 7.518546327094736970e-02 7.518546327094736970e-02 7.518546327094736970e-02 7.518546327094736970e-02 7.518546327094736970e-02 7.518546327094736970e-02 7.518546327094736970e-02 7.518546327094736970e-02 7.518546327094736970e-02 7.518546327094736970e-02 7.518546327094736970e-02 7.518546327094736970e-02
1.093750000000000000e+00 1.119814534600253042e-01 1.119814534600253042e-01 1.119814534600253042e-01 1.119814534600253042e-01 1.119814534600253042e-01 1.119814534600253042e-01 1.119814534600253042e-01 1.119814534600253042e-01 1.119814534600253042e-01 1.119814534600253042e-01 1.119814534600253042e-01 1.119814534600253042e-01 1.119814534600253042e-01 1.119814534600253042e-01 1.119814534600253042e-01 1.119814534600253042e-01 1.119814534600253042e-01 1.119814534600253042e-01 1.119814534600253042e-01 1.119814534600253042e-01
1.109375000000000000e+00 2.714697309338218525e-02 2.714697309338218525e-02 2.714697309338218525e-02 2.714697309338218525e-02 2.714697309338218525e-02 2.714697309338218525e-02 2.714697309338218525e-02 2.714697309338218525e-02 2.714697309338218525e-02 2.714697309338218525e-02 2.714697309338218525e-02 2.714697309338218525e-02 2.714697309338218525e-02 2.714697309338218525e-02 2.714697309338218525e-02 2.714697309338218525e-02 2.714697309338218525e-02 2.714697309338218525e-02 2.714697309338218525e-02 2.714697309338218525e-02
1.125000000000000000e+00 3.902435234884685938e-02 3.902435234884685938e-02 3.902435234884685938e-02 3.902435234884685938e-02 3.902435234884685938e-02 3.902435234884685938e-02 3.902435234884685938e-02 3.902435234884685938e-02 3.902435234884685938e-02 3.902435234884685938e-02 3.902435234884685938e-02 3.902435234884685938e-02 3.902435234884685938e-02 3.902435234884685938e-02 3.902435234884685938e-02 3.902435234884685938e-02 3.902435234884685938e-02 3.902435234884685938e-02 3.902435234884685938e-02 3.902435234884685938e-02
1.140625000000000000e+00 1.823663674013136782e-01 1.823663674013136782e-01 1.823663674013136782e-01 1.823663674013136782e-01 1.823663674013136782e-01 1.823663674013136782e-01 1.823663674013136782e-01 1.823663674013136782e-01 1.823663674013136782e-01 1.823663674013136782e-01 1.823663674013136782e-01 1.823663674013136782e-01 1.823663674013136782e-01 1.823663674013136782e-01 1.823663674013136782e-01 1.823663674013136782e-01 1.823663674013136782e-01 1.823663674013136782e-01 1.823663674013136782e-01 1.823663674013136782e-01
1.156250000000000000e+00 2.140731178675411850e-01 2.140731178675411850e-01 2.140731178675411850e-01 2.140731178675411850e-01 2.140731178675411850e-01 2.140731178675411850e-01 2.140731178675411850e-01 2.140731178675411850e-01 2.140731178675411850e-01 2.140731178675411850e-01 2.140731178675411850e-01 2.140731178675411850e-01 2.140731178675411850e-01 2.140731178675411850e-01 2.140731178675411850e-01 2.140731178675411850e-01 2.140731178675411850e-01 2.140731178675411850e-01 2.140731178675411850e-01 2.140731178675411850e-01
1.171875000000000000e+00 3.734166289940765021e-02 3.734166289940765021e-02 3.734166289940765021e-02 3.734166289940765021e-02 3.734166289940765021e-02 3.734166289940765021e-02 3.734166289940765021e-02 3.734166289940765021e-02 3.734166289940765021e-02 3.734166289940765021e-02 3.734166289940765021e-02 3.734166289940765021e-02 3.734166289940765021e-02 3.734166289940765021e-02 3.734166289940765021e-02 3.734166289940765021e-02 3.734166289940765021e-02 3.734166289940765021e-02 3.734166289940765021e-02 3.734166289940765021e-02
1.187500000000000000e+00 3.839125790118898540e-01 3.839125790118898540e-01 3.839125790118898540e-01 3.839125790118898540e-01 3.839125790118898540e-01 3.839125790118898540e-01 3.839125790118898540e-01 3.839125790118898540e-01 3.839125790118898540e-01 3.839125790118898540e-01 3.839125790118898540e-01 3.839125790118898540e-01 3.839125790118898540e-01 3.839125790118898540e-01 3.839125790118898540e-01 3.839125790118898540e-01 3.839125790118898540e-01 3.839125790118898540e-01 3.839125790118898540e-01 3.839125790118898540e-01
1.203125000000000000e+00 7.827615823369681314e-01 7.827615823369681314e-01 7.827615823369681314e-01 7.827615823369681314e-01 7.827615823369681314e-01 7.827615823369681314e-01 7.827615823369681314e-01 7.827615823369681314e-01 7.827615823369681314e-01 7.827615823369681314e-01 7.827615823369681314e-01 7.827615823369681314e-01 7.827615823369681314e-01 7.827615823369681314e-01 7.827615823369681314e-01 7.827615823369681314e-01 7.827615823369681314e-01 7.827615823369681314e-01 7.827615823369681314e-01 7.827615823369681314e-01
1.218750000000000000e+00 1.157001246622172130e-01 1.157001246622172130e-01 1.157001246622172130e-01 1.157001246622172130e-01 1.157001246622172130e-01 1.157001246622172130e-01 1.157001246622172130e-01 1.157001246622172130e-01 1.157001246622172130e-01 1.157001246622172130e-01 1.157001246622172130e-01 1.157001246622172130e-01 1.157001246622172130e-01 1.157001246622172130e-01 1.157001246622172130e-01 1.157001246622172130e-01 1.157001246622172130e-01 1.157001246622172130e-01 1.157001246622172130e-01 1.157001246622172130e-01
1.234375000000000000e+00 3.004692917813022932e-02 3.004692917813022932e-02 3.004692917813022932e-02 3.004692917813022932e-02 3.004692917813022932e-02 3.004692917813022932e-02 3.004692917813022932e-02 3.004692917813022932e-02 3.004692917813022932e-02 3.004692917813022932e-02 3.004692917813022932e-02 3.004692917813022932e-02 3.004692917813022932e-02 3.004692917813022932e-02 3.004692917813022932e-02 3.004692917813022932e-02 3.004692917813022932e-02 3.004692917813022932e-02 3.004692917813022932e-02 3.004692917813022932e-02
1.250000000000000000e+00 1.521054133777291831e-02 1.521054133777291831e-02 1.521054133777291831e-02 1.521054133777291831e-02 1.521054133777291831e-02 1.521054133777291831e-02 1.521054133777291831e-02 1.521054133777291831e-02 1.521054133777291831e-02 1.521054133777291831e-02 1.521054133777291831e-02 1.521054133777291831e-02 1.521054133777291831e-02 1.521054133777291831e-02 1.521054133777291831e-02 1.521054133777291831e-02 1.521054133777291831e-02 1.521054133777291831e-02 1.521054133777291831e-02 1.521054133777291831e-02
1.265625000000000000e+00 1.331734746391610158e-01 1.331734746391610158e-01 1.331734746391610158e-01 1.331734746391610158e-01 1.331734746391610158e-01 1.331734746391610158e-01 1.331734746391610158e-01 1.331734746391610158e-01 1.331734746391610158e-01 1.331734746391610158e-01 1.331734746391610158e-01 1.331734746391610158e-01 1.331734746391610158e-01 1.331734746391610158e-01 1.331734746391610158e-01 1.331734746391610158e-01 1.331734746391610158e-01 1.331734746391610158e-01 1.331734746391610158e-01 1.331734746391610158e-01
1.281250000000000000e+00 3.242132839013985024e-02 3.242132839013985024e-02 3.242132839013985024e-02 3.242132839013985024e-02 3.242132839013985024e-02 3.242132839013985024e-02 3.242132839013985024e-02 3.242132839013985024e-02 3.242132839013985024e-02 3.242132839013985024e-02 3.242132839013985024e-02 3.242132839013985024e-02 3.242132839013985024e-02 3.242132839013985024e-02 3.242132839013985024e-02 3.242132839013985024e-02 3.242132839013985024e-02 3.242132839013985024e-02 3.242132839013985024e-02 3.242132839013985024e-02
1.296875000000000000e+00 8.206352339304652521e-02 8.206352339304652521e-02 8.206352339304652521e-02 8.206352339304652521e-02 8.206352339304652521e-02 8.206352339304652521e-02 8.206352339304652521e-02 8.206352339304652521e-02 8.206352339304652521e-02 8.206352339304652521e-02 8.206352339304652521e-02 8.206352339304652521e-02 8.206352339304652521e-02 8.206352339304652521e-02 8.206352339304652521e-02 8.206352339304652521e-02 8.206352339304652521e-02 8.206352339304652521e-02 8.206352339304652521e-02 8.206352339304652521e-02
1.312500000000000000e+00 7.634861162107103513e-03 7.634861162107103513e-03 7.634861162107103513e-03 7.634861162107103513e-03 7.634861162107103513e-03 7.634861162107103513e-03 7.634861162107103513e-03 7.634861162107103513e-03 7.634861162107103513e-03 7.634861162107103513e-03 7.634861162107103513e-03 7.634861162107103513e-03 7.634861162107103513e-03 7.634861162107103513e-03 7.634861162107103513e-03 7.634861162107103513e-03 7.634861162107103513e-03 7.634861162107103513e-03 7.634861162107103513e-03 7.634861162107103513e-03
1.328125000000000000e+00 7.386510027491680584e-03 7.386510027491680584e-03 7.386510027491680584e-03 7.386510027491680584e-03 7.386510027491680584e-03 7.386510027491680584e-03 7.386510027491680584e-03 7.386510027491680584e-03 7.386510027491680584e-03 7.386510027491680584e-03 7.386510027491680584e-03 7.386510027491680584e-03 7.386510027491680584e-03 7.386510027491680584e-03 7.386510027491680584e-03 7.386510027491680584e-03 7.386510027491680584e-03 7.386510027491680584e-03 7.386510027491680584e-03 7.386510027491680584e-03
1.343750000000000000e+00 7.857864263267075322e-02 7.857864263267075322e-02 7.857864263267075322e-02 7.857864263267075322e-02 7.857864263267075322e-02 7.857864263267075322e-02 7.857864263267075322e-02 7.857864263267075322e-02 7.857864263267075322e-02 7.857864263267075322e-02 7.857864263267075322e-02 7.857864263267075322e-02 7.857864263267075322e-02 7.857864263267075322e-02 7.857864263267075322e-02 7.857864263267075322e-02 7.857864263267075322e-02 7.857864263267075322e-02 7.857864263267075322e-02 7.857864263267075322e-02
1.359375000000000000e+00 3.538651181905072551e-02 3.538651181905072551e-02 3.538651181905072551e-02 3.538651181905072551e-02 3.538651181905072551e-02 3.538651181905072551e-02 3.538651181905072551e-02 3.538651181905072551e-02 3.538651181905072551e-02 3.538651181905072551e-02 3.538651181905072551e-02 3.538651181905072551e-02 3.538651181905072551e-02 3.538651181905072551e-02 3.538651181905072551e-02 3.538651181905072551e-02 3.538651181905072551e-02 3.538651181905072551e-02 3.538651181905072551e-02 3.538651181905072551e-02
1.375000000000000000e+00 6.595048938602316585e-03 6.595048938602316585e-03 6.595048938602316585e-03 6.595048938602316585e-03 6.595048938602316585e-03 6.595048938602316585e-03 6.595048938602316585e-03 6.595048938602316585e-03 6.595048938602316585e-03 6.595048938602316585e-03 6.595048938602316585e-03 6.595048938602316585e-03 6.595048938602316585e-03 6.595048938602316585e-03 6.595048938602316585e-03 6.595048938602316585e-03 6.595048938602316585e-03 6.595048938602316585e-03 6.595048938602316585e-03 6.595048938602316585e-03
1.390625000000000000e+00 1.941546453401031894e-02 1.941546453401031894e-02 1.941546453401031894e-02 1.941546453401031894e-02 1.941546453401031894e-02 1.941546453401031894e-02 1.941546453401031894e-02 1.941546453401031894e-02 1.941546453401031894e-02 1.941546453401031894e-02 1.941546453401031894e-02 1.941546453401031894e-02 1.941546453401031894e-02 1.941546453401031894e-02 1.941546453401031894e-02 1.941546453401031894e-02 1.941546453401031894e-02 1.941546453401031894e-02 1.941546453401031894e-02 1.941546453401031894e-02
1.406250000000000000e+00 1.281326706116118867e-03 1.281326706116118867e-03 1.281326706116118867e-03 1.281326706116118867e-03 1.281326706116118867e-03 1.281326706116118867e-03 1.281326706116118867e-03 1.281326706116118867e-03 1.281326706116118867e-03 1.281326706116118867e-03 1.281326706116118867e-03 1.281326706116118867e-03 1.281326706116118867e-03 1.281326706116118867e-03 1.281326706116118867e-03 1.281326706116118867e-03 1.281326706116118867e-03 1.281326706116118867e-03 1.281326706116118867e-03 1.281326706116118867e-03
1.421875000000000000e+00 1.346216636844698999e-01 1.346216636844698999e-01 1.346216636844698999e-01 1.346216636844698999e-01 1.346216636844698999e-01 1.346216636844698999e-01 1.346216636844698999e-01 1.346216636844698999e-01 1.346216636844698999e-01 1.346216636844698999e-01 1.346216636844698999e-01 1.346216636844698999e-01 1.346216636844698999e-01 1.346216636844698999e-01 1.346216636844698999e-01 1.346216636844698999e-01 1.346216636844698999e-01 1.346216636844698999e-01 1.346216636844698999e-01 1.346216636844698999e-01
1.437500000000000000e+00 3.605481536878760163e-02 3.605481536878760163e-02 3.605481536878760163e-02 3.605481536878760163e-02 3.605481536878760163e-02 3.605481536878760163e-02 3.605481536878760163e-02 3.605481536878760163e-02 3.605481536878760163e-02 3.605481536878760163e-02 3.605481536878760163e-02 3.605481536878760163e-02 3.605481536878760163e-02 3.605481536878760163e-02 3.605481536878760163e-02 3.605481536878760163e-02 3.605481536878760163e-02 3.605481536878760163e-02 3.605481536878760163e-02 3.605481536878760163e-02
1.453125000000000000e+00 8.202743536670107846e-03 8.202743536670107846e-03 8.202743536670107846e-03 8.202743536670107846e-03 8.202743536670107846e-03 8.202743536670107846e-03 8.202743536670107846e-03 8.202743536670107846e-03 8.202743536670107846e-03 8.202743536670107846e-03 8.202743536670107846e-03 8.202743536670107846e-03 8.202743536670107846e-03 8.202743536670107846e-03 8.202743536670107846e-03 8.202743536670107846e-03 8.202743536670107846e-03 8.202743536670107846e-03 8.202743536670107846e-03 8.202743536670107846e-03
1.468750000000000000e+00 5.602757486037255319e-01 5.602757486037255319e-01 5.602757486037255319e-01 5.602757486037255319e-01 5.602757486037255319e-01 5.602757486037255319e-01 5.602757486037255319e-01 5.602757486037255319e-01 5.602757486037255319e-01 5.602757486037255319e-01 5.602757486037255319e-01 5.602757486037255319e-01 5.602757486037255319e-01 5.602757486037255319e-01 5.602757486037255319e-01 5.602757486037255319e-01 5.602757486037255319e-01 5.602757486037255319e-01 5.602757486037255319e-01 5.602757486037255319e-01
1.484375000000000000e+00 6.858846923996408940e-01 6.858846923996408940e-01 6.858846923996408940e-01 6.858846923996408940e-01 6.858846923996408940e-01 6.858846923996408940e-01 6.858846923996408940e-01 6.858846923996408940e-01 6.858846923996408940e-01 6.858846923996408940e-01 6.858846923996408940e-01 6.858846923996408940e-01 6.858846923996408940e-01 6.858846923996408940e-01 6.858846923996408940e-01 6.858846923996408940e-01 6.858846923996408940e-01 6.858846923996408940e-01 6.858846923996408940e-01 6.858846923996408940e-01
1.500000000000000000e+00 5.391674023214483302e-01 5.391674023214483302e-01 5.391674023214483302e-01 5.391674023214483302e-01 5.391674023214483302e-01 5.391674023214483302e-01 5.391674023214483302e-01 5.391674023214483302e-01 5.391674023214483302e-01 5.391674023214483302e-01 5.391674023214483302e-01 5.391674023214483302e-01 5.391674023214483302e-01 5.391674023214483302e-01 5.391674023214483302e-01 5.391674023214483302e-01 5.391674023214483302e-01 5.391674023214483302e-01 5.391674023214483302e-01 5.391674023214483302e-01
1.515625000000000000e+00 1.316060507764617860e-01 1.316060507764617860e-01 1.316060507764617860e-01 1.316060507764617860e-01 1.316060507764617860e-01 1.316060507764617860e-01 1.316060507764617860e-01 1.316060507764617860e-01 1.316060507764617860e-01 1.316060507764617860e-01 1.316060507764617860e-01 1.316060507764617860e-01 1.316060507764617860e-01 1.316060507764617860e-01 1.316060507764617860e-01 1.316060507764617860e-01 1.316060507764617860e-01 1.316060507764617860e-01 1.316060507764617860e-01 1.316060507764617860e-01
1.531250000000000000e+00 8.325216834837190216e-02 8.325216834837190216e-02 8.325216834837190216e-02 8.325216834837190216e-02 8.325216834837190216e-02 8.325216834837190216e-02 8.325216834837190216e-02 8.325216834837190216e-02 8.325216834837190216e-02 8.325216834837190216e-02 8.325216834837190216e-02 8.325216834837190216e-02 8.325216834837190216e-02 8.325216834837190216e-02 8.325216834837190216e-02 8.325216834837190216e-02 8.325216834837190216e-02 8.325216834837190216e-02 8.325216834837190216e-02 8.325216834837190216e-02
1.546875000000000000e+00 5.423949775131792217e-02 5.423949775131792217e-02 5.423949775131792217e-02 5.423949775131792217e-02 5.423949775131792217e-02 5.423949775131792217e-02 5.423949775131792217e-02 5.423949775131792217e-02 5.423949775131792217e-02 5.423949775131792217e-02 5.423949775131792217e-02 5.423949775131792217e-02 5.423949775131792217e-02 5.423949775131792217e-02 5.423949775131792217e-02 5.423949775131792217e-02 5.423949775131792217e-02 5.423949775131792217e-02 5.423949775131792217e-02 5.423949775131792217e-02
1.562500000000000000e+00 5.847448756792940350e-02 5.847448756792940350e-02 5.847448756792940350e-02 5.847448756792940350e-02 5.847448756792940350e-02 5.847448756792940350e-02 5.847448756792940350e-02 5.847448756792940350e-02 5.847448756792940350e-02 5.847448756792940350e-02 5.847448756792940350e-02 5.847448756792940350e-02 5.847448756792940350e-02 5.847448756792940350e-02 5.847448756792940350e-02 5.847448756792940350e-02 5.847448756792940350e-02 5.847448756792940350e-02 5.847448756792940350e-02 5.847448756792940350e-02
1.578125000000000000e+00 8.044631898054289965e-02 8.044631898054289965e-02 8.044631898054289965e-02 8.044631898054289965e-02 8.044631898054289965e-02 8.044631898054289965e-02 8.044631898054289965e-02 8.044631898054289965e-02 8.044631898054289965e-02 8.044631898054289965e-02 8.044631898054289965e-02 8.044631898054289965e-02 8.044631898054289965e-02 8.044631898054289965e-02 8.044631898054289965e-02 8.044631898054289965e-02 8.044631898054289965e-02 8.044631898054289965e-02 8.044631898054289965e-02 8.044631898054289965e-02
1.593750000000000000e+00 4.833515921760334760e-02 4.833515921760334760e-02 4.833515921760334760e-02 4.833515921760334760e-02 4.833515921760334760e-02 4.833515921760334760e-02 4.833515921760334760e-02 4.833515921760334760e-02 4.833515921760334760e-02 4.833515921760334760e-02 4.833515921760334760e-02 4.833515921760334760e-02 4.833515921760334760e-02 4.833515921760334760e-02 4.833515921760334760e-02 4.833515921760334760e-02 4.833515921760334760e-02 4.833515921760334760e-02 4.833515921760334760e-02 4.833515921760334760e-02
1.609375000000000000e+00 1.027599947390862509e-02 1.027599947390862509e-02 1.027599947390862509e-02 1.027599947390862509e-02 1.027599947390862509e-02 1.027599947390862509e-02 1.027599947390862509e-02 1.027599947390862509e-02 1.027599947390862509e-02 1.027599947390862509e-02 1.027599947390862509e-02 1.027599947390862509e-02 1.027599947390862509e-02 1.027599947390862509e-02 1.027599947390862509e-02 1.027599947390862509e-02 1.027599947390862509e-02 1.027599947390862509e-02 1.027599947390862509e-02 1.027599947390862509e-02
1.625000000000000000e+00 1.190227997007801963e-01 1.190227997007801963e-01 1.190227997007801963e-01 1.190227997007801963e-01 1.190227997007801963e-01 1.190227997007801963e-01 1.190227997007801963e-01 1.190227997007801963e-01 1.190227997007801963e-01 1.190227997007801963e-01 1.190227997007801963e-01 1.190227997007801963e-01 1.190227997007801963e-01 1.190227997007801963e-01 1.190227997007801963e-01 1.190227997007801963e-01 1.190227997007801963e-01 1.190227997007801963e-01 1.190227997007801963e-01 1.190227997007801963e-01
1.640625000000000000e+00 2.912499615030916256e-01 2.912499615030916256e-01 2.912499615030916256e-01 2.912499615030916256e-01 2.912499615030916256e-01 2.912499615030916256e-01 2.912499615030916256e-01 2.912499615030916256e-01 2.912499615030916256e-01 2.912499615030916256e-01 2.912499615030916256e-01 2.912499615030916256e-01 2.912499615030916256e-01 2.912499615030916256e-01 2.912499615030916256e-01 2.912499615030916256e-01 2.912499615030916256e-01 2.912499615030916256e-01 2.912499615030916256e-01 2.912499615030916256e-01
1.656250000000000000e+00 6.912454217816899060e-02 6.912454217816899060e-02 6.912454217816899060e-02 6.912454217816899060e-02 6.912454217816899060e-02 6.912454217816899060e-02 6.912454217816899060e-02 6.912454217816899060e-02 6.912454217816899060e-02 6.912454217816899060e-02 6.912454217816899060e-02 6.912454217816899060e-02 6.912454217816899060e-02 6.912454217816899060e-02 6.912454217816899060e-02 6.912454217816899060e-02 6.912454217816899060e-02 6.912454217816899060e-02 6.912454217816899060e-02 6.912454217816899060e-02
1.671875000000000000e+00 2.714717236505044193e-02 2.714717236505044193e-02 2.714717236505044193e-02 2.714717236505044193e-02 2.714717236505044193e-02 2.714717236505044193e-02 2.714717236505044193e-02 2.714717236505044193e-02 2.714717236505044193e-02 2.714717236505044193e-02 2.714717236505044193e-02 2.714717236505044193e-02 2.714717236505044193e-02 2.714717236505044193e-02 2.714717236505044193e-02 2.714717236505044193e-02 2.714717236505044193e-02 2.714717236505044193e-02 2.714717236505044193e-02 2.714717236505044193e-02
1.687500000000000000e+00 1.307896374484033286e-01 1.307896374484033286e-01 1.307896374484033286e-01 1.307896374484033286e-01 1.307896374484033286e-01 1.307896374484033286e-01 1.307896374484033286e-01 1.307896374484033286e-01 1.307896374484033286e-01 1.307896374484033286e-01 1.307896374484033286e-01 1.307896374484033286e-01 1.307896374484033286e-01 1.307896374484033286e-01 1.307896374484033286e-01 1.307896374484033286e-01 1.307896374484033286e-01 1.307896374484033286e-01 1.307896374484033286e-01 1.307896374484033286e-01
1.703125000000000000e+00 4.865853857617252753e-01 4.865853857617252753e-01 4.865853857617252753e-01 4.865853857617252753e-01 4.865853857617252753e-01 4.865853857617252753e-01 4.865853857617252753e-01 4.865853857617252753e-01 4.865853857617252753e-01 4.865853857617252753e-01 4.865853857617252753e-01 4.865853857617252753e-01 4.865853857617252753e-01 4.865853857617252753e-01 4.865853857617252753e-01 4.865853857617252753e-01 4.865853857617252753e-01 4.865853857617252753e-01 4.865853857617252753e-01 4.865853857617252753e-01
1.718750000000000000e+00 4.652163525660905907e-02 4.652163525660905907e-02 4.652163525660905907e-02 4.652163525660905907e-02 4.652163525660905907e-02 4.652163525660905907e-02 4.652163525660905907e-02 4.652163525660905907e-02 4.652163525660905907e-02 4.652163525660905907e-02 4.652163525660905907e-02 4.652163525660905907e-02 4.652163525660905907e-02 4.652163525660905907e-02 4.652163525660905907e-02 4.652163525660905907e-02 4.652163525660905907e-02 4.652163525660905907e-02 4.652163525660905907e-02 4.652163525660905907e-02
1.734375000000000000e+00 9.736739046243563997e-03 9.736739046243563997e-03 9.736739046243563997e-03 9.736739046243563997e-03 9.736739046243563997e-03 9.736739046243563997e-03 9.736739046243563997e-03 9.736739046243563997e-03 9.736739046243563997e-03 9.736739046243563997e-03 9.736739046243563997e-03 9.736739046243563997e-03 9.736739046243563997e-03 9.736739046243563997e-03 9.736739046243563997e-03 9.736739046243563997e-03 9.736739046243563997e-03 9.736739046243563997e-03 9.736739046243563997e-03 9.736739046243563997e-03
1.750000000000000000e+00 1.249353066510651838e-01 1.249353066510651838e-01 1.249353066510651838e-01 1.249353066510651838e-01 1.249353066510651838e-01 1.249353066510651838e-01 1.249353066510651838e-01 1.249353066510651838e-01 1.249353066510651838e-01 1.249353066510651838e-01 1.249353066510651838e-01 1.249353066510651838e-01 1.249353066510651838e-01 1.249353066510651838e-01 1.249353066510651838e-01 1.249353066510651838e-01 1.249353066510651838e-01 1.249353066510651838e-01 1.249353066510651838e-01 1.249353066510651838e-01
1.765625000000000000e+00 1.995351127601503738e-01 1.995351127601503738e-01 1.995351127601503738e-01 1.995351127601503738e-01 1.995351127601503738e-01 1.995351127601503738e-01 1.995351127601503738e-01 1.995351127601503738e-01 1.995351127601503738e-01 1.995351127601503738e-01 1.995351127601503738e-01 1.995351127601503738e-01 1.995351127601503738e-01 1.995351127601503738e-01 1.995351127601503738e-01 1.995351127601503738e-01 1.995351127601503738e-01 1.995351127601503738e-01 1.995351127601503738e-01 1.995351127601503738e-01
1.781250000000000000e+00 9.693214199904471792e-03 9.693214199904471792e-03 9.693214199904471792e-03 9.693214199904471792e-03 9.693214199904471792e-03 9.693214199904471792e-03 9.693214199904471792e-03 9.693214199904471792e-03 9.693214199904471792e-03 9.693214199904471792e-03 9.693214199904471792e-03 9.693214199904471792e-03 9.693214199904471792e-03 9.693214199904471792e-03 9.693214199904471792e-03 9.693214199904471792e-03 9.693214199904471792e-03 9.693214199904471792e-03 9.693214199904471792e-03 9.693214199904471792e-03
1.796875000000000000e+00 6.458186011449046880e-03 6.458186011449046880e-03 6.458186011449046880e-03 6.458186011449046880e-03 6.458186011449046880e-03 6.458186011449046880e-03 6.458186011449046880e-03 6.458186011449046880e-03 6.458186011449046880e-03 6.458186011449046880e-03 6.458186011449046880e-03 6.458186011449046880e-03 6.458186011449046880e-03 6.458186011449046880e-03 6.458186011449046880e-03 6.458186011449046880e-03 6.458186011449046880e-03 6.458186011449046880e-03 6.458186011449046880e-03 6.458186011449046880e-03
1.812500000000000000e+00 5.738213331160048856e-03 5.738213331160048856e-03 5.738213331160048856e-03 5.738213331160048856e-03 5.738213331160048856e-03 5.738213331160048856e-03 5.738213331160048856e-03 5.738213331160048856e-03 5.738213331160048856e-03 5.738213331160048856e-03 5.738213331160048856e-03 5.738213331160048856e-03 5.738213331160048856e-03 5.738213331160048856e-03 5.738213331160048856e-03 5.738213331160048856e-03 5.738213331160048856e-03 5.738213331160048856e-03 5.738213331160048856e-03 5.738213331160048856e-03
1.828125000000000000e+00 3.011172217300373682e-02 3.011172217300373682e-02 3.011172217300373682e-02 3.011172217300373682e-02 3.011172217300373682e-02 3.011172217300373682e-02 3.011172217300373682e-02 3.011172217300373682e-02 3.011172217300373682e-02 3.011172217300373682e-02 3.011172217300373682e-02 3.011172217300373682e-02 3.011172217300373682e-02 3.011172217300373682e-02 3.011172217300373682e-02 3.011172217300373682e-02 3.011172217300373682e-02 3.011172217300373682e-02 3.011172217300373682e-02 3.011172217300373682e-02
1.843750000000000000e+00 2.758414596948677647e-02 2.758414596948677647e-02 2.758414596948677647e-02 2.758414596948677647e-02 2.758414596948677647e-02 2.758414596948677647e-02 2.758414596948677647e-02 2.758414596948677647e-02 2.758414596948677647e-02 2.758414596948677647e-02 2.758414596948677647e-02 2.758414596948677647e-02 2.758414596948677647e-02 2.758414596948677647e-02 2.758414596948677647e-02 2.758414596948677647e-02 2.758414596948677647e-02 2.758414596948677647e-02 2.758414596948677647e-02 2.758414596948677647e-02
1.859375000000000000e+00 2.248584864939007222e-02 2.248584864939007222e-02 2.248584864939007222e-02 2.248584864939007222e-02 2.248584864939007222e-02 2.248584864939007222e-02 2.248584864939007222e-02 2.248584864939007222e-02 2.248584864939007222e-02 2.248584864939007222e-02 2.248584864939007222e-02 2.248584864939007222e-02 2.248584864939007222e-02 2.248584864939007222e-02 2.248584864939007222e-02 2.248584864939007222e-02 2.248584864939007222e-02 2.248584864939007222e-02 2.248584864939007222e-02 2.248584864939007222e-02
1.875000000000000000e+00 2.726380829943352707e-02 2.726380829943352707e-02 2.726380829943352707e-02 2.726380829943352707e-02 2.726380829943352707e-02 2.726380829943352707e-02 2.726380829943352707e-02 2.726380829943352707e-02 2.726380829943352707e-02 2.726380829943352707e-02 2.726380829943352707e-02 2.726380829943352707e-02 2.726380829943352707e-02 2.726380829943352707e-02 2.726380829943352707e-02 2.726380829943352707e-02 2.726380829943352707e-02 2.726380829943352707e-02 2.726380829943352707e-02 2.726380829943352707e-02
1.890625000000000000e+00 5.605939153475220788e-02 5.605939153475220788e-02 5.605939153475220788e-02 5.605939153475220788e-02 5.605939153475220788e-02 5.605939153475220788e-02 5.605939153475220788e-02 5.605939153475220788e-02 5.605939153475220788e-02 5.605939153475220788e-02 5.605939153475220788e-02 5.605939153475220788e-02 5.605939153475220788e-02 5.605939153475220788e-02 5.605939153475220788e-02 5.605939153475220788e-02 5.605939153475220788e-02 5.605939153475220788e-02 5.605939153475220788e-02 5.605939153475220788e-02
1.906250000000000000e+00 7.068219704019690353e-01 7.068219704019690353e-01 7.068219704019690353e-01 7.068219704019690353e-01 7.068219704019690353e-01 7.068219704019690353e-01 7.068219704019690353e-01 7.068219704019690353e-01 7.068219704019690353e-01 7.068219704019690353e-01 7.068219704019690353e-01 7.068219704019690353e-01 7.068219704019690353e-01 7.068219704019690353e-01 7.068219704019690353e-01 7.068219704019690353e-01 7.068219704019690353e-01 7.068219704019690353e-01 7.068219704019690353e-01 7.068219704019690353e-01
1.921875000000000000e+00 6.523805259298336434e-01 6.523805259298336434e-01 6.523805259298336434e-01 6.523805259298336434e-01 6.523805259298336434e-01 6.523805259298336434e-01 6.523805259298336434e-01 6.523805259298336434e-01 6.523805259298336434e-01 6.523805259298336434e-01 6.523805259298336434e-01 6.523805259298336434e-01 6.523805259298336434e-01 6.523805259298336434e-01 6.523805259298336434e-01 6.523805259298336434e-01 6.523805259298336434e-01 6.523805259298336434e-01 6.523805259298336434e-01 6.523805259298336434e-01
1.937500000000000000e+00 2.406505878958039857e-01 2.406505878958039857e-01 2.406505878958039857e-01 2.406505878958039857e-01 2.406505878958039857e-01 2.406505878958039857e-01 2.406505878958039857e-01 2.406505878958039857e-01 2.406505878958039857e-01 2.406505878958039857e-01 2.406505878958039857e-01 2.406505878958039857e-01 2.406505878958039857e-01 2.406505878958039857e-01 2.406505878958039857e-01 2.406505878958039857e-01 2.406505878958039857e-01 2.406505878958039857e-01 2.406505878958039857e-01 2.406505878958039857e-01
1.953125000000000000e+00 5.447372824331850848e-03 5.447372824331850848e-03 5.447372824331850848e-03 5.447372824331850848e-03 5.447372824331850848e-03 5.447372824331850848e-03 5.447372824331850848e-03 5.447372824331850848e-03 5.447372824331850848e-03 5.447372824331850848e-03 5.447372824331850848e-03 5.447372824331850848e-03 5.447372824331850848e-03 5.447372824331850848e-03 5.447372824331850848e-03 5.447372824331850848e-03 5.447372824331850848e-03 5.447372824331850848e-03 5.447372824331850848e-03 5.447372824331850848e-03
1.968750000000000000e+00 3.267704832836820228e-01 3.267704832836820228e-01 3.267704832836820228e-01 3.267704832836820228e-01 3.267704832836820228e-01 3.267704832836820228e-01 3.267704832836820228e-01 3.267704832836820228e-01 3.267704832836820228e-01 3.267704832836820228e-01 3.267704832836820228e-01 3.267704832836820228e-01 3.267704832836820228e-01 3.267704832836820228e-01 3.267704832836820228e-01 3.267704832836820228e-01 3.267704832836820228e-01 3.267704832836820228e-01 3.267704832836820228e-01 3.267704832836820228e-01
1.984375000000000000e+00 4.130748633963345906e-01 4.130748633963345906e-01 4.130748633963345906e-01 4.130748633963345906e-01 4.130748633963345906e-01 4.130748633963345906e-01 4.130748633963345906e-01 4.130748633963345906e-01 4.130748633963345906e-01 4.130748633963345906e-01 4.130748633963345906e-01 4.130748633963345906e-01 4.130748633963345906e-01 4.130748633963345906e-01 4.130748633963345906e-01 4.130748633963345906e-01 4.130748633963345906e-01 4.130748633963345906e-01 4.130748633963345906e-01 4.130748633963345906e-01
2.000000000000000000e+00 3.217893971485576848e-02 3.217893971485576848e-02 3.217893971485576848e-02 3.217893971485576848e-02 3.217893971485576848e-02 3.217893971485576848e-02 3.217893971485576848e-02 3.217893971485576848e-02 3.217893971485576848e-02 3.217893971485576848e-02 3.217893971485576848e-02 3.217893971485576848e-02 3.217893971485576848e-02 3.217893971485576848e-02 3.217893971485576848e-02 3.217893971485576848e-02 3.217893971485576848e-02 3.217893971485576848e-02 3.217893971485576848e-02 3.217893971485576848e-02
