0.000000000000000000e+00 3.217288386581592833e-05 3.217288386581592833e-05 3.217288386581592833e-05 3.217288386581592833e-05 3.217288386581592833e-05 3.217288386581592833e-05 3.217288386581592833e-05 3.217288386581592833e-05 3.217288386581592833e-05 3.217288386581592833e-05 3.217288386581592833e-05 3.217288386581592833e-05 3.217288386581592833e-05 3.217288386581592833e-05 3.217288386581592833e-05 3.217288386581592833e-05 3.217288386581592833e-05 3.217288386581592833e-05 3.217288386581592833e-05 3.217288386581592833e-05
1.562500000000000000e-02 1.353895105100656054e-02 1.353895105100656054e-02 1.353895105100656054e-02 1.353895105100656054e-02 1.353895105100656054e-02 1.353895105100656054e-02 1.353895105100656054e-02 1.353895105100656054e-02 1.353895105100656054e-02 1.353895105100656054e-02 1.353895105100656054e-02 1.353895105100656054e-02 1.353895105100656054e-02 1.353895105100656054e-02 1.353895105100656054e-02 1.353895105100656054e-02 1.353895105100656054e-02 1.353895105100656054e-02 1.353895105100656054e-02 1.353895105100656054e-02
3.125000000000000000e-02 1.383929478032419266e-02 1.383929478032419266e-02 1.383929478032419266e-02 1.383929478032419266e-02 1.383929478032419266e-02 1.383929478032419266e-02 1.383929478032419266e-02 1.383929478032419266e-02 1.383929478032419266e-02 1.383929478032419266e-02 1.383929478032419266e-02 1.383929478032419266e-02 1.383929478032419266e-02 1.383929478032419266e-02 1.383929478032419266e-02 1.383929478032419266e-02 1.383929478032419266e-02 1.383929478032419266e-02 1.383929478032419266e-02 1.383929478032419266e-02
4.687500000000000000e-02 1.578873738839213156e-02 1.578873738839213156e-02 1.578873738839213156e-02 1.578873738839213156e-02 1.578873738839213156e-02 1.578873738839213156e-02 1.578873738839213156e-02 1.578873738839213156e-02 1.578873738839213156e-02 1.578873738839213156e-02 1.578873738839213156e-02 1.578873738839213156e-02 1.578873738839213156e-02 1.578873738839213156e-02 1.578873738839213156e-02 1.578873738839213156e-02 1.578873738839213156e-02 1.578873738839213156e-02 1.578873738839213156e-02 1.578873738839213156e-02
6.250000000000000000e-02 1.697649016184038864e-02 1.697649016184038864e-02 1.697649016184038864e-02 1.697649016184038864e-02 1.697649016184038864e-02 1.697649016184038864e-02 1.697649016184038864e-02 1.697649016184038864e-02 1.697649016184038864e-02 1.697649016184038864e-02 1.697649016184038864e-02 1.697649016184038864e-02 1.697649016184038864e-02 1.697649016184038864e-02 1.697649016184038864e-02 1.697649016184038864e-02 1.697649016184038864e-02 1.697649016184038864e-02 1.697649016184038864e-02 1.697649016184038864e-02
7.812500000000000000e-02 2.090809579880604369e-02 2.090809579880604369e-02 2.090809579880604369e-02 2.090809579880604369e-02 2.090809579880604369e-02 2.090809579880604369e-02 2.090809579880604369e-02 2.090809579880604369e-02 2.090809579880604369e-02 2.090809579880604369e-02 2.090809579880604369e-02 2.090809579880604369e-02 2.090809579880604369e-02 2.090809579880604369e-02 2.090809579880604369e-02 2.090809579880604369e-02 2.090809579880604369e-02 2.090809579880604369e-02 2.090809579880604369e-02 2.090809579880604369e-02
9.375000000000000000e-02 9.710712131859164375e-02 9.710712131859164375e-02 9.710712131859164375e-02 9.710712131859164375e-02 9.710712131859164375e-02 9.710712131859164375e-02 9.710712131859164375e-02 9.710712131859164375e-02 9.710712131859164375e-02 9.710712131859164375e-02 9.710712131859164375e-02 9.710712131859164375e-02 9.710712131859164375e-02 9.710712131859164375e-02 9.710712131859164375e-02 9.710712131859164375e-02 9.710712131859164375e-02 9.710712131859164375e-02 9.710712131859164375e-02 9.710712131859164375e-02
1.093750000000000000e-01 3.965530135882577856e-01 3.965530135882577856e-01 3.965530135882577856e-01 3.965530135882577856e-01 3.965530135882577856e-01 3.965530135882577856e-01 3.965530135882577856e-01 3.965530135882577856e-01 3.965530135882577856e-01 3.965530135882577856e-01 3.965530135882577856e-01 3.965530135882577856e-01 3.965530135882577856e-01 3.965530135882577856e-01 3.965530135882577856e-01 3.965530135882577856e-01 3.965530135882577856e-01 3.965530135882577856e-01 3.965530135882577856e-01 3.965530135882577856e-01
1.250000000000000000e-01 8.210105442511125284e-01 8.210105442511125284e-01 8.210105442511125284e-01 8.210105442511125284e-01 8.210105442511125284e-01 8.210105442511125284e-01 8.210105442511125284e-01 8.210105442511125284e-01 8.210105442511125284e-01 8.210105442511125284e-01 8.210105442511125284e-01 8.210105442511125284e-01 8.210105442511125284e-01 8.210105442511125284e-01 8.210105442511125284e-01 8.210105442511125284e-01 8.210105442511125284e-01 8.210105442511125284e-01 8.210105442511125284e-01 8.210105442511125284e-01
1.406250000000000000e-01 9.514564180320994602e-01 9.514564180320994602e-01 9.514564180320994602e-01 9.514564180320994602e-01 9.514564180320994602e-01 9.514564180320994602e-01 9.514564180320994602e-01 9.514564180320994602e-01 9.514564180320994602e-01 9.514564180320994602e-01 9.514564180320994602e-01 9.514564180320994602e-01 9.514564180320994602e-01 9.514564180320994602e-01 9.514564180320994602e-01 9.514564180320994602e-01 9.514564180320994602e-01 9.514564180320994602e-01 9.514564180320994602e-01 9.514564180320994602e-01
1.562500000000000000e-01 9.857674675335446057e-01 9.857674675335446057e-01 9.857674675335446057e-01 9.857674675335446057e-01 9.857674675335446057e-01 9.857674675335446057e-01 9.857674675335446057e-01 9.857674675335446057e-01 9.857674675335446057e-01 9.857674675335446057e-01 9.857674675335446057e-01 9.857674675335446057e-01 9.857674675335446057e-01 9.857674675335446057e-01 9.857674675335446057e-01 9.857674675335446057e-01 9.857674675335446057e-01 9.857674675335446057e-01 9.857674675335446057e-01 9.857674675335446057e-01
1.718750000000000000e-01 9.951154591265379823e-01 9.951154591265379823e-01 9.951154591265379823e-01 9.951154591265379823e-01 9.951154591265379823e-01 9.951154591265379823e-01 9.951154591265379823e-01 9.951154591265379823e-01 9.951154591265379823e-01 9.951154591265379823e-01 9.951154591265379823e-01 9.951154591265379823e-01 9.951154591265379823e-01 9.951154591265379823e-01 9.951154591265379823e-01 9.951154591265379823e-01 9.951154591265379823e-01 9.951154591265379823e-01 9.951154591265379823e-01 9.951154591265379823e-01
1.875000000000000000e-01 9.999498867929050849e-01 9.999498867929050849e-01 9.999498867929050849e-01 9.999498867929050849e-01 9.999498867929050849e-01 9.999498867929050849e-01 9.999498867929050849e-01 9.999498867929050849e-01 9.999498867929050849e-01 9.999498867929050849e-01 9.999498867929050849e-01 9.999498867929050849e-01 9.999498867929050849e-01 9.999498867929050849e-01 9.999498867929050849e-01 9.999498867929050849e-01 9.999498867929050849e-01 9.999498867929050849e-01 9.999498867929050849e-01 9.999498867929050849e-01
2.031250000000000000e-01 9.999935801279602465e-01 9.999935801279602465e-01 9.999935801279602465e-01 9.999935801279602465e-01 9.999935801279602465e-01 9.999935801279602465e-01 9.999935801279602465e-01 9.999935801279602465e-01 9.999935801279602465e-01 9.999935801279602465e-01 9.999935801279602465e-01 9.999935801279602465e-01 9.999935801279602465e-01 9.999935801279602465e-01 9.999935801279602465e-01 9.999935801279602465e-01 9.999935801279602465e-01 9.999935801279602465e-01 9.999935801279602465e-01 9.999935801279602465e-01
2.187500000000000000e-01 9.954392664621068976e-01 9.954392664621068976e-01 9.954392664621068976e-01 9.954392664621068976e-01 9.954392664621068976e-01 9.954392664621068976e-01 9.954392664621068976e-01 9.954392664621068976e-01 9.954392664621068976e-01 9.954392664621068976e-01 9.954392664621068976e-01 9.954392664621068976e-01 9.954392664621068976e-01 9.954392664621068976e-01 9.954392664621068976e-01 9.954392664621068976e-01 9.954392664621068976e-01 9.954392664621068976e-01 9.954392664621068976e-01 9.954392664621068976e-01
2.343750000000000000e-01 9.927459303637417021e-01 9.927459303637417021e-01 9.927459303637417021e-01 9.927459303637417021e-01 9.927459303637417021e-01 9.927459303637417021e-01 9.927459303637417021e-01 9.927459303637417021e-01 9.927459303637417021e-01 9.927459303637417021e-01 9.927459303637417021e-01 9.927459303637417021e-01 9.927459303637417021e-01 9.927459303637417021e-01 9.927459303637417021e-01 9.927459303637417021e-01 9.927459303637417021e-01 9.927459303637417021e-01 9.927459303637417021e-01 9.927459303637417021e-01
2.500000000000000000e-01 9.854972825425248883e-01 9.854972825425248883e-01 9.854972825425248883e-01 9.854972825425248883e-01 9.854972825425248883e-01 9.854972825425248883e-01 9.854972825425248883e-01 9.854972825425248883e-01 9.854972825425248883e-01 9.854972825425248883e-01 9.854972825425248883e-01 9.854972825425248883e-01 9.854972825425248883e-01 9.854972825425248883e-01 9.854972825425248883e-01 9.854972825425248883e-01 9.854972825425248883e-01 9.854972825425248883e-01 9.854972825425248883e-01 9.854972825425248883e-01
2.656250000000000000e-01 9.636189970980830743e-01 9.636189970980830743e-01 9.636189970980830743e-01 9.636189970980830743e-01 9.636189970980830743e-01 9.636189970980830743e-01 9.636189970980830743e-01 9.636189970980830743e-01 9.636189970980830743e-01 9.636189970980830743e-01 9.636189970980830743e-01 9.636189970980830743e-01 9.636189970980830743e-01 9.636189970980830743e-01 9.636189970980830743e-01 9.636189970980830743e-01 9.636189970980830743e-01 9.636189970980830743e-01 9.636189970980830743e-01 9.636189970980830743e-01
2.812500000000000000e-01 9.338258434061251778e-01 9.338258434061251778e-01 9.338258434061251778e-01 9.338258434061251778e-01 9.338258434061251778e-01 9.338258434061251778e-01 9.338258434061251778e-01 9.338258434061251778e-01 9.338258434061251778e-01 9.338258434061251778e-01 9.338258434061251778e-01 9.338258434061251778e-01 9.338258434061251778e-01 9.338258434061251778e-01 9.338258434061251778e-01 9.338258434061251778e-01 9.338258434061251778e-01 9.338258434061251778e-01 9.338258434061251778e-01 9.338258434061251778e-01
2.968750000000000000e-01 7.426637065337537980e-01 7.426637065337537980e-01 7.426637065337537980e-01 7.426637065337537980e-01 7.426637065337537980e-01 7.426637065337537980e-01 7.426637065337537980e-01 7.426637065337537980e-01 7.426637065337537980e-01 7.426637065337537980e-01 7.426637065337537980e-01 7.426637065337537980e-01 7.426637065337537980e-01 7.426637065337537980e-01 7.426637065337537980e-01 7.426637065337537980e-01 7.426637065337537980e-01 7.426637065337537980e-01 7.426637065337537980e-01 7.426637065337537980e-01
3.125000000000000000e-01 3.660396094918560994e-01 3.660396094918560994e-01 3.660396094918560994e-01 3.660396094918560994e-01 3.660396094918560994e-01 3.660396094918560994e-01 3.660396094918560994e-01 3.660396094918560994e-01 3.660396094918560994e-01 3.660396094918560994e-01 3.660396094918560994e-01 3.660396094918560994e-01 3.660396094918560994e-01 3.660396094918560994e-01 3.660396094918560994e-01 3.660396094918560994e-01 3.660396094918560994e-01 3.660396094918560994e-01 3.660396094918560994e-01 3.660396094918560994e-01
3.281250000000000000e-01 3.502755719137235629e-02 3.502755719137235629e-02 3.502755719137235629e-02 3.502755719137235629e-02 3.502755719137235629e-02 3.502755719137235629e-02 3.502755719137235629e-02 3.502755719137235629e-02 3.502755719137235629e-02 3.502755719137235629e-02 3.502755719137235629e-02 3.502755719137235629e-02 3.502755719137235629e-02 3.502755719137235629e-02 3.502755719137235629e-02 3.502755719137235629e-02 3.502755719137235629e-02 3.502755719137235629e-02 3.502755719137235629e-02 3.502755719137235629e-02
3.437500000000000000e-01 3.318707524390411036e-03 3.318707524390411036e-03 3.318707524390411036e-03 3.318707524390411036e-03 3.318707524390411036e-03 3.318707524390411036e-03 3.318707524390411036e-03 3.318707524390411036e-03 3.318707524390411036e-03 3.318707524390411036e-03 3.318707524390411036e-03 3.318707524390411036e-03 3.318707524390411036e-03 3.318707524390411036e-03 3.318707524390411036e-03 3.318707524390411036e-03 3.318707524390411036e-03 3.318707524390411036e-03 3.318707524390411036e-03 3.318707524390411036e-03
3.593750000000000000e-01 7.232916918985399755e-03 7.232916918985399755e-03 7.232916918985399755e-03 7.232916918985399755e-03 7.232916918985399755e-03 7.232916918985399755e-03 7.232916918985399755e-03 7.232916918985399755e-03 7.232916918985399755e-03 7.232916918985399755e-03 7.232916918985399755e-03 7.232916918985399755e-03 7.232916918985399755e-03 7.232916918985399755e-03 7.232916918985399755e-03 7.232916918985399755e-03 7.232916918985399755e-03 7.232916918985399755e-03 7.232916918985399755e-03 7.232916918985399755e-03
3.750000000000000000e-01 8.339348243989627013e-03 8.339348243989627013e-03 8.339348243989627013e-03 8.339348243989627013e-03 8.339348243989627013e-03 8.339348243989627013e-03 8.339348243989627013e-03 8.339348243989627013e-03 8.339348243989627013e-03 8.339348243989627013e-03 8.339348243989627013e-03 8.339348243989627013e-03 8.339348243989627013e-03 8.339348243989627013e-03 8.339348243989627013e-03 8.339348243989627013e-03 8.339348243989627013e-03 8.339348243989627013e-03 8.339348243989627013e-03 8.339348243989627013e-03
3.906250000000000000e-01 6.700407946920069503e-03 6.700407946920069503e-03 6.700407946920069503e-03 6.700407946920069503e-03 6.700407946920069503e-03 6.700407946920069503e-03 6.700407946920069503e-03 6.700407946920069503e-03 6.700407946920069503e-03 6.700407946920069503e-03 6.700407946920069503e-03 6.700407946920069503e-03 6.700407946920069503e-03 6.700407946920069503e-03 6.700407946920069503e-03 6.700407946920069503e-03 6.700407946920069503e-03 6.700407946920069503e-03 6.700407946920069503e-03 6.700407946920069503e-03
4.062500000000000000e-01 8.060747564395644854e-03 8.060747564395644854e-03 8.060747564395644854e-03 8.060747564395644854e-03 8.060747564395644854e-03 8.060747564395644854e-03 8.060747564395644854e-03 8.060747564395644854e-03 8.060747564395644854e-03 8.060747564395644854e-03 8.060747564395644854e-03 8.060747564395644854e-03 8.060747564395644854e-03 8.060747564395644854e-03 8.060747564395644854e-03 8.060747564395644854e-03 8.060747564395644854e-03 8.060747564395644854e-03 8.060747564395644854e-03 8.060747564395644854e-03
4.218750000000000000e-01 3.628594680027836302e-03 3.628594680027836302e-03 3.628594680027836302e-03 3.628594680027836302e-03 3.628594680027836302e-03 3.628594680027836302e-03 3.628594680027836302e-03 3.628594680027836302e-03 3.628594680027836302e-03 3.628594680027836302e-03 3.628594680027836302e-03 3.628594680027836302e-03 3.628594680027836302e-03 3.628594680027836302e-03 3.628594680027836302e-03 3.628594680027836302e-03 3.628594680027836302e-03 3.628594680027836302e-03 3.628594680027836302e-03 3.628594680027836302e-03
4.375000000000000000e-01 4.311729948039380762e-03 4.311729948039380762e-03 4.311729948039380762e-03 4.311729948039380762e-03 4.311729948039380762e-03 4.311729948039380762e-03 4.311729948039380762e-03 4.311729948039380762e-03 4.311729948039380762e-03 4.311729948039380762e-03 4.311729948039380762e-03 4.311729948039380762e-03 4.311729948039380762e-03 4.311729948039380762e-03 4.311729948039380762e-03 4.311729948039380762e-03 4.311729948039380762e-03 4.311729948039380762e-03 4.311729948039380762e-03 4.311729948039380762e-03
4.531250000000000000e-01 2.782411570204612519e-03 2.782411570204612519e-03 2.782411570204612519e-03 2.782411570204612519e-03 2.782411570204612519e-03 2.782411570204612519e-03 2.782411570204612519e-03 2.782411570204612519e-03 2.782411570204612519e-03 2.782411570204612519e-03 2.782411570204612519e-03 2.782411570204612519e-03 2.782411570204612519e-03 2.782411570204612519e-03 2.782411570204612519e-03 2.782411570204612519e-03 2.782411570204612519e-03 2.782411570204612519e-03 2.782411570204612519e-03 2.782411570204612519e-03
4.687500000000000000e-01 1.947323065176817004e-03 1.947323065176817004e-03 1.947323065176817004e-03 1.947323065176817004e-03 1.947323065176817004e-03 1.947323065176817004e-03 1.947323065176817004e-03 1.947323065176817004e-03 1.947323065176817004e-03 1.947323065176817004e-03 1.947323065176817004e-03 1.947323065176817004e-03 1.947323065176817004e-03 1.947323065176817004e-03 1.947323065176817004e-03 1.947323065176817004e-03 1.947323065176817004e-03 1.947323065176817004e-03 1.947323065176817004e-03 1.947323065176817004e-03
4.843750000000000000e-01 2.476176980550616902e-03 2.476176980550616902e-03 2.476176980550616902e-03 2.476176980550616902e-03 2.476176980550616902e-03 2.476176980550616902e-03 2.476176980550616902e-03 2.476176980550616902e-03 2.476176980550616902e-03 2.476176980550616902e-03 2.476176980550616902e-03 2.476176980550616902e-03 2.476176980550616902e-03 2.476176980550616902e-03 2.476176980550616902e-03 2.476176980550616902e-03 2.476176980550616902e-03 2.476176980550616902e-03 2.476176980550616902e-03 2.476176980550616902e-03
5.000000000000000000e-01 4.792625628096235622e-03 4.792625628096235622e-03 4.792625628096235622e-03 4.792625628096235622e-03 4.792625628096235622e-03 4.792625628096235622e-03 4.792625628096235622e-03 4.792625628096235622e-03 4.792625628096235622e-03 4.792625628096235622e-03 4.792625628096235622e-03 4.792625628096235622e-03 4.792625628096235622e-03 4.792625628096235622e-03 4.792625628096235622e-03 4.792625628096235622e-03 4.792625628096235622e-03 4.792625628096235622e-03 4.792625628096235622e-03 4.792625628096235622e-03
5.156250000000000000e-01 2.079637830635023416e-02 2.079637830635023416e-02 2.079637830635023416e-02 2.079637830635023416e-02 2.079637830635023416e-02 2.079637830635023416e-02 2.079637830635023416e-02 2.079637830635023416e-02 2.079637830635023416e-02 2.079637830635023416e-02 2.079637830635023416e-02 2.079637830635023416e-02 2.079637830635023416e-02 2.079637830635023416e-02 2.079637830635023416e-02 2.079637830635023416e-02 2.079637830635023416e-02 2.079637830635023416e-02 2.079637830635023416e-02 2.079637830635023416e-02
5.312500000000000000e-01 4.163522938942788854e-02 4.163522938942788854e-02 4.163522938942788854e-02 4.163522938942788854e-02 4.163522938942788854e-02 4.163522938942788854e-02 4.163522938942788854e-02 4.163522938942788854e-02 4.163522938942788854e-02 4.163522938942788854e-02 4.163522938942788854e-02 4.163522938942788854e-02 4.163522938942788854e-02 4.163522938942788854e-02 4.163522938942788854e-02 4.163522938942788854e-02 4.163522938942788854e-02 4.163522938942788854e-02 4.163522938942788854e-02 4.163522938942788854e-02
5.468750000000000000e-01 5.242722263051220050e-02 5.242722263051220050e-02 5.242722263051220050e-02 5.242722263051220050e-02 5.242722263051220050e-02 5.242722263051220050e-02 5.242722263051220050e-02 5.242722263051220050e-02 5.242722263051220050e-02 5.242722263051220050e-02 5.242722263051220050e-02 5.242722263051220050e-02 5.242722263051220050e-02 5.242722263051220050e-02 5.242722263051220050e-02 5.242722263051220050e-02 5.242722263051220050e-02 5.242722263051220050e-02 5.242722263051220050e-02 5.242722263051220050e-02
5.625000000000000000e-01 5.344435660819614464e-02 5.344435660819614464e-02 5.344435660819614464e-02 5.344435660819614464e-02 5.344435660819614464e-02 5.344435660819614464e-02 5.344435660819614464e-02 5.344435660819614464e-02 5.344435660819614464e-02 5.344435660819614464e-02 5.344435660819614464e-02 5.344435660819614464e-02 5.344435660819614464e-02 5.344435660819614464e-02 5.344435660819614464e-02 5.344435660819614464e-02 5.344435660819614464e-02 5.344435660819614464e-02 5.344435660819614464e-02 5.344435660819614464e-02
5.781250000000000000e-01 5.356755221186323968e-02 5.356755221186323968e-02 5.356755221186323968e-02 5.356755221186323968e-02 5.356755221186323968e-02 5.356755221186323968e-02 5.356755221186323968e-02 5.356755221186323968e-02 5.356755221186323968e-02 5.356755221186323968e-02 5.356755221186323968e-02 5.356755221186323968e-02 5.356755221186323968e-02 5.356755221186323968e-02 5.356755221186323968e-02 5.356755221186323968e-02 5.356755221186323968e-02 5.356755221186323968e-02 5.356755221186323968e-02 5.356755221186323968e-02
5.937500000000000000e-01 5.323509772969678422e-02 5.323509772969678422e-02 5.323509772969678422e-02 5.323509772969678422e-02 5.323509772969678422e-02 5.323509772969678422e-02 5.323509772969678422e-02 5.323509772969678422e-02 5.323509772969678422e-02 5.323509772969678422e-02 5.323509772969678422e-02 5.323509772969678422e-02 5.323509772969678422e-02 5.323509772969678422e-02 5.323509772969678422e-02 5.323509772969678422e-02 5.323509772969678422e-02 5.323509772969678422e-02 5.323509772969678422e-02 5.323509772969678422e-02
6.093750000000000000e-01 5.328947315655146316e-02 5.328947315655146316e-02 5.328947315655146316e-02 5.328947315655146316e-02 5.328947315655146316e-02 5.328947315655146316e-02 5.328947315655146316e-02 5.328947315655146316e-02 5.328947315655146316e-02 5.328947315655146316e-02 5.328947315655146316e-02 5.328947315655146316e-02 5.328947315655146316e-02 5.328947315655146316e-02 5.328947315655146316e-02 5.328947315655146316e-02 5.328947315655146316e-02 5.328947315655146316e-02 5.328947315655146316e-02 5.328947315655146316e-02
6.250000000000000000e-01 4.974346613169267767e-02 4.974346613169267767e-02 4.974346613169267767e-02 4.974346613169267767e-02 4.974346613169267767e-02 4.974346613169267767e-02 4.974346613169267767e-02 4.974346613169267767e-02 4.974346613169267767e-02 4.974346613169267767e-02 4.974346613169267767e-02 4.974346613169267767e-02 4.974346613169267767e-02 4.974346613169267767e-02 4.974346613169267767e-02 4.974346613169267767e-02 4.974346613169267767e-02 4.974346613169267767e-02 4.974346613169267767e-02 4.974346613169267767e-02
6.406250000000000000e-01 5.023893996098731385e-02 5.023893996098731385e-02 5.023893996098731385e-02 5.023893996098731385e-02 5.023893996098731385e-02 5.023893996098731385e-02 5.023893996098731385e-02 5.023893996098731385e-02 5.023893996098731385e-02 5.023893996098731385e-02 5.023893996098731385e-02 5.023893996098731385e-02 5.023893996098731385e-02 5.023893996098731385e-02 5.023893996098731385e-02 5.023893996098731385e-02 5.023893996098731385e-02 5.023893996098731385e-02 5.023893996098731385e-02 5.023893996098731385e-02
6.562500000000000000e-01 4.806411938836376713e-02 4.806411938836376713e-02 4.806411938836376713e-02 4.806411938836376713e-02 4.806411938836376713e-02 4.806411938836376713e-02 4.806411938836376713e-02 4.806411938836376713e-02 4.806411938836376713e-02 4.806411938836376713e-02 4.806411938836376713e-02 4.806411938836376713e-02 4.806411938836376713e-02 4.806411938836376713e-02 4.806411938836376713e-02 4.806411938836376713e-02 4.806411938836376713e-02 4.806411938836376713e-02 4.806411938836376713e-02 4.806411938836376713e-02
6.718750000000000000e-01 4.490901647026688398e-02 4.490901647026688398e-02 4.490901647026688398e-02 4.490901647026688398e-02 4.490901647026688398e-02 4.490901647026688398e-02 4.490901647026688398e-02 4.490901647026688398e-02 4.490901647026688398e-02 4.490901647026688398e-02 4.490901647026688398e-02 4.490901647026688398e-02 4.490901647026688398e-02 4.490901647026688398e-02 4.490901647026688398e-02 4.490901647026688398e-02 4.490901647026688398e-02 4.490901647026688398e-02 4.490901647026688398e-02 4.490901647026688398e-02
6.875000000000000000e-01 5.082833382965298158e-02 5.082833382965298158e-02 5.082833382965298158e-02 5.082833382965298158e-02 5.082833382965298158e-02 5.082833382965298158e-02 5.082833382965298158e-02 5.082833382965298158e-02 5.082833382965298158e-02 5.082833382965298158e-02 5.082833382965298158e-02 5.082833382965298158e-02 5.082833382965298158e-02 5.082833382965298158e-02 5.082833382965298158e-02 5.082833382965298158e-02 5.082833382965298158e-02 5.082833382965298158e-02 5.082833382965298158e-02 5.082833382965298158e-02
7.031250000000000000e-01 6.227632158191889061e-02 6.227632158191889061e-02 6.227632158191889061e-02 6.227632158191889061e-02 6.227632158191889061e-02 6.227632158191889061e-02 6.227632158191889061e-02 6.227632158191889061e-02 6.227632158191889061e-02 6.227632158191889061e-02 6.227632158191889061e-02 6.227632158191889061e-02 6.227632158191889061e-02 6.227632158191889061e-02 6.227632158191889061e-02 6.227632158191889061e-02 6.227632158191889061e-02 6.227632158191889061e-02 6.227632158191889061e-02 6.227632158191889061e-02
7.187500000000000000e-01 9.106055554794341422e-02 9.106055554794341422e-02 9.106055554794341422e-02 9.106055554794341422e-02 9.106055554794341422e-02 9.106055554794341422e-02 9.106055554794341422e-02 9.106055554794341422e-02 9.106055554794341422e-02 9.106055554794341422e-02 9.106055554794341422e-02 9.106055554794341422e-02 9.106055554794341422e-02 9.106055554794341422e-02 9.106055554794341422e-02 9.106055554794341422e-02 9.106055554794341422e-02 9.106055554794341422e-02 9.106055554794341422e-02 9.106055554794341422e-02
7.343750000000000000e-01 1.014424898516621681e-01 1.014424898516621681e-01 1.014424898516621681e-01 1.014424898516621681e-01 1.014424898516621681e-01 1.014424898516621681e-01 1.014424898516621681e-01 1.014424898516621681e-01 1.014424898516621681e-01 1.014424898516621681e-01 1.014424898516621681e-01 1.014424898516621681e-01 1.014424898516621681e-01 1.014424898516621681e-01 1.014424898516621681e-01 1.014424898516621681e-01 1.014424898516621681e-01 1.014424898516621681e-01 1.014424898516621681e-01 1.014424898516621681e-01
7.500000000000000000e-01 1.079645361047677776e-01 1.079645361047677776e-01 1.079645361047677776e-01 1.079645361047677776e-01 1.079645361047677776e-01 1.079645361047677776e-01 1.079645361047677776e-01 1.079645361047677776e-01 1.079645361047677776e-01 1.079645361047677776e-01 1.079645361047677776e-01 1.079645361047677776e-01 1.079645361047677776e-01 1.079645361047677776e-01 1.079645361047677776e-01 1.079645361047677776e-01 1.079645361047677776e-01 1.079645361047677776e-01 1.079645361047677776e-01 1.079645361047677776e-01
7.656250000000000000e-01 1.082772330182259629e-01 1.082772330182259629e-01 1.082772330182259629e-01 1.082772330182259629e-01 1.082772330182259629e-01 1.082772330182259629e-01 1.082772330182259629e-01 1.082772330182259629e-01 1.082772330182259629e-01 1.082772330182259629e-01 1.082772330182259629e-01 1.082772330182259629e-01 1.082772330182259629e-01 1.082772330182259629e-01 1.082772330182259629e-01 1.082772330182259629e-01 1.082772330182259629e-01 1.082772330182259629e-01 1.082772330182259629e-01 1.082772330182259629e-01
7.812500000000000000e-01 1.142327179802670456e-01 1.142327179802670456e-01 1.142327179802670456e-01 1.142327179802670456e-01 1.142327179802670456e-01 1.142327179802670456e-01 1.142327179802670456e-01 1.142327179802670456e-01 1.142327179802670456e-01 1.142327179802670456e-01 1.142327179802670456e-01 1.142327179802670456e-01 1.142327179802670456e-01 1.142327179802670456e-01 1.142327179802670456e-01 1.142327179802670456e-01 1.142327179802670456e-01 1.142327179802670456e-01 1.142327179802670456e-01 1.142327179802670456e-01
7.968750000000000000e-01 1.177698690607253823e-01 1.177698690607253823e-01 1.177698690607253823e-01 1.177698690607253823e-01 1.177698690607253823e-01 1.177698690607253823e-01 1.177698690607253823e-01 1.177698690607253823e-01 1.177698690607253823e-01 1.177698690607253823e-01 1.177698690607253823e-01 1.177698690607253823e-01 1.177698690607253823e-01 1.177698690607253823e-01 1.177698690607253823e-01 1.177698690607253823e-01 1.177698690607253823e-01 1.177698690607253823e-01 1.177698690607253823e-01 1.177698690607253823e-01
8.125000000000000000e-01 1.207693772263839088e-01 1.207693772263839088e-01 1.207693772263839088e-01 1.207693772263839088e-01 1.207693772263839088e-01 1.207693772263839088e-01 1.207693772263839088e-01 1.207693772263839088e-01 1.207693772263839088e-01 1.207693772263839088e-01 1.207693772263839088e-01 1.207693772263839088e-01 1.207693772263839088e-01 1.207693772263839088e-01 1.207693772263839088e-01 1.207693772263839088e-01 1.207693772263839088e-01 1.207693772263839088e-01 1.207693772263839088e-01 1.207693772263839088e-01
8.281250000000000000e-01 1.243473710727187320e-01 1.243473710727187320e-01 1.243473710727187320e-01 1.243473710727187320e-01 1.243473710727187320e-01 1.243473710727187320e-01 1.243473710727187320e-01 1.243473710727187320e-01 1.243473710727187320e-01 1.243473710727187320e-01 1.243473710727187320e-01 1.243473710727187320e-01 1.243473710727187320e-01 1.243473710727187320e-01 1.243473710727187320e-01 1.243473710727187320e-01 1.243473710727187320e-01 1.243473710727187320e-01 1.243473710727187320e-01 1.243473710727187320e-01
8.437500000000000000e-01 1.268125427208926237e-01 1.268125427208926237e-01 1.268125427208926237e-01 1.268125427208926237e-01 1.268125427208926237e-01 1.268125427208926237e-01 1.268125427208926237e-01 1.268125427208926237e-01 1.268125427208926237e-01 1.268125427208926237e-01 1.268125427208926237e-01 1.268125427208926237e-01 1.268125427208926237e-01 1.268125427208926237e-01 1.268125427208926237e-01 1.268125427208926237e-01 1.268125427208926237e-01 1.268125427208926237e-01 1.268125427208926237e-01 1.268125427208926237e-01
8.593750000000000000e-01 1.276819236633176535e-01 1.276819236633176535e-01 1.276819236633176535e-01 1.276819236633176535e-01 1.276819236633176535e-01 1.276819236633176535e-01 1.276819236633176535e-01 1.276819236633176535e-01 1.276819236633176535e-01 1.276819236633176535e-01 1.276819236633176535e-01 1.276819236633176535e-01 1.276819236633176535e-01 1.276819236633176535e-01 1.276819236633176535e-01 1.276819236633176535e-01 1.276819236633176535e-01 1.276819236633176535e-01 1.276819236633176535e-01 1.276819236633176535e-01
8.750000000000000000e-01 1.248579372862681225e-01 1.248579372862681225e-01 1.248579372862681225e-01 1.248579372862681225e-01 1.248579372862681225e-01 1.248579372862681225e-01 1.248579372862681225e-01 1.248579372862681225e-01 1.248579372862681225e-01 1.248579372862681225e-01 1.248579372862681225e-01 1.248579372862681225e-01 1.248579372862681225e-01 1.248579372862681225e-01 1.248579372862681225e-01 1.248579372862681225e-01 1.248579372862681225e-01 1.248579372862681225e-01 1.248579372862681225e-01 1.248579372862681225e-01
8.906250000000000000e-01 5.211840395728494640e-02 5.211840395728494640e-02 5.211840395728494640e-02 5.211840395728494640e-02 5.211840395728494640e-02 5.211840395728494640e-02 5.211840395728494640e-02 5.211840395728494640e-02 5.211840395728494640e-02 5.211840395728494640e-02 5.211840395728494640e-02 5.211840395728494640e-02 5.211840395728494640e-02 5.211840395728494640e-02 5.211840395728494640e-02 5.211840395728494640e-02 5.211840395728494640e-02 5.211840395728494640e-02 5.211840395728494640e-02 5.211840395728494640e-02
9.062500000000000000e-01 2.620094232934729039e-02 2.620094232934729039e-02 2.620094232934729039e-02 2.620094232934729039e-02 2.620094232934729039e-02 2.620094232934729039e-02 2.620094232934729039e-02 2.620094232934729039e-02 2.620094232934729039e-02 2.620094232934729039e-02 2.620094232934729039e-02 2.620094232934729039e-02 2.620094232934729039e-02 2.620094232934729039e-02 2.620094232934729039e-02 2.620094232934729039e-02 2.620094232934729039e-02 2.620094232934729039e-02 2.620094232934729039e-02 2.620094232934729039e-02
9.218750000000000000e-01 9.913412783005684514e-03 9.913412783005684514e-03 9.913412783005684514e-03 9.913412783005684514e-03 9.913412783005684514e-03 9.913412783005684514e-03 9.913412783005684514e-03 9.913412783005684514e-03 9.913412783005684514e-03 9.913412783005684514e-03 9.913412783005684514e-03 9.913412783005684514e-03 9.913412783005684514e-03 9.913412783005684514e-03 9.913412783005684514e-03 9.913412783005684514e-03 9.913412783005684514e-03 9.913412783005684514e-03 9.913412783005684514e-03 9.913412783005684514e-03
9.375000000000000000e-01 5.393376400014808676e-03 5.393376400014808676e-03 5.393376400014808676e-03 5.393376400014808676e-03 5.393376400014808676e-03 5.393376400014808676e-03 5.393376400014808676e-03 5.393376400014808676e-03 5.393376400014808676e-03 5.393376400014808676e-03 5.393376400014808676e-03 5.393376400014808676e-03 5.393376400014808676e-03 5.393376400014808676e-03 5.393376400014808676e-03 5.393376400014808676e-03 5.393376400014808676e-03 5.393376400014808676e-03 5.393376400014808676e-03 5.393376400014808676e-03
9.531250000000000000e-01 2.973062133408942154e-04 2.973062133408942154e-04 2.973062133408942154e-04 2.973062133408942154e-04 2.973062133408942154e-04 2.973062133408942154e-04 2.973062133408942154e-04 2.973062133408942154e-04 2.973062133408942154e-04 2.973062133408942154e-04 2.973062133408942154e-04 2.973062133408942154e-04 2.973062133408942154e-04 2.973062133408942154e-04 2.973062133408942154e-04 2.973062133408942154e-04 2.973062133408942154e-04 2.973062133408942154e-04 2.973062133408942154e-04 2.973062133408942154e-04
9.687500000000000000e-01 1.659277317584188186e-04 1.659277317584188186e-04 1.659277317584188186e-04 1.659277317584188186e-04 1.659277317584188186e-04 1.659277317584188186e-04 1.659277317584188186e-04 1.659277317584188186e-04 1.659277317584188186e-04 1.659277317584188186e-04 1.659277317584188186e-04 1.659277317584188186e-04 1.659277317584188186e-04 1.659277317584188186e-04 1.659277317584188186e-04 1.659277317584188186e-04 1.659277317584188186e-04 1.659277317584188186e-04 1.659277317584188186e-04 1.659277317584188186e-04
9.843750000000000000e-01 2.402191053810758068e-03 2.402191053810758068e-03 2.402191053810758068e-03 2.402191053810758068e-03 2.402191053810758068e-03 2.402191053810758068e-03 2.402191053810758068e-03 2.402191053810758068e-03 2.402191053810758068e-03 2.402191053810758068e-03 2.402191053810758068e-03 2.402191053810758068e-03 2.402191053810758068e-03 2.402191053810758068e-03 2.402191053810758068e-03 2.402191053810758068e-03 2.402191053810758068e-03 2.402191053810758068e-03 2.402191053810758068e-03 2.402191053810758068e-03
1.000000000000000000e+00 4.051111969243895682e-03 4.051111969243895682e-03 4.051111969243895682e-03 4.051111969243895682e-03 4.051111969243895682e-03 4.051111969243895682e-03 4.051111969243895682e-03 4.051111969243895682e-03 4.051111969243895682e-03 4.051111969243895682e-03 4.051111969243895682e-03 4.051111969243895682e-03 4.051111969243895682e-03 4.051111969243895682e-03 4.051111969243895682e-03 4.051111969243895682e-03 4.051111969243895682e-03 4.051111969243895682e-03 4.051111969243895682e-03 4.051111969243895682e-03
1.015625000000000000e+00 5.864735082231028671e-03 5.864735082231028671e-03 5.864735082231028671e-03 5.864735082231028671e-03 5.864735082231028671e-03 5.864735082231028671e-03 5.864735082231028671e-03 5.864735082231028671e-03 5.864735082231028671e-03 5.864735082231028671e-03 5.864735082231028671e-03 5.864735082231028671e-03 5.864735082231028671e-03 5.864735082231028671e-03 5.864735082231028671e-03 5.864735082231028671e-03 5.864735082231028671e-03 5.864735082231028671e-03 5.864735082231028671e-03 5.864735082231028671e-03
1.031250000000000000e+00 8.434426516460646894e-03 8.434426516460646894e-03 8.434426516460646894e-03 8.434426516460646894e-03 8.434426516460646894e-03 8.434426516460646894e-03 8.434426516460646894e-03 8.434426516460646894e-03 8.434426516460646894e-03 8.434426516460646894e-03 8.434426516460646894e-03 8.434426516460646894e-03 8.434426516460646894e-03 8.434426516460646894e-03 8.434426516460646894e-03 8.434426516460646894e-03 8.434426516460646894e-03 8.434426516460646894e-03 8.434426516460646894e-03 8.434426516460646894e-03
1.046875000000000000e+00 7.247501350818343936e-03 7.247501350818343936e-03 7.247501350818343936e-03 7.247501350818343936e-03 7.247501350818343936e-03 7.247501350818343936e-03 7.247501350818343936e-03 7.247501350818343936e-03 7.247501350818343936e-03 7.247501350818343936e-03 7.247501350818343936e-03 7.247501350818343936e-03 7.247501350818343936e-03 7.247501350818343936e-03 7.247501350818343936e-03 7.247501350818343936e-03 7.247501350818343936e-03 7.247501350818343936e-03 7.247501350818343936e-03 7.247501350818343936e-03
1.062500000000000000e+00 2.992840043590016055e-02 2.992840043590016055e-02 2.992840043590016055e-02 2.992840043590016055e-02 2.992840043590016055e-02 2.992840043590016055e-02 2.992840043590016055e-02 2.992840043590016055e-02 2.992840043590016055e-02 2.992840043590016055e-02 2.992840043590016055e-02 2.992840043590016055e-02 2.992840043590016055e-02 2.992840043590016055e-02 2.992840043590016055e-02 2.992840043590016055e-02 2.992840043590016055e-02 2.992840043590016055e-02 2.992840043590016055e-02 2.992840043590016055e-02
1.078125000000000000e+00 4.812014428490800355e-02 4.812014428490800355e-02 4.812014428490800355e-02 4.812014428490800355e-02 4.812014428490800355e-02 4.812014428490800355e-02 4.812014428490800355e-02 4.812014428490800355e-02 4.812014428490800355e-02 4.812014428490800355e-02 4.812014428490800355e-02 4.812014428490800355e-02 4.812014428490800355e-02 4.812014428490800355e-02 4.812014428490800355e-02 4.812014428490800355e-02 4.812014428490800355e-02 4.812014428490800355e-02 4.812014428490800355e-02 4.812014428490800355e-02
1.093750000000000000e+00 9.764151037601473404e-02 9.764151037601473404e-02 9.764151037601473404e-02 9.764151037601473404e-02 9.764151037601473404e-02 9.764151037601473404e-02 9.764151037601473404e-02 9.764151037601473404e-02 9.764151037601473404e-02 9.764151037601473404e-02 9.764151037601473404e-02 9.764151037601473404e-02 9.764151037601473404e-02 9.764151037601473404e-02 9.764151037601473404e-02 9.764151037601473404e-02 9.764151037601473404e-02 9.764151037601473404e-02 9.764151037601473404e-02 9.764151037601473404e-02
1.109375000000000000e+00 1.844156141897821677e-01 1.844156141897821677e-01 1.844156141897821677e-01 1.844156141897821677e-01 1.844156141897821677e-01 1.844156141897821677e-01 1.844156141897821677e-01 1.844156141897821677e-01 1.844156141897821677e-01 1.844156141897821677e-01 1.844156141897821677e-01 1.844156141897821677e-01 1.844156141897821677e-01 1.844156141897821677e-01 1.844156141897821677e-01 1.844156141897821677e-01 1.844156141897821677e-01 1.844156141897821677e-01 1.844156141897821677e-01 1.844156141897821677e-01
1.125000000000000000e+00 4.750659160847430229e-01 4.750659160847430229e-01 4.750659160847430229e-01 4.750659160847430229e-01 4.750659160847430229e-01 4.750659160847430229e-01 4.750659160847430229e-01 4.750659160847430229e-01 4.750659160847430229e-01 4.750659160847430229e-01 4.750659160847430229e-01 4.750659160847430229e-01 4.750659160847430229e-01 4.750659160847430229e-01 4.750659160847430229e-01 4.750659160847430229e-01 4.750659160847430229e-01 4.750659160847430229e-01 4.750659160847430229e-01 4.750659160847430229e-01
1.140625000000000000e+00 6.883883097745051582e-01 6.883883097745051582e-01 6.883883097745051582e-01 6.883883097745051582e-01 6.883883097745051582e-01 6.883883097745051582e-01 6.883883097745051582e-01 6.883883097745051582e-01 6.883883097745051582e-01 6.883883097745051582e-01 6.883883097745051582e-01 6.883883097745051582e-01 6.883883097745051582e-01 6.883883097745051582e-01 6.883883097745051582e-01 6.883883097745051582e-01 6.883883097745051582e-01 6.883883097745051582e-01 6.883883097745051582e-01 6.883883097745051582e-01
1.156250000000000000e+00 8.298313038661258023e-01 8.298313038661258023e-01 8.298313038661258023e-01 8.298313038661258023e-01 8.298313038661258023e-01 8.298313038661258023e-01 8.298313038661258023e-01 8.298313038661258023e-01 8.298313038661258023e-01 8.298313038661258023e-01 8.298313038661258023e-01 8.298313038661258023e-01 8.298313038661258023e-01 8.298313038661258023e-01 8.298313038661258023e-01 8.298313038661258023e-01 8.298313038661258023e-01 8.298313038661258023e-01 8.298313038661258023e-01 8.298313038661258023e-01
1.171875000000000000e+00 8.811818471782605355e-01 8.811818471782605355e-01 8.811818471782605355e-01 8.811818471782605355e-01 8.811818471782605355e-01 8.811818471782605355e-01 8.811818471782605355e-01 8.811818471782605355e-01 8.811818471782605355e-01 8.811818471782605355e-01 8.811818471782605355e-01 8.811818471782605355e-01 8.811818471782605355e-01 8.811818471782605355e-01 8.811818471782605355e-01 8.811818471782605355e-01 8.811818471782605355e-01 8.811818471782605355e-01 8.811818471782605355e-01 8.811818471782605355e-01
1.187500000000000000e+00 9.116988689774170318e-01 9.116988689774170318e-01 9.116988689774170318e-01 9.116988689774170318e-01 9.116988689774170318e-01 9.116988689774170318e-01 9.116988689774170318e-01 9.116988689774170318e-01 9.116988689774170318e-01 9.116988689774170318e-01 9.116988689774170318e-01 9.116988689774170318e-01 9.116988689774170318e-01 9.116988689774170318e-01 9.116988689774170318e-01 9.116988689774170318e-01 9.116988689774170318e-01 9.116988689774170318e-01 9.116988689774170318e-01 9.116988689774170318e-01
1.203125000000000000e+00 9.138762448344414091e-01 9.138762448344414091e-01 9.138762448344414091e-01 9.138762448344414091e-01 9.138762448344414091e-01 9.138762448344414091e-01 9.138762448344414091e-01 9.138762448344414091e-01 9.138762448344414091e-01 9.138762448344414091e-01 9.138762448344414091e-01 9.138762448344414091e-01 9.138762448344414091e-01 9.138762448344414091e-01 9.138762448344414091e-01 9.138762448344414091e-01 9.138762448344414091e-01 9.138762448344414091e-01 9.138762448344414091e-01 9.138762448344414091e-01
1.218750000000000000e+00 9.057882217696232585e-01 9.057882217696232585e-01 9.057882217696232585e-01 9.057882217696232585e-01 9.057882217696232585e-01 9.057882217696232585e-01 9.057882217696232585e-01 9.057882217696232585e-01 9.057882217696232585e-01 9.057882217696232585e-01 9.057882217696232585e-01 9.057882217696232585e-01 9.057882217696232585e-01 9.057882217696232585e-01 9.057882217696232585e-01 9.057882217696232585e-01 9.057882217696232585e-01 9.057882217696232585e-01 9.057882217696232585e-01 9.057882217696232585e-01
1.234375000000000000e+00 9.039668210704846496e-01 9.039668210704846496e-01 9.039668210704846496e-01 9.039668210704846496e-01 9.039668210704846496e-01 9.039668210704846496e-01 9.039668210704846496e-01 9.039668210704846496e-01 9.039668210704846496e-01 9.039668210704846496e-01 9.039668210704846496e-01 9.039668210704846496e-01 9.039668210704846496e-01 9.039668210704846496e-01 9.039668210704846496e-01 9.039668210704846496e-01 9.039668210704846496e-01 9.039668210704846496e-01 9.039668210704846496e-01 9.039668210704846496e-01
1.250000000000000000e+00 9.020357520280588570e-01 9.020357520280588570e-01 9.020357520280588570e-01 9.020357520280588570e-01 9.020357520280588570e-01 9.020357520280588570e-01 9.020357520280588570e-01 9.020357520280588570e-01 9.020357520280588570e-01 9.020357520280588570e-01 9.020357520280588570e-01 9.020357520280588570e-01 9.020357520280588570e-01 9.020357520280588570e-01 9.020357520280588570e-01 9.020357520280588570e-01 9.020357520280588570e-01 9.020357520280588570e-01 9.020357520280588570e-01 9.020357520280588570e-01
1.265625000000000000e+00 8.739942939388648524e-01 8.739942939388648524e-01 8.739942939388648524e-01 8.739942939388648524e-01 8.739942939388648524e-01 8.739942939388648524e-01 8.739942939388648524e-01 8.739942939388648524e-01 8.739942939388648524e-01 8.739942939388648524e-01 8.739942939388648524e-01 8.739942939388648524e-01 8.739942939388648524e-01 8.739942939388648524e-01 8.739942939388648524e-01 8.739942939388648524e-01 8.739942939388648524e-01 8.739942939388648524e-01 8.739942939388648524e-01 8.739942939388648524e-01
1.281250000000000000e+00 8.482774612565258110e-01 8.482774612565258110e-01 8.482774612565258110e-01 8.482774612565258110e-01 8.482774612565258110e-01 8.482774612565258110e-01 8.482774612565258110e-01 8.482774612565258110e-01 8.482774612565258110e-01 8.482774612565258110e-01 8.482774612565258110e-01 8.482774612565258110e-01 8.482774612565258110e-01 8.482774612565258110e-01 8.482774612565258110e-01 8.482774612565258110e-01 8.482774612565258110e-01 8.482774612565258110e-01 8.482774612565258110e-01 8.482774612565258110e-01
1.296875000000000000e+00 4.651824144083757107e-01 4.651824144083757107e-01 4.651824144083757107e-01 4.651824144083757107e-01 4.651824144083757107e-01 4.651824144083757107e-01 4.651824144083757107e-01 4.651824144083757107e-01 4.651824144083757107e-01 4.651824144083757107e-01 4.651824144083757107e-01 4.651824144083757107e-01 4.651824144083757107e-01 4.651824144083757107e-01 4.651824144083757107e-01 4.651824144083757107e-01 4.651824144083757107e-01 4.651824144083757107e-01 4.651824144083757107e-01 4.651824144083757107e-01
1.312500000000000000e+00 4.176786033001353426e-01 4.176786033001353426e-01 4.176786033001353426e-01 4.176786033001353426e-01 4.176786033001353426e-01 4.176786033001353426e-01 4.176786033001353426e-01 4.176786033001353426e-01 4.176786033001353426e-01 4.176786033001353426e-01 4.176786033001353426e-01 4.176786033001353426e-01 4.176786033001353426e-01 4.176786033001353426e-01 4.176786033001353426e-01 4.176786033001353426e-01 4.176786033001353426e-01 4.176786033001353426e-01 4.176786033001353426e-01 4.176786033001353426e-01
1.328125000000000000e+00 3.265061385821840245e-01 3.265061385821840245e-01 3.265061385821840245e-01 3.265061385821840245e-01 3.265061385821840245e-01 3.265061385821840245e-01 3.265061385821840245e-01 3.265061385821840245e-01 3.265061385821840245e-01 3.265061385821840245e-01 3.265061385821840245e-01 3.265061385821840245e-01 3.265061385821840245e-01 3.265061385821840245e-01 3.265061385821840245e-01 3.265061385821840245e-01 3.265061385821840245e-01 3.265061385821840245e-01 3.265061385821840245e-01 3.265061385821840245e-01
1.343750000000000000e+00 2.179440660333609170e-01 2.179440660333609170e-01 2.179440660333609170e-01 2.179440660333609170e-01 2.179440660333609170e-01 2.179440660333609170e-01 2.179440660333609170e-01 2.179440660333609170e-01 2.179440660333609170e-01 2.179440660333609170e-01 2.179440660333609170e-01 2.179440660333609170e-01 2.179440660333609170e-01 2.179440660333609170e-01 2.179440660333609170e-01 2.179440660333609170e-01 2.179440660333609170e-01 2.179440660333609170e-01 2.179440660333609170e-01 2.179440660333609170e-01
1.359375000000000000e+00 1.002785564762925935e-01 1.002785564762925935e-01 1.002785564762925935e-01 1.002785564762925935e-01 1.002785564762925935e-01 1.002785564762925935e-01 1.002785564762925935e-01 1.002785564762925935e-01 1.002785564762925935e-01 1.002785564762925935e-01 1.002785564762925935e-01 1.002785564762925935e-01 1.002785564762925935e-01 1.002785564762925935e-01 1.002785564762925935e-01 1.002785564762925935e-01 1.002785564762925935e-01 1.002785564762925935e-01 1.002785564762925935e-01 1.002785564762925935e-01
1.375000000000000000e+00 6.306737952541860426e-02 6.306737952541860426e-02 6.306737952541860426e-02 6.306737952541860426e-02 6.306737952541860426e-02 6.306737952541860426e-02 6.306737952541860426e-02 6.306737952541860426e-02 6.306737952541860426e-02 6.306737952541860426e-02 6.306737952541860426e-02 6.306737952541860426e-02 6.306737952541860426e-02 6.306737952541860426e-02 6.306737952541860426e-02 6.306737952541860426e-02 6.306737952541860426e-02 6.306737952541860426e-02 6.306737952541860426e-02 6.306737952541860426e-02
1.390625000000000000e+00 3.166620288720116416e-02 3.166620288720116416e-02 3.166620288720116416e-02 3.166620288720116416e-02 3.166620288720116416e-02 3.166620288720116416e-02 3.166620288720116416e-02 3.166620288720116416e-02 3.166620288720116416e-02 3.166620288720116416e-02 3.166620288720116416e-02 3.166620288720116416e-02 3.166620288720116416e-02 3.166620288720116416e-02 3.166620288720116416e-02 3.166620288720116416e-02 3.166620288720116416e-02 3.166620288720116416e-02 3.166620288720116416e-02 3.166620288720116416e-02
1.406250000000000000e+00 2.515480062431623906e-02 2.515480062431623906e-02 2.515480062431623906e-02 2.515480062431623906e-02 2.515480062431623906e-02 2.515480062431623906e-02 2.515480062431623906e-02 2.515480062431623906e-02 2.515480062431623906e-02 2.515480062431623906e-02 2.515480062431623906e-02 2.515480062431623906e-02 2.515480062431623906e-02 2.515480062431623906e-02 2.515480062431623906e-02 2.515480062431623906e-02 2.515480062431623906e-02 2.515480062431623906e-02 2.515480062431623906e-02 2.515480062431623906e-02
1.421875000000000000e+00 1.171010667857323197e-02 1.171010667857323197e-02 1.171010667857323197e-02 1.171010667857323197e-02 1.171010667857323197e-02 1.171010667857323197e-02 1.171010667857323197e-02 1.171010667857323197e-02 1.171010667857323197e-02 1.171010667857323197e-02 1.171010667857323197e-02 1.171010667857323197e-02 1.171010667857323197e-02 1.171010667857323197e-02 1.171010667857323197e-02 1.171010667857323197e-02 1.171010667857323197e-02 1.171010667857323197e-02 1.171010667857323197e-02 1.171010667857323197e-02
1.437500000000000000e+00 1.226076140999674859e-02 1.226076140999674859e-02 1.226076140999674859e-02 1.226076140999674859e-02 1.226076140999674859e-02 1.226076140999674859e-02 1.226076140999674859e-02 1.226076140999674859e-02 1.226076140999674859e-02 1.226076140999674859e-02 1.226076140999674859e-02 1.226076140999674859e-02 1.226076140999674859e-02 1.226076140999674859e-02 1.226076140999674859e-02 1.226076140999674859e-02 1.226076140999674859e-02 1.226076140999674859e-02 1.226076140999674859e-02 1.226076140999674859e-02
1.453125000000000000e+00 8.390865666493694391e-03 8.390865666493694391e-03 8.390865666493694391e-03 8.390865666493694391e-03 8.390865666493694391e-03 8.390865666493694391e-03 8.390865666493694391e-03 8.390865666493694391e-03 8.390865666493694391e-03 8.390865666493694391e-03 8.390865666493694391e-03 8.390865666493694391e-03 8.390865666493694391e-03 8.390865666493694391e-03 8.390865666493694391e-03 8.390865666493694391e-03 8.390865666493694391e-03 8.390865666493694391e-03 8.390865666493694391e-03 8.390865666493694391e-03
1.468750000000000000e+00 4.353096497612225606e-03 4.353096497612225606e-03 4.353096497612225606e-03 4.353096497612225606e-03 4.353096497612225606e-03 4.353096497612225606e-03 4.353096497612225606e-03 4.353096497612225606e-03 4.353096497612225606e-03 4.353096497612225606e-03 4.353096497612225606e-03 4.353096497612225606e-03 4.353096497612225606e-03 4.353096497612225606e-03 4.353096497612225606e-03 4.353096497612225606e-03 4.353096497612225606e-03 4.353096497612225606e-03 4.353096497612225606e-03 4.353096497612225606e-03
1.484375000000000000e+00 5.393895995553772346e-03 5.393895995553772346e-03 5.393895995553772346e-03 5.393895995553772346e-03 5.393895995553772346e-03 5.393895995553772346e-03 5.393895995553772346e-03 5.393895995553772346e-03 5.393895995553772346e-03 5.393895995553772346e-03 5.393895995553772346e-03 5.393895995553772346e-03 5.393895995553772346e-03 5.393895995553772346e-03 5.393895995553772346e-03 5.393895995553772346e-03 5.393895995553772346e-03 5.393895995553772346e-03 5.393895995553772346e-03 5.393895995553772346e-03
1.500000000000000000e+00 6.672654921312486456e-03 6.672654921312486456e-03 6.672654921312486456e-03 6.672654921312486456e-03 6.672654921312486456e-03 6.672654921312486456e-03 6.672654921312486456e-03 6.672654921312486456e-03 6.672654921312486456e-03 6.672654921312486456e-03 6.672654921312486456e-03 6.672654921312486456e-03 6.672654921312486456e-03 6.672654921312486456e-03 6.672654921312486456e-03 6.672654921312486456e-03 6.672654921312486456e-03 6.672654921312486456e-03 6.672654921312486456e-03 6.672654921312486456e-03
1.515625000000000000e+00 4.577796020752854592e-03 4.577796020752854592e-03 4.577796020752854592e-03 4.577796020752854592e-03 4.577796020752854592e-03 4.577796020752854592e-03 4.577796020752854592e-03 4.577796020752854592e-03 4.577796020752854592e-03 4.577796020752854592e-03 4.577796020752854592e-03 4.577796020752854592e-03 4.577796020752854592e-03 4.577796020752854592e-03 4.577796020752854592e-03 4.577796020752854592e-03 4.577796020752854592e-03 4.577796020752854592e-03 4.577796020752854592e-03 4.577796020752854592e-03
1.531250000000000000e+00 1.214304987340738239e-02 1.214304987340738239e-02 1.214304987340738239e-02 1.214304987340738239e-02 1.214304987340738239e-02 1.214304987340738239e-02 1.214304987340738239e-02 1.214304987340738239e-02 1.214304987340738239e-02 1.214304987340738239e-02 1.214304987340738239e-02 1.214304987340738239e-02 1.214304987340738239e-02 1.214304987340738239e-02 1.214304987340738239e-02 1.214304987340738239e-02 1.214304987340738239e-02 1.214304987340738239e-02 1.214304987340738239e-02 1.214304987340738239e-02
1.546875000000000000e+00 2.269906331229323143e-02 2.269906331229323143e-02 2.269906331229323143e-02 2.269906331229323143e-02 2.269906331229323143e-02 2.269906331229323143e-02 2.269906331229323143e-02 2.269906331229323143e-02 2.269906331229323143e-02 2.269906331229323143e-02 2.269906331229323143e-02 2.269906331229323143e-02 2.269906331229323143e-02 2.269906331229323143e-02 2.269906331229323143e-02 2.269906331229323143e-02 2.269906331229323143e-02 2.269906331229323143e-02 2.269906331229323143e-02 2.269906331229323143e-02
1.562500000000000000e+00 3.443300610165912767e-02 3.443300610165912767e-02 3.443300610165912767e-02 3.443300610165912767e-02 3.443300610165912767e-02 3.443300610165912767e-02 3.443300610165912767e-02 3.443300610165912767e-02 3.443300610165912767e-02 3.443300610165912767e-02 3.443300610165912767e-02 3.443300610165912767e-02 3.443300610165912767e-02 3.443300610165912767e-02 3.443300610165912767e-02 3.443300610165912767e-02 3.443300610165912767e-02 3.443300610165912767e-02 3.443300610165912767e-02 3.443300610165912767e-02
1.578125000000000000e+00 4.446106254078267817e-02 4.446106254078267817e-02 4.446106254078267817e-02 4.446106254078267817e-02 4.446106254078267817e-02 4.446106254078267817e-02 4.446106254078267817e-02 4.446106254078267817e-02 4.446106254078267817e-02 4.446106254078267817e-02 4.446106254078267817e-02 4.446106254078267817e-02 4.446106254078267817e-02 4.446106254078267817e-02 4.446106254078267817e-02 4.446106254078267817e-02 4.446106254078267817e-02 4.446106254078267817e-02 4.446106254078267817e-02 4.446106254078267817e-02
1.593750000000000000e+00 5.023861705869795552e-02 5.023861705869795552e-02 5.023861705869795552e-02 5.023861705869795552e-02 5.023861705869795552e-02 5.023861705869795552e-02 5.023861705869795552e-02 5.023861705869795552e-02 5.023861705869795552e-02 5.023861705869795552e-02 5.023861705869795552e-02 5.023861705869795552e-02 5.023861705869795552e-02 5.023861705869795552e-02 5.023861705869795552e-02 5.023861705869795552e-02 5.023861705869795552e-02 5.023861705869795552e-02 5.023861705869795552e-02 5.023861705869795552e-02
1.609375000000000000e+00 4.754852214501802815e-02 4.754852214501802815e-02 4.754852214501802815e-02 4.754852214501802815e-02 4.754852214501802815e-02 4.754852214501802815e-02 4.754852214501802815e-02 4.754852214501802815e-02 4.754852214501802815e-02 4.754852214501802815e-02 4.754852214501802815e-02 4.754852214501802815e-02 4.754852214501802815e-02 4.754852214501802815e-02 4.754852214501802815e-02 4.754852214501802815e-02 4.754852214501802815e-02 4.754852214501802815e-02 4.754852214501802815e-02 4.754852214501802815e-02
1.625000000000000000e+00 4.766664173462527299e-02 4.766664173462527299e-02 4.766664173462527299e-02 4.766664173462527299e-02 4.766664173462527299e-02 4.766664173462527299e-02 4.766664173462527299e-02 4.766664173462527299e-02 4.766664173462527299e-02 4.766664173462527299e-02 4.766664173462527299e-02 4.766664173462527299e-02 4.766664173462527299e-02 4.766664173462527299e-02 4.766664173462527299e-02 4.766664173462527299e-02 4.766664173462527299e-02 4.766664173462527299e-02 4.766664173462527299e-02 4.766664173462527299e-02
1.640625000000000000e+00 4.717053621747542558e-02 4.717053621747542558e-02 4.717053621747542558e-02 4.717053621747542558e-02 4.717053621747542558e-02 4.717053621747542558e-02 4.717053621747542558e-02 4.717053621747542558e-02 4.717053621747542558e-02 4.717053621747542558e-02 4.717053621747542558e-02 4.717053621747542558e-02 4.717053621747542558e-02 4.717053621747542558e-02 4.717053621747542558e-02 4.717053621747542558e-02 4.717053621747542558e-02 4.717053621747542558e-02 4.717053621747542558e-02 4.717053621747542558e-02
1.656250000000000000e+00 4.285136317073972440e-02 4.285136317073972440e-02 4.285136317073972440e-02 4.285136317073972440e-02 4.285136317073972440e-02 4.285136317073972440e-02 4.285136317073972440e-02 4.285136317073972440e-02 4.285136317073972440e-02 4.285136317073972440e-02 4.285136317073972440e-02 4.285136317073972440e-02 4.285136317073972440e-02 4.285136317073972440e-02 4.285136317073972440e-02 4.285136317073972440e-02 4.285136317073972440e-02 4.285136317073972440e-02 4.285136317073972440e-02 4.285136317073972440e-02
1.671875000000000000e+00 4.513358462156941142e-02 4.513358462156941142e-02 4.513358462156941142e-02 4.513358462156941142e-02 4.513358462156941142e-02 4.513358462156941142e-02 4.513358462156941142e-02 4.513358462156941142e-02 4.513358462156941142e-02 4.513358462156941142e-02 4.513358462156941142e-02 4.513358462156941142e-02 4.513358462156941142e-02 4.513358462156941142e-02 4.513358462156941142e-02 4.513358462156941142e-02 4.513358462156941142e-02 4.513358462156941142e-02 4.513358462156941142e-02 4.513358462156941142e-02
1.687500000000000000e+00 3.739659675892440666e-02 3.739659675892440666e-02 3.739659675892440666e-02 3.739659675892440666e-02 3.739659675892440666e-02 3.739659675892440666e-02 3.739659675892440666e-02 3.739659675892440666e-02 3.739659675892440666e-02 3.739659675892440666e-02 3.739659675892440666e-02 3.739659675892440666e-02 3.739659675892440666e-02 3.739659675892440666e-02 3.739659675892440666e-02 3.739659675892440666e-02 3.739659675892440666e-02 3.739659675892440666e-02 3.739659675892440666e-02 3.739659675892440666e-02
1.703125000000000000e+00 3.502262164741481304e-02 3.502262164741481304e-02 3.502262164741481304e-02 3.502262164741481304e-02 3.502262164741481304e-02 3.502262164741481304e-02 3.502262164741481304e-02 3.502262164741481304e-02 3.502262164741481304e-02 3.502262164741481304e-02 3.502262164741481304e-02 3.502262164741481304e-02 3.502262164741481304e-02 3.502262164741481304e-02 3.502262164741481304e-02 3.502262164741481304e-02 3.502262164741481304e-02 3.502262164741481304e-02 3.502262164741481304e-02 3.502262164741481304e-02
1.718750000000000000e+00 1.917997355123533809e-02 1.917997355123533809e-02 1.917997355123533809e-02 1.917997355123533809e-02 1.917997355123533809e-02 1.917997355123533809e-02 1.917997355123533809e-02 1.917997355123533809e-02 1.917997355123533809e-02 1.917997355123533809e-02 1.917997355123533809e-02 1.917997355123533809e-02 1.917997355123533809e-02 1.917997355123533809e-02 1.917997355123533809e-02 1.917997355123533809e-02 1.917997355123533809e-02 1.917997355123533809e-02 1.917997355123533809e-02 1.917997355123533809e-02
1.734375000000000000e+00 4.111344347869768517e-02 4.111344347869768517e-02 4.111344347869768517e-02 4.111344347869768517e-02 4.111344347869768517e-02 4.111344347869768517e-02 4.111344347869768517e-02 4.111344347869768517e-02 4.111344347869768517e-02 4.111344347869768517e-02 4.111344347869768517e-02 4.111344347869768517e-02 4.111344347869768517e-02 4.111344347869768517e-02 4.111344347869768517e-02 4.111344347869768517e-02 4.111344347869768517e-02 4.111344347869768517e-02 4.111344347869768517e-02 4.111344347869768517e-02
1.750000000000000000e+00 3.241626935318567965e-02 3.241626935318567965e-02 3.241626935318567965e-02 3.241626935318567965e-02 3.241626935318567965e-02 3.241626935318567965e-02 3.241626935318567965e-02 3.241626935318567965e-02 3.241626935318567965e-02 3.241626935318567965e-02 3.241626935318567965e-02 3.241626935318567965e-02 3.241626935318567965e-02 3.241626935318567965e-02 3.241626935318567965e-02 3.241626935318567965e-02 3.241626935318567965e-02 3.241626935318567965e-02 3.241626935318567965e-02 3.241626935318567965e-02
1.765625000000000000e+00 4.538042355309314380e-02 4.538042355309314380e-02 4.538042355309314380e-02 4.538042355309314380e-02 4.538042355309314380e-02 4.538042355309314380e-02 4.538042355309314380e-02 4.538042355309314380e-02 4.538042355309314380e-02 4.538042355309314380e-02 4.538042355309314380e-02 4.538042355309314380e-02 4.538042355309314380e-02 4.538042355309314380e-02 4.538042355309314380e-02 4.538042355309314380e-02 4.538042355309314380e-02 4.538042355309314380e-02 4.538042355309314380e-02 4.538042355309314380e-02
1.781250000000000000e+00 4.553308035338563681e-02 4.553308035338563681e-02 4.553308035338563681e-02 4.553308035338563681e-02 4.553308035338563681e-02 4.553308035338563681e-02 4.553308035338563681e-02 4.553308035338563681e-02 4.553308035338563681e-02 4.553308035338563681e-02 4.553308035338563681e-02 4.553308035338563681e-02 4.553308035338563681e-02 4.553308035338563681e-02 4.553308035338563681e-02 4.553308035338563681e-02 4.553308035338563681e-02 4.553308035338563681e-02 4.553308035338563681e-02 4.553308035338563681e-02
1.796875000000000000e+00 4.330048195430780122e-02 4.330048195430780122e-02 4.330048195430780122e-02 4.330048195430780122e-02 4.330048195430780122e-02 4.330048195430780122e-02 4.330048195430780122e-02 4.330048195430780122e-02 4.330048195430780122e-02 4.330048195430780122e-02 4.330048195430780122e-02 4.330048195430780122e-02 4.330048195430780122e-02 4.330048195430780122e-02 4.330048195430780122e-02 4.330048195430780122e-02 4.330048195430780122e-02 4.330048195430780122e-02 4.330048195430780122e-02 4.330048195430780122e-02
1.812500000000000000e+00 4.979346505937697065e-02 4.979346505937697065e-02 4.979346505937697065e-02 4.979346505937697065e-02 4.979346505937697065e-02 4.979346505937697065e-02 4.979346505937697065e-02 4.979346505937697065e-02 4.979346505937697065e-02 4.979346505937697065e-02 4.979346505937697065e-02 4.979346505937697065e-02 4.979346505937697065e-02 4.979346505937697065e-02 4.979346505937697065e-02 4.979346505937697065e-02 4.979346505937697065e-02 4.979346505937697065e-02 4.979346505937697065e-02 4.979346505937697065e-02
1.828125000000000000e+00 4.918574730827534464e-02 4.918574730827534464e-02 4.918574730827534464e-02 4.918574730827534464e-02 4.918574730827534464e-02 4.918574730827534464e-02 4.918574730827534464e-02 4.918574730827534464e-02 4.918574730827534464e-02 4.918574730827534464e-02 4.918574730827534464e-02 4.918574730827534464e-02 4.918574730827534464e-02 4.918574730827534464e-02 4.918574730827534464e-02 4.918574730827534464e-02 4.918574730827534464e-02 4.918574730827534464e-02 4.918574730827534464e-02 4.918574730827534464e-02
1.843750000000000000e+00 5.080961712576311656e-02 5.080961712576311656e-02 5.080961712576311656e-02 5.080961712576311656e-02 5.080961712576311656e-02 5.080961712576311656e-02 5.080961712576311656e-02 5.080961712576311656e-02 5.080961712576311656e-02 5.080961712576311656e-02 5.080961712576311656e-02 5.080961712576311656e-02 5.080961712576311656e-02 5.080961712576311656e-02 5.080961712576311656e-02 5.080961712576311656e-02 5.080961712576311656e-02 5.080961712576311656e-02 5.080961712576311656e-02 5.080961712576311656e-02
1.859375000000000000e+00 5.391293527591312779e-02 5.391293527591312779e-02 5.391293527591312779e-02 5.391293527591312779e-02 5.391293527591312779e-02 5.391293527591312779e-02 5.391293527591312779e-02 5.391293527591312779e-02 5.391293527591312779e-02 5.391293527591312779e-02 5.391293527591312779e-02 5.391293527591312779e-02 5.391293527591312779e-02 5.391293527591312779e-02 5.391293527591312779e-02 5.391293527591312779e-02 5.391293527591312779e-02 5.391293527591312779e-02 5.391293527591312779e-02 5.391293527591312779e-02
1.875000000000000000e+00 6.375489551803797950e-02 6.375489551803797950e-02 6.375489551803797950e-02 6.375489551803797950e-02 6.375489551803797950e-02 6.375489551803797950e-02 6.375489551803797950e-02 6.375489551803797950e-02 6.375489551803797950e-02 6.375489551803797950e-02 6.375489551803797950e-02 6.375489551803797950e-02 6.375489551803797950e-02 6.375489551803797950e-02 6.375489551803797950e-02 6.375489551803797950e-02 6.375489551803797950e-02 6.375489551803797950e-02 6.375489551803797950e-02 6.375489551803797950e-02
1.890625000000000000e+00 6.892736846961022845e-02 6.892736846961022845e-02 6.892736846961022845e-02 6.892736846961022845e-02 6.892736846961022845e-02 6.892736846961022845e-02 6.892736846961022845e-02 6.892736846961022845e-02 6.892736846961022845e-02 6.892736846961022845e-02 6.892736846961022845e-02 6.892736846961022845e-02 6.892736846961022845e-02 6.892736846961022845e-02 6.892736846961022845e-02 6.892736846961022845e-02 6.892736846961022845e-02 6.892736846961022845e-02 6.892736846961022845e-02 6.892736846961022845e-02
1.906250000000000000e+00 6.002994586112022496e-02 6.002994586112022496e-02 6.002994586112022496e-02 6.002994586112022496e-02 6.002994586112022496e-02 6.002994586112022496e-02 6.002994586112022496e-02 6.002994586112022496e-02 6.002994586112022496e-02 6.002994586112022496e-02 6.002994586112022496e-02 6.002994586112022496e-02 6.002994586112022496e-02 6.002994586112022496e-02 6.002994586112022496e-02 6.002994586112022496e-02 6.002994586112022496e-02 6.002994586112022496e-02 6.002994586112022496e-02 6.002994586112022496e-02
1.921875000000000000e+00 4.593730404521537657e-03 4.593730404521537657e-03 4.593730404521537657e-03 4.593730404521537657e-03 4.593730404521537657e-03 4.593730404521537657e-03 4.593730404521537657e-03 4.593730404521537657e-03 4.593730404521537657e-03 4.593730404521537657e-03 4.593730404521537657e-03 4.593730404521537657e-03 4.593730404521537657e-03 4.593730404521537657e-03 4.593730404521537657e-03 4.593730404521537657e-03 4.593730404521537657e-03 4.593730404521537657e-03 4.593730404521537657e-03 4.593730404521537657e-03
1.937500000000000000e+00 4.535470534456467577e-03 4.535470534456467577e-03 4.535470534456467577e-03 4.535470534456467577e-03 4.535470534456467577e-03 4.535470534456467577e-03 4.535470534456467577e-03 4.535470534456467577e-03 4.535470534456467577e-03 4.535470534456467577e-03 4.535470534456467577e-03 4.535470534456467577e-03 4.535470534456467577e-03 4.535470534456467577e-03 4.535470534456467577e-03 4.535470534456467577e-03 4.535470534456467577e-03 4.535470534456467577e-03 4.535470534456467577e-03 4.535470534456467577e-03
1.953125000000000000e+00 2.645479190750786580e-02 2.645479190750786580e-02 2.645479190750786580e-02 2.645479190750786580e-02 2.645479190750786580e-02 2.645479190750786580e-02 2.645479190750786580e-02 2.645479190750786580e-02 2.645479190750786580e-02 2.645479190750786580e-02 2.645479190750786580e-02 2.645479190750786580e-02 2.645479190750786580e-02 2.645479190750786580e-02 2.645479190750786580e-02 2.645479190750786580e-02 2.645479190750786580e-02 2.645479190750786580e-02 2.645479190750786580e-02 2.645479190750786580e-02
1.968750000000000000e+00 1.739210499597475951e-02 1.739210499597475951e-02 1.739210499597475951e-02 1.739210499597475951e-02 1.739210499597475951e-02 1.739210499597475951e-02 1.739210499597475951e-02 1.739210499597475951e-02 1.739210499597475951e-02 1.739210499597475951e-02 1.739210499597475951e-02 1.739210499597475951e-02 1.739210499597475951e-02 1.739210499597475951e-02 1.739210499597475951e-02 1.739210499597475951e-02 1.739210499597475951e-02 1.739210499597475951e-02 1.739210499597475951e-02 1.739210499597475951e-02
1.984375000000000000e+00 2.134763230969051115e-02 2.134763230969051115e-02 2.134763230969051115e-02 2.134763230969051115e-02 2.134763230969051115e-02 2.134763230969051115e-02 2.134763230969051115e-02 2.134763230969051115e-02 2.134763230969051115e-02 2.134763230969051115e-02 2.134763230969051115e-02 2.134763230969051115e-02 2.134763230969051115e-02 2.134763230969051115e-02 2.134763230969051115e-02 2.134763230969051115e-02 2.134763230969051115e-02 2.134763230969051115e-02 2.134763230969051115e-02 2.134763230969051115e-02
2.000000000000000000e+00 3.033642720548821586e-02 3.033642720548821586e-02 3.033642720548821586e-02 3.033642720548821586e-02 3.033642720548821586e-02 3.033642720548821586e-02 3.033642720548821586e-02 3.033642720548821586e-02 3.033642720548821586e-02 3.033642720548821586e-02 3.033642720548821586e-02 3.033642720548821586e-02 3.033642720548821586e-02 3.033642720548821586e-02 3.033642720548821586e-02 3.033642720548821586e-02 3.033642720548821586e-02 3.033642720548821586e-02 3.033642720548821586e-02 3.033642720548821586e-02
