0.000000000000000000e+00 8.569085462013376064e-03 8.569085462013376064e-03 8.569085462013376064e-03 8.569085462013376064e-03 8.569085462013376064e-03 8.569085462013376064e-03 8.569085462013376064e-03 8.569085462013376064e-03 8.569085462013376064e-03 8.569085462013376064e-03 8.569085462013376064e-03 8.569085462013376064e-03 8.569085462013376064e-03 8.569085462013376064e-03 8.569085462013376064e-03 8.569085462013376064e-03 8.569085462013376064e-03 8.569085462013376064e-03 8.569085462013376064e-03 8.569085462013376064e-03
1.562500000000000000e-02 1.302250526595208624e-01 1.302250526595208624e-01 1.302250526595208624e-01 1.302250526595208624e-01 1.302250526595208624e-01 1.302250526595208624e-01 1.302250526595208624e-01 1.302250526595208624e-01 1.302250526595208624e-01 1.302250526595208624e-01 1.302250526595208624e-01 1.302250526595208624e-01 1.302250526595208624e-01 1.302250526595208624e-01 1.302250526595208624e-01 1.302250526595208624e-01 1.302250526595208624e-01 1.302250526595208624e-01 1.302250526595208624e-01 1.302250526595208624e-01
3.125000000000000000e-02 5.983654227743173681e-02 5.983654227743173681e-02 5.983654227743173681e-02 5.983654227743173681e-02 5.983654227743173681e-02 5.983654227743173681e-02 5.983654227743173681e-02 5.983654227743173681e-02 5.983654227743173681e-02 5.983654227743173681e-02 5.983654227743173681e-02 5.983654227743173681e-02 5.983654227743173681e-02 5.983654227743173681e-02 5.983654227743173681e-02 5.983654227743173681e-02 5.983654227743173681e-02 5.983654227743173681e-02 5.983654227743173681e-02 5.983654227743173681e-02
4.687500000000000000e-02 1.021411248838817315e-01 1.021411248838817315e-01 1.021411248838817315e-01 1.021411248838817315e-01 1.021411248838817315e-01 1.021411248838817315e-01 1.021411248838817315e-01 1.021411248838817315e-01 1.021411248838817315e-01 1.021411248838817315e-01 1.021411248838817315e-01 1.021411248838817315e-01 1.021411248838817315e-01 1.021411248838817315e-01 1.021411248838817315e-01 1.021411248838817315e-01 1.021411248838817315e-01 1.021411248838817315e-01 1.021411248838817315e-01 1.021411248838817315e-01
6.250000000000000000e-02 2.151878971264447639e-03 2.151878971264447639e-03 2.151878971264447639e-03 2.151878971264447639e-03 2.151878971264447639e-03 2.151878971264447639e-03 2.151878971264447639e-03 2.151878971264447639e-03 2.151878971264447639e-03 2.151878971264447639e-03 2.151878971264447639e-03 2.151878971264447639e-03 2.151878971264447639e-03 2.151878971264447639e-03 2.151878971264447639e-03 2.151878971264447639e-03 2.151878971264447639e-03 2.151878971264447639e-03 2.151878971264447639e-03 2.151878971264447639e-03
7.812500000000000000e-02 9.462751069385993627e-03 9.462751069385993627e-03 9.462751069385993627e-03 9.462751069385993627e-03 9.462751069385993627e-03 9.462751069385993627e-03 9.462751069385993627e-03 9.462751069385993627e-03 9.462751069385993627e-03 9.462751069385993627e-03 9.462751069385993627e-03 9.462751069385993627e-03 9.462751069385993627e-03 9.462751069385993627e-03 9.462751069385993627e-03 9.462751069385993627e-03 9.462751069385993627e-03 9.462751069385993627e-03 9.462751069385993627e-03 9.462751069385993627e-03
9.375000000000000000e-02 1.549262561351508714e-02 1.549262561351508714e-02 1.549262561351508714e-02 1.549262561351508714e-02 1.549262561351508714e-02 1.549262561351508714e-02 1.549262561351508714e-02 1.549262561351508714e-02 1.549262561351508714e-02 1.549262561351508714e-02 1.549262561351508714e-02 1.549262561351508714e-02 1.549262561351508714e-02 1.549262561351508714e-02 1.549262561351508714e-02 1.549262561351508714e-02 1.549262561351508714e-02 1.549262561351508714e-02 1.549262561351508714e-02 1.549262561351508714e-02
1.093750000000000000e-01 1.151225972613891396e-01 1.151225972613891396e-01 1.151225972613891396e-01 1.151225972613891396e-01 1.151225972613891396e-01 1.151225972613891396e-01 1.151225972613891396e-01 1.151225972613891396e-01 1.151225972613891396e-01 1.151225972613891396e-01 1.151225972613891396e-01 1.151225972613891396e-01 1.151225972613891396e-01 1.151225972613891396e-01 1.151225972613891396e-01 1.151225972613891396e-01 1.151225972613891396e-01 1.151225972613891396e-01 1.151225972613891396e-01 1.151225972613891396e-01
1.250000000000000000e-01 1.456651632338377689e-01 1.456651632338377689e-01 1.456651632338377689e-01 1.456651632338377689e-01 1.456651632338377689e-01 1.456651632338377689e-01 1.456651632338377689e-01 1.456651632338377689e-01 1.456651632338377689e-01 1.456651632338377689e-01 1.456651632338377689e-01 1.456651632338377689e-01 1.456651632338377689e-01 1.456651632338377689e-01 1.456651632338377689e-01 1.456651632338377689e-01 1.456651632338377689e-01 1.456651632338377689e-01 1.456651632338377689e-01 1.456651632338377689e-01
1.406250000000000000e-01 1.492032129303869949e-02 1.492032129303869949e-02 1.492032129303869949e-02 1.492032129303869949e-02 1.492032129303869949e-02 1.492032129303869949e-02 1.492032129303869949e-02 1.492032129303869949e-02 1.492032129303869949e-02 1.492032129303869949e-02 1.492032129303869949e-02 1.492032129303869949e-02 1.492032129303869949e-02 1.492032129303869949e-02 1.492032129303869949e-02 1.492032129303869949e-02 1.492032129303869949e-02 1.492032129303869949e-02 1.492032129303869949e-02 1.492032129303869949e-02
1.562500000000000000e-01 8.180479493589873016e-03 8.180479493589873016e-03 8.180479493589873016e-03 8.180479493589873016e-03 8.180479493589873016e-03 8.180479493589873016e-03 8.180479493589873016e-03 8.180479493589873016e-03 8.180479493589873016e-03 8.180479493589873016e-03 8.180479493589873016e-03 8.180479493589873016e-03 8.180479493589873016e-03 8.180479493589873016e-03 8.180479493589873016e-03 8.180479493589873016e-03 8.180479493589873016e-03 8.180479493589873016e-03 8.180479493589873016e-03 8.180479493589873016e-03
1.718750000000000000e-01 2.413577325789960717e-02 2.413577325789960717e-02 2.413577325789960717e-02 2.413577325789960717e-02 2.413577325789960717e-02 2.413577325789960717e-02 2.413577325789960717e-02 2.413577325789960717e-02 2.413577325789960717e-02 2.413577325789960717e-02 2.413577325789960717e-02 2.413577325789960717e-02 2.413577325789960717e-02 2.413577325789960717e-02 2.413577325789960717e-02 2.413577325789960717e-02 2.413577325789960717e-02 2.413577325789960717e-02 2.413577325789960717e-02 2.413577325789960717e-02
1.875000000000000000e-01 8.248943791536382797e-01 8.248943791536382797e-01 8.248943791536382797e-01 8.248943791536382797e-01 8.248943791536382797e-01 8.248943791536382797e-01 8.248943791536382797e-01 8.248943791536382797e-01 8.248943791536382797e-01 8.248943791536382797e-01 8.248943791536382797e-01 8.248943791536382797e-01 8.248943791536382797e-01 8.248943791536382797e-01 8.248943791536382797e-01 8.248943791536382797e-01 8.248943791536382797e-01 8.248943791536382797e-01 8.248943791536382797e-01 8.248943791536382797e-01
2.031250000000000000e-01 9.352178628027035812e-01 9.352178628027035812e-01 9.352178628027035812e-01 9.352178628027035812e-01 9.352178628027035812e-01 9.352178628027035812e-01 9.352178628027035812e-01 9.352178628027035812e-01 9.352178628027035812e-01 9.352178628027035812e-01 9.352178628027035812e-01 9.352178628027035812e-01 9.352178628027035812e-01 9.352178628027035812e-01 9.352178628027035812e-01 9.352178628027035812e-01 9.352178628027035812e-01 9.352178628027035812e-01 9.352178628027035812e-01 9.352178628027035812e-01
2.187500000000000000e-01 7.400751286562845532e-01 7.400751286562845532e-01 7.400751286562845532e-01 7.400751286562845532e-01 7.400751286562845532e-01 7.400751286562845532e-01 7.400751286562845532e-01 7.400751286562845532e-01 7.400751286562845532e-01 7.400751286562845532e-01 7.400751286562845532e-01 7.400751286562845532e-01 7.400751286562845532e-01 7.400751286562845532e-01 7.400751286562845532e-01 7.400751286562845532e-01 7.400751286562845532e-01 7.400751286562845532e-01 7.400751286562845532e-01 7.400751286562845532e-01
2.343750000000000000e-01 1.301625229828013430e-01 1.301625229828013430e-01 1.301625229828013430e-01 1.301625229828013430e-01 1.301625229828013430e-01 1.301625229828013430e-01 1.301625229828013430e-01 1.301625229828013430e-01 1.301625229828013430e-01 1.301625229828013430e-01 1.301625229828013430e-01 1.301625229828013430e-01 1.301625229828013430e-01 1.301625229828013430e-01 1.301625229828013430e-01 1.301625229828013430e-01 1.301625229828013430e-01 1.301625229828013430e-01 1.301625229828013430e-01 1.301625229828013430e-01
2.500000000000000000e-01 9.158848890460215275e-02 9.158848890460215275e-02 9.158848890460215275e-02 9.158848890460215275e-02 9.158848890460215275e-02 9.158848890460215275e-02 9.158848890460215275e-02 9.158848890460215275e-02 9.158848890460215275e-02 9.158848890460215275e-02 9.158848890460215275e-02 9.158848890460215275e-02 9.158848890460215275e-02 9.158848890460215275e-02 9.158848890460215275e-02 9.158848890460215275e-02 9.158848890460215275e-02 9.158848890460215275e-02 9.158848890460215275e-02 9.158848890460215275e-02
2.656250000000000000e-01 6.582783852976714471e-03 6.582783852976714471e-03 6.582783852976714471e-03 6.582783852976714471e-03 6.582783852976714471e-03 6.582783852976714471e-03 6.582783852976714471e-03 6.582783852976714471e-03 6.582783852976714471e-03 6.582783852976714471e-03 6.582783852976714471e-03 6.582783852976714471e-03 6.582783852976714471e-03 6.582783852976714471e-03 6.582783852976714471e-03 6.582783852976714471e-03 6.582783852976714471e-03 6.582783852976714471e-03 6.582783852976714471e-03 6.582783852976714471e-03
2.812500000000000000e-01 6.139219466549944090e-03 6.139219466549944090e-03 6.139219466549944090e-03 6.139219466549944090e-03 6.139219466549944090e-03 6.139219466549944090e-03 6.139219466549944090e-03 6.139219466549944090e-03 6.139219466549944090e-03 6.139219466549944090e-03 6.139219466549944090e-03 6.139219466549944090e-03 6.139219466549944090e-03 6.139219466549944090e-03 6.139219466549944090e-03 6.139219466549944090e-03 6.139219466549944090e-03 6.139219466549944090e-03 6.139219466549944090e-03 6.139219466549944090e-03
2.968750000000000000e-01 1.673952022342019286e-02 1.673952022342019286e-02 1.673952022342019286e-02 1.673952022342019286e-02 1.673952022342019286e-02 1.673952022342019286e-02 1.673952022342019286e-02 1.673952022342019286e-02 1.673952022342019286e-02 1.673952022342019286e-02 1.673952022342019286e-02 1.673952022342019286e-02 1.673952022342019286e-02 1.673952022342019286e-02 1.673952022342019286e-02 1.673952022342019286e-02 1.673952022342019286e-02 1.673952022342019286e-02 1.673952022342019286e-02 1.673952022342019286e-02
3.125000000000000000e-01 1.977691507025857234e-02 1.977691507025857234e-02 1.977691507025857234e-02 1.977691507025857234e-02 1.977691507025857234e-02 1.977691507025857234e-02 1.977691507025857234e-02 1.977691507025857234e-02 1.977691507025857234e-02 1.977691507025857234e-02 1.977691507025857234e-02 1.977691507025857234e-02 1.977691507025857234e-02 1.977691507025857234e-02 1.977691507025857234e-02 1.977691507025857234e-02 1.977691507025857234e-02 1.977691507025857234e-02 1.977691507025857234e-02 1.977691507025857234e-02
3.281250000000000000e-01 3.341459457115125015e-02 3.341459457115125015e-02 3.341459457115125015e-02 3.341459457115125015e-02 3.341459457115125015e-02 3.341459457115125015e-02 3.341459457115125015e-02 3.341459457115125015e-02 3.341459457115125015e-02 3.341459457115125015e-02 3.341459457115125015e-02 3.341459457115125015e-02 3.341459457115125015e-02 3.341459457115125015e-02 3.341459457115125015e-02 3.341459457115125015e-02 3.341459457115125015e-02 3.341459457115125015e-02 3.341459457115125015e-02 3.341459457115125015e-02
3.437500000000000000e-01 6.428634019866474869e-02 6.428634019866474869e-02 6.428634019866474869e-02 6.428634019866474869e-02 6.428634019866474869e-02 6.428634019866474869e-02 6.428634019866474869e-02 6.428634019866474869e-02 6.428634019866474869e-02 6.428634019866474869e-02 6.428634019866474869e-02 6.428634019866474869e-02 6.428634019866474869e-02 6.428634019866474869e-02 6.428634019866474869e-02 6.428634019866474869e-02 6.428634019866474869e-02 6.428634019866474869e-02 6.428634019866474869e-02 6.428634019866474869e-02
3.593750000000000000e-01 4.740877806122338611e-02 4.740877806122338611e-02 4.740877806122338611e-02 4.740877806122338611e-02 4.740877806122338611e-02 4.740877806122338611e-02 4.740877806122338611e-02 4.740877806122338611e-02 4.740877806122338611e-02 4.740877806122338611e-02 4.740877806122338611e-02 4.740877806122338611e-02 4.740877806122338611e-02 4.740877806122338611e-02 4.740877806122338611e-02 4.740877806122338611e-02 4.740877806122338611e-02 4.740877806122338611e-02 4.740877806122338611e-02 4.740877806122338611e-02
3.750000000000000000e-01 1.132255419835930324e-02 1.132255419835930324e-02 1.132255419835930324e-02 1.132255419835930324e-02 1.132255419835930324e-02 1.132255419835930324e-02 1.132255419835930324e-02 1.132255419835930324e-02 1.132255419835930324e-02 1.132255419835930324e-02 1.132255419835930324e-02 1.132255419835930324e-02 1.132255419835930324e-02 1.132255419835930324e-02 1.132255419835930324e-02 1.132255419835930324e-02 1.132255419835930324e-02 1.132255419835930324e-02 1.132255419835930324e-02 1.132255419835930324e-02
3.906250000000000000e-01 2.019070454145465571e-02 2.019070454145465571e-02 2.019070454145465571e-02 2.019070454145465571e-02 2.019070454145465571e-02 2.019070454145465571e-02 2.019070454145465571e-02 2.019070454145465571e-02 2.019070454145465571e-02 2.019070454145465571e-02 2.019070454145465571e-02 2.019070454145465571e-02 2.019070454145465571e-02 2.019070454145465571e-02 2.019070454145465571e-02 2.019070454145465571e-02 2.019070454145465571e-02 2.019070454145465571e-02 2.019070454145465571e-02 2.019070454145465571e-02
4.062500000000000000e-01 3.216186363837973683e-02 3.216186363837973683e-02 3.216186363837973683e-02 3.216186363837973683e-02 3.216186363837973683e-02 3.216186363837973683e-02 3.216186363837973683e-02 3.216186363837973683e-02 3.216186363837973683e-02 3.216186363837973683e-02 3.216186363837973683e-02 3.216186363837973683e-02 3.216186363837973683e-02 3.216186363837973683e-02 3.216186363837973683e-02 3.216186363837973683e-02 3.216186363837973683e-02 3.216186363837973683e-02 3.216186363837973683e-02 3.216186363837973683e-02
4.218750000000000000e-01 3.093200689991806168e-02 3.093200689991806168e-02 3.093200689991806168e-02 3.093200689991806168e-02 3.093200689991806168e-02 3.093200689991806168e-02 3.093200689991806168e-02 3.093200689991806168e-02 3.093200689991806168e-02 3.093200689991806168e-02 3.093200689991806168e-02 3.093200689991806168e-02 3.093200689991806168e-02 3.093200689991806168e-02 3.093200689991806168e-02 3.093200689991806168e-02 3.093200689991806168e-02 3.093200689991806168e-02 3.093200689991806168e-02 3.093200689991806168e-02
4.375000000000000000e-01 4.913806825862688729e-03 4.913806825862688729e-03 4.913806825862688729e-03 4.913806825862688729e-03 4.913806825862688729e-03 4.913806825862688729e-03 4.913806825862688729e-03 4.913806825862688729e-03 4.913806825862688729e-03 4.913806825862688729e-03 4.913806825862688729e-03 4.913806825862688729e-03 4.913806825862688729e-03 4.913806825862688729e-03 4.913806825862688729e-03 4.913806825862688729e-03 4.913806825862688729e-03 4.913806825862688729e-03 4.913806825862688729e-03 4.913806825862688729e-03
4.531250000000000000e-01 6.280111375197748418e-03 6.280111375197748418e-03 6.280111375197748418e-03 6.280111375197748418e-03 6.280111375197748418e-03 6.280111375197748418e-03 6.280111375197748418e-03 6.280111375197748418e-03 6.280111375197748418e-03 6.280111375197748418e-03 6.280111375197748418e-03 6.280111375197748418e-03 6.280111375197748418e-03 6.280111375197748418e-03 6.280111375197748418e-03 6.280111375197748418e-03 6.280111375197748418e-03 6.280111375197748418e-03 6.280111375197748418e-03 6.280111375197748418e-03
4.687500000000000000e-01 5.617130001377516058e-01 5.617130001377516058e-01 5.617130001377516058e-01 5.617130001377516058e-01 5.617130001377516058e-01 5.617130001377516058e-01 5.617130001377516058e-01 5.617130001377516058e-01 5.617130001377516058e-01 5.617130001377516058e-01 5.617130001377516058e-01 5.617130001377516058e-01 5.617130001377516058e-01 5.617130001377516058e-01 5.617130001377516058e-01 5.617130001377516058e-01 5.617130001377516058e-01 5.617130001377516058e-01 5.617130001377516058e-01 5.617130001377516058e-01
4.843750000000000000e-01 5.458420416811842202e-01 5.458420416811842202e-01 5.458420416811842202e-01 5.458420416811842202e-01 5.458420416811842202e-01 5.458420416811842202e-01 5.458420416811842202e-01 5.458420416811842202e-01 5.458420416811842202e-01 5.458420416811842202e-01 5.458420416811842202e-01 5.458420416811842202e-01 5.458420416811842202e-01 5.458420416811842202e-01 5.458420416811842202e-01 5.458420416811842202e-01 5.458420416811842202e-01 5.458420416811842202e-01 5.458420416811842202e-01 5.458420416811842202e-01
5.000000000000000000e-01 8.995348065553020189e-02 8.995348065553020189e-02 8.995348065553020189e-02 8.995348065553020189e-02 8.995348065553020189e-02 8.995348065553020189e-02 8.995348065553020189e-02 8.995348065553020189e-02 8.995348065553020189e-02 8.995348065553020189e-02 8.995348065553020189e-02 8.995348065553020189e-02 8.995348065553020189e-02 8.995348065553020189e-02 8.995348065553020189e-02 8.995348065553020189e-02 8.995348065553020189e-02 8.995348065553020189e-02 8.995348065553020189e-02 8.995348065553020189e-02
5.156250000000000000e-01 5.148536490176196939e-02 5.148536490176196939e-02 5.148536490176196939e-02 5.148536490176196939e-02 5.148536490176196939e-02 5.148536490176196939e-02 5.148536490176196939e-02 5.148536490176196939e-02 5.148536490176196939e-02 5.148536490176196939e-02 5.148536490176196939e-02 5.148536490176196939e-02 5.148536490176196939e-02 5.148536490176196939e-02 5.148536490176196939e-02 5.148536490176196939e-02 5.148536490176196939e-02 5.148536490176196939e-02 5.148536490176196939e-02 5.148536490176196939e-02
5.312500000000000000e-01 1.030071902701585884e-01 1.030071902701585884e-01 1.030071902701585884e-01 1.030071902701585884e-01 1.030071902701585884e-01 1.030071902701585884e-01 1.030071902701585884e-01 1.030071902701585884e-01 1.030071902701585884e-01 1.030071902701585884e-01 1.030071902701585884e-01 1.030071902701585884e-01 1.030071902701585884e-01 1.030071902701585884e-01 1.030071902701585884e-01 1.030071902701585884e-01 1.030071902701585884e-01 1.030071902701585884e-01 1.030071902701585884e-01 1.030071902701585884e-01
5.468750000000000000e-01 7.698734839361701110e-02 7.698734839361701110e-02 7.698734839361701110e-02 7.698734839361701110e-02 7.698734839361701110e-02 7.698734839361701110e-02 7.698734839361701110e-02 7.698734839361701110e-02 7.698734839361701110e-02 7.698734839361701110e-02 7.698734839361701110e-02 7.698734839361701110e-02 7.698734839361701110e-02 7.698734839361701110e-02 7.698734839361701110e-02 7.698734839361701110e-02 7.698734839361701110e-02 7.698734839361701110e-02 7.698734839361701110e-02 7.698734839361701110e-02
5.625000000000000000e-01 7.257088631610277007e-02 7.257088631610277007e-02 7.257088631610277007e-02 7.257088631610277007e-02 7.257088631610277007e-02 7.257088631610277007e-02 7.257088631610277007e-02 7.257088631610277007e-02 7.257088631610277007e-02 7.257088631610277007e-02 7.257088631610277007e-02 7.257088631610277007e-02 7.257088631610277007e-02 7.257088631610277007e-02 7.257088631610277007e-02 7.257088631610277007e-02 7.257088631610277007e-02 7.257088631610277007e-02 7.257088631610277007e-02 7.257088631610277007e-02
5.781250000000000000e-01 9.667545584202585918e-02 9.667545584202585918e-02 9.667545584202585918e-02 9.667545584202585918e-02 9.667545584202585918e-02 9.667545584202585918e-02 9.667545584202585918e-02 9.667545584202585918e-02 9.667545584202585918e-02 9.667545584202585918e-02 9.667545584202585918e-02 9.667545584202585918e-02 9.667545584202585918e-02 9.667545584202585918e-02 9.667545584202585918e-02 9.667545584202585918e-02 9.667545584202585918e-02 9.667545584202585918e-02 9.667545584202585918e-02 9.667545584202585918e-02
5.937500000000000000e-01 6.848393079633467717e-02 6.848393079633467717e-02 6.848393079633467717e-02 6.848393079633467717e-02 6.848393079633467717e-02 6.848393079633467717e-02 6.848393079633467717e-02 6.848393079633467717e-02 6.848393079633467717e-02 6.848393079633467717e-02 6.848393079633467717e-02 6.848393079633467717e-02 6.848393079633467717e-02 6.848393079633467717e-02 6.848393079633467717e-02 6.848393079633467717e-02 6.848393079633467717e-02 6.848393079633467717e-02 6.848393079633467717e-02 6.848393079633467717e-02
6.093750000000000000e-01 7.619846594266065087e-02 7.619846594266065087e-02 7.619846594266065087e-02 7.619846594266065087e-02 7.619846594266065087e-02 7.619846594266065087e-02 7.619846594266065087e-02 7.619846594266065087e-02 7.619846594266065087e-02 7.619846594266065087e-02 7.619846594266065087e-02 7.619846594266065087e-02 7.619846594266065087e-02 7.619846594266065087e-02 7.619846594266065087e-02 7.619846594266065087e-02 7.619846594266065087e-02 7.619846594266065087e-02 7.619846594266065087e-02 7.619846594266065087e-02
6.250000000000000000e-01 2.791190845663554798e-01 2.791190845663554798e-01 2.791190845663554798e-01 2.791190845663554798e-01 2.791190845663554798e-01 2.791190845663554798e-01 2.791190845663554798e-01 2.791190845663554798e-01 2.791190845663554798e-01 2.791190845663554798e-01 2.791190845663554798e-01 2.791190845663554798e-01 2.791190845663554798e-01 2.791190845663554798e-01 2.791190845663554798e-01 2.791190845663554798e-01 2.791190845663554798e-01 2.791190845663554798e-01 2.791190845663554798e-01 2.791190845663554798e-01
6.406250000000000000e-01 2.684334782894019500e-01 2.684334782894019500e-01 2.684334782894019500e-01 2.684334782894019500e-01 2.684334782894019500e-01 2.684334782894019500e-01 2.684334782894019500e-01 2.684334782894019500e-01 2.684334782894019500e-01 2.684334782894019500e-01 2.684334782894019500e-01 2.684334782894019500e-01 2.684334782894019500e-01 2.684334782894019500e-01 2.684334782894019500e-01 2.684334782894019500e-01 2.684334782894019500e-01 2.684334782894019500e-01 2.684334782894019500e-01 2.684334782894019500e-01
6.562500000000000000e-01 1.510951132837724531e-01 1.510951132837724531e-01 1.510951132837724531e-01 1.510951132837724531e-01 1.510951132837724531e-01 1.510951132837724531e-01 1.510951132837724531e-01 1.510951132837724531e-01 1.510951132837724531e-01 1.510951132837724531e-01 1.510951132837724531e-01 1.510951132837724531e-01 1.510951132837724531e-01 1.510951132837724531e-01 1.510951132837724531e-01 1.510951132837724531e-01 1.510951132837724531e-01 1.510951132837724531e-01 1.510951132837724531e-01 1.510951132837724531e-01
6.718750000000000000e-01 8.950396912479369356e-05 8.950396912479369356e-05 8.950396912479369356e-05 8.950396912479369356e-05 8.950396912479369356e-05 8.950396912479369356e-05 8.950396912479369356e-05 8.950396912479369356e-05 8.950396912479369356e-05 8.950396912479369356e-05 8.950396912479369356e-05 8.950396912479369356e-05 8.950396912479369356e-05 8.950396912479369356e-05 8.950396912479369356e-05 8.950396912479369356e-05 8.950396912479369356e-05 8.950396912479369356e-05 8.950396912479369356e-05 8.950396912479369356e-05
6.875000000000000000e-01 1.383340302475973699e-02 1.383340302475973699e-02 1.383340302475973699e-02 1.383340302475973699e-02 1.383340302475973699e-02 1.383340302475973699e-02 1.383340302475973699e-02 1.383340302475973699e-02 1.383340302475973699e-02 1.383340302475973699e-02 1.383340302475973699e-02 1.383340302475973699e-02 1.383340302475973699e-02 1.383340302475973699e-02 1.383340302475973699e-02 1.383340302475973699e-02 1.383340302475973699e-02 1.383340302475973699e-02 1.383340302475973699e-02 1.383340302475973699e-02
7.031250000000000000e-01 4.469560790495297892e-02 4.469560790495297892e-02 4.469560790495297892e-02 4.469560790495297892e-02 4.469560790495297892e-02 4.469560790495297892e-02 4.469560790495297892e-02 4.469560790495297892e-02 4.469560790495297892e-02 4.469560790495297892e-02 4.469560790495297892e-02 4.469560790495297892e-02 4.469560790495297892e-02 4.469560790495297892e-02 4.469560790495297892e-02 4.469560790495297892e-02 4.469560790495297892e-02 4.469560790495297892e-02 4.469560790495297892e-02 4.469560790495297892e-02
7.187500000000000000e-01 1.253684564700265416e-02 1.253684564700265416e-02 1.253684564700265416e-02 1.253684564700265416e-02 1.253684564700265416e-02 1.253684564700265416e-02 1.253684564700265416e-02 1.253684564700265416e-02 1.253684564700265416e-02 1.253684564700265416e-02 1.253684564700265416e-02 1.253684564700265416e-02 1.253684564700265416e-02 1.253684564700265416e-02 1.253684564700265416e-02 1.253684564700265416e-02 1.253684564700265416e-02 1.253684564700265416e-02 1.253684564700265416e-02 1.253684564700265416e-02
7.343750000000000000e-01 2.628951092363059072e-02 2.628951092363059072e-02 2.628951092363059072e-02 2.628951092363059072e-02 2.628951092363059072e-02 2.628951092363059072e-02 2.628951092363059072e-02 2.628951092363059072e-02 2.628951092363059072e-02 2.628951092363059072e-02 2.628951092363059072e-02 2.628951092363059072e-02 2.628951092363059072e-02 2.628951092363059072e-02 2.628951092363059072e-02 2.628951092363059072e-02 2.628951092363059072e-02 2.628951092363059072e-02 2.628951092363059072e-02 2.628951092363059072e-02
7.500000000000000000e-01 4.078294273833897587e-02 4.078294273833897587e-02 4.078294273833897587e-02 4.078294273833897587e-02 4.078294273833897587e-02 4.078294273833897587e-02 4.078294273833897587e-02 4.078294273833897587e-02 4.078294273833897587e-02 4.078294273833897587e-02 4.078294273833897587e-02 4.078294273833897587e-02 4.078294273833897587e-02 4.078294273833897587e-02 4.078294273833897587e-02 4.078294273833897587e-02 4.078294273833897587e-02 4.078294273833897587e-02 4.078294273833897587e-02 4.078294273833897587e-02
7.656250000000000000e-01 2.738348932151137283e-01 2.738348932151137283e-01 2.738348932151137283e-01 2.738348932151137283e-01 2.738348932151137283e-01 2.738348932151137283e-01 2.738348932151137283e-01 2.738348932151137283e-01 2.738348932151137283e-01 2.738348932151137283e-01 2.738348932151137283e-01 2.738348932151137283e-01 2.738348932151137283e-01 2.738348932151137283e-01 2.738348932151137283e-01 2.738348932151137283e-01 2.738348932151137283e-01 2.738348932151137283e-01 2.738348932151137283e-01 2.738348932151137283e-01
7.812500000000000000e-01 1.033013963530038382e-01 1.033013963530038382e-01 1.033013963530038382e-01 1.033013963530038382e-01 1.033013963530038382e-01 1.033013963530038382e-01 1.033013963530038382e-01 1.033013963530038382e-01 1.033013963530038382e-01 1.033013963530038382e-01 1.033013963530038382e-01 1.033013963530038382e-01 1.033013963530038382e-01 1.033013963530038382e-01 1.033013963530038382e-01 1.033013963530038382e-01 1.033013963530038382e-01 1.033013963530038382e-01 1.033013963530038382e-01 1.033013963530038382e-01
7.968750000000000000e-01 9.795986022197872289e-02 9.795986022197872289e-02 9.795986022197872289e-02 9.795986022197872289e-02 9.795986022197872289e-02 9.795986022197872289e-02 9.795986022197872289e-02 9.795986022197872289e-02 9.795986022197872289e-02 9.795986022197872289e-02 9.795986022197872289e-02 9.795986022197872289e-02 9.795986022197872289e-02 9.795986022197872289e-02 9.795986022197872289e-02 9.795986022197872289e-02 9.795986022197872289e-02 9.795986022197872289e-02 9.795986022197872289e-02 9.795986022197872289e-02
8.125000000000000000e-01 8.462914162570904508e-02 8.462914162570904508e-02 8.462914162570904508e-02 8.462914162570904508e-02 8.462914162570904508e-02 8.462914162570904508e-02 8.462914162570904508e-02 8.462914162570904508e-02 8.462914162570904508e-02 8.462914162570904508e-02 8.462914162570904508e-02 8.462914162570904508e-02 8.462914162570904508e-02 8.462914162570904508e-02 8.462914162570904508e-02 8.462914162570904508e-02 8.462914162570904508e-02 8.462914162570904508e-02 8.462914162570904508e-02 8.462914162570904508e-02
8.281250000000000000e-01 5.240048737070712032e-02 5.240048737070712032e-02 5.240048737070712032e-02 5.240048737070712032e-02 5.240048737070712032e-02 5.240048737070712032e-02 5.240048737070712032e-02 5.240048737070712032e-02 5.240048737070712032e-02 5.240048737070712032e-02 5.240048737070712032e-02 5.240048737070712032e-02 5.240048737070712032e-02 5.240048737070712032e-02 5.240048737070712032e-02 5.240048737070712032e-02 5.240048737070712032e-02 5.240048737070712032e-02 5.240048737070712032e-02 5.240048737070712032e-02
8.437500000000000000e-01 7.237624462116967750e-02 7.237624462116967750e-02 7.237624462116967750e-02 7.237624462116967750e-02 7.237624462116967750e-02 7.237624462116967750e-02 7.237624462116967750e-02 7.237624462116967750e-02 7.237624462116967750e-02 7.237624462116967750e-02 7.237624462116967750e-02 7.237624462116967750e-02 7.237624462116967750e-02 7.237624462116967750e-02 7.237624462116967750e-02 7.237624462116967750e-02 7.237624462116967750e-02 7.237624462116967750e-02 7.237624462116967750e-02 7.237624462116967750e-02
8.593750000000000000e-01 1.346446487666420888e-01 1.346446487666420888e-01 1.346446487666420888e-01 1.346446487666420888e-01 1.346446487666420888e-01 1.346446487666420888e-01 1.346446487666420888e-01 1.346446487666420888e-01 1.346446487666420888e-01 1.346446487666420888e-01 1.346446487666420888e-01 1.346446487666420888e-01 1.346446487666420888e-01 1.346446487666420888e-01 1.346446487666420888e-01 1.346446487666420888e-01 1.346446487666420888e-01 1.346446487666420888e-01 1.346446487666420888e-01 1.346446487666420888e-01
8.750000000000000000e-01 6.436057169714498594e-02 6.436057169714498594e-02 6.436057169714498594e-02 6.436057169714498594e-02 6.436057169714498594e-02 6.436057169714498594e-02 6.436057169714498594e-02 6.436057169714498594e-02 6.436057169714498594e-02 6.436057169714498594e-02 6.436057169714498594e-02 6.436057169714498594e-02 6.436057169714498594e-02 6.436057169714498594e-02 6.436057169714498594e-02 6.436057169714498594e-02 6.436057169714498594e-02 6.436057169714498594e-02 6.436057169714498594e-02 6.436057169714498594e-02
8.906250000000000000e-01 7.600202690731300281e-02 7.600202690731300281e-02 7.600202690731300281e-02 7.600202690731300281e-02 7.600202690731300281e-02 7.600202690731300281e-02 7.600202690731300281e-02 7.600202690731300281e-02 7.600202690731300281e-02 7.600202690731300281e-02 7.600202690731300281e-02 7.600202690731300281e-02 7.600202690731300281e-02 7.600202690731300281e-02 7.600202690731300281e-02 7.600202690731300281e-02 7.600202690731300281e-02 7.600202690731300281e-02 7.600202690731300281e-02 7.600202690731300281e-02
9.062500000000000000e-01 4.655499082138668809e-01 4.655499082138668809e-01 4.655499082138668809e-01 4.655499082138668809e-01 4.655499082138668809e-01 4.655499082138668809e-01 4.655499082138668809e-01 4.655499082138668809e-01 4.655499082138668809e-01 4.655499082138668809e-01 4.655499082138668809e-01 4.655499082138668809e-01 4.655499082138668809e-01 4.655499082138668809e-01 4.655499082138668809e-01 4.655499082138668809e-01 4.655499082138668809e-01 4.655499082138668809e-01 4.655499082138668809e-01 4.655499082138668809e-01
9.218750000000000000e-01 6.984636919171144376e-01 6.984636919171144376e-01 6.984636919171144376e-01 6.984636919171144376e-01 6.984636919171144376e-01 6.984636919171144376e-01 6.984636919171144376e-01 6.984636919171144376e-01 6.984636919171144376e-01 6.984636919171144376e-01 6.984636919171144376e-01 6.984636919171144376e-01 6.984636919171144376e-01 6.984636919171144376e-01 6.984636919171144376e-01 6.984636919171144376e-01 6.984636919171144376e-01 6.984636919171144376e-01 6.984636919171144376e-01 6.984636919171144376e-01
9.375000000000000000e-01 3.580301010458290523e-01 3.580301010458290523e-01 3.580301010458290523e-01 3.580301010458290523e-01 3.580301010458290523e-01 3.580301010458290523e-01 3.580301010458290523e-01 3.580301010458290523e-01 3.580301010458290523e-01 3.580301010458290523e-01 3.580301010458290523e-01 3.580301010458290523e-01 3.580301010458290523e-01 3.580301010458290523e-01 3.580301010458290523e-01 3.580301010458290523e-01 3.580301010458290523e-01 3.580301010458290523e-01 3.580301010458290523e-01 3.580301010458290523e-01
9.531250000000000000e-01 1.608682615653178258e-02 1.608682615653178258e-02 1.608682615653178258e-02 1.608682615653178258e-02 1.608682615653178258e-02 1.608682615653178258e-02 1.608682615653178258e-02 1.608682615653178258e-02 1.608682615653178258e-02 1.608682615653178258e-02 1.608682615653178258e-02 1.608682615653178258e-02 1.608682615653178258e-02 1.608682615653178258e-02 1.608682615653178258e-02 1.608682615653178258e-02 1.608682615653178258e-02 1.608682615653178258e-02 1.608682615653178258e-02 1.608682615653178258e-02
9.687500000000000000e-01 5.477667223156346132e-02 5.477667223156346132e-02 5.477667223156346132e-02 5.477667223156346132e-02 5.477667223156346132e-02 5.477667223156346132e-02 5.477667223156346132e-02 5.477667223156346132e-02 5.477667223156346132e-02 5.477667223156346132e-02 5.477667223156346132e-02 5.477667223156346132e-02 5.477667223156346132e-02 5.477667223156346132e-02 5.477667223156346132e-02 5.477667223156346132e-02 5.477667223156346132e-02 5.477667223156346132e-02 5.477667223156346132e-02 5.477667223156346132e-02
9.843750000000000000e-01 8.125818189800354530e-02 8.125818189800354530e-02 8.125818189800354530e-02 8.125818189800354530e-02 8.125818189800354530e-02 8.125818189800354530e-02 8.125818189800354530e-02 8.125818189800354530e-02 8.125818189800354530e-02 8.125818189800354530e-02 8.125818189800354530e-02 8.125818189800354530e-02 8.125818189800354530e-02 8.125818189800354530e-02 8.125818189800354530e-02 8.125818189800354530e-02 8.125818189800354530e-02 8.125818189800354530e-02 8.125818189800354530e-02 8.125818189800354530e-02
1.000000000000000000e+00 1.023022728455842516e-02 1.023022728455842516e-02 1.023022728455842516e-02 1.023022728455842516e-02 1.023022728455842516e-02 1.023022728455842516e-02 1.023022728455842516e-02 1.023022728455842516e-02 1.023022728455842516e-02 1.023022728455842516e-02 1.023022728455842516e-02 1.023022728455842516e-02 1.023022728455842516e-02 1.023022728455842516e-02 1.023022728455842516e-02 1.023022728455842516e-02 1.023022728455842516e-02 1.023022728455842516e-02 1.023022728455842516e-02 1.023022728455842516e-02
1.015625000000000000e+00 2.399030485992643177e-03 2.399030485992643177e-03 2.399030485992643177e-03 2.399030485992643177e-03 2.399030485992643177e-03 2.399030485992643177e-03 2.399030485992643177e-03 2.399030485992643177e-03 2.399030485992643177e-03 2.399030485992643177e-03 2.399030485992643177e-03 2.399030485992643177e-03 2.399030485992643177e-03 2.399030485992643177e-03 2.399030485992643177e-03 2.399030485992643177e-03 2.399030485992643177e-03 2.399030485992643177e-03 2.399030485992643177e-03 2.399030485992643177e-03
1.031250000000000000e+00 5.205532310647027067e-02 5.205532310647027067e-02 5.205532310647027067e-02 5.205532310647027067e-02 5.205532310647027067e-02 5.205532310647027067e-02 5.205532310647027067e-02 5.205532310647027067e-02 5.205532310647027067e-02 5.205532310647027067e-02 5.205532310647027067e-02 5.205532310647027067e-02 5.205532310647027067e-02 5.205532310647027067e-02 5.205532310647027067e-02 5.205532310647027067e-02 5.205532310647027067e-02 5.205532310647027067e-02 5.205532310647027067e-02 5.205532310647027067e-02
1.046875000000000000e+00 9.878136986246817408e-02 9.878136986246817408e-02 9.878136986246817408e-02 9.878136986246817408e-02 9.878136986246817408e-02 9.878136986246817408e-02 9.878136986246817408e-02 9.878136986246817408e-02 9.878136986246817408e-02 9.878136986246817408e-02 9.878136986246817408e-02 9.878136986246817408e-02 9.878136986246817408e-02 9.878136986246817408e-02 9.878136986246817408e-02 9.878136986246817408e-02 9.878136986246817408e-02 9.878136986246817408e-02 9.878136986246817408e-02 9.878136986246817408e-02
1.062500000000000000e+00 8.463621634005558114e-02 8.463621634005558114e-02 8.463621634005558114e-02 8.463621634005558114e-02 8.463621634005558114e-02 8.463621634005558114e-02 8.463621634005558114e-02 8.463621634005558114e-02 8.463621634005558114e-02 8.463621634005558114e-02 8.463621634005558114e-02 8.463621634005558114e-02 8.463621634005558114e-02 8.463621634005558114e-02 8.463621634005558114e-02 8.463621634005558114e-02 8.463621634005558114e-02 8.463621634005558114e-02 8.463621634005558114e-02 8.463621634005558114e-02
1.078125000000000000e+00 8.848151272921367383e-02 8.848151272921367383e-02 8.848151272921367383e-02 8.848151272921367383e-02 8.848151272921367383e-02 8.848151272921367383e-02 8.848151272921367383e-02 8.848151272921367383e-02 8.848151272921367383e-02 8.848151272921367383e-02 8.848151272921367383e-02 8.848151272921367383e-02 8.848151272921367383e-02 8.848151272921367383e-02 8.848151272921367383e-02 8.848151272921367383e-02 8.848151272921367383e-02 8.848151272921367383e-02 8.848151272921367383e-02 8.848151272921367383e-02
1.093750000000000000e+00 9.482679517748758558e-02 9.482679517748758558e-02 9.482679517748758558e-02 9.482679517748758558e-02 9.482679517748758558e-02 9.482679517748758558e-02 9.482679517748758558e-02 9.482679517748758558e-02 9.482679517748758558e-02 9.482679517748758558e-02 9.482679517748758558e-02 9.482679517748758558e-02 9.482679517748758558e-02 9.482679517748758558e-02 9.482679517748758558e-02 9.482679517748758558e-02 9.482679517748758558e-02 9.482679517748758558e-02 9.482679517748758558e-02 9.482679517748758558e-02
1.109375000000000000e+00 3.912983672614006592e-02 3.912983672614006592e-02 3.912983672614006592e-02 3.912983672614006592e-02 3.912983672614006592e-02 3.912983672614006592e-02 3.912983672614006592e-02 3.912983672614006592e-02 3.912983672614006592e-02 3.912983672614006592e-02 3.912983672614006592e-02 3.912983672614006592e-02 3.912983672614006592e-02 3.912983672614006592e-02 3.912983672614006592e-02 3.912983672614006592e-02 3.912983672614006592e-02 3.912983672614006592e-02 3.912983672614006592e-02 3.912983672614006592e-02
1.125000000000000000e+00 2.788733477067794134e-02 2.788733477067794134e-02 2.788733477067794134e-02 2.788733477067794134e-02 2.788733477067794134e-02 2.788733477067794134e-02 2.788733477067794134e-02 2.788733477067794134e-02 2.788733477067794134e-02 2.788733477067794134e-02 2.788733477067794134e-02 2.788733477067794134e-02 2.788733477067794134e-02 2.788733477067794134e-02 2.788733477067794134e-02 2.788733477067794134e-02 2.788733477067794134e-02 2.788733477067794134e-02 2.788733477067794134e-02 2.788733477067794134e-02
1.140625000000000000e+00 2.621615184165295917e-02 2.621615184165295917e-02 2.621615184165295917e-02 2.621615184165295917e-02 2.621615184165295917e-02 2.621615184165295917e-02 2.621615184165295917e-02 2.621615184165295917e-02 2.621615184165295917e-02 2.621615184165295917e-02 2.621615184165295917e-02 2.621615184165295917e-02 2.621615184165295917e-02 2.621615184165295917e-02 2.621615184165295917e-02 2.621615184165295917e-02 2.621615184165295917e-02 2.621615184165295917e-02 2.621615184165295917e-02 2.621615184165295917e-02
1.156250000000000000e+00 6.581512075850616018e-03 6.581512075850616018e-03 6.581512075850616018e-03 6.581512075850616018e-03 6.581512075850616018e-03 6.581512075850616018e-03 6.581512075850616018e-03 6.581512075850616018e-03 6.581512075850616018e-03 6.581512075850616018e-03 6.581512075850616018e-03 6.581512075850616018e-03 6.581512075850616018e-03 6.581512075850616018e-03 6.581512075850616018e-03 6.581512075850616018e-03 6.581512075850616018e-03 6.581512075850616018e-03 6.581512075850616018e-03 6.581512075850616018e-03
1.171875000000000000e+00 1.459973620504551386e-02 1.459973620504551386e-02 1.459973620504551386e-02 1.459973620504551386e-02 1.459973620504551386e-02 1.459973620504551386e-02 1.459973620504551386e-02 1.459973620504551386e-02 1.459973620504551386e-02 1.459973620504551386e-02 1.459973620504551386e-02 1.459973620504551386e-02 1.459973620504551386e-02 1.459973620504551386e-02 1.459973620504551386e-02 1.459973620504551386e-02 1.459973620504551386e-02 1.459973620504551386e-02 1.459973620504551386e-02 1.459973620504551386e-02
1.187500000000000000e+00 1.384977827602370259e-01 1.384977827602370259e-01 1.384977827602370259e-01 1.384977827602370259e-01 1.384977827602370259e-01 1.384977827602370259e-01 1.384977827602370259e-01 1.384977827602370259e-01 1.384977827602370259e-01 1.384977827602370259e-01 1.384977827602370259e-01 1.384977827602370259e-01 1.384977827602370259e-01 1.384977827602370259e-01 1.384977827602370259e-01 1.384977827602370259e-01 1.384977827602370259e-01 1.384977827602370259e-01 1.384977827602370259e-01 1.384977827602370259e-01
1.203125000000000000e+00 6.922641355331545787e-01 6.922641355331545787e-01 6.922641355331545787e-01 6.922641355331545787e-01 6.922641355331545787e-01 6.922641355331545787e-01 6.922641355331545787e-01 6.922641355331545787e-01 6.922641355331545787e-01 6.922641355331545787e-01 6.922641355331545787e-01 6.922641355331545787e-01 6.922641355331545787e-01 6.922641355331545787e-01 6.922641355331545787e-01 6.922641355331545787e-01 6.922641355331545787e-01 6.922641355331545787e-01 6.922641355331545787e-01 6.922641355331545787e-01
1.218750000000000000e+00 1.633243885053086153e-01 1.633243885053086153e-01 1.633243885053086153e-01 1.633243885053086153e-01 1.633243885053086153e-01 1.633243885053086153e-01 1.633243885053086153e-01 1.633243885053086153e-01 1.633243885053086153e-01 1.633243885053086153e-01 1.633243885053086153e-01 1.633243885053086153e-01 1.633243885053086153e-01 1.633243885053086153e-01 1.633243885053086153e-01 1.633243885053086153e-01 1.633243885053086153e-01 1.633243885053086153e-01 1.633243885053086153e-01 1.633243885053086153e-01
1.234375000000000000e+00 6.610425525170068872e-02 6.610425525170068872e-02 6.610425525170068872e-02 6.610425525170068872e-02 6.610425525170068872e-02 6.610425525170068872e-02 6.610425525170068872e-02 6.610425525170068872e-02 6.610425525170068872e-02 6.610425525170068872e-02 6.610425525170068872e-02 6.610425525170068872e-02 6.610425525170068872e-02 6.610425525170068872e-02 6.610425525170068872e-02 6.610425525170068872e-02 6.610425525170068872e-02 6.610425525170068872e-02 6.610425525170068872e-02 6.610425525170068872e-02
1.250000000000000000e+00 8.930317427705361522e-02 8.930317427705361522e-02 8.930317427705361522e-02 8.930317427705361522e-02 8.930317427705361522e-02 8.930317427705361522e-02 8.930317427705361522e-02 8.930317427705361522e-02 8.930317427705361522e-02 8.930317427705361522e-02 8.930317427705361522e-02 8.930317427705361522e-02 8.930317427705361522e-02 8.930317427705361522e-02 8.930317427705361522e-02 8.930317427705361522e-02 8.930317427705361522e-02 8.930317427705361522e-02 8.930317427705361522e-02 8.930317427705361522e-02
1.265625000000000000e+00 9.941923002939087595e-02 9.941923002939087595e-02 9.941923002939087595e-02 9.941923002939087595e-02 9.941923002939087595e-02 9.941923002939087595e-02 9.941923002939087595e-02 9.941923002939087595e-02 9.941923002939087595e-02 9.941923002939087595e-02 9.941923002939087595e-02 9.941923002939087595e-02 9.941923002939087595e-02 9.941923002939087595e-02 9.941923002939087595e-02 9.941923002939087595e-02 9.941923002939087595e-02 9.941923002939087595e-02 9.941923002939087595e-02 9.941923002939087595e-02
1.281250000000000000e+00 1.204120077132477679e-01 1.204120077132477679e-01 1.204120077132477679e-01 1.204120077132477679e-01 1.204120077132477679e-01 1.204120077132477679e-01 1.204120077132477679e-01 1.204120077132477679e-01 1.204120077132477679e-01 1.204120077132477679e-01 1.204120077132477679e-01 1.204120077132477679e-01 1.204120077132477679e-01 1.204120077132477679e-01 1.204120077132477679e-01 1.204120077132477679e-01 1.204120077132477679e-01 1.204120077132477679e-01 1.204120077132477679e-01 1.204120077132477679e-01
1.296875000000000000e+00 6.017236253669324547e-02 6.017236253669324547e-02 6.017236253669324547e-02 6.017236253669324547e-02 6.017236253669324547e-02 6.017236253669324547e-02 6.017236253669324547e-02 6.017236253669324547e-02 6.017236253669324547e-02 6.017236253669324547e-02 6.017236253669324547e-02 6.017236253669324547e-02 6.017236253669324547e-02 6.017236253669324547e-02 6.017236253669324547e-02 6.017236253669324547e-02 6.017236253669324547e-02 6.017236253669324547e-02 6.017236253669324547e-02 6.017236253669324547e-02
1.312500000000000000e+00 1.229605454316388784e-02 1.229605454316388784e-02 1.229605454316388784e-02 1.229605454316388784e-02 1.229605454316388784e-02 1.229605454316388784e-02 1.229605454316388784e-02 1.229605454316388784e-02 1.229605454316388784e-02 1.229605454316388784e-02 1.229605454316388784e-02 1.229605454316388784e-02 1.229605454316388784e-02 1.229605454316388784e-02 1.229605454316388784e-02 1.229605454316388784e-02 1.229605454316388784e-02 1.229605454316388784e-02 1.229605454316388784e-02 1.229605454316388784e-02
1.328125000000000000e+00 2.764479154821599793e-03 2.764479154821599793e-03 2.764479154821599793e-03 2.764479154821599793e-03 2.764479154821599793e-03 2.764479154821599793e-03 2.764479154821599793e-03 2.764479154821599793e-03 2.764479154821599793e-03 2.764479154821599793e-03 2.764479154821599793e-03 2.764479154821599793e-03 2.764479154821599793e-03 2.764479154821599793e-03 2.764479154821599793e-03 2.764479154821599793e-03 2.764479154821599793e-03 2.764479154821599793e-03 2.764479154821599793e-03 2.764479154821599793e-03
1.343750000000000000e+00 4.808354607290706018e-02 4.808354607290706018e-02 4.808354607290706018e-02 4.808354607290706018e-02 4.808354607290706018e-02 4.808354607290706018e-02 4.808354607290706018e-02 4.808354607290706018e-02 4.808354607290706018e-02 4.808354607290706018e-02 4.808354607290706018e-02 4.808354607290706018e-02 4.808354607290706018e-02 4.808354607290706018e-02 4.808354607290706018e-02 4.808354607290706018e-02 4.808354607290706018e-02 4.808354607290706018e-02 4.808354607290706018e-02 4.808354607290706018e-02
1.359375000000000000e+00 4.606000304403123913e-02 4.606000304403123913e-02 4.606000304403123913e-02 4.606000304403123913e-02 4.606000304403123913e-02 4.606000304403123913e-02 4.606000304403123913e-02 4.606000304403123913e-02 4.606000304403123913e-02 4.606000304403123913e-02 4.606000304403123913e-02 4.606000304403123913e-02 4.606000304403123913e-02 4.606000304403123913e-02 4.606000304403123913e-02 4.606000304403123913e-02 4.606000304403123913e-02 4.606000304403123913e-02 4.606000304403123913e-02 4.606000304403123913e-02
1.375000000000000000e+00 5.289592224016600314e-02 5.289592224016600314e-02 5.289592224016600314e-02 5.289592224016600314e-02 5.289592224016600314e-02 5.289592224016600314e-02 5.289592224016600314e-02 5.289592224016600314e-02 5.289592224016600314e-02 5.289592224016600314e-02 5.289592224016600314e-02 5.289592224016600314e-02 5.289592224016600314e-02 5.289592224016600314e-02 5.289592224016600314e-02 5.289592224016600314e-02 5.289592224016600314e-02 5.289592224016600314e-02 5.289592224016600314e-02 5.289592224016600314e-02
1.390625000000000000e+00 1.393258838111507796e-02 1.393258838111507796e-02 1.393258838111507796e-02 1.393258838111507796e-02 1.393258838111507796e-02 1.393258838111507796e-02 1.393258838111507796e-02 1.393258838111507796e-02 1.393258838111507796e-02 1.393258838111507796e-02 1.393258838111507796e-02 1.393258838111507796e-02 1.393258838111507796e-02 1.393258838111507796e-02 1.393258838111507796e-02 1.393258838111507796e-02 1.393258838111507796e-02 1.393258838111507796e-02 1.393258838111507796e-02 1.393258838111507796e-02
1.406250000000000000e+00 7.366350837541820427e-03 7.366350837541820427e-03 7.366350837541820427e-03 7.366350837541820427e-03 7.366350837541820427e-03 7.366350837541820427e-03 7.366350837541820427e-03 7.366350837541820427e-03 7.366350837541820427e-03 7.366350837541820427e-03 7.366350837541820427e-03 7.366350837541820427e-03 7.366350837541820427e-03 7.366350837541820427e-03 7.366350837541820427e-03 7.366350837541820427e-03 7.366350837541820427e-03 7.366350837541820427e-03 7.366350837541820427e-03 7.366350837541820427e-03
1.421875000000000000e+00 1.026565819091681576e-02 1.026565819091681576e-02 1.026565819091681576e-02 1.026565819091681576e-02 1.026565819091681576e-02 1.026565819091681576e-02 1.026565819091681576e-02 1.026565819091681576e-02 1.026565819091681576e-02 1.026565819091681576e-02 1.026565819091681576e-02 1.026565819091681576e-02 1.026565819091681576e-02 1.026565819091681576e-02 1.026565819091681576e-02 1.026565819091681576e-02 1.026565819091681576e-02 1.026565819091681576e-02 1.026565819091681576e-02 1.026565819091681576e-02
1.437500000000000000e+00 9.782619757387667550e-03 9.782619757387667550e-03 9.782619757387667550e-03 9.782619757387667550e-03 9.782619757387667550e-03 9.782619757387667550e-03 9.782619757387667550e-03 9.782619757387667550e-03 9.782619757387667550e-03 9.782619757387667550e-03 9.782619757387667550e-03 9.782619757387667550e-03 9.782619757387667550e-03 9.782619757387667550e-03 9.782619757387667550e-03 9.782619757387667550e-03 9.782619757387667550e-03 9.782619757387667550e-03 9.782619757387667550e-03 9.782619757387667550e-03
1.453125000000000000e+00 2.039585840060210986e-02 2.039585840060210986e-02 2.039585840060210986e-02 2.039585840060210986e-02 2.039585840060210986e-02 2.039585840060210986e-02 2.039585840060210986e-02 2.039585840060210986e-02 2.039585840060210986e-02 2.039585840060210986e-02 2.039585840060210986e-02 2.039585840060210986e-02 2.039585840060210986e-02 2.039585840060210986e-02 2.039585840060210986e-02 2.039585840060210986e-02 2.039585840060210986e-02 2.039585840060210986e-02 2.039585840060210986e-02 2.039585840060210986e-02
1.468750000000000000e+00 5.590700306967885114e-01 5.590700306967885114e-01 5.590700306967885114e-01 5.590700306967885114e-01 5.590700306967885114e-01 5.590700306967885114e-01 5.590700306967885114e-01 5.590700306967885114e-01 5.590700306967885114e-01 5.590700306967885114e-01 5.590700306967885114e-01 5.590700306967885114e-01 5.590700306967885114e-01 5.590700306967885114e-01 5.590700306967885114e-01 5.590700306967885114e-01 5.590700306967885114e-01 5.590700306967885114e-01 5.590700306967885114e-01 5.590700306967885114e-01
1.484375000000000000e+00 8.164802831107024206e-01 8.164802831107024206e-01 8.164802831107024206e-01 8.164802831107024206e-01 8.164802831107024206e-01 8.164802831107024206e-01 8.164802831107024206e-01 8.164802831107024206e-01 8.164802831107024206e-01 8.164802831107024206e-01 8.164802831107024206e-01 8.164802831107024206e-01 8.164802831107024206e-01 8.164802831107024206e-01 8.164802831107024206e-01 8.164802831107024206e-01 8.164802831107024206e-01 8.164802831107024206e-01 8.164802831107024206e-01 8.164802831107024206e-01
1.500000000000000000e+00 3.223510546889776784e-01 3.223510546889776784e-01 3.223510546889776784e-01 3.223510546889776784e-01 3.223510546889776784e-01 3.223510546889776784e-01 3.223510546889776784e-01 3.223510546889776784e-01 3.223510546889776784e-01 3.223510546889776784e-01 3.223510546889776784e-01 3.223510546889776784e-01 3.223510546889776784e-01 3.223510546889776784e-01 3.223510546889776784e-01 3.223510546889776784e-01 3.223510546889776784e-01 3.223510546889776784e-01 3.223510546889776784e-01 3.223510546889776784e-01
1.515625000000000000e+00 1.355044371175819218e-01 1.355044371175819218e-01 1.355044371175819218e-01 1.355044371175819218e-01 1.355044371175819218e-01 1.355044371175819218e-01 1.355044371175819218e-01 1.355044371175819218e-01 1.355044371175819218e-01 1.355044371175819218e-01 1.355044371175819218e-01 1.355044371175819218e-01 1.355044371175819218e-01 1.355044371175819218e-01 1.355044371175819218e-01 1.355044371175819218e-01 1.355044371175819218e-01 1.355044371175819218e-01 1.355044371175819218e-01 1.355044371175819218e-01
1.531250000000000000e+00 8.582180993801134805e-02 8.582180993801134805e-02 8.582180993801134805e-02 8.582180993801134805e-02 8.582180993801134805e-02 8.582180993801134805e-02 8.582180993801134805e-02 8.582180993801134805e-02 8.582180993801134805e-02 8.582180993801134805e-02 8.582180993801134805e-02 8.582180993801134805e-02 8.582180993801134805e-02 8.582180993801134805e-02 8.582180993801134805e-02 8.582180993801134805e-02 8.582180993801134805e-02 8.582180993801134805e-02 8.582180993801134805e-02 8.582180993801134805e-02
1.546875000000000000e+00 5.790937092340737308e-02 5.790937092340737308e-02 5.790937092340737308e-02 5.790937092340737308e-02 5.790937092340737308e-02 5.790937092340737308e-02 5.790937092340737308e-02 5.790937092340737308e-02 5.790937092340737308e-02 5.790937092340737308e-02 5.790937092340737308e-02 5.790937092340737308e-02 5.790937092340737308e-02 5.790937092340737308e-02 5.790937092340737308e-02 5.790937092340737308e-02 5.790937092340737308e-02 5.790937092340737308e-02 5.790937092340737308e-02 5.790937092340737308e-02
1.562500000000000000e+00 2.857271372425688322e-02 2.857271372425688322e-02 2.857271372425688322e-02 2.857271372425688322e-02 2.857271372425688322e-02 2.857271372425688322e-02 2.857271372425688322e-02 2.857271372425688322e-02 2.857271372425688322e-02 2.857271372425688322e-02 2.857271372425688322e-02 2.857271372425688322e-02 2.857271372425688322e-02 2.857271372425688322e-02 2.857271372425688322e-02 2.857271372425688322e-02 2.857271372425688322e-02 2.857271372425688322e-02 2.857271372425688322e-02 2.857271372425688322e-02
1.578125000000000000e+00 9.181405199334471967e-02 9.181405199334471967e-02 9.181405199334471967e-02 9.181405199334471967e-02 9.181405199334471967e-02 9.181405199334471967e-02 9.181405199334471967e-02 9.181405199334471967e-02 9.181405199334471967e-02 9.181405199334471967e-02 9.181405199334471967e-02 9.181405199334471967e-02 9.181405199334471967e-02 9.181405199334471967e-02 9.181405199334471967e-02 9.181405199334471967e-02 9.181405199334471967e-02 9.181405199334471967e-02 9.181405199334471967e-02 9.181405199334471967e-02
1.593750000000000000e+00 6.127077857541862044e-02 6.127077857541862044e-02 6.127077857541862044e-02 6.127077857541862044e-02 6.127077857541862044e-02 6.127077857541862044e-02 6.127077857541862044e-02 6.127077857541862044e-02 6.127077857541862044e-02 6.127077857541862044e-02 6.127077857541862044e-02 6.127077857541862044e-02 6.127077857541862044e-02 6.127077857541862044e-02 6.127077857541862044e-02 6.127077857541862044e-02 6.127077857541862044e-02 6.127077857541862044e-02 6.127077857541862044e-02 6.127077857541862044e-02
1.609375000000000000e+00 6.631927024619148348e-02 6.631927024619148348e-02 6.631927024619148348e-02 6.631927024619148348e-02 6.631927024619148348e-02 6.631927024619148348e-02 6.631927024619148348e-02 6.631927024619148348e-02 6.631927024619148348e-02 6.631927024619148348e-02 6.631927024619148348e-02 6.631927024619148348e-02 6.631927024619148348e-02 6.631927024619148348e-02 6.631927024619148348e-02 6.631927024619148348e-02 6.631927024619148348e-02 6.631927024619148348e-02 6.631927024619148348e-02 6.631927024619148348e-02
1.625000000000000000e+00 3.387676945081817825e-01 3.387676945081817825e-01 3.387676945081817825e-01 3.387676945081817825e-01 3.387676945081817825e-01 3.387676945081817825e-01 3.387676945081817825e-01 3.387676945081817825e-01 3.387676945081817825e-01 3.387676945081817825e-01 3.387676945081817825e-01 3.387676945081817825e-01 3.387676945081817825e-01 3.387676945081817825e-01 3.387676945081817825e-01 3.387676945081817825e-01 3.387676945081817825e-01 3.387676945081817825e-01 3.387676945081817825e-01 3.387676945081817825e-01
1.640625000000000000e+00 3.908803474527430266e-01 3.908803474527430266e-01 3.908803474527430266e-01 3.908803474527430266e-01 3.908803474527430266e-01 3.908803474527430266e-01 3.908803474527430266e-01 3.908803474527430266e-01 3.908803474527430266e-01 3.908803474527430266e-01 3.908803474527430266e-01 3.908803474527430266e-01 3.908803474527430266e-01 3.908803474527430266e-01 3.908803474527430266e-01 3.908803474527430266e-01 3.908803474527430266e-01 3.908803474527430266e-01 3.908803474527430266e-01 3.908803474527430266e-01
1.656250000000000000e+00 1.708612925090610413e-01 1.708612925090610413e-01 1.708612925090610413e-01 1.708612925090610413e-01 1.708612925090610413e-01 1.708612925090610413e-01 1.708612925090610413e-01 1.708612925090610413e-01 1.708612925090610413e-01 1.708612925090610413e-01 1.708612925090610413e-01 1.708612925090610413e-01 1.708612925090610413e-01 1.708612925090610413e-01 1.708612925090610413e-01 1.708612925090610413e-01 1.708612925090610413e-01 1.708612925090610413e-01 1.708612925090610413e-01 1.708612925090610413e-01
1.671875000000000000e+00 5.996403905044057035e-03 5.996403905044057035e-03 5.996403905044057035e-03 5.996403905044057035e-03 5.996403905044057035e-03 5.996403905044057035e-03 5.996403905044057035e-03 5.996403905044057035e-03 5.996403905044057035e-03 5.996403905044057035e-03 5.996403905044057035e-03 5.996403905044057035e-03 5.996403905044057035e-03 5.996403905044057035e-03 5.996403905044057035e-03 5.996403905044057035e-03 5.996403905044057035e-03 5.996403905044057035e-03 5.996403905044057035e-03 5.996403905044057035e-03
1.687500000000000000e+00 9.440450727420873073e-03 9.440450727420873073e-03 9.440450727420873073e-03 9.440450727420873073e-03 9.440450727420873073e-03 9.440450727420873073e-03 9.440450727420873073e-03 9.440450727420873073e-03 9.440450727420873073e-03 9.440450727420873073e-03 9.440450727420873073e-03 9.440450727420873073e-03 9.440450727420873073e-03 9.440450727420873073e-03 9.440450727420873073e-03 9.440450727420873073e-03 9.440450727420873073e-03 9.440450727420873073e-03 9.440450727420873073e-03 9.440450727420873073e-03
1.703125000000000000e+00 6.042867798367630716e-02 6.042867798367630716e-02 6.042867798367630716e-02 6.042867798367630716e-02 6.042867798367630716e-02 6.042867798367630716e-02 6.042867798367630716e-02 6.042867798367630716e-02 6.042867798367630716e-02 6.042867798367630716e-02 6.042867798367630716e-02 6.042867798367630716e-02 6.042867798367630716e-02 6.042867798367630716e-02 6.042867798367630716e-02 6.042867798367630716e-02 6.042867798367630716e-02 6.042867798367630716e-02 6.042867798367630716e-02 6.042867798367630716e-02
1.718750000000000000e+00 1.340958460579183900e-02 1.340958460579183900e-02 1.340958460579183900e-02 1.340958460579183900e-02 1.340958460579183900e-02 1.340958460579183900e-02 1.340958460579183900e-02 1.340958460579183900e-02 1.340958460579183900e-02 1.340958460579183900e-02 1.340958460579183900e-02 1.340958460579183900e-02 1.340958460579183900e-02 1.340958460579183900e-02 1.340958460579183900e-02 1.340958460579183900e-02 1.340958460579183900e-02 1.340958460579183900e-02 1.340958460579183900e-02 1.340958460579183900e-02
1.734375000000000000e+00 4.544839989399798719e-02 4.544839989399798719e-02 4.544839989399798719e-02 4.544839989399798719e-02 4.544839989399798719e-02 4.544839989399798719e-02 4.544839989399798719e-02 4.544839989399798719e-02 4.544839989399798719e-02 4.544839989399798719e-02 4.544839989399798719e-02 4.544839989399798719e-02 4.544839989399798719e-02 4.544839989399798719e-02 4.544839989399798719e-02 4.544839989399798719e-02 4.544839989399798719e-02 4.544839989399798719e-02 4.544839989399798719e-02 4.544839989399798719e-02
1.750000000000000000e+00 3.569947353607629825e-01 3.569947353607629825e-01 3.569947353607629825e-01 3.569947353607629825e-01 3.569947353607629825e-01 3.569947353607629825e-01 3.569947353607629825e-01 3.569947353607629825e-01 3.569947353607629825e-01 3.569947353607629825e-01 3.569947353607629825e-01 3.569947353607629825e-01 3.569947353607629825e-01 3.569947353607629825e-01 3.569947353607629825e-01 3.569947353607629825e-01 3.569947353607629825e-01 3.569947353607629825e-01 3.569947353607629825e-01 3.569947353607629825e-01
1.765625000000000000e+00 4.841349769595283958e-01 4.841349769595283958e-01 4.841349769595283958e-01 4.841349769595283958e-01 4.841349769595283958e-01 4.841349769595283958e-01 4.841349769595283958e-01 4.841349769595283958e-01 4.841349769595283958e-01 4.841349769595283958e-01 4.841349769595283958e-01 4.841349769595283958e-01 4.841349769595283958e-01 4.841349769595283958e-01 4.841349769595283958e-01 4.841349769595283958e-01 4.841349769595283958e-01 4.841349769595283958e-01 4.841349769595283958e-01 4.841349769595283958e-01
1.781250000000000000e+00 3.350957092242786706e-01 3.350957092242786706e-01 3.350957092242786706e-01 3.350957092242786706e-01 3.350957092242786706e-01 3.350957092242786706e-01 3.350957092242786706e-01 3.350957092242786706e-01 3.350957092242786706e-01 3.350957092242786706e-01 3.350957092242786706e-01 3.350957092242786706e-01 3.350957092242786706e-01 3.350957092242786706e-01 3.350957092242786706e-01 3.350957092242786706e-01 3.350957092242786706e-01 3.350957092242786706e-01 3.350957092242786706e-01 3.350957092242786706e-01
1.796875000000000000e+00 7.403538982738046281e-02 7.403538982738046281e-02 7.403538982738046281e-02 7.403538982738046281e-02 7.403538982738046281e-02 7.403538982738046281e-02 7.403538982738046281e-02 7.403538982738046281e-02 7.403538982738046281e-02 7.403538982738046281e-02 7.403538982738046281e-02 7.403538982738046281e-02 7.403538982738046281e-02 7.403538982738046281e-02 7.403538982738046281e-02 7.403538982738046281e-02 7.403538982738046281e-02 7.403538982738046281e-02 7.403538982738046281e-02 7.403538982738046281e-02
1.812500000000000000e+00 2.467129238352918849e-02 2.467129238352918849e-02 2.467129238352918849e-02 2.467129238352918849e-02 2.467129238352918849e-02 2.467129238352918849e-02 2.467129238352918849e-02 2.467129238352918849e-02 2.467129238352918849e-02 2.467129238352918849e-02 2.467129238352918849e-02 2.467129238352918849e-02 2.467129238352918849e-02 2.467129238352918849e-02 2.467129238352918849e-02 2.467129238352918849e-02 2.467129238352918849e-02 2.467129238352918849e-02 2.467129238352918849e-02 2.467129238352918849e-02
1.828125000000000000e+00 3.795119734323066773e-03 3.795119734323066773e-03 3.795119734323066773e-03 3.795119734323066773e-03 3.795119734323066773e-03 3.795119734323066773e-03 3.795119734323066773e-03 3.795119734323066773e-03 3.795119734323066773e-03 3.795119734323066773e-03 3.795119734323066773e-03 3.795119734323066773e-03 3.795119734323066773e-03 3.795119734323066773e-03 3.795119734323066773e-03 3.795119734323066773e-03 3.795119734323066773e-03 3.795119734323066773e-03 3.795119734323066773e-03 3.795119734323066773e-03
1.843750000000000000e+00 2.039098793806020955e-03 2.039098793806020955e-03 2.039098793806020955e-03 2.039098793806020955e-03 2.039098793806020955e-03 2.039098793806020955e-03 2.039098793806020955e-03 2.039098793806020955e-03 2.039098793806020955e-03 2.039098793806020955e-03 2.039098793806020955e-03 2.039098793806020955e-03 2.039098793806020955e-03 2.039098793806020955e-03 2.039098793806020955e-03 2.039098793806020955e-03 2.039098793806020955e-03 2.039098793806020955e-03 2.039098793806020955e-03 2.039098793806020955e-03
1.859375000000000000e+00 4.893593463719670550e-02 4.893593463719670550e-02 4.893593463719670550e-02 4.893593463719670550e-02 4.893593463719670550e-02 4.893593463719670550e-02 4.893593463719670550e-02 4.893593463719670550e-02 4.893593463719670550e-02 4.893593463719670550e-02 4.893593463719670550e-02 4.893593463719670550e-02 4.893593463719670550e-02 4.893593463719670550e-02 4.893593463719670550e-02 4.893593463719670550e-02 4.893593463719670550e-02 4.893593463719670550e-02 4.893593463719670550e-02 4.893593463719670550e-02
1.875000000000000000e+00 3.817468229715761247e-02 3.817468229715761247e-02 3.817468229715761247e-02 3.817468229715761247e-02 3.817468229715761247e-02 3.817468229715761247e-02 3.817468229715761247e-02 3.817468229715761247e-02 3.817468229715761247e-02 3.817468229715761247e-02 3.817468229715761247e-02 3.817468229715761247e-02 3.817468229715761247e-02 3.817468229715761247e-02 3.817468229715761247e-02 3.817468229715761247e-02 3.817468229715761247e-02 3.817468229715761247e-02 3.817468229715761247e-02 3.817468229715761247e-02
1.890625000000000000e+00 5.982201013409395307e-02 5.982201013409395307e-02 5.982201013409395307e-02 5.982201013409395307e-02 5.982201013409395307e-02 5.982201013409395307e-02 5.982201013409395307e-02 5.982201013409395307e-02 5.982201013409395307e-02 5.982201013409395307e-02 5.982201013409395307e-02 5.982201013409395307e-02 5.982201013409395307e-02 5.982201013409395307e-02 5.982201013409395307e-02 5.982201013409395307e-02 5.982201013409395307e-02 5.982201013409395307e-02 5.982201013409395307e-02 5.982201013409395307e-02
1.906250000000000000e+00 6.108162032357788984e-01 6.108162032357788984e-01 6.108162032357788984e-01 6.108162032357788984e-01 6.108162032357788984e-01 6.108162032357788984e-01 6.108162032357788984e-01 6.108162032357788984e-01 6.108162032357788984e-01 6.108162032357788984e-01 6.108162032357788984e-01 6.108162032357788984e-01 6.108162032357788984e-01 6.108162032357788984e-01 6.108162032357788984e-01 6.108162032357788984e-01 6.108162032357788984e-01 6.108162032357788984e-01 6.108162032357788984e-01 6.108162032357788984e-01
1.921875000000000000e+00 5.519457032652246298e-01 5.519457032652246298e-01 5.519457032652246298e-01 5.519457032652246298e-01 5.519457032652246298e-01 5.519457032652246298e-01 5.519457032652246298e-01 5.519457032652246298e-01 5.519457032652246298e-01 5.519457032652246298e-01 5.519457032652246298e-01 5.519457032652246298e-01 5.519457032652246298e-01 5.519457032652246298e-01 5.519457032652246298e-01 5.519457032652246298e-01 5.519457032652246298e-01 5.519457032652246298e-01 5.519457032652246298e-01 5.519457032652246298e-01
1.937500000000000000e+00 2.134234699576890437e-01 2.134234699576890437e-01 2.134234699576890437e-01 2.134234699576890437e-01 2.134234699576890437e-01 2.134234699576890437e-01 2.134234699576890437e-01 2.134234699576890437e-01 2.134234699576890437e-01 2.134234699576890437e-01 2.134234699576890437e-01 2.134234699576890437e-01 2.134234699576890437e-01 2.134234699576890437e-01 2.134234699576890437e-01 2.134234699576890437e-01 2.134234699576890437e-01 2.134234699576890437e-01 2.134234699576890437e-01 2.134234699576890437e-01
1.953125000000000000e+00 2.280580483509602602e-02 2.280580483509602602e-02 2.280580483509602602e-02 2.280580483509602602e-02 2.280580483509602602e-02 2.280580483509602602e-02 2.280580483509602602e-02 2.280580483509602602e-02 2.280580483509602602e-02 2.280580483509602602e-02 2.280580483509602602e-02 2.280580483509602602e-02 2.280580483509602602e-02 2.280580483509602602e-02 2.280580483509602602e-02 2.280580483509602602e-02 2.280580483509602602e-02 2.280580483509602602e-02 2.280580483509602602e-02 2.280580483509602602e-02
1.968750000000000000e+00 2.827147153933955333e-03 2.827147153933955333e-03 2.827147153933955333e-03 2.827147153933955333e-03 2.827147153933955333e-03 2.827147153933955333e-03 2.827147153933955333e-03 2.827147153933955333e-03 2.827147153933955333e-03 2.827147153933955333e-03 2.827147153933955333e-03 2.827147153933955333e-03 2.827147153933955333e-03 2.827147153933955333e-03 2.827147153933955333e-03 2.827147153933955333e-03 2.827147153933955333e-03 2.827147153933955333e-03 2.827147153933955333e-03 2.827147153933955333e-03
1.984375000000000000e+00 7.738478289209729799e-02 7.738478289209729799e-02 7.738478289209729799e-02 7.738478289209729799e-02 7.738478289209729799e-02 7.738478289209729799e-02 7.738478289209729799e-02 7.738478289209729799e-02 7.738478289209729799e-02 7.738478289209729799e-02 7.738478289209729799e-02 7.738478289209729799e-02 7.738478289209729799e-02 7.738478289209729799e-02 7.738478289209729799e-02 7.738478289209729799e-02 7.738478289209729799e-02 7.738478289209729799e-02 7.738478289209729799e-02 7.738478289209729799e-02
2.000000000000000000e+00 4.044568487037907695e-02 4.044568487037907695e-02 4.044568487037907695e-02 4.044568487037907695e-02 4.044568487037907695e-02 4.044568487037907695e-02 4.044568487037907695e-02 4.044568487037907695e-02 4.044568487037907695e-02 4.044568487037907695e-02 4.044568487037907695e-02 4.044568487037907695e-02 4.044568487037907695e-02 4.044568487037907695e-02 4.044568487037907695e-02 4.044568487037907695e-02 4.044568487037907695e-02 4.044568487037907695e-02 4.044568487037907695e-02 4.044568487037907695e-02
