0.000000000000000000e+00 6.166482998700141722e-03 6.166482998700141722e-03 6.166482998700141722e-03 6.166482998700141722e-03 6.166482998700141722e-03 6.166482998700141722e-03 6.166482998700141722e-03 6.166482998700141722e-03 6.166482998700141722e-03 6.166482998700141722e-03 6.166482998700141722e-03 6.166482998700141722e-03 6.166482998700141722e-03 6.166482998700141722e-03 6.166482998700141722e-03 6.166482998700141722e-03 6.166482998700141722e-03 6.166482998700141722e-03 6.166482998700141722e-03 6.166482998700141722e-03
1.562500000000000000e-02 2.622582624154116276e-02 2.622582624154116276e-02 2.622582624154116276e-02 2.622582624154116276e-02 2.622582624154116276e-02 2.622582624154116276e-02 2.622582624154116276e-02 2.622582624154116276e-02 2.622582624154116276e-02 2.622582624154116276e-02 2.622582624154116276e-02 2.622582624154116276e-02 2.622582624154116276e-02 2.622582624154116276e-02 2.622582624154116276e-02 2.622582624154116276e-02 2.622582624154116276e-02 2.622582624154116276e-02 2.622582624154116276e-02 2.622582624154116276e-02
3.125000000000000000e-02 1.611511549995114645e-01 1.611511549995114645e-01 1.611511549995114645e-01 1.611511549995114645e-01 1.611511549995114645e-01 1.611511549995114645e-01 1.611511549995114645e-01 1.611511549995114645e-01 1.611511549995114645e-01 1.611511549995114645e-01 1.611511549995114645e-01 1.611511549995114645e-01 1.611511549995114645e-01 1.611511549995114645e-01 1.611511549995114645e-01 1.611511549995114645e-01 1.611511549995114645e-01 1.611511549995114645e-01 1.611511549995114645e-01 1.611511549995114645e-01
4.687500000000000000e-02 3.029139844466498949e-02 3.029139844466498949e-02 3.029139844466498949e-02 3.029139844466498949e-02 3.029139844466498949e-02 3.029139844466498949e-02 3.029139844466498949e-02 3.029139844466498949e-02 3.029139844466498949e-02 3.029139844466498949e-02 3.029139844466498949e-02 3.029139844466498949e-02 3.029139844466498949e-02 3.029139844466498949e-02 3.029139844466498949e-02 3.029139844466498949e-02 3.029139844466498949e-02 3.029139844466498949e-02 3.029139844466498949e-02 3.029139844466498949e-02
6.250000000000000000e-02 4.063074858786283605e-02 4.063074858786283605e-02 4.063074858786283605e-02 4.063074858786283605e-02 4.063074858786283605e-02 4.063074858786283605e-02 4.063074858786283605e-02 4.063074858786283605e-02 4.063074858786283605e-02 4.063074858786283605e-02 4.063074858786283605e-02 4.063074858786283605e-02 4.063074858786283605e-02 4.063074858786283605e-02 4.063074858786283605e-02 4.063074858786283605e-02 4.063074858786283605e-02 4.063074858786283605e-02 4.063074858786283605e-02 4.063074858786283605e-02
7.812500000000000000e-02 1.114114213090562355e-01 1.114114213090562355e-01 1.114114213090562355e-01 1.114114213090562355e-01 1.114114213090562355e-01 1.114114213090562355e-01 1.114114213090562355e-01 1.114114213090562355e-01 1.114114213090562355e-01 1.114114213090562355e-01 1.114114213090562355e-01 1.114114213090562355e-01 1.114114213090562355e-01 1.114114213090562355e-01 1.114114213090562355e-01 1.114114213090562355e-01 1.114114213090562355e-01 1.114114213090562355e-01 1.114114213090562355e-01 1.114114213090562355e-01
9.375000000000000000e-02 2.114124920305145705e-01 2.114124920305145705e-01 2.114124920305145705e-01 2.114124920305145705e-01 2.114124920305145705e-01 2.114124920305145705e-01 2.114124920305145705e-01 2.114124920305145705e-01 2.114124920305145705e-01 2.114124920305145705e-01 2.114124920305145705e-01 2.114124920305145705e-01 2.114124920305145705e-01 2.114124920305145705e-01 2.114124920305145705e-01 2.114124920305145705e-01 2.114124920305145705e-01 2.114124920305145705e-01 2.114124920305145705e-01 2.114124920305145705e-01
1.093750000000000000e-01 1.017000709517794192e-02 1.017000709517794192e-02 1.017000709517794192e-02 1.017000709517794192e-02 1.017000709517794192e-02 1.017000709517794192e-02 1.017000709517794192e-02 1.017000709517794192e-02 1.017000709517794192e-02 1.017000709517794192e-02 1.017000709517794192e-02 1.017000709517794192e-02 1.017000709517794192e-02 1.017000709517794192e-02 1.017000709517794192e-02 1.017000709517794192e-02 1.017000709517794192e-02 1.017000709517794192e-02 1.017000709517794192e-02 1.017000709517794192e-02
1.250000000000000000e-01 4.741321262880629495e-02 4.741321262880629495e-02 4.741321262880629495e-02 4.741321262880629495e-02 4.741321262880629495e-02 4.741321262880629495e-02 4.741321262880629495e-02 4.741321262880629495e-02 4.741321262880629495e-02 4.741321262880629495e-02 4.741321262880629495e-02 4.741321262880629495e-02 4.741321262880629495e-02 4.741321262880629495e-02 4.741321262880629495e-02 4.741321262880629495e-02 4.741321262880629495e-02 4.741321262880629495e-02 4.741321262880629495e-02 4.741321262880629495e-02
1.406250000000000000e-01 7.071443688394223048e-02 7.071443688394223048e-02 7.071443688394223048e-02 7.071443688394223048e-02 7.071443688394223048e-02 7.071443688394223048e-02 7.071443688394223048e-02 7.071443688394223048e-02 7.071443688394223048e-02 7.071443688394223048e-02 7.071443688394223048e-02 7.071443688394223048e-02 7.071443688394223048e-02 7.071443688394223048e-02 7.071443688394223048e-02 7.071443688394223048e-02 7.071443688394223048e-02 7.071443688394223048e-02 7.071443688394223048e-02 7.071443688394223048e-02
1.562500000000000000e-01 5.489830830838952902e-02 5.489830830838952902e-02 5.489830830838952902e-02 5.489830830838952902e-02 5.489830830838952902e-02 5.489830830838952902e-02 5.489830830838952902e-02 5.489830830838952902e-02 5.489830830838952902e-02 5.489830830838952902e-02 5.489830830838952902e-02 5.489830830838952902e-02 5.489830830838952902e-02 5.489830830838952902e-02 5.489830830838952902e-02 5.489830830838952902e-02 5.489830830838952902e-02 5.489830830838952902e-02 5.489830830838952902e-02 5.489830830838952902e-02
1.718750000000000000e-01 1.145224397277637002e-01 1.145224397277637002e-01 1.145224397277637002e-01 1.145224397277637002e-01 1.145224397277637002e-01 1.145224397277637002e-01 1.145224397277637002e-01 1.145224397277637002e-01 1.145224397277637002e-01 1.145224397277637002e-01 1.145224397277637002e-01 1.145224397277637002e-01 1.145224397277637002e-01 1.145224397277637002e-01 1.145224397277637002e-01 1.145224397277637002e-01 1.145224397277637002e-01 1.145224397277637002e-01 1.145224397277637002e-01 1.145224397277637002e-01
1.875000000000000000e-01 9.757403244698260592e-01 9.757403244698260592e-01 9.757403244698260592e-01 9.757403244698260592e-01 9.757403244698260592e-01 9.757403244698260592e-01 9.757403244698260592e-01 9.757403244698260592e-01 9.757403244698260592e-01 9.757403244698260592e-01 9.757403244698260592e-01 9.757403244698260592e-01 9.757403244698260592e-01 9.757403244698260592e-01 9.757403244698260592e-01 9.757403244698260592e-01 9.757403244698260592e-01 9.757403244698260592e-01 9.757403244698260592e-01 9.757403244698260592e-01
2.031250000000000000e-01 9.843525642489483474e-01 9.843525642489483474e-01 9.843525642489483474e-01 9.843525642489483474e-01 9.843525642489483474e-01 9.843525642489483474e-01 9.843525642489483474e-01 9.843525642489483474e-01 9.843525642489483474e-01 9.843525642489483474e-01 9.843525642489483474e-01 9.843525642489483474e-01 9.843525642489483474e-01 9.843525642489483474e-01 9.843525642489483474e-01 9.843525642489483474e-01 9.843525642489483474e-01 9.843525642489483474e-01 9.843525642489483474e-01 9.843525642489483474e-01
2.187500000000000000e-01 9.755631864018694532e-01 9.755631864018694532e-01 9.755631864018694532e-01 9.755631864018694532e-01 9.755631864018694532e-01 9.755631864018694532e-01 9.755631864018694532e-01 9.755631864018694532e-01 9.755631864018694532e-01 9.755631864018694532e-01 9.755631864018694532e-01 9.755631864018694532e-01 9.755631864018694532e-01 9.755631864018694532e-01 9.755631864018694532e-01 9.755631864018694532e-01 9.755631864018694532e-01 9.755631864018694532e-01 9.755631864018694532e-01 9.755631864018694532e-01
2.343750000000000000e-01 5.584402777061959339e-02 5.584402777061959339e-02 5.584402777061959339e-02 5.584402777061959339e-02 5.584402777061959339e-02 5.584402777061959339e-02 5.584402777061959339e-02 5.584402777061959339e-02 5.584402777061959339e-02 5.584402777061959339e-02 5.584402777061959339e-02 5.584402777061959339e-02 5.584402777061959339e-02 5.584402777061959339e-02 5.584402777061959339e-02 5.584402777061959339e-02 5.584402777061959339e-02 5.584402777061959339e-02 5.584402777061959339e-02 5.584402777061959339e-02
2.500000000000000000e-01 7.764126360062698073e-02 7.764126360062698073e-02 7.764126360062698073e-02 7.764126360062698073e-02 7.764126360062698073e-02 7.764126360062698073e-02 7.764126360062698073e-02 7.764126360062698073e-02 7.764126360062698073e-02 7.764126360062698073e-02 7.764126360062698073e-02 7.764126360062698073e-02 7.764126360062698073e-02 7.764126360062698073e-02 7.764126360062698073e-02 7.764126360062698073e-02 7.764126360062698073e-02 7.764126360062698073e-02 7.764126360062698073e-02 7.764126360062698073e-02
2.656250000000000000e-01 8.157395311144846617e-02 8.157395311144846617e-02 8.157395311144846617e-02 8.157395311144846617e-02 8.157395311144846617e-02 8.157395311144846617e-02 8.157395311144846617e-02 8.157395311144846617e-02 8.157395311144846617e-02 8.157395311144846617e-02 8.157395311144846617e-02 8.157395311144846617e-02 8.157395311144846617e-02 8.157395311144846617e-02 8.157395311144846617e-02 8.157395311144846617e-02 8.157395311144846617e-02 8.157395311144846617e-02 8.157395311144846617e-02 8.157395311144846617e-02
2.812500000000000000e-01 8.223437429735395987e-02 8.223437429735395987e-02 8.223437429735395987e-02 8.223437429735395987e-02 8.223437429735395987e-02 8.223437429735395987e-02 8.223437429735395987e-02 8.223437429735395987e-02 8.223437429735395987e-02 8.223437429735395987e-02 8.223437429735395987e-02 8.223437429735395987e-02 8.223437429735395987e-02 8.223437429735395987e-02 8.223437429735395987e-02 8.223437429735395987e-02 8.223437429735395987e-02 8.223437429735395987e-02 8.223437429735395987e-02 8.223437429735395987e-02
2.968750000000000000e-01 2.586541664953858066e-01 2.586541664953858066e-01 2.586541664953858066e-01 2.586541664953858066e-01 2.586541664953858066e-01 2.586541664953858066e-01 2.586541664953858066e-01 2.586541664953858066e-01 2.586541664953858066e-01 2.586541664953858066e-01 2.586541664953858066e-01 2.586541664953858066e-01 2.586541664953858066e-01 2.586541664953858066e-01 2.586541664953858066e-01 2.586541664953858066e-01 2.586541664953858066e-01 2.586541664953858066e-01 2.586541664953858066e-01 2.586541664953858066e-01
3.125000000000000000e-01 2.219235364324136373e-01 2.219235364324136373e-01 2.219235364324136373e-01 2.219235364324136373e-01 2.219235364324136373e-01 2.219235364324136373e-01 2.219235364324136373e-01 2.219235364324136373e-01 2.219235364324136373e-01 2.219235364324136373e-01 2.219235364324136373e-01 2.219235364324136373e-01 2.219235364324136373e-01 2.219235364324136373e-01 2.219235364324136373e-01 2.219235364324136373e-01 2.219235364324136373e-01 2.219235364324136373e-01 2.219235364324136373e-01 2.219235364324136373e-01
3.281250000000000000e-01 7.742972949556679862e-02 7.742972949556679862e-02 7.742972949556679862e-02 7.742972949556679862e-02 7.742972949556679862e-02 7.742972949556679862e-02 7.742972949556679862e-02 7.742972949556679862e-02 7.742972949556679862e-02 7.742972949556679862e-02 7.742972949556679862e-02 7.742972949556679862e-02 7.742972949556679862e-02 7.742972949556679862e-02 7.742972949556679862e-02 7.742972949556679862e-02 7.742972949556679862e-02 7.742972949556679862e-02 7.742972949556679862e-02 7.742972949556679862e-02
3.437500000000000000e-01 2.149248967437361255e-02 2.149248967437361255e-02 2.149248967437361255e-02 2.149248967437361255e-02 2.149248967437361255e-02 2.149248967437361255e-02 2.149248967437361255e-02 2.149248967437361255e-02 2.149248967437361255e-02 2.149248967437361255e-02 2.149248967437361255e-02 2.149248967437361255e-02 2.149248967437361255e-02 2.149248967437361255e-02 2.149248967437361255e-02 2.149248967437361255e-02 2.149248967437361255e-02 2.149248967437361255e-02 2.149248967437361255e-02 2.149248967437361255e-02
3.593750000000000000e-01 5.571445057270388995e-02 5.571445057270388995e-02 5.571445057270388995e-02 5.571445057270388995e-02 5.571445057270388995e-02 5.571445057270388995e-02 5.571445057270388995e-02 5.571445057270388995e-02 5.571445057270388995e-02 5.571445057270388995e-02 5.571445057270388995e-02 5.571445057270388995e-02 5.571445057270388995e-02 5.571445057270388995e-02 5.571445057270388995e-02 5.571445057270388995e-02 5.571445057270388995e-02 5.571445057270388995e-02 5.571445057270388995e-02 5.571445057270388995e-02
3.750000000000000000e-01 2.628234892153734070e-01 2.628234892153734070e-01 2.628234892153734070e-01 2.628234892153734070e-01 2.628234892153734070e-01 2.628234892153734070e-01 2.628234892153734070e-01 2.628234892153734070e-01 2.628234892153734070e-01 2.628234892153734070e-01 2.628234892153734070e-01 2.628234892153734070e-01 2.628234892153734070e-01 2.628234892153734070e-01 2.628234892153734070e-01 2.628234892153734070e-01 2.628234892153734070e-01 2.628234892153734070e-01 2.628234892153734070e-01 2.628234892153734070e-01
3.906250000000000000e-01 3.458644142614512168e-02 3.458644142614512168e-02 3.458644142614512168e-02 3.458644142614512168e-02 3.458644142614512168e-02 3.458644142614512168e-02 3.458644142614512168e-02 3.458644142614512168e-02 3.458644142614512168e-02 3.458644142614512168e-02 3.458644142614512168e-02 3.458644142614512168e-02 3.458644142614512168e-02 3.458644142614512168e-02 3.458644142614512168e-02 3.458644142614512168e-02 3.458644142614512168e-02 3.458644142614512168e-02 3.458644142614512168e-02 3.458644142614512168e-02
4.062500000000000000e-01 2.468927380443184522e-02 2.468927380443184522e-02 2.468927380443184522e-02 2.468927380443184522e-02 2.468927380443184522e-02 2.468927380443184522e-02 2.468927380443184522e-02 2.468927380443184522e-02 2.468927380443184522e-02 2.468927380443184522e-02 2.468927380443184522e-02 2.468927380443184522e-02 2.468927380443184522e-02 2.468927380443184522e-02 2.468927380443184522e-02 2.468927380443184522e-02 2.468927380443184522e-02 2.468927380443184522e-02 2.468927380443184522e-02 2.468927380443184522e-02
4.218750000000000000e-01 3.996674309345554787e-02 3.996674309345554787e-02 3.996674309345554787e-02 3.996674309345554787e-02 3.996674309345554787e-02 3.996674309345554787e-02 3.996674309345554787e-02 3.996674309345554787e-02 3.996674309345554787e-02 3.996674309345554787e-02 3.996674309345554787e-02 3.996674309345554787e-02 3.996674309345554787e-02 3.996674309345554787e-02 3.996674309345554787e-02 3.996674309345554787e-02 3.996674309345554787e-02 3.996674309345554787e-02 3.996674309345554787e-02 3.996674309345554787e-02
4.375000000000000000e-01 4.503597651208806479e-02 4.503597651208806479e-02 4.503597651208806479e-02 4.503597651208806479e-02 4.503597651208806479e-02 4.503597651208806479e-02 4.503597651208806479e-02 4.503597651208806479e-02 4.503597651208806479e-02 4.503597651208806479e-02 4.503597651208806479e-02 4.503597651208806479e-02 4.503597651208806479e-02 4.503597651208806479e-02 4.503597651208806479e-02 4.503597651208806479e-02 4.503597651208806479e-02 4.503597651208806479e-02 4.503597651208806479e-02 4.503597651208806479e-02
4.531250000000000000e-01 6.397443261074611809e-02 6.397443261074611809e-02 6.397443261074611809e-02 6.397443261074611809e-02 6.397443261074611809e-02 6.397443261074611809e-02 6.397443261074611809e-02 6.397443261074611809e-02 6.397443261074611809e-02 6.397443261074611809e-02 6.397443261074611809e-02 6.397443261074611809e-02 6.397443261074611809e-02 6.397443261074611809e-02 6.397443261074611809e-02 6.397443261074611809e-02 6.397443261074611809e-02 6.397443261074611809e-02 6.397443261074611809e-02 6.397443261074611809e-02
4.687500000000000000e-01 4.237578665669516215e-02 4.237578665669516215e-02 4.237578665669516215e-02 4.237578665669516215e-02 4.237578665669516215e-02 4.237578665669516215e-02 4.237578665669516215e-02 4.237578665669516215e-02 4.237578665669516215e-02 4.237578665669516215e-02 4.237578665669516215e-02 4.237578665669516215e-02 4.237578665669516215e-02 4.237578665669516215e-02 4.237578665669516215e-02 4.237578665669516215e-02 4.237578665669516215e-02 4.237578665669516215e-02 4.237578665669516215e-02 4.237578665669516215e-02
4.843750000000000000e-01 1.247567294715069969e-01 1.247567294715069969e-01 1.247567294715069969e-01 1.247567294715069969e-01 1.247567294715069969e-01 1.247567294715069969e-01 1.247567294715069969e-01 1.247567294715069969e-01 1.247567294715069969e-01 1.247567294715069969e-01 1.247567294715069969e-01 1.247567294715069969e-01 1.247567294715069969e-01 1.247567294715069969e-01 1.247567294715069969e-01 1.247567294715069969e-01 1.247567294715069969e-01 1.247567294715069969e-01 1.247567294715069969e-01 1.247567294715069969e-01
5.000000000000000000e-01 4.285927817958707503e-02 4.285927817958707503e-02 4.285927817958707503e-02 4.285927817958707503e-02 4.285927817958707503e-02 4.285927817958707503e-02 4.285927817958707503e-02 4.285927817958707503e-02 4.285927817958707503e-02 4.285927817958707503e-02 4.285927817958707503e-02 4.285927817958707503e-02 4.285927817958707503e-02 4.285927817958707503e-02 4.285927817958707503e-02 4.285927817958707503e-02 4.285927817958707503e-02 4.285927817958707503e-02 4.285927817958707503e-02 4.285927817958707503e-02
5.156250000000000000e-01 2.785182653311503165e-01 2.785182653311503165e-01 2.785182653311503165e-01 2.785182653311503165e-01 2.785182653311503165e-01 2.785182653311503165e-01 2.785182653311503165e-01 2.785182653311503165e-01 2.785182653311503165e-01 2.785182653311503165e-01 2.785182653311503165e-01 2.785182653311503165e-01 2.785182653311503165e-01 2.785182653311503165e-01 2.785182653311503165e-01 2.785182653311503165e-01 2.785182653311503165e-01 2.785182653311503165e-01 2.785182653311503165e-01 2.785182653311503165e-01
5.312500000000000000e-01 2.208016490285025224e-01 2.208016490285025224e-01 2.208016490285025224e-01 2.208016490285025224e-01 2.208016490285025224e-01 2.208016490285025224e-01 2.208016490285025224e-01 2.208016490285025224e-01 2.208016490285025224e-01 2.208016490285025224e-01 2.208016490285025224e-01 2.208016490285025224e-01 2.208016490285025224e-01 2.208016490285025224e-01 2.208016490285025224e-01 2.208016490285025224e-01 2.208016490285025224e-01 2.208016490285025224e-01 2.208016490285025224e-01 2.208016490285025224e-01
5.468750000000000000e-01 2.058400644690412673e-01 2.058400644690412673e-01 2.058400644690412673e-01 2.058400644690412673e-01 2.058400644690412673e-01 2.058400644690412673e-01 2.058400644690412673e-01 2.058400644690412673e-01 2.058400644690412673e-01 2.058400644690412673e-01 2.058400644690412673e-01 2.058400644690412673e-01 2.058400644690412673e-01 2.058400644690412673e-01 2.058400644690412673e-01 2.058400644690412673e-01 2.058400644690412673e-01 2.058400644690412673e-01 2.058400644690412673e-01 2.058400644690412673e-01
5.625000000000000000e-01 8.248977198359824792e-02 8.248977198359824792e-02 8.248977198359824792e-02 8.248977198359824792e-02 8.248977198359824792e-02 8.248977198359824792e-02 8.248977198359824792e-02 8.248977198359824792e-02 8.248977198359824792e-02 8.248977198359824792e-02 8.248977198359824792e-02 8.248977198359824792e-02 8.248977198359824792e-02 8.248977198359824792e-02 8.248977198359824792e-02 8.248977198359824792e-02 8.248977198359824792e-02 8.248977198359824792e-02 8.248977198359824792e-02 8.248977198359824792e-02
5.781250000000000000e-01 9.059961894549080352e-02 9.059961894549080352e-02 9.059961894549080352e-02 9.059961894549080352e-02 9.059961894549080352e-02 9.059961894549080352e-02 9.059961894549080352e-02 9.059961894549080352e-02 9.059961894549080352e-02 9.059961894549080352e-02 9.059961894549080352e-02 9.059961894549080352e-02 9.059961894549080352e-02 9.059961894549080352e-02 9.059961894549080352e-02 9.059961894549080352e-02 9.059961894549080352e-02 9.059961894549080352e-02 9.059961894549080352e-02 9.059961894549080352e-02
5.937500000000000000e-01 7.156144706378718412e-02 7.156144706378718412e-02 7.156144706378718412e-02 7.156144706378718412e-02 7.156144706378718412e-02 7.156144706378718412e-02 7.156144706378718412e-02 7.156144706378718412e-02 7.156144706378718412e-02 7.156144706378718412e-02 7.156144706378718412e-02 7.156144706378718412e-02 7.156144706378718412e-02 7.156144706378718412e-02 7.156144706378718412e-02 7.156144706378718412e-02 7.156144706378718412e-02 7.156144706378718412e-02 7.156144706378718412e-02 7.156144706378718412e-02
6.093750000000000000e-01 7.552749723388763048e-02 7.552749723388763048e-02 7.552749723388763048e-02 7.552749723388763048e-02 7.552749723388763048e-02 7.552749723388763048e-02 7.552749723388763048e-02 7.552749723388763048e-02 7.552749723388763048e-02 7.552749723388763048e-02 7.552749723388763048e-02 7.552749723388763048e-02 7.552749723388763048e-02 7.552749723388763048e-02 7.552749723388763048e-02 7.552749723388763048e-02 7.552749723388763048e-02 7.552749723388763048e-02 7.552749723388763048e-02 7.552749723388763048e-02
6.250000000000000000e-01 2.706410759898227880e-01 2.706410759898227880e-01 2.706410759898227880e-01 2.706410759898227880e-01 2.706410759898227880e-01 2.706410759898227880e-01 2.706410759898227880e-01 2.706410759898227880e-01 2.706410759898227880e-01 2.706410759898227880e-01 2.706410759898227880e-01 2.706410759898227880e-01 2.706410759898227880e-01 2.706410759898227880e-01 2.706410759898227880e-01 2.706410759898227880e-01 2.706410759898227880e-01 2.706410759898227880e-01 2.706410759898227880e-01 2.706410759898227880e-01
6.406250000000000000e-01 1.195797406534060692e-01 1.195797406534060692e-01 1.195797406534060692e-01 1.195797406534060692e-01 1.195797406534060692e-01 1.195797406534060692e-01 1.195797406534060692e-01 1.195797406534060692e-01 1.195797406534060692e-01 1.195797406534060692e-01 1.195797406534060692e-01 1.195797406534060692e-01 1.195797406534060692e-01 1.195797406534060692e-01 1.195797406534060692e-01 1.195797406534060692e-01 1.195797406534060692e-01 1.195797406534060692e-01 1.195797406534060692e-01 1.195797406534060692e-01
6.562500000000000000e-01 8.724891857214772672e-02 8.724891857214772672e-02 8.724891857214772672e-02 8.724891857214772672e-02 8.724891857214772672e-02 8.724891857214772672e-02 8.724891857214772672e-02 8.724891857214772672e-02 8.724891857214772672e-02 8.724891857214772672e-02 8.724891857214772672e-02 8.724891857214772672e-02 8.724891857214772672e-02 8.724891857214772672e-02 8.724891857214772672e-02 8.724891857214772672e-02 8.724891857214772672e-02 8.724891857214772672e-02 8.724891857214772672e-02 8.724891857214772672e-02
6.718750000000000000e-01 3.744508535847537734e-01 3.744508535847537734e-01 3.744508535847537734e-01 3.744508535847537734e-01 3.744508535847537734e-01 3.744508535847537734e-01 3.744508535847537734e-01 3.744508535847537734e-01 3.744508535847537734e-01 3.744508535847537734e-01 3.744508535847537734e-01 3.744508535847537734e-01 3.744508535847537734e-01 3.744508535847537734e-01 3.744508535847537734e-01 3.744508535847537734e-01 3.744508535847537734e-01 3.744508535847537734e-01 3.744508535847537734e-01 3.744508535847537734e-01
6.875000000000000000e-01 5.530042322036429203e-01 5.530042322036429203e-01 5.530042322036429203e-01 5.530042322036429203e-01 5.530042322036429203e-01 5.530042322036429203e-01 5.530042322036429203e-01 5.530042322036429203e-01 5.530042322036429203e-01 5.530042322036429203e-01 5.530042322036429203e-01 5.530042322036429203e-01 5.530042322036429203e-01 5.530042322036429203e-01 5.530042322036429203e-01 5.530042322036429203e-01 5.530042322036429203e-01 5.530042322036429203e-01 5.530042322036429203e-01 5.530042322036429203e-01
7.031250000000000000e-01 4.292895162315650270e-01 4.292895162315650270e-01 4.292895162315650270e-01 4.292895162315650270e-01 4.292895162315650270e-01 4.292895162315650270e-01 4.292895162315650270e-01 4.292895162315650270e-01 4.292895162315650270e-01 4.292895162315650270e-01 4.292895162315650270e-01 4.292895162315650270e-01 4.292895162315650270e-01 4.292895162315650270e-01 4.292895162315650270e-01 4.292895162315650270e-01 4.292895162315650270e-01 4.292895162315650270e-01 4.292895162315650270e-01 4.292895162315650270e-01
7.187500000000000000e-01 4.101242348991663289e-01 4.101242348991663289e-01 4.101242348991663289e-01 4.101242348991663289e-01 4.101242348991663289e-01 4.101242348991663289e-01 4.101242348991663289e-01 4.101242348991663289e-01 4.101242348991663289e-01 4.101242348991663289e-01 4.101242348991663289e-01 4.101242348991663289e-01 4.101242348991663289e-01 4.101242348991663289e-01 4.101242348991663289e-01 4.101242348991663289e-01 4.101242348991663289e-01 4.101242348991663289e-01 4.101242348991663289e-01 4.101242348991663289e-01
7.343750000000000000e-01 2.090331565553733006e-01 2.090331565553733006e-01 2.090331565553733006e-01 2.090331565553733006e-01 2.090331565553733006e-01 2.090331565553733006e-01 2.090331565553733006e-01 2.090331565553733006e-01 2.090331565553733006e-01 2.090331565553733006e-01 2.090331565553733006e-01 2.090331565553733006e-01 2.090331565553733006e-01 2.090331565553733006e-01 2.090331565553733006e-01 2.090331565553733006e-01 2.090331565553733006e-01 2.090331565553733006e-01 2.090331565553733006e-01 2.090331565553733006e-01
7.500000000000000000e-01 1.043510163593878472e-02 1.043510163593878472e-02 1.043510163593878472e-02 1.043510163593878472e-02 1.043510163593878472e-02 1.043510163593878472e-02 1.043510163593878472e-02 1.043510163593878472e-02 1.043510163593878472e-02 1.043510163593878472e-02 1.043510163593878472e-02 1.043510163593878472e-02 1.043510163593878472e-02 1.043510163593878472e-02 1.043510163593878472e-02 1.043510163593878472e-02 1.043510163593878472e-02 1.043510163593878472e-02 1.043510163593878472e-02 1.043510163593878472e-02
7.656250000000000000e-01 9.579691896282294117e-02 9.579691896282294117e-02 9.579691896282294117e-02 9.579691896282294117e-02 9.579691896282294117e-02 9.579691896282294117e-02 9.579691896282294117e-02 9.579691896282294117e-02 9.579691896282294117e-02 9.579691896282294117e-02 9.579691896282294117e-02 9.579691896282294117e-02 9.579691896282294117e-02 9.579691896282294117e-02 9.579691896282294117e-02 9.579691896282294117e-02 9.579691896282294117e-02 9.579691896282294117e-02 9.579691896282294117e-02 9.579691896282294117e-02
7.812500000000000000e-01 2.521474647693371929e-01 2.521474647693371929e-01 2.521474647693371929e-01 2.521474647693371929e-01 2.521474647693371929e-01 2.521474647693371929e-01 2.521474647693371929e-01 2.521474647693371929e-01 2.521474647693371929e-01 2.521474647693371929e-01 2.521474647693371929e-01 2.521474647693371929e-01 2.521474647693371929e-01 2.521474647693371929e-01 2.521474647693371929e-01 2.521474647693371929e-01 2.521474647693371929e-01 2.521474647693371929e-01 2.521474647693371929e-01 2.521474647693371929e-01
7.968750000000000000e-01 2.061109501842190161e-01 2.061109501842190161e-01 2.061109501842190161e-01 2.061109501842190161e-01 2.061109501842190161e-01 2.061109501842190161e-01 2.061109501842190161e-01 2.061109501842190161e-01 2.061109501842190161e-01 2.061109501842190161e-01 2.061109501842190161e-01 2.061109501842190161e-01 2.061109501842190161e-01 2.061109501842190161e-01 2.061109501842190161e-01 2.061109501842190161e-01 2.061109501842190161e-01 2.061109501842190161e-01 2.061109501842190161e-01 2.061109501842190161e-01
8.125000000000000000e-01 1.963410732078258447e-01 1.963410732078258447e-01 1.963410732078258447e-01 1.963410732078258447e-01 1.963410732078258447e-01 1.963410732078258447e-01 1.963410732078258447e-01 1.963410732078258447e-01 1.963410732078258447e-01 1.963410732078258447e-01 1.963410732078258447e-01 1.963410732078258447e-01 1.963410732078258447e-01 1.963410732078258447e-01 1.963410732078258447e-01 1.963410732078258447e-01 1.963410732078258447e-01 1.963410732078258447e-01 1.963410732078258447e-01 1.963410732078258447e-01
8.281250000000000000e-01 1.091552158622624141e-01 1.091552158622624141e-01 1.091552158622624141e-01 1.091552158622624141e-01 1.091552158622624141e-01 1.091552158622624141e-01 1.091552158622624141e-01 1.091552158622624141e-01 1.091552158622624141e-01 1.091552158622624141e-01 1.091552158622624141e-01 1.091552158622624141e-01 1.091552158622624141e-01 1.091552158622624141e-01 1.091552158622624141e-01 1.091552158622624141e-01 1.091552158622624141e-01 1.091552158622624141e-01 1.091552158622624141e-01 1.091552158622624141e-01
8.437500000000000000e-01 2.624454002520124410e-02 2.624454002520124410e-02 2.624454002520124410e-02 2.624454002520124410e-02 2.624454002520124410e-02 2.624454002520124410e-02 2.624454002520124410e-02 2.624454002520124410e-02 2.624454002520124410e-02 2.624454002520124410e-02 2.624454002520124410e-02 2.624454002520124410e-02 2.624454002520124410e-02 2.624454002520124410e-02 2.624454002520124410e-02 2.624454002520124410e-02 2.624454002520124410e-02 2.624454002520124410e-02 2.624454002520124410e-02 2.624454002520124410e-02
8.593750000000000000e-01 2.475197561410907854e-02 2.475197561410907854e-02 2.475197561410907854e-02 2.475197561410907854e-02 2.475197561410907854e-02 2.475197561410907854e-02 2.475197561410907854e-02 2.475197561410907854e-02 2.475197561410907854e-02 2.475197561410907854e-02 2.475197561410907854e-02 2.475197561410907854e-02 2.475197561410907854e-02 2.475197561410907854e-02 2.475197561410907854e-02 2.475197561410907854e-02 2.475197561410907854e-02 2.475197561410907854e-02 2.475197561410907854e-02 2.475197561410907854e-02
8.750000000000000000e-01 1.733471962218822993e-02 1.733471962218822993e-02 1.733471962218822993e-02 1.733471962218822993e-02 1.733471962218822993e-02 1.733471962218822993e-02 1.733471962218822993e-02 1.733471962218822993e-02 1.733471962218822993e-02 1.733471962218822993e-02 1.733471962218822993e-02 1.733471962218822993e-02 1.733471962218822993e-02 1.733471962218822993e-02 1.733471962218822993e-02 1.733471962218822993e-02 1.733471962218822993e-02 1.733471962218822993e-02 1.733471962218822993e-02 1.733471962218822993e-02
8.906250000000000000e-01 8.007804747926736133e-02 8.007804747926736133e-02 8.007804747926736133e-02 8.007804747926736133e-02 8.007804747926736133e-02 8.007804747926736133e-02 8.007804747926736133e-02 8.007804747926736133e-02 8.007804747926736133e-02 8.007804747926736133e-02 8.007804747926736133e-02 8.007804747926736133e-02 8.007804747926736133e-02 8.007804747926736133e-02 8.007804747926736133e-02 8.007804747926736133e-02 8.007804747926736133e-02 8.007804747926736133e-02 8.007804747926736133e-02 8.007804747926736133e-02
9.062500000000000000e-01 3.669813828534487232e-01 3.669813828534487232e-01 3.669813828534487232e-01 3.669813828534487232e-01 3.669813828534487232e-01 3.669813828534487232e-01 3.669813828534487232e-01 3.669813828534487232e-01 3.669813828534487232e-01 3.669813828534487232e-01 3.669813828534487232e-01 3.669813828534487232e-01 3.669813828534487232e-01 3.669813828534487232e-01 3.669813828534487232e-01 3.669813828534487232e-01 3.669813828534487232e-01 3.669813828534487232e-01 3.669813828534487232e-01 3.669813828534487232e-01
9.218750000000000000e-01 7.960622585800400386e-02 7.960622585800400386e-02 7.960622585800400386e-02 7.960622585800400386e-02 7.960622585800400386e-02 7.960622585800400386e-02 7.960622585800400386e-02 7.960622585800400386e-02 7.960622585800400386e-02 7.960622585800400386e-02 7.960622585800400386e-02 7.960622585800400386e-02 7.960622585800400386e-02 7.960622585800400386e-02 7.960622585800400386e-02 7.960622585800400386e-02 7.960622585800400386e-02 7.960622585800400386e-02 7.960622585800400386e-02 7.960622585800400386e-02
9.375000000000000000e-01 3.434102772691848687e-02 3.434102772691848687e-02 3.434102772691848687e-02 3.434102772691848687e-02 3.434102772691848687e-02 3.434102772691848687e-02 3.434102772691848687e-02 3.434102772691848687e-02 3.434102772691848687e-02 3.434102772691848687e-02 3.434102772691848687e-02 3.434102772691848687e-02 3.434102772691848687e-02 3.434102772691848687e-02 3.434102772691848687e-02 3.434102772691848687e-02 3.434102772691848687e-02 3.434102772691848687e-02 3.434102772691848687e-02 3.434102772691848687e-02
9.531250000000000000e-01 4.239368918048182916e-02 4.239368918048182916e-02 4.239368918048182916e-02 4.239368918048182916e-02 4.239368918048182916e-02 4.239368918048182916e-02 4.239368918048182916e-02 4.239368918048182916e-02 4.239368918048182916e-02 4.239368918048182916e-02 4.239368918048182916e-02 4.239368918048182916e-02 4.239368918048182916e-02 4.239368918048182916e-02 4.239368918048182916e-02 4.239368918048182916e-02 4.239368918048182916e-02 4.239368918048182916e-02 4.239368918048182916e-02 4.239368918048182916e-02
9.687500000000000000e-01 2.558005045213453121e-02 2.558005045213453121e-02 2.558005045213453121e-02 2.558005045213453121e-02 2.558005045213453121e-02 2.558005045213453121e-02 2.558005045213453121e-02 2.558005045213453121e-02 2.558005045213453121e-02 2.558005045213453121e-02 2.558005045213453121e-02 2.558005045213453121e-02 2.558005045213453121e-02 2.558005045213453121e-02 2.558005045213453121e-02 2.558005045213453121e-02 2.558005045213453121e-02 2.558005045213453121e-02 2.558005045213453121e-02 2.558005045213453121e-02
9.843750000000000000e-01 3.058728304635720957e-02 3.058728304635720957e-02 3.058728304635720957e-02 3.058728304635720957e-02 3.058728304635720957e-02 3.058728304635720957e-02 3.058728304635720957e-02 3.058728304635720957e-02 3.058728304635720957e-02 3.058728304635720957e-02 3.058728304635720957e-02 3.058728304635720957e-02 3.058728304635720957e-02 3.058728304635720957e-02 3.058728304635720957e-02 3.058728304635720957e-02 3.058728304635720957e-02 3.058728304635720957e-02 3.058728304635720957e-02 3.058728304635720957e-02
1.000000000000000000e+00 1.880774005828827686e-02 1.880774005828827686e-02 1.880774005828827686e-02 1.880774005828827686e-02 1.880774005828827686e-02 1.880774005828827686e-02 1.880774005828827686e-02 1.880774005828827686e-02 1.880774005828827686e-02 1.880774005828827686e-02 1.880774005828827686e-02 1.880774005828827686e-02 1.880774005828827686e-02 1.880774005828827686e-02 1.880774005828827686e-02 1.880774005828827686e-02 1.880774005828827686e-02 1.880774005828827686e-02 1.880774005828827686e-02 1.880774005828827686e-02
1.015625000000000000e+00 5.598045190903635365e-02 5.598045190903635365e-02 5.598045190903635365e-02 5.598045190903635365e-02 5.598045190903635365e-02 5.598045190903635365e-02 5.598045190903635365e-02 5.598045190903635365e-02 5.598045190903635365e-02 5.598045190903635365e-02 5.598045190903635365e-02 5.598045190903635365e-02 5.598045190903635365e-02 5.598045190903635365e-02 5.598045190903635365e-02 5.598045190903635365e-02 5.598045190903635365e-02 5.598045190903635365e-02 5.598045190903635365e-02 5.598045190903635365e-02
1.031250000000000000e+00 2.649050351334198972e-01 2.649050351334198972e-01 2.649050351334198972e-01 2.649050351334198972e-01 2.649050351334198972e-01 2.649050351334198972e-01 2.649050351334198972e-01 2.649050351334198972e-01 2.649050351334198972e-01 2.649050351334198972e-01 2.649050351334198972e-01 2.649050351334198972e-01 2.649050351334198972e-01 2.649050351334198972e-01 2.649050351334198972e-01 2.649050351334198972e-01 2.649050351334198972e-01 2.649050351334198972e-01 2.649050351334198972e-01 2.649050351334198972e-01
1.046875000000000000e+00 5.618241841757316835e-02 5.618241841757316835e-02 5.618241841757316835e-02 5.618241841757316835e-02 5.618241841757316835e-02 5.618241841757316835e-02 5.618241841757316835e-02 5.618241841757316835e-02 5.618241841757316835e-02 5.618241841757316835e-02 5.618241841757316835e-02 5.618241841757316835e-02 5.618241841757316835e-02 5.618241841757316835e-02 5.618241841757316835e-02 5.618241841757316835e-02 5.618241841757316835e-02 5.618241841757316835e-02 5.618241841757316835e-02 5.618241841757316835e-02
1.062500000000000000e+00 7.108461901846606368e-02 7.108461901846606368e-02 7.108461901846606368e-02 7.108461901846606368e-02 7.108461901846606368e-02 7.108461901846606368e-02 7.108461901846606368e-02 7.108461901846606368e-02 7.108461901846606368e-02 7.108461901846606368e-02 7.108461901846606368e-02 7.108461901846606368e-02 7.108461901846606368e-02 7.108461901846606368e-02 7.108461901846606368e-02 7.108461901846606368e-02 7.108461901846606368e-02 7.108461901846606368e-02 7.108461901846606368e-02 7.108461901846606368e-02
1.078125000000000000e+00 2.240953077372288271e-01 2.240953077372288271e-01 2.240953077372288271e-01 2.240953077372288271e-01 2.240953077372288271e-01 2.240953077372288271e-01 2.240953077372288271e-01 2.240953077372288271e-01 2.240953077372288271e-01 2.240953077372288271e-01 2.240953077372288271e-01 2.240953077372288271e-01 2.240953077372288271e-01 2.240953077372288271e-01 2.240953077372288271e-01 2.240953077372288271e-01 2.240953077372288271e-01 2.240953077372288271e-01 2.240953077372288271e-01 2.240953077372288271e-01
1.093750000000000000e+00 1.227010350686069257e-01 1.227010350686069257e-01 1.227010350686069257e-01 1.227010350686069257e-01 1.227010350686069257e-01 1.227010350686069257e-01 1.227010350686069257e-01 1.227010350686069257e-01 1.227010350686069257e-01 1.227010350686069257e-01 1.227010350686069257e-01 1.227010350686069257e-01 1.227010350686069257e-01 1.227010350686069257e-01 1.227010350686069257e-01 1.227010350686069257e-01 1.227010350686069257e-01 1.227010350686069257e-01 1.227010350686069257e-01 1.227010350686069257e-01
1.109375000000000000e+00 5.168419656562290437e-02 5.168419656562290437e-02 5.168419656562290437e-02 5.168419656562290437e-02 5.168419656562290437e-02 5.168419656562290437e-02 5.168419656562290437e-02 5.168419656562290437e-02 5.168419656562290437e-02 5.168419656562290437e-02 5.168419656562290437e-02 5.168419656562290437e-02 5.168419656562290437e-02 5.168419656562290437e-02 5.168419656562290437e-02 5.168419656562290437e-02 5.168419656562290437e-02 5.168419656562290437e-02 5.168419656562290437e-02 5.168419656562290437e-02
1.125000000000000000e+00 9.831367438452864871e-03 9.831367438452864871e-03 9.831367438452864871e-03 9.831367438452864871e-03 9.831367438452864871e-03 9.831367438452864871e-03 9.831367438452864871e-03 9.831367438452864871e-03 9.831367438452864871e-03 9.831367438452864871e-03 9.831367438452864871e-03 9.831367438452864871e-03 9.831367438452864871e-03 9.831367438452864871e-03 9.831367438452864871e-03 9.831367438452864871e-03 9.831367438452864871e-03 9.831367438452864871e-03 9.831367438452864871e-03 9.831367438452864871e-03
1.140625000000000000e+00 1.997706586525065109e-02 1.997706586525065109e-02 1.997706586525065109e-02 1.997706586525065109e-02 1.997706586525065109e-02 1.997706586525065109e-02 1.997706586525065109e-02 1.997706586525065109e-02 1.997706586525065109e-02 1.997706586525065109e-02 1.997706586525065109e-02 1.997706586525065109e-02 1.997706586525065109e-02 1.997706586525065109e-02 1.997706586525065109e-02 1.997706586525065109e-02 1.997706586525065109e-02 1.997706586525065109e-02 1.997706586525065109e-02 1.997706586525065109e-02
1.156250000000000000e+00 2.051550382457287616e-02 2.051550382457287616e-02 2.051550382457287616e-02 2.051550382457287616e-02 2.051550382457287616e-02 2.051550382457287616e-02 2.051550382457287616e-02 2.051550382457287616e-02 2.051550382457287616e-02 2.051550382457287616e-02 2.051550382457287616e-02 2.051550382457287616e-02 2.051550382457287616e-02 2.051550382457287616e-02 2.051550382457287616e-02 2.051550382457287616e-02 2.051550382457287616e-02 2.051550382457287616e-02 2.051550382457287616e-02 2.051550382457287616e-02
1.171875000000000000e+00 9.542972778390597377e-02 9.542972778390597377e-02 9.542972778390597377e-02 9.542972778390597377e-02 9.542972778390597377e-02 9.542972778390597377e-02 9.542972778390597377e-02 9.542972778390597377e-02 9.542972778390597377e-02 9.542972778390597377e-02 9.542972778390597377e-02 9.542972778390597377e-02 9.542972778390597377e-02 9.542972778390597377e-02 9.542972778390597377e-02 9.542972778390597377e-02 9.542972778390597377e-02 9.542972778390597377e-02 9.542972778390597377e-02 9.542972778390597377e-02
1.187500000000000000e+00 7.836307277985905539e-01 7.836307277985905539e-01 7.836307277985905539e-01 7.836307277985905539e-01 7.836307277985905539e-01 7.836307277985905539e-01 7.836307277985905539e-01 7.836307277985905539e-01 7.836307277985905539e-01 7.836307277985905539e-01 7.836307277985905539e-01 7.836307277985905539e-01 7.836307277985905539e-01 7.836307277985905539e-01 7.836307277985905539e-01 7.836307277985905539e-01 7.836307277985905539e-01 7.836307277985905539e-01 7.836307277985905539e-01 7.836307277985905539e-01
1.203125000000000000e+00 8.080216553823478254e-01 8.080216553823478254e-01 8.080216553823478254e-01 8.080216553823478254e-01 8.080216553823478254e-01 8.080216553823478254e-01 8.080216553823478254e-01 8.080216553823478254e-01 8.080216553823478254e-01 8.080216553823478254e-01 8.080216553823478254e-01 8.080216553823478254e-01 8.080216553823478254e-01 8.080216553823478254e-01 8.080216553823478254e-01 8.080216553823478254e-01 8.080216553823478254e-01 8.080216553823478254e-01 8.080216553823478254e-01 8.080216553823478254e-01
1.218750000000000000e+00 8.307421993826943352e-01 8.307421993826943352e-01 8.307421993826943352e-01 8.307421993826943352e-01 8.307421993826943352e-01 8.307421993826943352e-01 8.307421993826943352e-01 8.307421993826943352e-01 8.307421993826943352e-01 8.307421993826943352e-01 8.307421993826943352e-01 8.307421993826943352e-01 8.307421993826943352e-01 8.307421993826943352e-01 8.307421993826943352e-01 8.307421993826943352e-01 8.307421993826943352e-01 8.307421993826943352e-01 8.307421993826943352e-01 8.307421993826943352e-01
1.234375000000000000e+00 2.579431989872696916e-03 2.579431989872696916e-03 2.579431989872696916e-03 2.579431989872696916e-03 2.579431989872696916e-03 2.579431989872696916e-03 2.579431989872696916e-03 2.579431989872696916e-03 2.579431989872696916e-03 2.579431989872696916e-03 2.579431989872696916e-03 2.579431989872696916e-03 2.579431989872696916e-03 2.579431989872696916e-03 2.579431989872696916e-03 2.579431989872696916e-03 2.579431989872696916e-03 2.579431989872696916e-03 2.579431989872696916e-03 2.579431989872696916e-03
1.250000000000000000e+00 6.278346969945994283e-02 6.278346969945994283e-02 6.278346969945994283e-02 6.278346969945994283e-02 6.278346969945994283e-02 6.278346969945994283e-02 6.278346969945994283e-02 6.278346969945994283e-02 6.278346969945994283e-02 6.278346969945994283e-02 6.278346969945994283e-02 6.278346969945994283e-02 6.278346969945994283e-02 6.278346969945994283e-02 6.278346969945994283e-02 6.278346969945994283e-02 6.278346969945994283e-02 6.278346969945994283e-02 6.278346969945994283e-02 6.278346969945994283e-02
1.265625000000000000e+00 3.002538041345739414e-02 3.002538041345739414e-02 3.002538041345739414e-02 3.002538041345739414e-02 3.002538041345739414e-02 3.002538041345739414e-02 3.002538041345739414e-02 3.002538041345739414e-02 3.002538041345739414e-02 3.002538041345739414e-02 3.002538041345739414e-02 3.002538041345739414e-02 3.002538041345739414e-02 3.002538041345739414e-02 3.002538041345739414e-02 3.002538041345739414e-02 3.002538041345739414e-02 3.002538041345739414e-02 3.002538041345739414e-02 3.002538041345739414e-02
1.281250000000000000e+00 3.376173959384306394e-02 3.376173959384306394e-02 3.376173959384306394e-02 3.376173959384306394e-02 3.376173959384306394e-02 3.376173959384306394e-02 3.376173959384306394e-02 3.376173959384306394e-02 3.376173959384306394e-02 3.376173959384306394e-02 3.376173959384306394e-02 3.376173959384306394e-02 3.376173959384306394e-02 3.376173959384306394e-02 3.376173959384306394e-02 3.376173959384306394e-02 3.376173959384306394e-02 3.376173959384306394e-02 3.376173959384306394e-02 3.376173959384306394e-02
1.296875000000000000e+00 2.972101958300950586e-01 2.972101958300950586e-01 2.972101958300950586e-01 2.972101958300950586e-01 2.972101958300950586e-01 2.972101958300950586e-01 2.972101958300950586e-01 2.972101958300950586e-01 2.972101958300950586e-01 2.972101958300950586e-01 2.972101958300950586e-01 2.972101958300950586e-01 2.972101958300950586e-01 2.972101958300950586e-01 2.972101958300950586e-01 2.972101958300950586e-01 2.972101958300950586e-01 2.972101958300950586e-01 2.972101958300950586e-01 2.972101958300950586e-01
1.312500000000000000e+00 1.213969868119928880e-01 1.213969868119928880e-01 1.213969868119928880e-01 1.213969868119928880e-01 1.213969868119928880e-01 1.213969868119928880e-01 1.213969868119928880e-01 1.213969868119928880e-01 1.213969868119928880e-01 1.213969868119928880e-01 1.213969868119928880e-01 1.213969868119928880e-01 1.213969868119928880e-01 1.213969868119928880e-01 1.213969868119928880e-01 1.213969868119928880e-01 1.213969868119928880e-01 1.213969868119928880e-01 1.213969868119928880e-01 1.213969868119928880e-01
1.328125000000000000e+00 7.227772648908104003e-02 7.227772648908104003e-02 7.227772648908104003e-02 7.227772648908104003e-02 7.227772648908104003e-02 7.227772648908104003e-02 7.227772648908104003e-02 7.227772648908104003e-02 7.227772648908104003e-02 7.227772648908104003e-02 7.227772648908104003e-02 7.227772648908104003e-02 7.227772648908104003e-02 7.227772648908104003e-02 7.227772648908104003e-02 7.227772648908104003e-02 7.227772648908104003e-02 7.227772648908104003e-02 7.227772648908104003e-02 7.227772648908104003e-02
1.343750000000000000e+00 1.324810584413365147e-02 1.324810584413365147e-02 1.324810584413365147e-02 1.324810584413365147e-02 1.324810584413365147e-02 1.324810584413365147e-02 1.324810584413365147e-02 1.324810584413365147e-02 1.324810584413365147e-02 1.324810584413365147e-02 1.324810584413365147e-02 1.324810584413365147e-02 1.324810584413365147e-02 1.324810584413365147e-02 1.324810584413365147e-02 1.324810584413365147e-02 1.324810584413365147e-02 1.324810584413365147e-02 1.324810584413365147e-02 1.324810584413365147e-02
1.359375000000000000e+00 5.129320574302447672e-02 5.129320574302447672e-02 5.129320574302447672e-02 5.129320574302447672e-02 5.129320574302447672e-02 5.129320574302447672e-02 5.129320574302447672e-02 5.129320574302447672e-02 5.129320574302447672e-02 5.129320574302447672e-02 5.129320574302447672e-02 5.129320574302447672e-02 5.129320574302447672e-02 5.129320574302447672e-02 5.129320574302447672e-02 5.129320574302447672e-02 5.129320574302447672e-02 5.129320574302447672e-02 5.129320574302447672e-02 5.129320574302447672e-02
1.375000000000000000e+00 3.614497802610429078e-01 3.614497802610429078e-01 3.614497802610429078e-01 3.614497802610429078e-01 3.614497802610429078e-01 3.614497802610429078e-01 3.614497802610429078e-01 3.614497802610429078e-01 3.614497802610429078e-01 3.614497802610429078e-01 3.614497802610429078e-01 3.614497802610429078e-01 3.614497802610429078e-01 3.614497802610429078e-01 3.614497802610429078e-01 3.614497802610429078e-01 3.614497802610429078e-01 3.614497802610429078e-01 3.614497802610429078e-01 3.614497802610429078e-01
1.390625000000000000e+00 5.284106603051753892e-02 5.284106603051753892e-02 5.284106603051753892e-02 5.284106603051753892e-02 5.284106603051753892e-02 5.284106603051753892e-02 5.284106603051753892e-02 5.284106603051753892e-02 5.284106603051753892e-02 5.284106603051753892e-02 5.284106603051753892e-02 5.284106603051753892e-02 5.284106603051753892e-02 5.284106603051753892e-02 5.284106603051753892e-02 5.284106603051753892e-02 5.284106603051753892e-02 5.284106603051753892e-02 5.284106603051753892e-02 5.284106603051753892e-02
1.406250000000000000e+00 4.357275966874941953e-02 4.357275966874941953e-02 4.357275966874941953e-02 4.357275966874941953e-02 4.357275966874941953e-02 4.357275966874941953e-02 4.357275966874941953e-02 4.357275966874941953e-02 4.357275966874941953e-02 4.357275966874941953e-02 4.357275966874941953e-02 4.357275966874941953e-02 4.357275966874941953e-02 4.357275966874941953e-02 4.357275966874941953e-02 4.357275966874941953e-02 4.357275966874941953e-02 4.357275966874941953e-02 4.357275966874941953e-02 4.357275966874941953e-02
1.421875000000000000e+00 7.751530563521029371e-02 7.751530563521029371e-02 7.751530563521029371e-02 7.751530563521029371e-02 7.751530563521029371e-02 7.751530563521029371e-02 7.751530563521029371e-02 7.751530563521029371e-02 7.751530563521029371e-02 7.751530563521029371e-02 7.751530563521029371e-02 7.751530563521029371e-02 7.751530563521029371e-02 7.751530563521029371e-02 7.751530563521029371e-02 7.751530563521029371e-02 7.751530563521029371e-02 7.751530563521029371e-02 7.751530563521029371e-02 7.751530563521029371e-02
1.437500000000000000e+00 3.130544899991839075e-02 3.130544899991839075e-02 3.130544899991839075e-02 3.130544899991839075e-02 3.130544899991839075e-02 3.130544899991839075e-02 3.130544899991839075e-02 3.130544899991839075e-02 3.130544899991839075e-02 3.130544899991839075e-02 3.130544899991839075e-02 3.130544899991839075e-02 3.130544899991839075e-02 3.130544899991839075e-02 3.130544899991839075e-02 3.130544899991839075e-02 3.130544899991839075e-02 3.130544899991839075e-02 3.130544899991839075e-02 3.130544899991839075e-02
1.453125000000000000e+00 1.059296175683511476e-01 1.059296175683511476e-01 1.059296175683511476e-01 1.059296175683511476e-01 1.059296175683511476e-01 1.059296175683511476e-01 1.059296175683511476e-01 1.059296175683511476e-01 1.059296175683511476e-01 1.059296175683511476e-01 1.059296175683511476e-01 1.059296175683511476e-01 1.059296175683511476e-01 1.059296175683511476e-01 1.059296175683511476e-01 1.059296175683511476e-01 1.059296175683511476e-01 1.059296175683511476e-01 1.059296175683511476e-01 1.059296175683511476e-01
1.468750000000000000e+00 3.370202124716549508e-02 3.370202124716549508e-02 3.370202124716549508e-02 3.370202124716549508e-02 3.370202124716549508e-02 3.370202124716549508e-02 3.370202124716549508e-02 3.370202124716549508e-02 3.370202124716549508e-02 3.370202124716549508e-02 3.370202124716549508e-02 3.370202124716549508e-02 3.370202124716549508e-02 3.370202124716549508e-02 3.370202124716549508e-02 3.370202124716549508e-02 3.370202124716549508e-02 3.370202124716549508e-02 3.370202124716549508e-02 3.370202124716549508e-02
1.484375000000000000e+00 2.492586888670092135e-02 2.492586888670092135e-02 2.492586888670092135e-02 2.492586888670092135e-02 2.492586888670092135e-02 2.492586888670092135e-02 2.492586888670092135e-02 2.492586888670092135e-02 2.492586888670092135e-02 2.492586888670092135e-02 2.492586888670092135e-02 2.492586888670092135e-02 2.492586888670092135e-02 2.492586888670092135e-02 2.492586888670092135e-02 2.492586888670092135e-02 2.492586888670092135e-02 2.492586888670092135e-02 2.492586888670092135e-02 2.492586888670092135e-02
1.500000000000000000e+00 3.064784675257153576e-02 3.064784675257153576e-02 3.064784675257153576e-02 3.064784675257153576e-02 3.064784675257153576e-02 3.064784675257153576e-02 3.064784675257153576e-02 3.064784675257153576e-02 3.064784675257153576e-02 3.064784675257153576e-02 3.064784675257153576e-02 3.064784675257153576e-02 3.064784675257153576e-02 3.064784675257153576e-02 3.064784675257153576e-02 3.064784675257153576e-02 3.064784675257153576e-02 3.064784675257153576e-02 3.064784675257153576e-02 3.064784675257153576e-02
1.515625000000000000e+00 1.812732130587137863e-02 1.812732130587137863e-02 1.812732130587137863e-02 1.812732130587137863e-02 1.812732130587137863e-02 1.812732130587137863e-02 1.812732130587137863e-02 1.812732130587137863e-02 1.812732130587137863e-02 1.812732130587137863e-02 1.812732130587137863e-02 1.812732130587137863e-02 1.812732130587137863e-02 1.812732130587137863e-02 1.812732130587137863e-02 1.812732130587137863e-02 1.812732130587137863e-02 1.812732130587137863e-02 1.812732130587137863e-02 1.812732130587137863e-02
1.531250000000000000e+00 8.824007329232655406e-02 8.824007329232655406e-02 8.824007329232655406e-02 8.824007329232655406e-02 8.824007329232655406e-02 8.824007329232655406e-02 8.824007329232655406e-02 8.824007329232655406e-02 8.824007329232655406e-02 8.824007329232655406e-02 8.824007329232655406e-02 8.824007329232655406e-02 8.824007329232655406e-02 8.824007329232655406e-02 8.824007329232655406e-02 8.824007329232655406e-02 8.824007329232655406e-02 8.824007329232655406e-02 8.824007329232655406e-02 8.824007329232655406e-02
1.546875000000000000e+00 1.418327690102384464e-01 1.418327690102384464e-01 1.418327690102384464e-01 1.418327690102384464e-01 1.418327690102384464e-01 1.418327690102384464e-01 1.418327690102384464e-01 1.418327690102384464e-01 1.418327690102384464e-01 1.418327690102384464e-01 1.418327690102384464e-01 1.418327690102384464e-01 1.418327690102384464e-01 1.418327690102384464e-01 1.418327690102384464e-01 1.418327690102384464e-01 1.418327690102384464e-01 1.418327690102384464e-01 1.418327690102384464e-01 1.418327690102384464e-01
1.562500000000000000e+00 1.052689070179621128e-01 1.052689070179621128e-01 1.052689070179621128e-01 1.052689070179621128e-01 1.052689070179621128e-01 1.052689070179621128e-01 1.052689070179621128e-01 1.052689070179621128e-01 1.052689070179621128e-01 1.052689070179621128e-01 1.052689070179621128e-01 1.052689070179621128e-01 1.052689070179621128e-01 1.052689070179621128e-01 1.052689070179621128e-01 1.052689070179621128e-01 1.052689070179621128e-01 1.052689070179621128e-01 1.052689070179621128e-01 1.052689070179621128e-01
1.578125000000000000e+00 2.510604947979628090e-02 2.510604947979628090e-02 2.510604947979628090e-02 2.510604947979628090e-02 2.510604947979628090e-02 2.510604947979628090e-02 2.510604947979628090e-02 2.510604947979628090e-02 2.510604947979628090e-02 2.510604947979628090e-02 2.510604947979628090e-02 2.510604947979628090e-02 2.510604947979628090e-02 2.510604947979628090e-02 2.510604947979628090e-02 2.510604947979628090e-02 2.510604947979628090e-02 2.510604947979628090e-02 2.510604947979628090e-02 2.510604947979628090e-02
1.593750000000000000e+00 8.285708525092130849e-02 8.285708525092130849e-02 8.285708525092130849e-02 8.285708525092130849e-02 8.285708525092130849e-02 8.285708525092130849e-02 8.285708525092130849e-02 8.285708525092130849e-02 8.285708525092130849e-02 8.285708525092130849e-02 8.285708525092130849e-02 8.285708525092130849e-02 8.285708525092130849e-02 8.285708525092130849e-02 8.285708525092130849e-02 8.285708525092130849e-02 8.285708525092130849e-02 8.285708525092130849e-02 8.285708525092130849e-02 8.285708525092130849e-02
1.609375000000000000e+00 9.722503759857080430e-02 9.722503759857080430e-02 9.722503759857080430e-02 9.722503759857080430e-02 9.722503759857080430e-02 9.722503759857080430e-02 9.722503759857080430e-02 9.722503759857080430e-02 9.722503759857080430e-02 9.722503759857080430e-02 9.722503759857080430e-02 9.722503759857080430e-02 9.722503759857080430e-02 9.722503759857080430e-02 9.722503759857080430e-02 9.722503759857080430e-02 9.722503759857080430e-02 9.722503759857080430e-02 9.722503759857080430e-02 9.722503759857080430e-02
1.625000000000000000e+00 2.649872860822135578e-01 2.649872860822135578e-01 2.649872860822135578e-01 2.649872860822135578e-01 2.649872860822135578e-01 2.649872860822135578e-01 2.649872860822135578e-01 2.649872860822135578e-01 2.649872860822135578e-01 2.649872860822135578e-01 2.649872860822135578e-01 2.649872860822135578e-01 2.649872860822135578e-01 2.649872860822135578e-01 2.649872860822135578e-01 2.649872860822135578e-01 2.649872860822135578e-01 2.649872860822135578e-01 2.649872860822135578e-01 2.649872860822135578e-01
1.640625000000000000e+00 1.277174868997174306e-01 1.277174868997174306e-01 1.277174868997174306e-01 1.277174868997174306e-01 1.277174868997174306e-01 1.277174868997174306e-01 1.277174868997174306e-01 1.277174868997174306e-01 1.277174868997174306e-01 1.277174868997174306e-01 1.277174868997174306e-01 1.277174868997174306e-01 1.277174868997174306e-01 1.277174868997174306e-01 1.277174868997174306e-01 1.277174868997174306e-01 1.277174868997174306e-01 1.277174868997174306e-01 1.277174868997174306e-01 1.277174868997174306e-01
1.656250000000000000e+00 7.069955968238474109e-02 7.069955968238474109e-02 7.069955968238474109e-02 7.069955968238474109e-02 7.069955968238474109e-02 7.069955968238474109e-02 7.069955968238474109e-02 7.069955968238474109e-02 7.069955968238474109e-02 7.069955968238474109e-02 7.069955968238474109e-02 7.069955968238474109e-02 7.069955968238474109e-02 7.069955968238474109e-02 7.069955968238474109e-02 7.069955968238474109e-02 7.069955968238474109e-02 7.069955968238474109e-02 7.069955968238474109e-02 7.069955968238474109e-02
1.671875000000000000e+00 3.184819503034040933e-01 3.184819503034040933e-01 3.184819503034040933e-01 3.184819503034040933e-01 3.184819503034040933e-01 3.184819503034040933e-01 3.184819503034040933e-01 3.184819503034040933e-01 3.184819503034040933e-01 3.184819503034040933e-01 3.184819503034040933e-01 3.184819503034040933e-01 3.184819503034040933e-01 3.184819503034040933e-01 3.184819503034040933e-01 3.184819503034040933e-01 3.184819503034040933e-01 3.184819503034040933e-01 3.184819503034040933e-01 3.184819503034040933e-01
1.687500000000000000e+00 2.463684674383842255e-01 2.463684674383842255e-01 2.463684674383842255e-01 2.463684674383842255e-01 2.463684674383842255e-01 2.463684674383842255e-01 2.463684674383842255e-01 2.463684674383842255e-01 2.463684674383842255e-01 2.463684674383842255e-01 2.463684674383842255e-01 2.463684674383842255e-01 2.463684674383842255e-01 2.463684674383842255e-01 2.463684674383842255e-01 2.463684674383842255e-01 2.463684674383842255e-01 2.463684674383842255e-01 2.463684674383842255e-01 2.463684674383842255e-01
1.703125000000000000e+00 1.485591214391607795e-01 1.485591214391607795e-01 1.485591214391607795e-01 1.485591214391607795e-01 1.485591214391607795e-01 1.485591214391607795e-01 1.485591214391607795e-01 1.485591214391607795e-01 1.485591214391607795e-01 1.485591214391607795e-01 1.485591214391607795e-01 1.485591214391607795e-01 1.485591214391607795e-01 1.485591214391607795e-01 1.485591214391607795e-01 1.485591214391607795e-01 1.485591214391607795e-01 1.485591214391607795e-01 1.485591214391607795e-01 1.485591214391607795e-01
1.718750000000000000e+00 4.329374332159300343e-01 4.329374332159300343e-01 4.329374332159300343e-01 4.329374332159300343e-01 4.329374332159300343e-01 4.329374332159300343e-01 4.329374332159300343e-01 4.329374332159300343e-01 4.329374332159300343e-01 4.329374332159300343e-01 4.329374332159300343e-01 4.329374332159300343e-01 4.329374332159300343e-01 4.329374332159300343e-01 4.329374332159300343e-01 4.329374332159300343e-01 4.329374332159300343e-01 4.329374332159300343e-01 4.329374332159300343e-01 4.329374332159300343e-01
1.734375000000000000e+00 1.935500551451453111e-01 1.935500551451453111e-01 1.935500551451453111e-01 1.935500551451453111e-01 1.935500551451453111e-01 1.935500551451453111e-01 1.935500551451453111e-01 1.935500551451453111e-01 1.935500551451453111e-01 1.935500551451453111e-01 1.935500551451453111e-01 1.935500551451453111e-01 1.935500551451453111e-01 1.935500551451453111e-01 1.935500551451453111e-01 1.935500551451453111e-01 1.935500551451453111e-01 1.935500551451453111e-01 1.935500551451453111e-01 1.935500551451453111e-01
1.750000000000000000e+00 1.009561375633233164e-02 1.009561375633233164e-02 1.009561375633233164e-02 1.009561375633233164e-02 1.009561375633233164e-02 1.009561375633233164e-02 1.009561375633233164e-02 1.009561375633233164e-02 1.009561375633233164e-02 1.009561375633233164e-02 1.009561375633233164e-02 1.009561375633233164e-02 1.009561375633233164e-02 1.009561375633233164e-02 1.009561375633233164e-02 1.009561375633233164e-02 1.009561375633233164e-02 1.009561375633233164e-02 1.009561375633233164e-02 1.009561375633233164e-02
1.765625000000000000e+00 1.073219694431011284e-01 1.073219694431011284e-01 1.073219694431011284e-01 1.073219694431011284e-01 1.073219694431011284e-01 1.073219694431011284e-01 1.073219694431011284e-01 1.073219694431011284e-01 1.073219694431011284e-01 1.073219694431011284e-01 1.073219694431011284e-01 1.073219694431011284e-01 1.073219694431011284e-01 1.073219694431011284e-01 1.073219694431011284e-01 1.073219694431011284e-01 1.073219694431011284e-01 1.073219694431011284e-01 1.073219694431011284e-01 1.073219694431011284e-01
1.781250000000000000e+00 3.013270611811931232e-01 3.013270611811931232e-01 3.013270611811931232e-01 3.013270611811931232e-01 3.013270611811931232e-01 3.013270611811931232e-01 3.013270611811931232e-01 3.013270611811931232e-01 3.013270611811931232e-01 3.013270611811931232e-01 3.013270611811931232e-01 3.013270611811931232e-01 3.013270611811931232e-01 3.013270611811931232e-01 3.013270611811931232e-01 3.013270611811931232e-01 3.013270611811931232e-01 3.013270611811931232e-01 3.013270611811931232e-01 3.013270611811931232e-01
1.796875000000000000e+00 2.546728624799410312e-01 2.546728624799410312e-01 2.546728624799410312e-01 2.546728624799410312e-01 2.546728624799410312e-01 2.546728624799410312e-01 2.546728624799410312e-01 2.546728624799410312e-01 2.546728624799410312e-01 2.546728624799410312e-01 2.546728624799410312e-01 2.546728624799410312e-01 2.546728624799410312e-01 2.546728624799410312e-01 2.546728624799410312e-01 2.546728624799410312e-01 2.546728624799410312e-01 2.546728624799410312e-01 2.546728624799410312e-01 2.546728624799410312e-01
1.812500000000000000e+00 1.681193571448505175e-01 1.681193571448505175e-01 1.681193571448505175e-01 1.681193571448505175e-01 1.681193571448505175e-01 1.681193571448505175e-01 1.681193571448505175e-01 1.681193571448505175e-01 1.681193571448505175e-01 1.681193571448505175e-01 1.681193571448505175e-01 1.681193571448505175e-01 1.681193571448505175e-01 1.681193571448505175e-01 1.681193571448505175e-01 1.681193571448505175e-01 1.681193571448505175e-01 1.681193571448505175e-01 1.681193571448505175e-01 1.681193571448505175e-01
1.828125000000000000e+00 8.362807777594949421e-02 8.362807777594949421e-02 8.362807777594949421e-02 8.362807777594949421e-02 8.362807777594949421e-02 8.362807777594949421e-02 8.362807777594949421e-02 8.362807777594949421e-02 8.362807777594949421e-02 8.362807777594949421e-02 8.362807777594949421e-02 8.362807777594949421e-02 8.362807777594949421e-02 8.362807777594949421e-02 8.362807777594949421e-02 8.362807777594949421e-02 8.362807777594949421e-02 8.362807777594949421e-02 8.362807777594949421e-02 8.362807777594949421e-02
1.843750000000000000e+00 1.096540859614767854e-01 1.096540859614767854e-01 1.096540859614767854e-01 1.096540859614767854e-01 1.096540859614767854e-01 1.096540859614767854e-01 1.096540859614767854e-01 1.096540859614767854e-01 1.096540859614767854e-01 1.096540859614767854e-01 1.096540859614767854e-01 1.096540859614767854e-01 1.096540859614767854e-01 1.096540859614767854e-01 1.096540859614767854e-01 1.096540859614767854e-01 1.096540859614767854e-01 1.096540859614767854e-01 1.096540859614767854e-01 1.096540859614767854e-01
1.859375000000000000e+00 1.454916755741357537e-01 1.454916755741357537e-01 1.454916755741357537e-01 1.454916755741357537e-01 1.454916755741357537e-01 1.454916755741357537e-01 1.454916755741357537e-01 1.454916755741357537e-01 1.454916755741357537e-01 1.454916755741357537e-01 1.454916755741357537e-01 1.454916755741357537e-01 1.454916755741357537e-01 1.454916755741357537e-01 1.454916755741357537e-01 1.454916755741357537e-01 1.454916755741357537e-01 1.454916755741357537e-01 1.454916755741357537e-01 1.454916755741357537e-01
1.875000000000000000e+00 8.424651511698506845e-02 8.424651511698506845e-02 8.424651511698506845e-02 8.424651511698506845e-02 8.424651511698506845e-02 8.424651511698506845e-02 8.424651511698506845e-02 8.424651511698506845e-02 8.424651511698506845e-02 8.424651511698506845e-02 8.424651511698506845e-02 8.424651511698506845e-02 8.424651511698506845e-02 8.424651511698506845e-02 8.424651511698506845e-02 8.424651511698506845e-02 8.424651511698506845e-02 8.424651511698506845e-02 8.424651511698506845e-02 8.424651511698506845e-02
1.890625000000000000e+00 6.452209954379015469e-03 6.452209954379015469e-03 6.452209954379015469e-03 6.452209954379015469e-03 6.452209954379015469e-03 6.452209954379015469e-03 6.452209954379015469e-03 6.452209954379015469e-03 6.452209954379015469e-03 6.452209954379015469e-03 6.452209954379015469e-03 6.452209954379015469e-03 6.452209954379015469e-03 6.452209954379015469e-03 6.452209954379015469e-03 6.452209954379015469e-03 6.452209954379015469e-03 6.452209954379015469e-03 6.452209954379015469e-03 6.452209954379015469e-03
1.906250000000000000e+00 3.597072525829374950e-02 3.597072525829374950e-02 3.597072525829374950e-02 3.597072525829374950e-02 3.597072525829374950e-02 3.597072525829374950e-02 3.597072525829374950e-02 3.597072525829374950e-02 3.597072525829374950e-02 3.597072525829374950e-02 3.597072525829374950e-02 3.597072525829374950e-02 3.597072525829374950e-02 3.597072525829374950e-02 3.597072525829374950e-02 3.597072525829374950e-02 3.597072525829374950e-02 3.597072525829374950e-02 3.597072525829374950e-02 3.597072525829374950e-02
1.921875000000000000e+00 2.267011466247455254e-02 2.267011466247455254e-02 2.267011466247455254e-02 2.267011466247455254e-02 2.267011466247455254e-02 2.267011466247455254e-02 2.267011466247455254e-02 2.267011466247455254e-02 2.267011466247455254e-02 2.267011466247455254e-02 2.267011466247455254e-02 2.267011466247455254e-02 2.267011466247455254e-02 2.267011466247455254e-02 2.267011466247455254e-02 2.267011466247455254e-02 2.267011466247455254e-02 2.267011466247455254e-02 2.267011466247455254e-02 2.267011466247455254e-02
1.937500000000000000e+00 6.972249137380382052e-03 6.972249137380382052e-03 6.972249137380382052e-03 6.972249137380382052e-03 6.972249137380382052e-03 6.972249137380382052e-03 6.972249137380382052e-03 6.972249137380382052e-03 6.972249137380382052e-03 6.972249137380382052e-03 6.972249137380382052e-03 6.972249137380382052e-03 6.972249137380382052e-03 6.972249137380382052e-03 6.972249137380382052e-03 6.972249137380382052e-03 6.972249137380382052e-03 6.972249137380382052e-03 6.972249137380382052e-03 6.972249137380382052e-03
1.953125000000000000e+00 4.283992309510181729e-02 4.283992309510181729e-02 4.283992309510181729e-02 4.283992309510181729e-02 4.283992309510181729e-02 4.283992309510181729e-02 4.283992309510181729e-02 4.283992309510181729e-02 4.283992309510181729e-02 4.283992309510181729e-02 4.283992309510181729e-02 4.283992309510181729e-02 4.283992309510181729e-02 4.283992309510181729e-02 4.283992309510181729e-02 4.283992309510181729e-02 4.283992309510181729e-02 4.283992309510181729e-02 4.283992309510181729e-02 4.283992309510181729e-02
1.968750000000000000e+00 1.025493488322908875e-01 1.025493488322908875e-01 1.025493488322908875e-01 1.025493488322908875e-01 1.025493488322908875e-01 1.025493488322908875e-01 1.025493488322908875e-01 1.025493488322908875e-01 1.025493488322908875e-01 1.025493488322908875e-01 1.025493488322908875e-01 1.025493488322908875e-01 1.025493488322908875e-01 1.025493488322908875e-01 1.025493488322908875e-01 1.025493488322908875e-01 1.025493488322908875e-01 1.025493488322908875e-01 1.025493488322908875e-01 1.025493488322908875e-01
1.984375000000000000e+00 6.580144489882519543e-02 6.580144489882519543e-02 6.580144489882519543e-02 6.580144489882519543e-02 6.580144489882519543e-02 6.580144489882519543e-02 6.580144489882519543e-02 6.580144489882519543e-02 6.580144489882519543e-02 6.580144489882519543e-02 6.580144489882519543e-02 6.580144489882519543e-02 6.580144489882519543e-02 6.580144489882519543e-02 6.580144489882519543e-02 6.580144489882519543e-02 6.580144489882519543e-02 6.580144489882519543e-02 6.580144489882519543e-02 6.580144489882519543e-02
2.000000000000000000e+00 2.291904432871740005e-02 2.291904432871740005e-02 2.291904432871740005e-02 2.291904432871740005e-02 2.291904432871740005e-02 2.291904432871740005e-02 2.291904432871740005e-02 2.291904432871740005e-02 2.291904432871740005e-02 2.291904432871740005e-02 2.291904432871740005e-02 2.291904432871740005e-02 2.291904432871740005e-02 2.291904432871740005e-02 2.291904432871740005e-02 2.291904432871740005e-02 2.291904432871740005e-02 2.291904432871740005e-02 2.291904432871740005e-02 2.291904432871740005e-02
