0.000000000000000000e+00 8.168721352534238367e-01 8.168721352534238367e-01 8.168721352534238367e-01 8.168721352534238367e-01 8.168721352534238367e-01 8.168721352534238367e-01 8.168721352534238367e-01 8.168721352534238367e-01 8.168721352534238367e-01 8.168721352534238367e-01 8.168721352534238367e-01 8.168721352534238367e-01 8.168721352534238367e-01 8.168721352534238367e-01 8.168721352534238367e-01 8.168721352534238367e-01 8.168721352534238367e-01 8.168721352534238367e-01 8.168721352534238367e-01 8.168721352534238367e-01
1.562500000000000000e-02 1.333060442708306759e-01 1.333060442708306759e-01 1.333060442708306759e-01 1.333060442708306759e-01 1.333060442708306759e-01 1.333060442708306759e-01 1.333060442708306759e-01 1.333060442708306759e-01 1.333060442708306759e-01 1.333060442708306759e-01 1.333060442708306759e-01 1.333060442708306759e-01 1.333060442708306759e-01 1.333060442708306759e-01 1.333060442708306759e-01 1.333060442708306759e-01 1.333060442708306759e-01 1.333060442708306759e-01 1.333060442708306759e-01 1.333060442708306759e-01
3.125000000000000000e-02 3.058815106134177720e-03 3.058815106134177720e-03 3.058815106134177720e-03 3.058815106134177720e-03 3.058815106134177720e-03 3.058815106134177720e-03 3.058815106134177720e-03 3.058815106134177720e-03 3.058815106134177720e-03 3.058815106134177720e-03 3.058815106134177720e-03 3.058815106134177720e-03 3.058815106134177720e-03 3.058815106134177720e-03 3.058815106134177720e-03 3.058815106134177720e-03 3.058815106134177720e-03 3.058815106134177720e-03 3.058815106134177720e-03 3.058815106134177720e-03
4.687500000000000000e-02 6.083619751900575835e-03 6.083619751900575835e-03 6.083619751900575835e-03 6.083619751900575835e-03 6.083619751900575835e-03 6.083619751900575835e-03 6.083619751900575835e-03 6.083619751900575835e-03 6.083619751900575835e-03 6.083619751900575835e-03 6.083619751900575835e-03 6.083619751900575835e-03 6.083619751900575835e-03 6.083619751900575835e-03 6.083619751900575835e-03 6.083619751900575835e-03 6.083619751900575835e-03 6.083619751900575835e-03 6.083619751900575835e-03 6.083619751900575835e-03
6.250000000000000000e-02 4.351921320880010324e-02 4.351921320880010324e-02 4.351921320880010324e-02 4.351921320880010324e-02 4.351921320880010324e-02 4.351921320880010324e-02 4.351921320880010324e-02 4.351921320880010324e-02 4.351921320880010324e-02 4.351921320880010324e-02 4.351921320880010324e-02 4.351921320880010324e-02 4.351921320880010324e-02 4.351921320880010324e-02 4.351921320880010324e-02 4.351921320880010324e-02 4.351921320880010324e-02 4.351921320880010324e-02 4.351921320880010324e-02 4.351921320880010324e-02
7.812500000000000000e-02 6.757274564100287928e-02 6.757274564100287928e-02 6.757274564100287928e-02 6.757274564100287928e-02 6.757274564100287928e-02 6.757274564100287928e-02 6.757274564100287928e-02 6.757274564100287928e-02 6.757274564100287928e-02 6.757274564100287928e-02 6.757274564100287928e-02 6.757274564100287928e-02 6.757274564100287928e-02 6.757274564100287928e-02 6.757274564100287928e-02 6.757274564100287928e-02 6.757274564100287928e-02 6.757274564100287928e-02 6.757274564100287928e-02 6.757274564100287928e-02
9.375000000000000000e-02 6.214157988202249905e-02 6.214157988202249905e-02 6.214157988202249905e-02 6.214157988202249905e-02 6.214157988202249905e-02 6.214157988202249905e-02 6.214157988202249905e-02 6.214157988202249905e-02 6.214157988202249905e-02 6.214157988202249905e-02 6.214157988202249905e-02 6.214157988202249905e-02 6.214157988202249905e-02 6.214157988202249905e-02 6.214157988202249905e-02 6.214157988202249905e-02 6.214157988202249905e-02 6.214157988202249905e-02 6.214157988202249905e-02 6.214157988202249905e-02
1.093750000000000000e-01 4.559242795518577557e-02 4.559242795518577557e-02 4.559242795518577557e-02 4.559242795518577557e-02 4.559242795518577557e-02 4.559242795518577557e-02 4.559242795518577557e-02 4.559242795518577557e-02 4.559242795518577557e-02 4.559242795518577557e-02 4.559242795518577557e-02 4.559242795518577557e-02 4.559242795518577557e-02 4.559242795518577557e-02 4.559242795518577557e-02 4.559242795518577557e-02 4.559242795518577557e-02 4.559242795518577557e-02 4.559242795518577557e-02 4.559242795518577557e-02
1.250000000000000000e-01 2.997245410641347085e-02 2.997245410641347085e-02 2.997245410641347085e-02 2.997245410641347085e-02 2.997245410641347085e-02 2.997245410641347085e-02 2.997245410641347085e-02 2.997245410641347085e-02 2.997245410641347085e-02 2.997245410641347085e-02 2.997245410641347085e-02 2.997245410641347085e-02 2.997245410641347085e-02 2.997245410641347085e-02 2.997245410641347085e-02 2.997245410641347085e-02 2.997245410641347085e-02 2.997245410641347085e-02 2.997245410641347085e-02 2.997245410641347085e-02
1.406250000000000000e-01 2.086153765566352639e-02 2.086153765566352639e-02 2.086153765566352639e-02 2.086153765566352639e-02 2.086153765566352639e-02 2.086153765566352639e-02 2.086153765566352639e-02 2.086153765566352639e-02 2.086153765566352639e-02 2.086153765566352639e-02 2.086153765566352639e-02 2.086153765566352639e-02 2.086153765566352639e-02 2.086153765566352639e-02 2.086153765566352639e-02 2.086153765566352639e-02 2.086153765566352639e-02 2.086153765566352639e-02 2.086153765566352639e-02 2.086153765566352639e-02
1.562500000000000000e-01 4.922296338820127959e-01 4.922296338820127959e-01 4.922296338820127959e-01 4.922296338820127959e-01 4.922296338820127959e-01 4.922296338820127959e-01 4.922296338820127959e-01 4.922296338820127959e-01 4.922296338820127959e-01 4.922296338820127959e-01 4.922296338820127959e-01 4.922296338820127959e-01 4.922296338820127959e-01 4.922296338820127959e-01 4.922296338820127959e-01 4.922296338820127959e-01 4.922296338820127959e-01 4.922296338820127959e-01 4.922296338820127959e-01 4.922296338820127959e-01
1.718750000000000000e-01 6.164957424284411847e-01 6.164957424284411847e-01 6.164957424284411847e-01 6.164957424284411847e-01 6.164957424284411847e-01 6.164957424284411847e-01 6.164957424284411847e-01 6.164957424284411847e-01 6.164957424284411847e-01 6.164957424284411847e-01 6.164957424284411847e-01 6.164957424284411847e-01 6.164957424284411847e-01 6.164957424284411847e-01 6.164957424284411847e-01 6.164957424284411847e-01 6.164957424284411847e-01 6.164957424284411847e-01 6.164957424284411847e-01 6.164957424284411847e-01
1.875000000000000000e-01 9.870950678063775685e-01 9.870950678063775685e-01 9.870950678063775685e-01 9.870950678063775685e-01 9.870950678063775685e-01 9.870950678063775685e-01 9.870950678063775685e-01 9.870950678063775685e-01 9.870950678063775685e-01 9.870950678063775685e-01 9.870950678063775685e-01 9.870950678063775685e-01 9.870950678063775685e-01 9.870950678063775685e-01 9.870950678063775685e-01 9.870950678063775685e-01 9.870950678063775685e-01 9.870950678063775685e-01 9.870950678063775685e-01 9.870950678063775685e-01
2.031250000000000000e-01 9.970396069389191318e-01 9.970396069389191318e-01 9.970396069389191318e-01 9.970396069389191318e-01 9.970396069389191318e-01 9.970396069389191318e-01 9.970396069389191318e-01 9.970396069389191318e-01 9.970396069389191318e-01 9.970396069389191318e-01 9.970396069389191318e-01 9.970396069389191318e-01 9.970396069389191318e-01 9.970396069389191318e-01 9.970396069389191318e-01 9.970396069389191318e-01 9.970396069389191318e-01 9.970396069389191318e-01 9.970396069389191318e-01 9.970396069389191318e-01
2.187500000000000000e-01 9.725637632093990792e-01 9.725637632093990792e-01 9.725637632093990792e-01 9.725637632093990792e-01 9.725637632093990792e-01 9.725637632093990792e-01 9.725637632093990792e-01 9.725637632093990792e-01 9.725637632093990792e-01 9.725637632093990792e-01 9.725637632093990792e-01 9.725637632093990792e-01 9.725637632093990792e-01 9.725637632093990792e-01 9.725637632093990792e-01 9.725637632093990792e-01 9.725637632093990792e-01 9.725637632093990792e-01 9.725637632093990792e-01 9.725637632093990792e-01
2.343750000000000000e-01 4.419978220117138368e-01 4.419978220117138368e-01 4.419978220117138368e-01 4.419978220117138368e-01 4.419978220117138368e-01 4.419978220117138368e-01 4.419978220117138368e-01 4.419978220117138368e-01 4.419978220117138368e-01 4.419978220117138368e-01 4.419978220117138368e-01 4.419978220117138368e-01 4.419978220117138368e-01 4.419978220117138368e-01 4.419978220117138368e-01 4.419978220117138368e-01 4.419978220117138368e-01 4.419978220117138368e-01 4.419978220117138368e-01 4.419978220117138368e-01
2.500000000000000000e-01 6.831503979227618317e-02 6.831503979227618317e-02 6.831503979227618317e-02 6.831503979227618317e-02 6.831503979227618317e-02 6.831503979227618317e-02 6.831503979227618317e-02 6.831503979227618317e-02 6.831503979227618317e-02 6.831503979227618317e-02 6.831503979227618317e-02 6.831503979227618317e-02 6.831503979227618317e-02 6.831503979227618317e-02 6.831503979227618317e-02 6.831503979227618317e-02 6.831503979227618317e-02 6.831503979227618317e-02 6.831503979227618317e-02 6.831503979227618317e-02
2.656250000000000000e-01 1.723835358979676838e-02 1.723835358979676838e-02 1.723835358979676838e-02 1.723835358979676838e-02 1.723835358979676838e-02 1.723835358979676838e-02 1.723835358979676838e-02 1.723835358979676838e-02 1.723835358979676838e-02 1.723835358979676838e-02 1.723835358979676838e-02 1.723835358979676838e-02 1.723835358979676838e-02 1.723835358979676838e-02 1.723835358979676838e-02 1.723835358979676838e-02 1.723835358979676838e-02 1.723835358979676838e-02 1.723835358979676838e-02 1.723835358979676838e-02
2.812500000000000000e-01 8.686493083172415475e-02 8.686493083172415475e-02 8.686493083172415475e-02 8.686493083172415475e-02 8.686493083172415475e-02 8.686493083172415475e-02 8.686493083172415475e-02 8.686493083172415475e-02 8.686493083172415475e-02 8.686493083172415475e-02 8.686493083172415475e-02 8.686493083172415475e-02 8.686493083172415475e-02 8.686493083172415475e-02 8.686493083172415475e-02 8.686493083172415475e-02 8.686493083172415475e-02 8.686493083172415475e-02 8.686493083172415475e-02 8.686493083172415475e-02
2.968750000000000000e-01 2.768513797703289411e-02 2.768513797703289411e-02 2.768513797703289411e-02 2.768513797703289411e-02 2.768513797703289411e-02 2.768513797703289411e-02 2.768513797703289411e-02 2.768513797703289411e-02 2.768513797703289411e-02 2.768513797703289411e-02 2.768513797703289411e-02 2.768513797703289411e-02 2.768513797703289411e-02 2.768513797703289411e-02 2.768513797703289411e-02 2.768513797703289411e-02 2.768513797703289411e-02 2.768513797703289411e-02 2.768513797703289411e-02 2.768513797703289411e-02
3.125000000000000000e-01 3.243779013611017975e-02 3.243779013611017975e-02 3.243779013611017975e-02 3.243779013611017975e-02 3.243779013611017975e-02 3.243779013611017975e-02 3.243779013611017975e-02 3.243779013611017975e-02 3.243779013611017975e-02 3.243779013611017975e-02 3.243779013611017975e-02 3.243779013611017975e-02 3.243779013611017975e-02 3.243779013611017975e-02 3.243779013611017975e-02 3.243779013611017975e-02 3.243779013611017975e-02 3.243779013611017975e-02 3.243779013611017975e-02 3.243779013611017975e-02
3.281250000000000000e-01 8.171516592934266465e-02 8.171516592934266465e-02 8.171516592934266465e-02 8.171516592934266465e-02 8.171516592934266465e-02 8.171516592934266465e-02 8.171516592934266465e-02 8.171516592934266465e-02 8.171516592934266465e-02 8.171516592934266465e-02 8.171516592934266465e-02 8.171516592934266465e-02 8.171516592934266465e-02 8.171516592934266465e-02 8.171516592934266465e-02 8.171516592934266465e-02 8.171516592934266465e-02 8.171516592934266465e-02 8.171516592934266465e-02 8.171516592934266465e-02
3.437500000000000000e-01 5.078007265092469510e-03 5.078007265092469510e-03 5.078007265092469510e-03 5.078007265092469510e-03 5.078007265092469510e-03 5.078007265092469510e-03 5.078007265092469510e-03 5.078007265092469510e-03 5.078007265092469510e-03 5.078007265092469510e-03 5.078007265092469510e-03 5.078007265092469510e-03 5.078007265092469510e-03 5.078007265092469510e-03 5.078007265092469510e-03 5.078007265092469510e-03 5.078007265092469510e-03 5.078007265092469510e-03 5.078007265092469510e-03 5.078007265092469510e-03
3.593750000000000000e-01 2.386690673222101235e-03 2.386690673222101235e-03 2.386690673222101235e-03 2.386690673222101235e-03 2.386690673222101235e-03 2.386690673222101235e-03 2.386690673222101235e-03 2.386690673222101235e-03 2.386690673222101235e-03 2.386690673222101235e-03 2.386690673222101235e-03 2.386690673222101235e-03 2.386690673222101235e-03 2.386690673222101235e-03 2.386690673222101235e-03 2.386690673222101235e-03 2.386690673222101235e-03 2.386690673222101235e-03 2.386690673222101235e-03 2.386690673222101235e-03
3.750000000000000000e-01 3.199449162505126065e-02 3.199449162505126065e-02 3.199449162505126065e-02 3.199449162505126065e-02 3.199449162505126065e-02 3.199449162505126065e-02 3.199449162505126065e-02 3.199449162505126065e-02 3.199449162505126065e-02 3.199449162505126065e-02 3.199449162505126065e-02 3.199449162505126065e-02 3.199449162505126065e-02 3.199449162505126065e-02 3.199449162505126065e-02 3.199449162505126065e-02 3.199449162505126065e-02 3.199449162505126065e-02 3.199449162505126065e-02 3.199449162505126065e-02
3.906250000000000000e-01 2.711375491070638910e-02 2.711375491070638910e-02 2.711375491070638910e-02 2.711375491070638910e-02 2.711375491070638910e-02 2.711375491070638910e-02 2.711375491070638910e-02 2.711375491070638910e-02 2.711375491070638910e-02 2.711375491070638910e-02 2.711375491070638910e-02 2.711375491070638910e-02 2.711375491070638910e-02 2.711375491070638910e-02 2.711375491070638910e-02 2.711375491070638910e-02 2.711375491070638910e-02 2.711375491070638910e-02 2.711375491070638910e-02 2.711375491070638910e-02
4.062500000000000000e-01 2.733130241106916398e-03 2.733130241106916398e-03 2.733130241106916398e-03 2.733130241106916398e-03 2.733130241106916398e-03 2.733130241106916398e-03 2.733130241106916398e-03 2.733130241106916398e-03 2.733130241106916398e-03 2.733130241106916398e-03 2.733130241106916398e-03 2.733130241106916398e-03 2.733130241106916398e-03 2.733130241106916398e-03 2.733130241106916398e-03 2.733130241106916398e-03 2.733130241106916398e-03 2.733130241106916398e-03 2.733130241106916398e-03 2.733130241106916398e-03
4.218750000000000000e-01 2.536589706773082972e-02 2.536589706773082972e-02 2.536589706773082972e-02 2.536589706773082972e-02 2.536589706773082972e-02 2.536589706773082972e-02 2.536589706773082972e-02 2.536589706773082972e-02 2.536589706773082972e-02 2.536589706773082972e-02 2.536589706773082972e-02 2.536589706773082972e-02 2.536589706773082972e-02 2.536589706773082972e-02 2.536589706773082972e-02 2.536589706773082972e-02 2.536589706773082972e-02 2.536589706773082972e-02 2.536589706773082972e-02 2.536589706773082972e-02
4.375000000000000000e-01 4.560057931751204663e-02 4.560057931751204663e-02 4.560057931751204663e-02 4.560057931751204663e-02 4.560057931751204663e-02 4.560057931751204663e-02 4.560057931751204663e-02 4.560057931751204663e-02 4.560057931751204663e-02 4.560057931751204663e-02 4.560057931751204663e-02 4.560057931751204663e-02 4.560057931751204663e-02 4.560057931751204663e-02 4.560057931751204663e-02 4.560057931751204663e-02 4.560057931751204663e-02 4.560057931751204663e-02 4.560057931751204663e-02 4.560057931751204663e-02
4.531250000000000000e-01 2.804510918016056564e-02 2.804510918016056564e-02 2.804510918016056564e-02 2.804510918016056564e-02 2.804510918016056564e-02 2.804510918016056564e-02 2.804510918016056564e-02 2.804510918016056564e-02 2.804510918016056564e-02 2.804510918016056564e-02 2.804510918016056564e-02 2.804510918016056564e-02 2.804510918016056564e-02 2.804510918016056564e-02 2.804510918016056564e-02 2.804510918016056564e-02 2.804510918016056564e-02 2.804510918016056564e-02 2.804510918016056564e-02 2.804510918016056564e-02
4.687500000000000000e-01 3.155712825903971702e-03 3.155712825903971702e-03 3.155712825903971702e-03 3.155712825903971702e-03 3.155712825903971702e-03 3.155712825903971702e-03 3.155712825903971702e-03 3.155712825903971702e-03 3.155712825903971702e-03 3.155712825903971702e-03 3.155712825903971702e-03 3.155712825903971702e-03 3.155712825903971702e-03 3.155712825903971702e-03 3.155712825903971702e-03 3.155712825903971702e-03 3.155712825903971702e-03 3.155712825903971702e-03 3.155712825903971702e-03 3.155712825903971702e-03
4.843750000000000000e-01 1.341610146295118405e-02 1.341610146295118405e-02 1.341610146295118405e-02 1.341610146295118405e-02 1.341610146295118405e-02 1.341610146295118405e-02 1.341610146295118405e-02 1.341610146295118405e-02 1.341610146295118405e-02 1.341610146295118405e-02 1.341610146295118405e-02 1.341610146295118405e-02 1.341610146295118405e-02 1.341610146295118405e-02 1.341610146295118405e-02 1.341610146295118405e-02 1.341610146295118405e-02 1.341610146295118405e-02 1.341610146295118405e-02 1.341610146295118405e-02
5.000000000000000000e-01 3.352519944630876630e-02 3.352519944630876630e-02 3.352519944630876630e-02 3.352519944630876630e-02 3.352519944630876630e-02 3.352519944630876630e-02 3.352519944630876630e-02 3.352519944630876630e-02 3.352519944630876630e-02 3.352519944630876630e-02 3.352519944630876630e-02 3.352519944630876630e-02 3.352519944630876630e-02 3.352519944630876630e-02 3.352519944630876630e-02 3.352519944630876630e-02 3.352519944630876630e-02 3.352519944630876630e-02 3.352519944630876630e-02 3.352519944630876630e-02
5.156250000000000000e-01 7.317864661544892096e-03 7.317864661544892096e-03 7.317864661544892096e-03 7.317864661544892096e-03 7.317864661544892096e-03 7.317864661544892096e-03 7.317864661544892096e-03 7.317864661544892096e-03 7.317864661544892096e-03 7.317864661544892096e-03 7.317864661544892096e-03 7.317864661544892096e-03 7.317864661544892096e-03 7.317864661544892096e-03 7.317864661544892096e-03 7.317864661544892096e-03 7.317864661544892096e-03 7.317864661544892096e-03 7.317864661544892096e-03 7.317864661544892096e-03
5.312500000000000000e-01 1.753888506867789599e-03 1.753888506867789599e-03 1.753888506867789599e-03 1.753888506867789599e-03 1.753888506867789599e-03 1.753888506867789599e-03 1.753888506867789599e-03 1.753888506867789599e-03 1.753888506867789599e-03 1.753888506867789599e-03 1.753888506867789599e-03 1.753888506867789599e-03 1.753888506867789599e-03 1.753888506867789599e-03 1.753888506867789599e-03 1.753888506867789599e-03 1.753888506867789599e-03 1.753888506867789599e-03 1.753888506867789599e-03 1.753888506867789599e-03
5.468750000000000000e-01 1.902528493694953873e-02 1.902528493694953873e-02 1.902528493694953873e-02 1.902528493694953873e-02 1.902528493694953873e-02 1.902528493694953873e-02 1.902528493694953873e-02 1.902528493694953873e-02 1.902528493694953873e-02 1.902528493694953873e-02 1.902528493694953873e-02 1.902528493694953873e-02 1.902528493694953873e-02 1.902528493694953873e-02 1.902528493694953873e-02 1.902528493694953873e-02 1.902528493694953873e-02 1.902528493694953873e-02 1.902528493694953873e-02 1.902528493694953873e-02
5.625000000000000000e-01 4.861933361078152327e-02 4.861933361078152327e-02 4.861933361078152327e-02 4.861933361078152327e-02 4.861933361078152327e-02 4.861933361078152327e-02 4.861933361078152327e-02 4.861933361078152327e-02 4.861933361078152327e-02 4.861933361078152327e-02 4.861933361078152327e-02 4.861933361078152327e-02 4.861933361078152327e-02 4.861933361078152327e-02 4.861933361078152327e-02 4.861933361078152327e-02 4.861933361078152327e-02 4.861933361078152327e-02 4.861933361078152327e-02 4.861933361078152327e-02
5.781250000000000000e-01 7.271528366843103830e-02 7.271528366843103830e-02 7.271528366843103830e-02 7.271528366843103830e-02 7.271528366843103830e-02 7.271528366843103830e-02 7.271528366843103830e-02 7.271528366843103830e-02 7.271528366843103830e-02 7.271528366843103830e-02 7.271528366843103830e-02 7.271528366843103830e-02 7.271528366843103830e-02 7.271528366843103830e-02 7.271528366843103830e-02 7.271528366843103830e-02 7.271528366843103830e-02 7.271528366843103830e-02 7.271528366843103830e-02 7.271528366843103830e-02
5.937500000000000000e-01 8.301258488196747165e-02 8.301258488196747165e-02 8.301258488196747165e-02 8.301258488196747165e-02 8.301258488196747165e-02 8.301258488196747165e-02 8.301258488196747165e-02 8.301258488196747165e-02 8.301258488196747165e-02 8.301258488196747165e-02 8.301258488196747165e-02 8.301258488196747165e-02 8.301258488196747165e-02 8.301258488196747165e-02 8.301258488196747165e-02 8.301258488196747165e-02 8.301258488196747165e-02 8.301258488196747165e-02 8.301258488196747165e-02 8.301258488196747165e-02
6.093750000000000000e-01 8.379513841540059405e-02 8.379513841540059405e-02 8.379513841540059405e-02 8.379513841540059405e-02 8.379513841540059405e-02 8.379513841540059405e-02 8.379513841540059405e-02 8.379513841540059405e-02 8.379513841540059405e-02 8.379513841540059405e-02 8.379513841540059405e-02 8.379513841540059405e-02 8.379513841540059405e-02 8.379513841540059405e-02 8.379513841540059405e-02 8.379513841540059405e-02 8.379513841540059405e-02 8.379513841540059405e-02 8.379513841540059405e-02 8.379513841540059405e-02
6.250000000000000000e-01 4.621861542162548214e-02 4.621861542162548214e-02 4.621861542162548214e-02 4.621861542162548214e-02 4.621861542162548214e-02 4.621861542162548214e-02 4.621861542162548214e-02 4.621861542162548214e-02 4.621861542162548214e-02 4.621861542162548214e-02 4.621861542162548214e-02 4.621861542162548214e-02 4.621861542162548214e-02 4.621861542162548214e-02 4.621861542162548214e-02 4.621861542162548214e-02 4.621861542162548214e-02 4.621861542162548214e-02 4.621861542162548214e-02 4.621861542162548214e-02
6.406250000000000000e-01 2.720925324028455536e-02 2.720925324028455536e-02 2.720925324028455536e-02 2.720925324028455536e-02 2.720925324028455536e-02 2.720925324028455536e-02 2.720925324028455536e-02 2.720925324028455536e-02 2.720925324028455536e-02 2.720925324028455536e-02 2.720925324028455536e-02 2.720925324028455536e-02 2.720925324028455536e-02 2.720925324028455536e-02 2.720925324028455536e-02 2.720925324028455536e-02 2.720925324028455536e-02 2.720925324028455536e-02 2.720925324028455536e-02 2.720925324028455536e-02
6.562500000000000000e-01 2.373530011408301887e-01 2.373530011408301887e-01 2.373530011408301887e-01 2.373530011408301887e-01 2.373530011408301887e-01 2.373530011408301887e-01 2.373530011408301887e-01 2.373530011408301887e-01 2.373530011408301887e-01 2.373530011408301887e-01 2.373530011408301887e-01 2.373530011408301887e-01 2.373530011408301887e-01 2.373530011408301887e-01 2.373530011408301887e-01 2.373530011408301887e-01 2.373530011408301887e-01 2.373530011408301887e-01 2.373530011408301887e-01 2.373530011408301887e-01
6.718750000000000000e-01 4.402795585742969031e-01 4.402795585742969031e-01 4.402795585742969031e-01 4.402795585742969031e-01 4.402795585742969031e-01 4.402795585742969031e-01 4.402795585742969031e-01 4.402795585742969031e-01 4.402795585742969031e-01 4.402795585742969031e-01 4.402795585742969031e-01 4.402795585742969031e-01 4.402795585742969031e-01 4.402795585742969031e-01 4.402795585742969031e-01 4.402795585742969031e-01 4.402795585742969031e-01 4.402795585742969031e-01 4.402795585742969031e-01 4.402795585742969031e-01
6.875000000000000000e-01 7.188638974871767173e-01 7.188638974871767173e-01 7.188638974871767173e-01 7.188638974871767173e-01 7.188638974871767173e-01 7.188638974871767173e-01 7.188638974871767173e-01 7.188638974871767173e-01 7.188638974871767173e-01 7.188638974871767173e-01 7.188638974871767173e-01 7.188638974871767173e-01 7.188638974871767173e-01 7.188638974871767173e-01 7.188638974871767173e-01 7.188638974871767173e-01 7.188638974871767173e-01 7.188638974871767173e-01 7.188638974871767173e-01 7.188638974871767173e-01
7.031250000000000000e-01 8.194119320143762319e-01 8.194119320143762319e-01 8.194119320143762319e-01 8.194119320143762319e-01 8.194119320143762319e-01 8.194119320143762319e-01 8.194119320143762319e-01 8.194119320143762319e-01 8.194119320143762319e-01 8.194119320143762319e-01 8.194119320143762319e-01 8.194119320143762319e-01 8.194119320143762319e-01 8.194119320143762319e-01 8.194119320143762319e-01 8.194119320143762319e-01 8.194119320143762319e-01 8.194119320143762319e-01 8.194119320143762319e-01 8.194119320143762319e-01
7.187500000000000000e-01 4.088274374066393491e-01 4.088274374066393491e-01 4.088274374066393491e-01 4.088274374066393491e-01 4.088274374066393491e-01 4.088274374066393491e-01 4.088274374066393491e-01 4.088274374066393491e-01 4.088274374066393491e-01 4.088274374066393491e-01 4.088274374066393491e-01 4.088274374066393491e-01 4.088274374066393491e-01 4.088274374066393491e-01 4.088274374066393491e-01 4.088274374066393491e-01 4.088274374066393491e-01 4.088274374066393491e-01 4.088274374066393491e-01 4.088274374066393491e-01
7.343750000000000000e-01 2.763891585085060942e-01 2.763891585085060942e-01 2.763891585085060942e-01 2.763891585085060942e-01 2.763891585085060942e-01 2.763891585085060942e-01 2.763891585085060942e-01 2.763891585085060942e-01 2.763891585085060942e-01 2.763891585085060942e-01 2.763891585085060942e-01 2.763891585085060942e-01 2.763891585085060942e-01 2.763891585085060942e-01 2.763891585085060942e-01 2.763891585085060942e-01 2.763891585085060942e-01 2.763891585085060942e-01 2.763891585085060942e-01 2.763891585085060942e-01
7.500000000000000000e-01 5.492211306522461201e-02 5.492211306522461201e-02 5.492211306522461201e-02 5.492211306522461201e-02 5.492211306522461201e-02 5.492211306522461201e-02 5.492211306522461201e-02 5.492211306522461201e-02 5.492211306522461201e-02 5.492211306522461201e-02 5.492211306522461201e-02 5.492211306522461201e-02 5.492211306522461201e-02 5.492211306522461201e-02 5.492211306522461201e-02 5.492211306522461201e-02 5.492211306522461201e-02 5.492211306522461201e-02 5.492211306522461201e-02 5.492211306522461201e-02
7.656250000000000000e-01 2.080723528831587843e-02 2.080723528831587843e-02 2.080723528831587843e-02 2.080723528831587843e-02 2.080723528831587843e-02 2.080723528831587843e-02 2.080723528831587843e-02 2.080723528831587843e-02 2.080723528831587843e-02 2.080723528831587843e-02 2.080723528831587843e-02 2.080723528831587843e-02 2.080723528831587843e-02 2.080723528831587843e-02 2.080723528831587843e-02 2.080723528831587843e-02 2.080723528831587843e-02 2.080723528831587843e-02 2.080723528831587843e-02 2.080723528831587843e-02
7.812500000000000000e-01 1.633241759967103343e-02 1.633241759967103343e-02 1.633241759967103343e-02 1.633241759967103343e-02 1.633241759967103343e-02 1.633241759967103343e-02 1.633241759967103343e-02 1.633241759967103343e-02 1.633241759967103343e-02 1.633241759967103343e-02 1.633241759967103343e-02 1.633241759967103343e-02 1.633241759967103343e-02 1.633241759967103343e-02 1.633241759967103343e-02 1.633241759967103343e-02 1.633241759967103343e-02 1.633241759967103343e-02 1.633241759967103343e-02 1.633241759967103343e-02
7.968750000000000000e-01 4.014496843675917359e-02 4.014496843675917359e-02 4.014496843675917359e-02 4.014496843675917359e-02 4.014496843675917359e-02 4.014496843675917359e-02 4.014496843675917359e-02 4.014496843675917359e-02 4.014496843675917359e-02 4.014496843675917359e-02 4.014496843675917359e-02 4.014496843675917359e-02 4.014496843675917359e-02 4.014496843675917359e-02 4.014496843675917359e-02 4.014496843675917359e-02 4.014496843675917359e-02 4.014496843675917359e-02 4.014496843675917359e-02 4.014496843675917359e-02
8.125000000000000000e-01 4.365314689631030753e-02 4.365314689631030753e-02 4.365314689631030753e-02 4.365314689631030753e-02 4.365314689631030753e-02 4.365314689631030753e-02 4.365314689631030753e-02 4.365314689631030753e-02 4.365314689631030753e-02 4.365314689631030753e-02 4.365314689631030753e-02 4.365314689631030753e-02 4.365314689631030753e-02 4.365314689631030753e-02 4.365314689631030753e-02 4.365314689631030753e-02 4.365314689631030753e-02 4.365314689631030753e-02 4.365314689631030753e-02 4.365314689631030753e-02
8.281250000000000000e-01 5.945594140601320309e-04 5.945594140601320309e-04 5.945594140601320309e-04 5.945594140601320309e-04 5.945594140601320309e-04 5.945594140601320309e-04 5.945594140601320309e-04 5.945594140601320309e-04 5.945594140601320309e-04 5.945594140601320309e-04 5.945594140601320309e-04 5.945594140601320309e-04 5.945594140601320309e-04 5.945594140601320309e-04 5.945594140601320309e-04 5.945594140601320309e-04 5.945594140601320309e-04 5.945594140601320309e-04 5.945594140601320309e-04 5.945594140601320309e-04
8.437500000000000000e-01 1.146429385909574356e-01 1.146429385909574356e-01 1.146429385909574356e-01 1.146429385909574356e-01 1.146429385909574356e-01 1.146429385909574356e-01 1.146429385909574356e-01 1.146429385909574356e-01 1.146429385909574356e-01 1.146429385909574356e-01 1.146429385909574356e-01 1.146429385909574356e-01 1.146429385909574356e-01 1.146429385909574356e-01 1.146429385909574356e-01 1.146429385909574356e-01 1.146429385909574356e-01 1.146429385909574356e-01 1.146429385909574356e-01 1.146429385909574356e-01
8.593750000000000000e-01 1.569653395078056705e-03 1.569653395078056705e-03 1.569653395078056705e-03 1.569653395078056705e-03 1.569653395078056705e-03 1.569653395078056705e-03 1.569653395078056705e-03 1.569653395078056705e-03 1.569653395078056705e-03 1.569653395078056705e-03 1.569653395078056705e-03 1.569653395078056705e-03 1.569653395078056705e-03 1.569653395078056705e-03 1.569653395078056705e-03 1.569653395078056705e-03 1.569653395078056705e-03 1.569653395078056705e-03 1.569653395078056705e-03 1.569653395078056705e-03
8.750000000000000000e-01 3.036499090952373033e-03 3.036499090952373033e-03 3.036499090952373033e-03 3.036499090952373033e-03 3.036499090952373033e-03 3.036499090952373033e-03 3.036499090952373033e-03 3.036499090952373033e-03 3.036499090952373033e-03 3.036499090952373033e-03 3.036499090952373033e-03 3.036499090952373033e-03 3.036499090952373033e-03 3.036499090952373033e-03 3.036499090952373033e-03 3.036499090952373033e-03 3.036499090952373033e-03 3.036499090952373033e-03 3.036499090952373033e-03 3.036499090952373033e-03
8.906250000000000000e-01 3.247813180774024658e-03 3.247813180774024658e-03 3.247813180774024658e-03 3.247813180774024658e-03 3.247813180774024658e-03 3.247813180774024658e-03 3.247813180774024658e-03 3.247813180774024658e-03 3.247813180774024658e-03 3.247813180774024658e-03 3.247813180774024658e-03 3.247813180774024658e-03 3.247813180774024658e-03 3.247813180774024658e-03 3.247813180774024658e-03 3.247813180774024658e-03 3.247813180774024658e-03 3.247813180774024658e-03 3.247813180774024658e-03 3.247813180774024658e-03
9.062500000000000000e-01 5.616154848435294528e-02 5.616154848435294528e-02 5.616154848435294528e-02 5.616154848435294528e-02 5.616154848435294528e-02 5.616154848435294528e-02 5.616154848435294528e-02 5.616154848435294528e-02 5.616154848435294528e-02 5.616154848435294528e-02 5.616154848435294528e-02 5.616154848435294528e-02 5.616154848435294528e-02 5.616154848435294528e-02 5.616154848435294528e-02 5.616154848435294528e-02 5.616154848435294528e-02 5.616154848435294528e-02 5.616154848435294528e-02 5.616154848435294528e-02
9.218750000000000000e-01 5.588711038112138124e-02 5.588711038112138124e-02 5.588711038112138124e-02 5.588711038112138124e-02 5.588711038112138124e-02 5.588711038112138124e-02 5.588711038112138124e-02 5.588711038112138124e-02 5.588711038112138124e-02 5.588711038112138124e-02 5.588711038112138124e-02 5.588711038112138124e-02 5.588711038112138124e-02 5.588711038112138124e-02 5.588711038112138124e-02 5.588711038112138124e-02 5.588711038112138124e-02 5.588711038112138124e-02 5.588711038112138124e-02 5.588711038112138124e-02
9.375000000000000000e-01 4.098213085216508705e-02 4.098213085216508705e-02 4.098213085216508705e-02 4.098213085216508705e-02 4.098213085216508705e-02 4.098213085216508705e-02 4.098213085216508705e-02 4.098213085216508705e-02 4.098213085216508705e-02 4.098213085216508705e-02 4.098213085216508705e-02 4.098213085216508705e-02 4.098213085216508705e-02 4.098213085216508705e-02 4.098213085216508705e-02 4.098213085216508705e-02 4.098213085216508705e-02 4.098213085216508705e-02 4.098213085216508705e-02 4.098213085216508705e-02
9.531250000000000000e-01 1.350445520719522827e-02 1.350445520719522827e-02 1.350445520719522827e-02 1.350445520719522827e-02 1.350445520719522827e-02 1.350445520719522827e-02 1.350445520719522827e-02 1.350445520719522827e-02 1.350445520719522827e-02 1.350445520719522827e-02 1.350445520719522827e-02 1.350445520719522827e-02 1.350445520719522827e-02 1.350445520719522827e-02 1.350445520719522827e-02 1.350445520719522827e-02 1.350445520719522827e-02 1.350445520719522827e-02 1.350445520719522827e-02 1.350445520719522827e-02
9.687500000000000000e-01 7.644500675575338980e-03 7.644500675575338980e-03 7.644500675575338980e-03 7.644500675575338980e-03 7.644500675575338980e-03 7.644500675575338980e-03 7.644500675575338980e-03 7.644500675575338980e-03 7.644500675575338980e-03 7.644500675575338980e-03 7.644500675575338980e-03 7.644500675575338980e-03 7.644500675575338980e-03 7.644500675575338980e-03 7.644500675575338980e-03 7.644500675575338980e-03 7.644500675575338980e-03 7.644500675575338980e-03 7.644500675575338980e-03 7.644500675575338980e-03
9.843750000000000000e-01 5.647011781813236764e-02 5.647011781813236764e-02 5.647011781813236764e-02 5.647011781813236764e-02 5.647011781813236764e-02 5.647011781813236764e-02 5.647011781813236764e-02 5.647011781813236764e-02 5.647011781813236764e-02 5.647011781813236764e-02 5.647011781813236764e-02 5.647011781813236764e-02 5.647011781813236764e-02 5.647011781813236764e-02 5.647011781813236764e-02 5.647011781813236764e-02 5.647011781813236764e-02 5.647011781813236764e-02 5.647011781813236764e-02 5.647011781813236764e-02
1.000000000000000000e+00 7.388743922788577889e-02 7.388743922788577889e-02 7.388743922788577889e-02 7.388743922788577889e-02 7.388743922788577889e-02 7.388743922788577889e-02 7.388743922788577889e-02 7.388743922788577889e-02 7.388743922788577889e-02 7.388743922788577889e-02 7.388743922788577889e-02 7.388743922788577889e-02 7.388743922788577889e-02 7.388743922788577889e-02 7.388743922788577889e-02 7.388743922788577889e-02 7.388743922788577889e-02 7.388743922788577889e-02 7.388743922788577889e-02 7.388743922788577889e-02
1.015625000000000000e+00 8.816425513192793773e-02 8.816425513192793773e-02 8.816425513192793773e-02 8.816425513192793773e-02 8.816425513192793773e-02 8.816425513192793773e-02 8.816425513192793773e-02 8.816425513192793773e-02 8.816425513192793773e-02 8.816425513192793773e-02 8.816425513192793773e-02 8.816425513192793773e-02 8.816425513192793773e-02 8.816425513192793773e-02 8.816425513192793773e-02 8.816425513192793773e-02 8.816425513192793773e-02 8.816425513192793773e-02 8.816425513192793773e-02 8.816425513192793773e-02
1.031250000000000000e+00 2.402914031127394850e-02 2.402914031127394850e-02 2.402914031127394850e-02 2.402914031127394850e-02 2.402914031127394850e-02 2.402914031127394850e-02 2.402914031127394850e-02 2.402914031127394850e-02 2.402914031127394850e-02 2.402914031127394850e-02 2.402914031127394850e-02 2.402914031127394850e-02 2.402914031127394850e-02 2.402914031127394850e-02 2.402914031127394850e-02 2.402914031127394850e-02 2.402914031127394850e-02 2.402914031127394850e-02 2.402914031127394850e-02 2.402914031127394850e-02
1.046875000000000000e+00 2.526128488027245753e-02 2.526128488027245753e-02 2.526128488027245753e-02 2.526128488027245753e-02 2.526128488027245753e-02 2.526128488027245753e-02 2.526128488027245753e-02 2.526128488027245753e-02 2.526128488027245753e-02 2.526128488027245753e-02 2.526128488027245753e-02 2.526128488027245753e-02 2.526128488027245753e-02 2.526128488027245753e-02 2.526128488027245753e-02 2.526128488027245753e-02 2.526128488027245753e-02 2.526128488027245753e-02 2.526128488027245753e-02 2.526128488027245753e-02
1.062500000000000000e+00 2.369105648953022739e-02 2.369105648953022739e-02 2.369105648953022739e-02 2.369105648953022739e-02 2.369105648953022739e-02 2.369105648953022739e-02 2.369105648953022739e-02 2.369105648953022739e-02 2.369105648953022739e-02 2.369105648953022739e-02 2.369105648953022739e-02 2.369105648953022739e-02 2.369105648953022739e-02 2.369105648953022739e-02 2.369105648953022739e-02 2.369105648953022739e-02 2.369105648953022739e-02 2.369105648953022739e-02 2.369105648953022739e-02 2.369105648953022739e-02
1.078125000000000000e+00 2.242580948642258418e-02 2.242580948642258418e-02 2.242580948642258418e-02 2.242580948642258418e-02 2.242580948642258418e-02 2.242580948642258418e-02 2.242580948642258418e-02 2.242580948642258418e-02 2.242580948642258418e-02 2.242580948642258418e-02 2.242580948642258418e-02 2.242580948642258418e-02 2.242580948642258418e-02 2.242580948642258418e-02 2.242580948642258418e-02 2.242580948642258418e-02 2.242580948642258418e-02 2.242580948642258418e-02 2.242580948642258418e-02 2.242580948642258418e-02
1.093750000000000000e+00 4.459535773514636953e-02 4.459535773514636953e-02 4.459535773514636953e-02 4.459535773514636953e-02 4.459535773514636953e-02 4.459535773514636953e-02 4.459535773514636953e-02 4.459535773514636953e-02 4.459535773514636953e-02 4.459535773514636953e-02 4.459535773514636953e-02 4.459535773514636953e-02 4.459535773514636953e-02 4.459535773514636953e-02 4.459535773514636953e-02 4.459535773514636953e-02 4.459535773514636953e-02 4.459535773514636953e-02 4.459535773514636953e-02 4.459535773514636953e-02
1.109375000000000000e+00 5.416670713785708136e-02 5.416670713785708136e-02 5.416670713785708136e-02 5.416670713785708136e-02 5.416670713785708136e-02 5.416670713785708136e-02 5.416670713785708136e-02 5.416670713785708136e-02 5.416670713785708136e-02 5.416670713785708136e-02 5.416670713785708136e-02 5.416670713785708136e-02 5.416670713785708136e-02 5.416670713785708136e-02 5.416670713785708136e-02 5.416670713785708136e-02 5.416670713785708136e-02 5.416670713785708136e-02 5.416670713785708136e-02 5.416670713785708136e-02
1.125000000000000000e+00 4.577094969296099242e-02 4.577094969296099242e-02 4.577094969296099242e-02 4.577094969296099242e-02 4.577094969296099242e-02 4.577094969296099242e-02 4.577094969296099242e-02 4.577094969296099242e-02 4.577094969296099242e-02 4.577094969296099242e-02 4.577094969296099242e-02 4.577094969296099242e-02 4.577094969296099242e-02 4.577094969296099242e-02 4.577094969296099242e-02 4.577094969296099242e-02 4.577094969296099242e-02 4.577094969296099242e-02 4.577094969296099242e-02 4.577094969296099242e-02
1.140625000000000000e+00 3.369090443623243281e-02 3.369090443623243281e-02 3.369090443623243281e-02 3.369090443623243281e-02 3.369090443623243281e-02 3.369090443623243281e-02 3.369090443623243281e-02 3.369090443623243281e-02 3.369090443623243281e-02 3.369090443623243281e-02 3.369090443623243281e-02 3.369090443623243281e-02 3.369090443623243281e-02 3.369090443623243281e-02 3.369090443623243281e-02 3.369090443623243281e-02 3.369090443623243281e-02 3.369090443623243281e-02 3.369090443623243281e-02 3.369090443623243281e-02
1.156250000000000000e+00 4.978151919955270954e-01 4.978151919955270954e-01 4.978151919955270954e-01 4.978151919955270954e-01 4.978151919955270954e-01 4.978151919955270954e-01 4.978151919955270954e-01 4.978151919955270954e-01 4.978151919955270954e-01 4.978151919955270954e-01 4.978151919955270954e-01 4.978151919955270954e-01 4.978151919955270954e-01 4.978151919955270954e-01 4.978151919955270954e-01 4.978151919955270954e-01 4.978151919955270954e-01 4.978151919955270954e-01 4.978151919955270954e-01 4.978151919955270954e-01
1.171875000000000000e+00 4.732183480408493903e-01 4.732183480408493903e-01 4.732183480408493903e-01 4.732183480408493903e-01 4.732183480408493903e-01 4.732183480408493903e-01 4.732183480408493903e-01 4.732183480408493903e-01 4.732183480408493903e-01 4.732183480408493903e-01 4.732183480408493903e-01 4.732183480408493903e-01 4.732183480408493903e-01 4.732183480408493903e-01 4.732183480408493903e-01 4.732183480408493903e-01 4.732183480408493903e-01 4.732183480408493903e-01 4.732183480408493903e-01 4.732183480408493903e-01
1.187500000000000000e+00 7.187755594432051476e-01 7.187755594432051476e-01 7.187755594432051476e-01 7.187755594432051476e-01 7.187755594432051476e-01 7.187755594432051476e-01 7.187755594432051476e-01 7.187755594432051476e-01 7.187755594432051476e-01 7.187755594432051476e-01 7.187755594432051476e-01 7.187755594432051476e-01 7.187755594432051476e-01 7.187755594432051476e-01 7.187755594432051476e-01 7.187755594432051476e-01 7.187755594432051476e-01 7.187755594432051476e-01 7.187755594432051476e-01 7.187755594432051476e-01
1.203125000000000000e+00 6.965333968414421095e-01 6.965333968414421095e-01 6.965333968414421095e-01 6.965333968414421095e-01 6.965333968414421095e-01 6.965333968414421095e-01 6.965333968414421095e-01 6.965333968414421095e-01 6.965333968414421095e-01 6.965333968414421095e-01 6.965333968414421095e-01 6.965333968414421095e-01 6.965333968414421095e-01 6.965333968414421095e-01 6.965333968414421095e-01 6.965333968414421095e-01 6.965333968414421095e-01 6.965333968414421095e-01 6.965333968414421095e-01 6.965333968414421095e-01
1.218750000000000000e+00 4.778973340511262768e-01 4.778973340511262768e-01 4.778973340511262768e-01 4.778973340511262768e-01 4.778973340511262768e-01 4.778973340511262768e-01 4.778973340511262768e-01 4.778973340511262768e-01 4.778973340511262768e-01 4.778973340511262768e-01 4.778973340511262768e-01 4.778973340511262768e-01 4.778973340511262768e-01 4.778973340511262768e-01 4.778973340511262768e-01 4.778973340511262768e-01 4.778973340511262768e-01 4.778973340511262768e-01 4.778973340511262768e-01 4.778973340511262768e-01
1.234375000000000000e+00 4.645683028695282157e-01 4.645683028695282157e-01 4.645683028695282157e-01 4.645683028695282157e-01 4.645683028695282157e-01 4.645683028695282157e-01 4.645683028695282157e-01 4.645683028695282157e-01 4.645683028695282157e-01 4.645683028695282157e-01 4.645683028695282157e-01 4.645683028695282157e-01 4.645683028695282157e-01 4.645683028695282157e-01 4.645683028695282157e-01 4.645683028695282157e-01 4.645683028695282157e-01 4.645683028695282157e-01 4.645683028695282157e-01 4.645683028695282157e-01
1.250000000000000000e+00 1.925796780030325228e-01 1.925796780030325228e-01 1.925796780030325228e-01 1.925796780030325228e-01 1.925796780030325228e-01 1.925796780030325228e-01 1.925796780030325228e-01 1.925796780030325228e-01 1.925796780030325228e-01 1.925796780030325228e-01 1.925796780030325228e-01 1.925796780030325228e-01 1.925796780030325228e-01 1.925796780030325228e-01 1.925796780030325228e-01 1.925796780030325228e-01 1.925796780030325228e-01 1.925796780030325228e-01 1.925796780030325228e-01 1.925796780030325228e-01
1.265625000000000000e+00 2.932884901294122507e-02 2.932884901294122507e-02 2.932884901294122507e-02 2.932884901294122507e-02 2.932884901294122507e-02 2.932884901294122507e-02 2.932884901294122507e-02 2.932884901294122507e-02 2.932884901294122507e-02 2.932884901294122507e-02 2.932884901294122507e-02 2.932884901294122507e-02 2.932884901294122507e-02 2.932884901294122507e-02 2.932884901294122507e-02 2.932884901294122507e-02 2.932884901294122507e-02 2.932884901294122507e-02 2.932884901294122507e-02 2.932884901294122507e-02
1.281250000000000000e+00 9.913922726354856829e-02 9.913922726354856829e-02 9.913922726354856829e-02 9.913922726354856829e-02 9.913922726354856829e-02 9.913922726354856829e-02 9.913922726354856829e-02 9.913922726354856829e-02 9.913922726354856829e-02 9.913922726354856829e-02 9.913922726354856829e-02 9.913922726354856829e-02 9.913922726354856829e-02 9.913922726354856829e-02 9.913922726354856829e-02 9.913922726354856829e-02 9.913922726354856829e-02 9.913922726354856829e-02 9.913922726354856829e-02 9.913922726354856829e-02
1.296875000000000000e+00 2.369053967547609940e-01 2.369053967547609940e-01 2.369053967547609940e-01 2.369053967547609940e-01 2.369053967547609940e-01 2.369053967547609940e-01 2.369053967547609940e-01 2.369053967547609940e-01 2.369053967547609940e-01 2.369053967547609940e-01 2.369053967547609940e-01 2.369053967547609940e-01 2.369053967547609940e-01 2.369053967547609940e-01 2.369053967547609940e-01 2.369053967547609940e-01 2.369053967547609940e-01 2.369053967547609940e-01 2.369053967547609940e-01 2.369053967547609940e-01
1.312500000000000000e+00 2.466536175656741658e-01 2.466536175656741658e-01 2.466536175656741658e-01 2.466536175656741658e-01 2.466536175656741658e-01 2.466536175656741658e-01 2.466536175656741658e-01 2.466536175656741658e-01 2.466536175656741658e-01 2.466536175656741658e-01 2.466536175656741658e-01 2.466536175656741658e-01 2.466536175656741658e-01 2.466536175656741658e-01 2.466536175656741658e-01 2.466536175656741658e-01 2.466536175656741658e-01 2.466536175656741658e-01 2.466536175656741658e-01 2.466536175656741658e-01
1.328125000000000000e+00 2.048616893421230933e-01 2.048616893421230933e-01 2.048616893421230933e-01 2.048616893421230933e-01 2.048616893421230933e-01 2.048616893421230933e-01 2.048616893421230933e-01 2.048616893421230933e-01 2.048616893421230933e-01 2.048616893421230933e-01 2.048616893421230933e-01 2.048616893421230933e-01 2.048616893421230933e-01 2.048616893421230933e-01 2.048616893421230933e-01 2.048616893421230933e-01 2.048616893421230933e-01 2.048616893421230933e-01 2.048616893421230933e-01 2.048616893421230933e-01
1.343750000000000000e+00 1.558276772565261592e-01 1.558276772565261592e-01 1.558276772565261592e-01 1.558276772565261592e-01 1.558276772565261592e-01 1.558276772565261592e-01 1.558276772565261592e-01 1.558276772565261592e-01 1.558276772565261592e-01 1.558276772565261592e-01 1.558276772565261592e-01 1.558276772565261592e-01 1.558276772565261592e-01 1.558276772565261592e-01 1.558276772565261592e-01 1.558276772565261592e-01 1.558276772565261592e-01 1.558276772565261592e-01 1.558276772565261592e-01 1.558276772565261592e-01
1.359375000000000000e+00 2.210554454252795960e-03 2.210554454252795960e-03 2.210554454252795960e-03 2.210554454252795960e-03 2.210554454252795960e-03 2.210554454252795960e-03 2.210554454252795960e-03 2.210554454252795960e-03 2.210554454252795960e-03 2.210554454252795960e-03 2.210554454252795960e-03 2.210554454252795960e-03 2.210554454252795960e-03 2.210554454252795960e-03 2.210554454252795960e-03 2.210554454252795960e-03 2.210554454252795960e-03 2.210554454252795960e-03 2.210554454252795960e-03 2.210554454252795960e-03
1.375000000000000000e+00 7.318053338659594870e-03 7.318053338659594870e-03 7.318053338659594870e-03 7.318053338659594870e-03 7.318053338659594870e-03 7.318053338659594870e-03 7.318053338659594870e-03 7.318053338659594870e-03 7.318053338659594870e-03 7.318053338659594870e-03 7.318053338659594870e-03 7.318053338659594870e-03 7.318053338659594870e-03 7.318053338659594870e-03 7.318053338659594870e-03 7.318053338659594870e-03 7.318053338659594870e-03 7.318053338659594870e-03 7.318053338659594870e-03 7.318053338659594870e-03
1.390625000000000000e+00 5.323925683511290113e-02 5.323925683511290113e-02 5.323925683511290113e-02 5.323925683511290113e-02 5.323925683511290113e-02 5.323925683511290113e-02 5.323925683511290113e-02 5.323925683511290113e-02 5.323925683511290113e-02 5.323925683511290113e-02 5.323925683511290113e-02 5.323925683511290113e-02 5.323925683511290113e-02 5.323925683511290113e-02 5.323925683511290113e-02 5.323925683511290113e-02 5.323925683511290113e-02 5.323925683511290113e-02 5.323925683511290113e-02 5.323925683511290113e-02
1.406250000000000000e+00 4.165840844033164014e-02 4.165840844033164014e-02 4.165840844033164014e-02 4.165840844033164014e-02 4.165840844033164014e-02 4.165840844033164014e-02 4.165840844033164014e-02 4.165840844033164014e-02 4.165840844033164014e-02 4.165840844033164014e-02 4.165840844033164014e-02 4.165840844033164014e-02 4.165840844033164014e-02 4.165840844033164014e-02 4.165840844033164014e-02 4.165840844033164014e-02 4.165840844033164014e-02 4.165840844033164014e-02 4.165840844033164014e-02 4.165840844033164014e-02
1.421875000000000000e+00 6.395892373513083207e-02 6.395892373513083207e-02 6.395892373513083207e-02 6.395892373513083207e-02 6.395892373513083207e-02 6.395892373513083207e-02 6.395892373513083207e-02 6.395892373513083207e-02 6.395892373513083207e-02 6.395892373513083207e-02 6.395892373513083207e-02 6.395892373513083207e-02 6.395892373513083207e-02 6.395892373513083207e-02 6.395892373513083207e-02 6.395892373513083207e-02 6.395892373513083207e-02 6.395892373513083207e-02 6.395892373513083207e-02 6.395892373513083207e-02
1.437500000000000000e+00 8.389902655417924224e-03 8.389902655417924224e-03 8.389902655417924224e-03 8.389902655417924224e-03 8.389902655417924224e-03 8.389902655417924224e-03 8.389902655417924224e-03 8.389902655417924224e-03 8.389902655417924224e-03 8.389902655417924224e-03 8.389902655417924224e-03 8.389902655417924224e-03 8.389902655417924224e-03 8.389902655417924224e-03 8.389902655417924224e-03 8.389902655417924224e-03 8.389902655417924224e-03 8.389902655417924224e-03 8.389902655417924224e-03 8.389902655417924224e-03
1.453125000000000000e+00 1.595578410010203840e-02 1.595578410010203840e-02 1.595578410010203840e-02 1.595578410010203840e-02 1.595578410010203840e-02 1.595578410010203840e-02 1.595578410010203840e-02 1.595578410010203840e-02 1.595578410010203840e-02 1.595578410010203840e-02 1.595578410010203840e-02 1.595578410010203840e-02 1.595578410010203840e-02 1.595578410010203840e-02 1.595578410010203840e-02 1.595578410010203840e-02 1.595578410010203840e-02 1.595578410010203840e-02 1.595578410010203840e-02 1.595578410010203840e-02
1.468750000000000000e+00 1.027364123170222340e-02 1.027364123170222340e-02 1.027364123170222340e-02 1.027364123170222340e-02 1.027364123170222340e-02 1.027364123170222340e-02 1.027364123170222340e-02 1.027364123170222340e-02 1.027364123170222340e-02 1.027364123170222340e-02 1.027364123170222340e-02 1.027364123170222340e-02 1.027364123170222340e-02 1.027364123170222340e-02 1.027364123170222340e-02 1.027364123170222340e-02 1.027364123170222340e-02 1.027364123170222340e-02 1.027364123170222340e-02 1.027364123170222340e-02
1.484375000000000000e+00 1.375343250894866913e-02 1.375343250894866913e-02 1.375343250894866913e-02 1.375343250894866913e-02 1.375343250894866913e-02 1.375343250894866913e-02 1.375343250894866913e-02 1.375343250894866913e-02 1.375343250894866913e-02 1.375343250894866913e-02 1.375343250894866913e-02 1.375343250894866913e-02 1.375343250894866913e-02 1.375343250894866913e-02 1.375343250894866913e-02 1.375343250894866913e-02 1.375343250894866913e-02 1.375343250894866913e-02 1.375343250894866913e-02 1.375343250894866913e-02
1.500000000000000000e+00 5.609631931086376394e-02 5.609631931086376394e-02 5.609631931086376394e-02 5.609631931086376394e-02 5.609631931086376394e-02 5.609631931086376394e-02 5.609631931086376394e-02 5.609631931086376394e-02 5.609631931086376394e-02 5.609631931086376394e-02 5.609631931086376394e-02 5.609631931086376394e-02 5.609631931086376394e-02 5.609631931086376394e-02 5.609631931086376394e-02 5.609631931086376394e-02 5.609631931086376394e-02 5.609631931086376394e-02 5.609631931086376394e-02 5.609631931086376394e-02
1.515625000000000000e+00 7.181112882144349840e-02 7.181112882144349840e-02 7.181112882144349840e-02 7.181112882144349840e-02 7.181112882144349840e-02 7.181112882144349840e-02 7.181112882144349840e-02 7.181112882144349840e-02 7.181112882144349840e-02 7.181112882144349840e-02 7.181112882144349840e-02 7.181112882144349840e-02 7.181112882144349840e-02 7.181112882144349840e-02 7.181112882144349840e-02 7.181112882144349840e-02 7.181112882144349840e-02 7.181112882144349840e-02 7.181112882144349840e-02 7.181112882144349840e-02
1.531250000000000000e+00 1.613726682572351077e-03 1.613726682572351077e-03 1.613726682572351077e-03 1.613726682572351077e-03 1.613726682572351077e-03 1.613726682572351077e-03 1.613726682572351077e-03 1.613726682572351077e-03 1.613726682572351077e-03 1.613726682572351077e-03 1.613726682572351077e-03 1.613726682572351077e-03 1.613726682572351077e-03 1.613726682572351077e-03 1.613726682572351077e-03 1.613726682572351077e-03 1.613726682572351077e-03 1.613726682572351077e-03 1.613726682572351077e-03 1.613726682572351077e-03
1.546875000000000000e+00 2.849937268249639818e-03 2.849937268249639818e-03 2.849937268249639818e-03 2.849937268249639818e-03 2.849937268249639818e-03 2.849937268249639818e-03 2.849937268249639818e-03 2.849937268249639818e-03 2.849937268249639818e-03 2.849937268249639818e-03 2.849937268249639818e-03 2.849937268249639818e-03 2.849937268249639818e-03 2.849937268249639818e-03 2.849937268249639818e-03 2.849937268249639818e-03 2.849937268249639818e-03 2.849937268249639818e-03 2.849937268249639818e-03 2.849937268249639818e-03
1.562500000000000000e+00 3.568070073775601175e-02 3.568070073775601175e-02 3.568070073775601175e-02 3.568070073775601175e-02 3.568070073775601175e-02 3.568070073775601175e-02 3.568070073775601175e-02 3.568070073775601175e-02 3.568070073775601175e-02 3.568070073775601175e-02 3.568070073775601175e-02 3.568070073775601175e-02 3.568070073775601175e-02 3.568070073775601175e-02 3.568070073775601175e-02 3.568070073775601175e-02 3.568070073775601175e-02 3.568070073775601175e-02 3.568070073775601175e-02 3.568070073775601175e-02
1.578125000000000000e+00 5.166947133922519114e-02 5.166947133922519114e-02 5.166947133922519114e-02 5.166947133922519114e-02 5.166947133922519114e-02 5.166947133922519114e-02 5.166947133922519114e-02 5.166947133922519114e-02 5.166947133922519114e-02 5.166947133922519114e-02 5.166947133922519114e-02 5.166947133922519114e-02 5.166947133922519114e-02 5.166947133922519114e-02 5.166947133922519114e-02 5.166947133922519114e-02 5.166947133922519114e-02 5.166947133922519114e-02 5.166947133922519114e-02 5.166947133922519114e-02
1.593750000000000000e+00 2.338896090761777638e-02 2.338896090761777638e-02 2.338896090761777638e-02 2.338896090761777638e-02 2.338896090761777638e-02 2.338896090761777638e-02 2.338896090761777638e-02 2.338896090761777638e-02 2.338896090761777638e-02 2.338896090761777638e-02 2.338896090761777638e-02 2.338896090761777638e-02 2.338896090761777638e-02 2.338896090761777638e-02 2.338896090761777638e-02 2.338896090761777638e-02 2.338896090761777638e-02 2.338896090761777638e-02 2.338896090761777638e-02 2.338896090761777638e-02
1.609375000000000000e+00 9.474525997302599145e-02 9.474525997302599145e-02 9.474525997302599145e-02 9.474525997302599145e-02 9.474525997302599145e-02 9.474525997302599145e-02 9.474525997302599145e-02 9.474525997302599145e-02 9.474525997302599145e-02 9.474525997302599145e-02 9.474525997302599145e-02 9.474525997302599145e-02 9.474525997302599145e-02 9.474525997302599145e-02 9.474525997302599145e-02 9.474525997302599145e-02 9.474525997302599145e-02 9.474525997302599145e-02 9.474525997302599145e-02 9.474525997302599145e-02
1.625000000000000000e+00 9.620795878091831232e-02 9.620795878091831232e-02 9.620795878091831232e-02 9.620795878091831232e-02 9.620795878091831232e-02 9.620795878091831232e-02 9.620795878091831232e-02 9.620795878091831232e-02 9.620795878091831232e-02 9.620795878091831232e-02 9.620795878091831232e-02 9.620795878091831232e-02 9.620795878091831232e-02 9.620795878091831232e-02 9.620795878091831232e-02 9.620795878091831232e-02 9.620795878091831232e-02 9.620795878091831232e-02 9.620795878091831232e-02 9.620795878091831232e-02
1.640625000000000000e+00 3.549719981895840815e-02 3.549719981895840815e-02 3.549719981895840815e-02 3.549719981895840815e-02 3.549719981895840815e-02 3.549719981895840815e-02 3.549719981895840815e-02 3.549719981895840815e-02 3.549719981895840815e-02 3.549719981895840815e-02 3.549719981895840815e-02 3.549719981895840815e-02 3.549719981895840815e-02 3.549719981895840815e-02 3.549719981895840815e-02 3.549719981895840815e-02 3.549719981895840815e-02 3.549719981895840815e-02 3.549719981895840815e-02 3.549719981895840815e-02
1.656250000000000000e+00 3.477607870174258542e-01 3.477607870174258542e-01 3.477607870174258542e-01 3.477607870174258542e-01 3.477607870174258542e-01 3.477607870174258542e-01 3.477607870174258542e-01 3.477607870174258542e-01 3.477607870174258542e-01 3.477607870174258542e-01 3.477607870174258542e-01 3.477607870174258542e-01 3.477607870174258542e-01 3.477607870174258542e-01 3.477607870174258542e-01 3.477607870174258542e-01 3.477607870174258542e-01 3.477607870174258542e-01 3.477607870174258542e-01 3.477607870174258542e-01
1.671875000000000000e+00 5.162946346509318385e-01 5.162946346509318385e-01 5.162946346509318385e-01 5.162946346509318385e-01 5.162946346509318385e-01 5.162946346509318385e-01 5.162946346509318385e-01 5.162946346509318385e-01 5.162946346509318385e-01 5.162946346509318385e-01 5.162946346509318385e-01 5.162946346509318385e-01 5.162946346509318385e-01 5.162946346509318385e-01 5.162946346509318385e-01 5.162946346509318385e-01 5.162946346509318385e-01 5.162946346509318385e-01 5.162946346509318385e-01 5.162946346509318385e-01
1.687500000000000000e+00 7.813745502218489847e-01 7.813745502218489847e-01 7.813745502218489847e-01 7.813745502218489847e-01 7.813745502218489847e-01 7.813745502218489847e-01 7.813745502218489847e-01 7.813745502218489847e-01 7.813745502218489847e-01 7.813745502218489847e-01 7.813745502218489847e-01 7.813745502218489847e-01 7.813745502218489847e-01 7.813745502218489847e-01 7.813745502218489847e-01 7.813745502218489847e-01 7.813745502218489847e-01 7.813745502218489847e-01 7.813745502218489847e-01 7.813745502218489847e-01
1.703125000000000000e+00 8.455776428077098616e-01 8.455776428077098616e-01 8.455776428077098616e-01 8.455776428077098616e-01 8.455776428077098616e-01 8.455776428077098616e-01 8.455776428077098616e-01 8.455776428077098616e-01 8.455776428077098616e-01 8.455776428077098616e-01 8.455776428077098616e-01 8.455776428077098616e-01 8.455776428077098616e-01 8.455776428077098616e-01 8.455776428077098616e-01 8.455776428077098616e-01 8.455776428077098616e-01 8.455776428077098616e-01 8.455776428077098616e-01 8.455776428077098616e-01
1.718750000000000000e+00 5.119605211776765419e-01 5.119605211776765419e-01 5.119605211776765419e-01 5.119605211776765419e-01 5.119605211776765419e-01 5.119605211776765419e-01 5.119605211776765419e-01 5.119605211776765419e-01 5.119605211776765419e-01 5.119605211776765419e-01 5.119605211776765419e-01 5.119605211776765419e-01 5.119605211776765419e-01 5.119605211776765419e-01 5.119605211776765419e-01 5.119605211776765419e-01 5.119605211776765419e-01 5.119605211776765419e-01 5.119605211776765419e-01 5.119605211776765419e-01
1.734375000000000000e+00 5.224088458948187297e-01 5.224088458948187297e-01 5.224088458948187297e-01 5.224088458948187297e-01 5.224088458948187297e-01 5.224088458948187297e-01 5.224088458948187297e-01 5.224088458948187297e-01 5.224088458948187297e-01 5.224088458948187297e-01 5.224088458948187297e-01 5.224088458948187297e-01 5.224088458948187297e-01 5.224088458948187297e-01 5.224088458948187297e-01 5.224088458948187297e-01 5.224088458948187297e-01 5.224088458948187297e-01 5.224088458948187297e-01 5.224088458948187297e-01
1.750000000000000000e+00 2.966777791205274517e-01 2.966777791205274517e-01 2.966777791205274517e-01 2.966777791205274517e-01 2.966777791205274517e-01 2.966777791205274517e-01 2.966777791205274517e-01 2.966777791205274517e-01 2.966777791205274517e-01 2.966777791205274517e-01 2.966777791205274517e-01 2.966777791205274517e-01 2.966777791205274517e-01 2.966777791205274517e-01 2.966777791205274517e-01 2.966777791205274517e-01 2.966777791205274517e-01 2.966777791205274517e-01 2.966777791205274517e-01 2.966777791205274517e-01
1.765625000000000000e+00 3.431180925352793343e-02 3.431180925352793343e-02 3.431180925352793343e-02 3.431180925352793343e-02 3.431180925352793343e-02 3.431180925352793343e-02 3.431180925352793343e-02 3.431180925352793343e-02 3.431180925352793343e-02 3.431180925352793343e-02 3.431180925352793343e-02 3.431180925352793343e-02 3.431180925352793343e-02 3.431180925352793343e-02 3.431180925352793343e-02 3.431180925352793343e-02 3.431180925352793343e-02 3.431180925352793343e-02 3.431180925352793343e-02 3.431180925352793343e-02
1.781250000000000000e+00 6.637265366971575875e-02 6.637265366971575875e-02 6.637265366971575875e-02 6.637265366971575875e-02 6.637265366971575875e-02 6.637265366971575875e-02 6.637265366971575875e-02 6.637265366971575875e-02 6.637265366971575875e-02 6.637265366971575875e-02 6.637265366971575875e-02 6.637265366971575875e-02 6.637265366971575875e-02 6.637265366971575875e-02 6.637265366971575875e-02 6.637265366971575875e-02 6.637265366971575875e-02 6.637265366971575875e-02 6.637265366971575875e-02 6.637265366971575875e-02
1.796875000000000000e+00 4.753118708520654573e-02 4.753118708520654573e-02 4.753118708520654573e-02 4.753118708520654573e-02 4.753118708520654573e-02 4.753118708520654573e-02 4.753118708520654573e-02 4.753118708520654573e-02 4.753118708520654573e-02 4.753118708520654573e-02 4.753118708520654573e-02 4.753118708520654573e-02 4.753118708520654573e-02 4.753118708520654573e-02 4.753118708520654573e-02 4.753118708520654573e-02 4.753118708520654573e-02 4.753118708520654573e-02 4.753118708520654573e-02 4.753118708520654573e-02
1.812500000000000000e+00 1.495792805897868116e-01 1.495792805897868116e-01 1.495792805897868116e-01 1.495792805897868116e-01 1.495792805897868116e-01 1.495792805897868116e-01 1.495792805897868116e-01 1.495792805897868116e-01 1.495792805897868116e-01 1.495792805897868116e-01 1.495792805897868116e-01 1.495792805897868116e-01 1.495792805897868116e-01 1.495792805897868116e-01 1.495792805897868116e-01 1.495792805897868116e-01 1.495792805897868116e-01 1.495792805897868116e-01 1.495792805897868116e-01 1.495792805897868116e-01
1.828125000000000000e+00 5.236679668757833472e-02 5.236679668757833472e-02 5.236679668757833472e-02 5.236679668757833472e-02 5.236679668757833472e-02 5.236679668757833472e-02 5.236679668757833472e-02 5.236679668757833472e-02 5.236679668757833472e-02 5.236679668757833472e-02 5.236679668757833472e-02 5.236679668757833472e-02 5.236679668757833472e-02 5.236679668757833472e-02 5.236679668757833472e-02 5.236679668757833472e-02 5.236679668757833472e-02 5.236679668757833472e-02 5.236679668757833472e-02 5.236679668757833472e-02
1.843750000000000000e+00 1.174041321067006288e-02 1.174041321067006288e-02 1.174041321067006288e-02 1.174041321067006288e-02 1.174041321067006288e-02 1.174041321067006288e-02 1.174041321067006288e-02 1.174041321067006288e-02 1.174041321067006288e-02 1.174041321067006288e-02 1.174041321067006288e-02 1.174041321067006288e-02 1.174041321067006288e-02 1.174041321067006288e-02 1.174041321067006288e-02 1.174041321067006288e-02 1.174041321067006288e-02 1.174041321067006288e-02 1.174041321067006288e-02 1.174041321067006288e-02
1.859375000000000000e+00 3.989395791451531663e-03 3.989395791451531663e-03 3.989395791451531663e-03 3.989395791451531663e-03 3.989395791451531663e-03 3.989395791451531663e-03 3.989395791451531663e-03 3.989395791451531663e-03 3.989395791451531663e-03 3.989395791451531663e-03 3.989395791451531663e-03 3.989395791451531663e-03 3.989395791451531663e-03 3.989395791451531663e-03 3.989395791451531663e-03 3.989395791451531663e-03 3.989395791451531663e-03 3.989395791451531663e-03 3.989395791451531663e-03 3.989395791451531663e-03
1.875000000000000000e+00 5.040801180870521821e-03 5.040801180870521821e-03 5.040801180870521821e-03 5.040801180870521821e-03 5.040801180870521821e-03 5.040801180870521821e-03 5.040801180870521821e-03 5.040801180870521821e-03 5.040801180870521821e-03 5.040801180870521821e-03 5.040801180870521821e-03 5.040801180870521821e-03 5.040801180870521821e-03 5.040801180870521821e-03 5.040801180870521821e-03 5.040801180870521821e-03 5.040801180870521821e-03 5.040801180870521821e-03 5.040801180870521821e-03 5.040801180870521821e-03
1.890625000000000000e+00 1.186825901094507030e-02 1.186825901094507030e-02 1.186825901094507030e-02 1.186825901094507030e-02 1.186825901094507030e-02 1.186825901094507030e-02 1.186825901094507030e-02 1.186825901094507030e-02 1.186825901094507030e-02 1.186825901094507030e-02 1.186825901094507030e-02 1.186825901094507030e-02 1.186825901094507030e-02 1.186825901094507030e-02 1.186825901094507030e-02 1.186825901094507030e-02 1.186825901094507030e-02 1.186825901094507030e-02 1.186825901094507030e-02 1.186825901094507030e-02
1.906250000000000000e+00 2.293707623791405026e-02 2.293707623791405026e-02 2.293707623791405026e-02 2.293707623791405026e-02 2.293707623791405026e-02 2.293707623791405026e-02 2.293707623791405026e-02 2.293707623791405026e-02 2.293707623791405026e-02 2.293707623791405026e-02 2.293707623791405026e-02 2.293707623791405026e-02 2.293707623791405026e-02 2.293707623791405026e-02 2.293707623791405026e-02 2.293707623791405026e-02 2.293707623791405026e-02 2.293707623791405026e-02 2.293707623791405026e-02 2.293707623791405026e-02
1.921875000000000000e+00 1.132354956452946877e-02 1.132354956452946877e-02 1.132354956452946877e-02 1.132354956452946877e-02 1.132354956452946877e-02 1.132354956452946877e-02 1.132354956452946877e-02 1.132354956452946877e-02 1.132354956452946877e-02 1.132354956452946877e-02 1.132354956452946877e-02 1.132354956452946877e-02 1.132354956452946877e-02 1.132354956452946877e-02 1.132354956452946877e-02 1.132354956452946877e-02 1.132354956452946877e-02 1.132354956452946877e-02 1.132354956452946877e-02 1.132354956452946877e-02
1.937500000000000000e+00 1.399567568564384374e-03 1.399567568564384374e-03 1.399567568564384374e-03 1.399567568564384374e-03 1.399567568564384374e-03 1.399567568564384374e-03 1.399567568564384374e-03 1.399567568564384374e-03 1.399567568564384374e-03 1.399567568564384374e-03 1.399567568564384374e-03 1.399567568564384374e-03 1.399567568564384374e-03 1.399567568564384374e-03 1.399567568564384374e-03 1.399567568564384374e-03 1.399567568564384374e-03 1.399567568564384374e-03 1.399567568564384374e-03 1.399567568564384374e-03
1.953125000000000000e+00 2.013841192802611271e-03 2.013841192802611271e-03 2.013841192802611271e-03 2.013841192802611271e-03 2.013841192802611271e-03 2.013841192802611271e-03 2.013841192802611271e-03 2.013841192802611271e-03 2.013841192802611271e-03 2.013841192802611271e-03 2.013841192802611271e-03 2.013841192802611271e-03 2.013841192802611271e-03 2.013841192802611271e-03 2.013841192802611271e-03 2.013841192802611271e-03 2.013841192802611271e-03 2.013841192802611271e-03 2.013841192802611271e-03 2.013841192802611271e-03
1.968750000000000000e+00 2.572493172910647521e-03 2.572493172910647521e-03 2.572493172910647521e-03 2.572493172910647521e-03 2.572493172910647521e-03 2.572493172910647521e-03 2.572493172910647521e-03 2.572493172910647521e-03 2.572493172910647521e-03 2.572493172910647521e-03 2.572493172910647521e-03 2.572493172910647521e-03 2.572493172910647521e-03 2.572493172910647521e-03 2.572493172910647521e-03 2.572493172910647521e-03 2.572493172910647521e-03 2.572493172910647521e-03 2.572493172910647521e-03 2.572493172910647521e-03
1.984375000000000000e+00 7.192388326364200501e-02 7.192388326364200501e-02 7.192388326364200501e-02 7.192388326364200501e-02 7.192388326364200501e-02 7.192388326364200501e-02 7.192388326364200501e-02 7.192388326364200501e-02 7.192388326364200501e-02 7.192388326364200501e-02 7.192388326364200501e-02 7.192388326364200501e-02 7.192388326364200501e-02 7.192388326364200501e-02 7.192388326364200501e-02 7.192388326364200501e-02 7.192388326364200501e-02 7.192388326364200501e-02 7.192388326364200501e-02 7.192388326364200501e-02
2.000000000000000000e+00 4.099111928746473898e-02 4.099111928746473898e-02 4.099111928746473898e-02 4.099111928746473898e-02 4.099111928746473898e-02 4.099111928746473898e-02 4.099111928746473898e-02 4.099111928746473898e-02 4.099111928746473898e-02 4.099111928746473898e-02 4.099111928746473898e-02 4.099111928746473898e-02 4.099111928746473898e-02 4.099111928746473898e-02 4.099111928746473898e-02 4.099111928746473898e-02 4.099111928746473898e-02 4.099111928746473898e-02 4.099111928746473898e-02 4.099111928746473898e-02
