0.000000000000000000e+00 8.019576755632282228e-02 8.019576755632282228e-02 8.019576755632282228e-02 8.019576755632282228e-02 8.019576755632282228e-02 8.019576755632282228e-02 8.019576755632282228e-02 8.019576755632282228e-02 8.019576755632282228e-02 8.019576755632282228e-02 8.019576755632282228e-02 8.019576755632282228e-02 8.019576755632282228e-02 8.019576755632282228e-02 8.019576755632282228e-02 8.019576755632282228e-02 8.019576755632282228e-02 8.019576755632282228e-02 8.019576755632282228e-02 8.019576755632282228e-02
1.562500000000000000e-02 8.240996680602484525e-02 8.240996680602484525e-02 8.240996680602484525e-02 8.240996680602484525e-02 8.240996680602484525e-02 8.240996680602484525e-02 8.240996680602484525e-02 8.240996680602484525e-02 8.240996680602484525e-02 8.240996680602484525e-02 8.240996680602484525e-02 8.240996680602484525e-02 8.240996680602484525e-02 8.240996680602484525e-02 8.240996680602484525e-02 8.240996680602484525e-02 8.240996680602484525e-02 8.240996680602484525e-02 8.240996680602484525e-02 8.240996680602484525e-02
3.125000000000000000e-02 1.541022397407156019e-02 1.541022397407156019e-02 1.541022397407156019e-02 1.541022397407156019e-02 1.541022397407156019e-02 1.541022397407156019e-02 1.541022397407156019e-02 1.541022397407156019e-02 1.541022397407156019e-02 1.541022397407156019e-02 1.541022397407156019e-02 1.541022397407156019e-02 1.541022397407156019e-02 1.541022397407156019e-02 1.541022397407156019e-02 1.541022397407156019e-02 1.541022397407156019e-02 1.541022397407156019e-02 1.541022397407156019e-02 1.541022397407156019e-02
4.687500000000000000e-02 3.739243094840664916e-02 3.739243094840664916e-02 3.739243094840664916e-02 3.739243094840664916e-02 3.739243094840664916e-02 3.739243094840664916e-02 3.739243094840664916e-02 3.739243094840664916e-02 3.739243094840664916e-02 3.739243094840664916e-02 3.739243094840664916e-02 3.739243094840664916e-02 3.739243094840664916e-02 3.739243094840664916e-02 3.739243094840664916e-02 3.739243094840664916e-02 3.739243094840664916e-02 3.739243094840664916e-02 3.739243094840664916e-02 3.739243094840664916e-02
6.250000000000000000e-02 1.903694990068005230e-02 1.903694990068005230e-02 1.903694990068005230e-02 1.903694990068005230e-02 1.903694990068005230e-02 1.903694990068005230e-02 1.903694990068005230e-02 1.903694990068005230e-02 1.903694990068005230e-02 1.903694990068005230e-02 1.903694990068005230e-02 1.903694990068005230e-02 1.903694990068005230e-02 1.903694990068005230e-02 1.903694990068005230e-02 1.903694990068005230e-02 1.903694990068005230e-02 1.903694990068005230e-02 1.903694990068005230e-02 1.903694990068005230e-02
7.812500000000000000e-02 1.239233193048842191e-02 1.239233193048842191e-02 1.239233193048842191e-02 1.239233193048842191e-02 1.239233193048842191e-02 1.239233193048842191e-02 1.239233193048842191e-02 1.239233193048842191e-02 1.239233193048842191e-02 1.239233193048842191e-02 1.239233193048842191e-02 1.239233193048842191e-02 1.239233193048842191e-02 1.239233193048842191e-02 1.239233193048842191e-02 1.239233193048842191e-02 1.239233193048842191e-02 1.239233193048842191e-02 1.239233193048842191e-02 1.239233193048842191e-02
9.375000000000000000e-02 1.080946875289002206e-02 1.080946875289002206e-02 1.080946875289002206e-02 1.080946875289002206e-02 1.080946875289002206e-02 1.080946875289002206e-02 1.080946875289002206e-02 1.080946875289002206e-02 1.080946875289002206e-02 1.080946875289002206e-02 1.080946875289002206e-02 1.080946875289002206e-02 1.080946875289002206e-02 1.080946875289002206e-02 1.080946875289002206e-02 1.080946875289002206e-02 1.080946875289002206e-02 1.080946875289002206e-02 1.080946875289002206e-02 1.080946875289002206e-02
1.093750000000000000e-01 3.949188544878665802e-03 3.949188544878665802e-03 3.949188544878665802e-03 3.949188544878665802e-03 3.949188544878665802e-03 3.949188544878665802e-03 3.949188544878665802e-03 3.949188544878665802e-03 3.949188544878665802e-03 3.949188544878665802e-03 3.949188544878665802e-03 3.949188544878665802e-03 3.949188544878665802e-03 3.949188544878665802e-03 3.949188544878665802e-03 3.949188544878665802e-03 3.949188544878665802e-03 3.949188544878665802e-03 3.949188544878665802e-03 3.949188544878665802e-03
1.250000000000000000e-01 5.604123882964065495e-03 5.604123882964065495e-03 5.604123882964065495e-03 5.604123882964065495e-03 5.604123882964065495e-03 5.604123882964065495e-03 5.604123882964065495e-03 5.604123882964065495e-03 5.604123882964065495e-03 5.604123882964065495e-03 5.604123882964065495e-03 5.604123882964065495e-03 5.604123882964065495e-03 5.604123882964065495e-03 5.604123882964065495e-03 5.604123882964065495e-03 5.604123882964065495e-03 5.604123882964065495e-03 5.604123882964065495e-03 5.604123882964065495e-03
1.406250000000000000e-01 5.883884260742183042e-02 5.883884260742183042e-02 5.883884260742183042e-02 5.883884260742183042e-02 5.883884260742183042e-02 5.883884260742183042e-02 5.883884260742183042e-02 5.883884260742183042e-02 5.883884260742183042e-02 5.883884260742183042e-02 5.883884260742183042e-02 5.883884260742183042e-02 5.883884260742183042e-02 5.883884260742183042e-02 5.883884260742183042e-02 5.883884260742183042e-02 5.883884260742183042e-02 5.883884260742183042e-02 5.883884260742183042e-02 5.883884260742183042e-02
1.562500000000000000e-01 1.033281440069005880e-01 1.033281440069005880e-01 1.033281440069005880e-01 1.033281440069005880e-01 1.033281440069005880e-01 1.033281440069005880e-01 1.033281440069005880e-01 1.033281440069005880e-01 1.033281440069005880e-01 1.033281440069005880e-01 1.033281440069005880e-01 1.033281440069005880e-01 1.033281440069005880e-01 1.033281440069005880e-01 1.033281440069005880e-01 1.033281440069005880e-01 1.033281440069005880e-01 1.033281440069005880e-01 1.033281440069005880e-01 1.033281440069005880e-01
1.718750000000000000e-01 8.549171758433770085e-01 8.549171758433770085e-01 8.549171758433770085e-01 8.549171758433770085e-01 8.549171758433770085e-01 8.549171758433770085e-01 8.549171758433770085e-01 8.549171758433770085e-01 8.549171758433770085e-01 8.549171758433770085e-01 8.549171758433770085e-01 8.549171758433770085e-01 8.549171758433770085e-01 8.549171758433770085e-01 8.549171758433770085e-01 8.549171758433770085e-01 8.549171758433770085e-01 8.549171758433770085e-01 8.549171758433770085e-01 8.549171758433770085e-01
1.875000000000000000e-01 9.999928357127426670e-01 9.999928357127426670e-01 9.999928357127426670e-01 9.999928357127426670e-01 9.999928357127426670e-01 9.999928357127426670e-01 9.999928357127426670e-01 9.999928357127426670e-01 9.999928357127426670e-01 9.999928357127426670e-01 9.999928357127426670e-01 9.999928357127426670e-01 9.999928357127426670e-01 9.999928357127426670e-01 9.999928357127426670e-01 9.999928357127426670e-01 9.999928357127426670e-01 9.999928357127426670e-01 9.999928357127426670e-01 9.999928357127426670e-01
2.031250000000000000e-01 9.999997635116231187e-01 9.999997635116231187e-01 9.999997635116231187e-01 9.999997635116231187e-01 9.999997635116231187e-01 9.999997635116231187e-01 9.999997635116231187e-01 9.999997635116231187e-01 9.999997635116231187e-01 9.999997635116231187e-01 9.999997635116231187e-01 9.999997635116231187e-01 9.999997635116231187e-01 9.999997635116231187e-01 9.999997635116231187e-01 9.999997635116231187e-01 9.999997635116231187e-01 9.999997635116231187e-01 9.999997635116231187e-01 9.999997635116231187e-01
2.187500000000000000e-01 9.999984266830601598e-01 9.999984266830601598e-01 9.999984266830601598e-01 9.999984266830601598e-01 9.999984266830601598e-01 9.999984266830601598e-01 9.999984266830601598e-01 9.999984266830601598e-01 9.999984266830601598e-01 9.999984266830601598e-01 9.999984266830601598e-01 9.999984266830601598e-01 9.999984266830601598e-01 9.999984266830601598e-01 9.999984266830601598e-01 9.999984266830601598e-01 9.999984266830601598e-01 9.999984266830601598e-01 9.999984266830601598e-01 9.999984266830601598e-01
2.343750000000000000e-01 9.981397588280999100e-01 9.981397588280999100e-01 9.981397588280999100e-01 9.981397588280999100e-01 9.981397588280999100e-01 9.981397588280999100e-01 9.981397588280999100e-01 9.981397588280999100e-01 9.981397588280999100e-01 9.981397588280999100e-01 9.981397588280999100e-01 9.981397588280999100e-01 9.981397588280999100e-01 9.981397588280999100e-01 9.981397588280999100e-01 9.981397588280999100e-01 9.981397588280999100e-01 9.981397588280999100e-01 9.981397588280999100e-01 9.981397588280999100e-01
2.500000000000000000e-01 9.803474963034882750e-01 9.803474963034882750e-01 9.803474963034882750e-01 9.803474963034882750e-01 9.803474963034882750e-01 9.803474963034882750e-01 9.803474963034882750e-01 9.803474963034882750e-01 9.803474963034882750e-01 9.803474963034882750e-01 9.803474963034882750e-01 9.803474963034882750e-01 9.803474963034882750e-01 9.803474963034882750e-01 9.803474963034882750e-01 9.803474963034882750e-01 9.803474963034882750e-01 9.803474963034882750e-01 9.803474963034882750e-01 9.803474963034882750e-01
2.656250000000000000e-01 3.597735237261565078e-02 3.597735237261565078e-02 3.597735237261565078e-02 3.597735237261565078e-02 3.597735237261565078e-02 3.597735237261565078e-02 3.597735237261565078e-02 3.597735237261565078e-02 3.597735237261565078e-02 3.597735237261565078e-02 3.597735237261565078e-02 3.597735237261565078e-02 3.597735237261565078e-02 3.597735237261565078e-02 3.597735237261565078e-02 3.597735237261565078e-02 3.597735237261565078e-02 3.597735237261565078e-02 3.597735237261565078e-02 3.597735237261565078e-02
2.812500000000000000e-01 3.618950717862502741e-04 3.618950717862502741e-04 3.618950717862502741e-04 3.618950717862502741e-04 3.618950717862502741e-04 3.618950717862502741e-04 3.618950717862502741e-04 3.618950717862502741e-04 3.618950717862502741e-04 3.618950717862502741e-04 3.618950717862502741e-04 3.618950717862502741e-04 3.618950717862502741e-04 3.618950717862502741e-04 3.618950717862502741e-04 3.618950717862502741e-04 3.618950717862502741e-04 3.618950717862502741e-04 3.618950717862502741e-04 3.618950717862502741e-04
2.968750000000000000e-01 9.605875312206343941e-03 9.605875312206343941e-03 9.605875312206343941e-03 9.605875312206343941e-03 9.605875312206343941e-03 9.605875312206343941e-03 9.605875312206343941e-03 9.605875312206343941e-03 9.605875312206343941e-03 9.605875312206343941e-03 9.605875312206343941e-03 9.605875312206343941e-03 9.605875312206343941e-03 9.605875312206343941e-03 9.605875312206343941e-03 9.605875312206343941e-03 9.605875312206343941e-03 9.605875312206343941e-03 9.605875312206343941e-03 9.605875312206343941e-03
3.125000000000000000e-01 6.731118458983183228e-02 6.731118458983183228e-02 6.731118458983183228e-02 6.731118458983183228e-02 6.731118458983183228e-02 6.731118458983183228e-02 6.731118458983183228e-02 6.731118458983183228e-02 6.731118458983183228e-02 6.731118458983183228e-02 6.731118458983183228e-02 6.731118458983183228e-02 6.731118458983183228e-02 6.731118458983183228e-02 6.731118458983183228e-02 6.731118458983183228e-02 6.731118458983183228e-02 6.731118458983183228e-02 6.731118458983183228e-02 6.731118458983183228e-02
3.281250000000000000e-01 9.760397956294605826e-02 9.760397956294605826e-02 9.760397956294605826e-02 9.760397956294605826e-02 9.760397956294605826e-02 9.760397956294605826e-02 9.760397956294605826e-02 9.760397956294605826e-02 9.760397956294605826e-02 9.760397956294605826e-02 9.760397956294605826e-02 9.760397956294605826e-02 9.760397956294605826e-02 9.760397956294605826e-02 9.760397956294605826e-02 9.760397956294605826e-02 9.760397956294605826e-02 9.760397956294605826e-02 9.760397956294605826e-02 9.760397956294605826e-02
3.437500000000000000e-01 9.551809368172699440e-04 9.551809368172699440e-04 9.551809368172699440e-04 9.551809368172699440e-04 9.551809368172699440e-04 9.551809368172699440e-04 9.551809368172699440e-04 9.551809368172699440e-04 9.551809368172699440e-04 9.551809368172699440e-04 9.551809368172699440e-04 9.551809368172699440e-04 9.551809368172699440e-04 9.551809368172699440e-04 9.551809368172699440e-04 9.551809368172699440e-04 9.551809368172699440e-04 9.551809368172699440e-04 9.551809368172699440e-04 9.551809368172699440e-04
3.593750000000000000e-01 8.198253435584727800e-02 8.198253435584727800e-02 8.198253435584727800e-02 8.198253435584727800e-02 8.198253435584727800e-02 8.198253435584727800e-02 8.198253435584727800e-02 8.198253435584727800e-02 8.198253435584727800e-02 8.198253435584727800e-02 8.198253435584727800e-02 8.198253435584727800e-02 8.198253435584727800e-02 8.198253435584727800e-02 8.198253435584727800e-02 8.198253435584727800e-02 8.198253435584727800e-02 8.198253435584727800e-02 8.198253435584727800e-02 8.198253435584727800e-02
3.750000000000000000e-01 3.167906698763623546e-02 3.167906698763623546e-02 3.167906698763623546e-02 3.167906698763623546e-02 3.167906698763623546e-02 3.167906698763623546e-02 3.167906698763623546e-02 3.167906698763623546e-02 3.167906698763623546e-02 3.167906698763623546e-02 3.167906698763623546e-02 3.167906698763623546e-02 3.167906698763623546e-02 3.167906698763623546e-02 3.167906698763623546e-02 3.167906698763623546e-02 3.167906698763623546e-02 3.167906698763623546e-02 3.167906698763623546e-02 3.167906698763623546e-02
3.906250000000000000e-01 1.372956723565938245e-02 1.372956723565938245e-02 1.372956723565938245e-02 1.372956723565938245e-02 1.372956723565938245e-02 1.372956723565938245e-02 1.372956723565938245e-02 1.372956723565938245e-02 1.372956723565938245e-02 1.372956723565938245e-02 1.372956723565938245e-02 1.372956723565938245e-02 1.372956723565938245e-02 1.372956723565938245e-02 1.372956723565938245e-02 1.372956723565938245e-02 1.372956723565938245e-02 1.372956723565938245e-02 1.372956723565938245e-02 1.372956723565938245e-02
4.062500000000000000e-01 7.696193187265385968e-03 7.696193187265385968e-03 7.696193187265385968e-03 7.696193187265385968e-03 7.696193187265385968e-03 7.696193187265385968e-03 7.696193187265385968e-03 7.696193187265385968e-03 7.696193187265385968e-03 7.696193187265385968e-03 7.696193187265385968e-03 7.696193187265385968e-03 7.696193187265385968e-03 7.696193187265385968e-03 7.696193187265385968e-03 7.696193187265385968e-03 7.696193187265385968e-03 7.696193187265385968e-03 7.696193187265385968e-03 7.696193187265385968e-03
4.218750000000000000e-01 1.251995341224115821e-02 1.251995341224115821e-02 1.251995341224115821e-02 1.251995341224115821e-02 1.251995341224115821e-02 1.251995341224115821e-02 1.251995341224115821e-02 1.251995341224115821e-02 1.251995341224115821e-02 1.251995341224115821e-02 1.251995341224115821e-02 1.251995341224115821e-02 1.251995341224115821e-02 1.251995341224115821e-02 1.251995341224115821e-02 1.251995341224115821e-02 1.251995341224115821e-02 1.251995341224115821e-02 1.251995341224115821e-02 1.251995341224115821e-02
4.375000000000000000e-01 7.927514759923839915e-02 7.927514759923839915e-02 7.927514759923839915e-02 7.927514759923839915e-02 7.927514759923839915e-02 7.927514759923839915e-02 7.927514759923839915e-02 7.927514759923839915e-02 7.927514759923839915e-02 7.927514759923839915e-02 7.927514759923839915e-02 7.927514759923839915e-02 7.927514759923839915e-02 7.927514759923839915e-02 7.927514759923839915e-02 7.927514759923839915e-02 7.927514759923839915e-02 7.927514759923839915e-02 7.927514759923839915e-02 7.927514759923839915e-02
4.531250000000000000e-01 1.300319828339655329e-02 1.300319828339655329e-02 1.300319828339655329e-02 1.300319828339655329e-02 1.300319828339655329e-02 1.300319828339655329e-02 1.300319828339655329e-02 1.300319828339655329e-02 1.300319828339655329e-02 1.300319828339655329e-02 1.300319828339655329e-02 1.300319828339655329e-02 1.300319828339655329e-02 1.300319828339655329e-02 1.300319828339655329e-02 1.300319828339655329e-02 1.300319828339655329e-02 1.300319828339655329e-02 1.300319828339655329e-02 1.300319828339655329e-02
4.687500000000000000e-01 6.674861252056193406e-01 6.674861252056193406e-01 6.674861252056193406e-01 6.674861252056193406e-01 6.674861252056193406e-01 6.674861252056193406e-01 6.674861252056193406e-01 6.674861252056193406e-01 6.674861252056193406e-01 6.674861252056193406e-01 6.674861252056193406e-01 6.674861252056193406e-01 6.674861252056193406e-01 6.674861252056193406e-01 6.674861252056193406e-01 6.674861252056193406e-01 6.674861252056193406e-01 6.674861252056193406e-01 6.674861252056193406e-01 6.674861252056193406e-01
4.843750000000000000e-01 7.041076105279518993e-01 7.041076105279518993e-01 7.041076105279518993e-01 7.041076105279518993e-01 7.041076105279518993e-01 7.041076105279518993e-01 7.041076105279518993e-01 7.041076105279518993e-01 7.041076105279518993e-01 7.041076105279518993e-01 7.041076105279518993e-01 7.041076105279518993e-01 7.041076105279518993e-01 7.041076105279518993e-01 7.041076105279518993e-01 7.041076105279518993e-01 7.041076105279518993e-01 7.041076105279518993e-01 7.041076105279518993e-01 7.041076105279518993e-01
5.000000000000000000e-01 6.122677376726878284e-01 6.122677376726878284e-01 6.122677376726878284e-01 6.122677376726878284e-01 6.122677376726878284e-01 6.122677376726878284e-01 6.122677376726878284e-01 6.122677376726878284e-01 6.122677376726878284e-01 6.122677376726878284e-01 6.122677376726878284e-01 6.122677376726878284e-01 6.122677376726878284e-01 6.122677376726878284e-01 6.122677376726878284e-01 6.122677376726878284e-01 6.122677376726878284e-01 6.122677376726878284e-01 6.122677376726878284e-01 6.122677376726878284e-01
5.156250000000000000e-01 1.196024274714209933e-02 1.196024274714209933e-02 1.196024274714209933e-02 1.196024274714209933e-02 1.196024274714209933e-02 1.196024274714209933e-02 1.196024274714209933e-02 1.196024274714209933e-02 1.196024274714209933e-02 1.196024274714209933e-02 1.196024274714209933e-02 1.196024274714209933e-02 1.196024274714209933e-02 1.196024274714209933e-02 1.196024274714209933e-02 1.196024274714209933e-02 1.196024274714209933e-02 1.196024274714209933e-02 1.196024274714209933e-02 1.196024274714209933e-02
5.312500000000000000e-01 1.860655196960948887e-02 1.860655196960948887e-02 1.860655196960948887e-02 1.860655196960948887e-02 1.860655196960948887e-02 1.860655196960948887e-02 1.860655196960948887e-02 1.860655196960948887e-02 1.860655196960948887e-02 1.860655196960948887e-02 1.860655196960948887e-02 1.860655196960948887e-02 1.860655196960948887e-02 1.860655196960948887e-02 1.860655196960948887e-02 1.860655196960948887e-02 1.860655196960948887e-02 1.860655196960948887e-02 1.860655196960948887e-02 1.860655196960948887e-02
5.468750000000000000e-01 1.965171022725905811e-02 1.965171022725905811e-02 1.965171022725905811e-02 1.965171022725905811e-02 1.965171022725905811e-02 1.965171022725905811e-02 1.965171022725905811e-02 1.965171022725905811e-02 1.965171022725905811e-02 1.965171022725905811e-02 1.965171022725905811e-02 1.965171022725905811e-02 1.965171022725905811e-02 1.965171022725905811e-02 1.965171022725905811e-02 1.965171022725905811e-02 1.965171022725905811e-02 1.965171022725905811e-02 1.965171022725905811e-02 1.965171022725905811e-02
5.625000000000000000e-01 5.883563003613886261e-02 5.883563003613886261e-02 5.883563003613886261e-02 5.883563003613886261e-02 5.883563003613886261e-02 5.883563003613886261e-02 5.883563003613886261e-02 5.883563003613886261e-02 5.883563003613886261e-02 5.883563003613886261e-02 5.883563003613886261e-02 5.883563003613886261e-02 5.883563003613886261e-02 5.883563003613886261e-02 5.883563003613886261e-02 5.883563003613886261e-02 5.883563003613886261e-02 5.883563003613886261e-02 5.883563003613886261e-02 5.883563003613886261e-02
5.781250000000000000e-01 2.086697092799405240e-01 2.086697092799405240e-01 2.086697092799405240e-01 2.086697092799405240e-01 2.086697092799405240e-01 2.086697092799405240e-01 2.086697092799405240e-01 2.086697092799405240e-01 2.086697092799405240e-01 2.086697092799405240e-01 2.086697092799405240e-01 2.086697092799405240e-01 2.086697092799405240e-01 2.086697092799405240e-01 2.086697092799405240e-01 2.086697092799405240e-01 2.086697092799405240e-01 2.086697092799405240e-01 2.086697092799405240e-01 2.086697092799405240e-01
5.937500000000000000e-01 7.595823068093912611e-02 7.595823068093912611e-02 7.595823068093912611e-02 7.595823068093912611e-02 7.595823068093912611e-02 7.595823068093912611e-02 7.595823068093912611e-02 7.595823068093912611e-02 7.595823068093912611e-02 7.595823068093912611e-02 7.595823068093912611e-02 7.595823068093912611e-02 7.595823068093912611e-02 7.595823068093912611e-02 7.595823068093912611e-02 7.595823068093912611e-02 7.595823068093912611e-02 7.595823068093912611e-02 7.595823068093912611e-02 7.595823068093912611e-02
6.093750000000000000e-01 6.649911329743262746e-03 6.649911329743262746e-03 6.649911329743262746e-03 6.649911329743262746e-03 6.649911329743262746e-03 6.649911329743262746e-03 6.649911329743262746e-03 6.649911329743262746e-03 6.649911329743262746e-03 6.649911329743262746e-03 6.649911329743262746e-03 6.649911329743262746e-03 6.649911329743262746e-03 6.649911329743262746e-03 6.649911329743262746e-03 6.649911329743262746e-03 6.649911329743262746e-03 6.649911329743262746e-03 6.649911329743262746e-03 6.649911329743262746e-03
6.250000000000000000e-01 4.080522488398635739e-02 4.080522488398635739e-02 4.080522488398635739e-02 4.080522488398635739e-02 4.080522488398635739e-02 4.080522488398635739e-02 4.080522488398635739e-02 4.080522488398635739e-02 4.080522488398635739e-02 4.080522488398635739e-02 4.080522488398635739e-02 4.080522488398635739e-02 4.080522488398635739e-02 4.080522488398635739e-02 4.080522488398635739e-02 4.080522488398635739e-02 4.080522488398635739e-02 4.080522488398635739e-02 4.080522488398635739e-02 4.080522488398635739e-02
6.406250000000000000e-01 2.501019383412733110e-01 2.501019383412733110e-01 2.501019383412733110e-01 2.501019383412733110e-01 2.501019383412733110e-01 2.501019383412733110e-01 2.501019383412733110e-01 2.501019383412733110e-01 2.501019383412733110e-01 2.501019383412733110e-01 2.501019383412733110e-01 2.501019383412733110e-01 2.501019383412733110e-01 2.501019383412733110e-01 2.501019383412733110e-01 2.501019383412733110e-01 2.501019383412733110e-01 2.501019383412733110e-01 2.501019383412733110e-01 2.501019383412733110e-01
6.562500000000000000e-01 8.451818411310184354e-02 8.451818411310184354e-02 8.451818411310184354e-02 8.451818411310184354e-02 8.451818411310184354e-02 8.451818411310184354e-02 8.451818411310184354e-02 8.451818411310184354e-02 8.451818411310184354e-02 8.451818411310184354e-02 8.451818411310184354e-02 8.451818411310184354e-02 8.451818411310184354e-02 8.451818411310184354e-02 8.451818411310184354e-02 8.451818411310184354e-02 8.451818411310184354e-02 8.451818411310184354e-02 8.451818411310184354e-02 8.451818411310184354e-02
6.718750000000000000e-01 1.367329666301472235e-01 1.367329666301472235e-01 1.367329666301472235e-01 1.367329666301472235e-01 1.367329666301472235e-01 1.367329666301472235e-01 1.367329666301472235e-01 1.367329666301472235e-01 1.367329666301472235e-01 1.367329666301472235e-01 1.367329666301472235e-01 1.367329666301472235e-01 1.367329666301472235e-01 1.367329666301472235e-01 1.367329666301472235e-01 1.367329666301472235e-01 1.367329666301472235e-01 1.367329666301472235e-01 1.367329666301472235e-01 1.367329666301472235e-01
6.875000000000000000e-01 1.394583192488648149e-01 1.394583192488648149e-01 1.394583192488648149e-01 1.394583192488648149e-01 1.394583192488648149e-01 1.394583192488648149e-01 1.394583192488648149e-01 1.394583192488648149e-01 1.394583192488648149e-01 1.394583192488648149e-01 1.394583192488648149e-01 1.394583192488648149e-01 1.394583192488648149e-01 1.394583192488648149e-01 1.394583192488648149e-01 1.394583192488648149e-01 1.394583192488648149e-01 1.394583192488648149e-01 1.394583192488648149e-01 1.394583192488648149e-01
7.031250000000000000e-01 3.104677050456545739e-01 3.104677050456545739e-01 3.104677050456545739e-01 3.104677050456545739e-01 3.104677050456545739e-01 3.104677050456545739e-01 3.104677050456545739e-01 3.104677050456545739e-01 3.104677050456545739e-01 3.104677050456545739e-01 3.104677050456545739e-01 3.104677050456545739e-01 3.104677050456545739e-01 3.104677050456545739e-01 3.104677050456545739e-01 3.104677050456545739e-01 3.104677050456545739e-01 3.104677050456545739e-01 3.104677050456545739e-01 3.104677050456545739e-01
7.187500000000000000e-01 2.654942691924134235e-01 2.654942691924134235e-01 2.654942691924134235e-01 2.654942691924134235e-01 2.654942691924134235e-01 2.654942691924134235e-01 2.654942691924134235e-01 2.654942691924134235e-01 2.654942691924134235e-01 2.654942691924134235e-01 2.654942691924134235e-01 2.654942691924134235e-01 2.654942691924134235e-01 2.654942691924134235e-01 2.654942691924134235e-01 2.654942691924134235e-01 2.654942691924134235e-01 2.654942691924134235e-01 2.654942691924134235e-01 2.654942691924134235e-01
7.343750000000000000e-01 3.302337433852007287e-01 3.302337433852007287e-01 3.302337433852007287e-01 3.302337433852007287e-01 3.302337433852007287e-01 3.302337433852007287e-01 3.302337433852007287e-01 3.302337433852007287e-01 3.302337433852007287e-01 3.302337433852007287e-01 3.302337433852007287e-01 3.302337433852007287e-01 3.302337433852007287e-01 3.302337433852007287e-01 3.302337433852007287e-01 3.302337433852007287e-01 3.302337433852007287e-01 3.302337433852007287e-01 3.302337433852007287e-01 3.302337433852007287e-01
7.500000000000000000e-01 2.819478259869575010e-01 2.819478259869575010e-01 2.819478259869575010e-01 2.819478259869575010e-01 2.819478259869575010e-01 2.819478259869575010e-01 2.819478259869575010e-01 2.819478259869575010e-01 2.819478259869575010e-01 2.819478259869575010e-01 2.819478259869575010e-01 2.819478259869575010e-01 2.819478259869575010e-01 2.819478259869575010e-01 2.819478259869575010e-01 2.819478259869575010e-01 2.819478259869575010e-01 2.819478259869575010e-01 2.819478259869575010e-01 2.819478259869575010e-01
7.656250000000000000e-01 1.541704528449310274e-01 1.541704528449310274e-01 1.541704528449310274e-01 1.541704528449310274e-01 1.541704528449310274e-01 1.541704528449310274e-01 1.541704528449310274e-01 1.541704528449310274e-01 1.541704528449310274e-01 1.541704528449310274e-01 1.541704528449310274e-01 1.541704528449310274e-01 1.541704528449310274e-01 1.541704528449310274e-01 1.541704528449310274e-01 1.541704528449310274e-01 1.541704528449310274e-01 1.541704528449310274e-01 1.541704528449310274e-01 1.541704528449310274e-01
7.812500000000000000e-01 4.288451372115419380e-01 4.288451372115419380e-01 4.288451372115419380e-01 4.288451372115419380e-01 4.288451372115419380e-01 4.288451372115419380e-01 4.288451372115419380e-01 4.288451372115419380e-01 4.288451372115419380e-01 4.288451372115419380e-01 4.288451372115419380e-01 4.288451372115419380e-01 4.288451372115419380e-01 4.288451372115419380e-01 4.288451372115419380e-01 4.288451372115419380e-01 4.288451372115419380e-01 4.288451372115419380e-01 4.288451372115419380e-01 4.288451372115419380e-01
7.968750000000000000e-01 3.289884331625433922e-01 3.289884331625433922e-01 3.289884331625433922e-01 3.289884331625433922e-01 3.289884331625433922e-01 3.289884331625433922e-01 3.289884331625433922e-01 3.289884331625433922e-01 3.289884331625433922e-01 3.289884331625433922e-01 3.289884331625433922e-01 3.289884331625433922e-01 3.289884331625433922e-01 3.289884331625433922e-01 3.289884331625433922e-01 3.289884331625433922e-01 3.289884331625433922e-01 3.289884331625433922e-01 3.289884331625433922e-01 3.289884331625433922e-01
8.125000000000000000e-01 2.564933068323104748e-01 2.564933068323104748e-01 2.564933068323104748e-01 2.564933068323104748e-01 2.564933068323104748e-01 2.564933068323104748e-01 2.564933068323104748e-01 2.564933068323104748e-01 2.564933068323104748e-01 2.564933068323104748e-01 2.564933068323104748e-01 2.564933068323104748e-01 2.564933068323104748e-01 2.564933068323104748e-01 2.564933068323104748e-01 2.564933068323104748e-01 2.564933068323104748e-01 2.564933068323104748e-01 2.564933068323104748e-01 2.564933068323104748e-01
8.281250000000000000e-01 3.972034538222055794e-02 3.972034538222055794e-02 3.972034538222055794e-02 3.972034538222055794e-02 3.972034538222055794e-02 3.972034538222055794e-02 3.972034538222055794e-02 3.972034538222055794e-02 3.972034538222055794e-02 3.972034538222055794e-02 3.972034538222055794e-02 3.972034538222055794e-02 3.972034538222055794e-02 3.972034538222055794e-02 3.972034538222055794e-02 3.972034538222055794e-02 3.972034538222055794e-02 3.972034538222055794e-02 3.972034538222055794e-02 3.972034538222055794e-02
8.437500000000000000e-01 4.443959279628048945e-03 4.443959279628048945e-03 4.443959279628048945e-03 4.443959279628048945e-03 4.443959279628048945e-03 4.443959279628048945e-03 4.443959279628048945e-03 4.443959279628048945e-03 4.443959279628048945e-03 4.443959279628048945e-03 4.443959279628048945e-03 4.443959279628048945e-03 4.443959279628048945e-03 4.443959279628048945e-03 4.443959279628048945e-03 4.443959279628048945e-03 4.443959279628048945e-03 4.443959279628048945e-03 4.443959279628048945e-03 4.443959279628048945e-03
8.593750000000000000e-01 4.804257200069050188e-02 4.804257200069050188e-02 4.804257200069050188e-02 4.804257200069050188e-02 4.804257200069050188e-02 4.804257200069050188e-02 4.804257200069050188e-02 4.804257200069050188e-02 4.804257200069050188e-02 4.804257200069050188e-02 4.804257200069050188e-02 4.804257200069050188e-02 4.804257200069050188e-02 4.804257200069050188e-02 4.804257200069050188e-02 4.804257200069050188e-02 4.804257200069050188e-02 4.804257200069050188e-02 4.804257200069050188e-02 4.804257200069050188e-02
8.750000000000000000e-01 7.919329662611403198e-02 7.919329662611403198e-02 7.919329662611403198e-02 7.919329662611403198e-02 7.919329662611403198e-02 7.919329662611403198e-02 7.919329662611403198e-02 7.919329662611403198e-02 7.919329662611403198e-02 7.919329662611403198e-02 7.919329662611403198e-02 7.919329662611403198e-02 7.919329662611403198e-02 7.919329662611403198e-02 7.919329662611403198e-02 7.919329662611403198e-02 7.919329662611403198e-02 7.919329662611403198e-02 7.919329662611403198e-02 7.919329662611403198e-02
8.906250000000000000e-01 1.797394029358946876e-01 1.797394029358946876e-01 1.797394029358946876e-01 1.797394029358946876e-01 1.797394029358946876e-01 1.797394029358946876e-01 1.797394029358946876e-01 1.797394029358946876e-01 1.797394029358946876e-01 1.797394029358946876e-01 1.797394029358946876e-01 1.797394029358946876e-01 1.797394029358946876e-01 1.797394029358946876e-01 1.797394029358946876e-01 1.797394029358946876e-01 1.797394029358946876e-01 1.797394029358946876e-01 1.797394029358946876e-01 1.797394029358946876e-01
9.062500000000000000e-01 5.518964387543391636e-02 5.518964387543391636e-02 5.518964387543391636e-02 5.518964387543391636e-02 5.518964387543391636e-02 5.518964387543391636e-02 5.518964387543391636e-02 5.518964387543391636e-02 5.518964387543391636e-02 5.518964387543391636e-02 5.518964387543391636e-02 5.518964387543391636e-02 5.518964387543391636e-02 5.518964387543391636e-02 5.518964387543391636e-02 5.518964387543391636e-02 5.518964387543391636e-02 5.518964387543391636e-02 5.518964387543391636e-02 5.518964387543391636e-02
9.218750000000000000e-01 4.222677947358237371e-02 4.222677947358237371e-02 4.222677947358237371e-02 4.222677947358237371e-02 4.222677947358237371e-02 4.222677947358237371e-02 4.222677947358237371e-02 4.222677947358237371e-02 4.222677947358237371e-02 4.222677947358237371e-02 4.222677947358237371e-02 4.222677947358237371e-02 4.222677947358237371e-02 4.222677947358237371e-02 4.222677947358237371e-02 4.222677947358237371e-02 4.222677947358237371e-02 4.222677947358237371e-02 4.222677947358237371e-02 4.222677947358237371e-02
9.375000000000000000e-01 4.182649536661989242e-02 4.182649536661989242e-02 4.182649536661989242e-02 4.182649536661989242e-02 4.182649536661989242e-02 4.182649536661989242e-02 4.182649536661989242e-02 4.182649536661989242e-02 4.182649536661989242e-02 4.182649536661989242e-02 4.182649536661989242e-02 4.182649536661989242e-02 4.182649536661989242e-02 4.182649536661989242e-02 4.182649536661989242e-02 4.182649536661989242e-02 4.182649536661989242e-02 4.182649536661989242e-02 4.182649536661989242e-02 4.182649536661989242e-02
9.531250000000000000e-01 4.636355628796555613e-03 4.636355628796555613e-03 4.636355628796555613e-03 4.636355628796555613e-03 4.636355628796555613e-03 4.636355628796555613e-03 4.636355628796555613e-03 4.636355628796555613e-03 4.636355628796555613e-03 4.636355628796555613e-03 4.636355628796555613e-03 4.636355628796555613e-03 4.636355628796555613e-03 4.636355628796555613e-03 4.636355628796555613e-03 4.636355628796555613e-03 4.636355628796555613e-03 4.636355628796555613e-03 4.636355628796555613e-03 4.636355628796555613e-03
9.687500000000000000e-01 3.472869915933302770e-02 3.472869915933302770e-02 3.472869915933302770e-02 3.472869915933302770e-02 3.472869915933302770e-02 3.472869915933302770e-02 3.472869915933302770e-02 3.472869915933302770e-02 3.472869915933302770e-02 3.472869915933302770e-02 3.472869915933302770e-02 3.472869915933302770e-02 3.472869915933302770e-02 3.472869915933302770e-02 3.472869915933302770e-02 3.472869915933302770e-02 3.472869915933302770e-02 3.472869915933302770e-02 3.472869915933302770e-02 3.472869915933302770e-02
9.843750000000000000e-01 3.252607936683449275e-02 3.252607936683449275e-02 3.252607936683449275e-02 3.252607936683449275e-02 3.252607936683449275e-02 3.252607936683449275e-02 3.252607936683449275e-02 3.252607936683449275e-02 3.252607936683449275e-02 3.252607936683449275e-02 3.252607936683449275e-02 3.252607936683449275e-02 3.252607936683449275e-02 3.252607936683449275e-02 3.252607936683449275e-02 3.252607936683449275e-02 3.252607936683449275e-02 3.252607936683449275e-02 3.252607936683449275e-02 3.252607936683449275e-02
1.000000000000000000e+00 1.103802390936498706e-02 1.103802390936498706e-02 1.103802390936498706e-02 1.103802390936498706e-02 1.103802390936498706e-02 1.103802390936498706e-02 1.103802390936498706e-02 1.103802390936498706e-02 1.103802390936498706e-02 1.103802390936498706e-02 1.103802390936498706e-02 1.103802390936498706e-02 1.103802390936498706e-02 1.103802390936498706e-02 1.103802390936498706e-02 1.103802390936498706e-02 1.103802390936498706e-02 1.103802390936498706e-02 1.103802390936498706e-02 1.103802390936498706e-02
1.015625000000000000e+00 1.929333044800379537e-01 1.929333044800379537e-01 1.929333044800379537e-01 1.929333044800379537e-01 1.929333044800379537e-01 1.929333044800379537e-01 1.929333044800379537e-01 1.929333044800379537e-01 1.929333044800379537e-01 1.929333044800379537e-01 1.929333044800379537e-01 1.929333044800379537e-01 1.929333044800379537e-01 1.929333044800379537e-01 1.929333044800379537e-01 1.929333044800379537e-01 1.929333044800379537e-01 1.929333044800379537e-01 1.929333044800379537e-01 1.929333044800379537e-01
1.031250000000000000e+00 7.601764690672708769e-01 7.601764690672708769e-01 7.601764690672708769e-01 7.601764690672708769e-01 7.601764690672708769e-01 7.601764690672708769e-01 7.601764690672708769e-01 7.601764690672708769e-01 7.601764690672708769e-01 7.601764690672708769e-01 7.601764690672708769e-01 7.601764690672708769e-01 7.601764690672708769e-01 7.601764690672708769e-01 7.601764690672708769e-01 7.601764690672708769e-01 7.601764690672708769e-01 7.601764690672708769e-01 7.601764690672708769e-01 7.601764690672708769e-01
1.046875000000000000e+00 7.322295221759390627e-01 7.322295221759390627e-01 7.322295221759390627e-01 7.322295221759390627e-01 7.322295221759390627e-01 7.322295221759390627e-01 7.322295221759390627e-01 7.322295221759390627e-01 7.322295221759390627e-01 7.322295221759390627e-01 7.322295221759390627e-01 7.322295221759390627e-01 7.322295221759390627e-01 7.322295221759390627e-01 7.322295221759390627e-01 7.322295221759390627e-01 7.322295221759390627e-01 7.322295221759390627e-01 7.322295221759390627e-01 7.322295221759390627e-01
1.062500000000000000e+00 7.602555410528967217e-01 7.602555410528967217e-01 7.602555410528967217e-01 7.602555410528967217e-01 7.602555410528967217e-01 7.602555410528967217e-01 7.602555410528967217e-01 7.602555410528967217e-01 7.602555410528967217e-01 7.602555410528967217e-01 7.602555410528967217e-01 7.602555410528967217e-01 7.602555410528967217e-01 7.602555410528967217e-01 7.602555410528967217e-01 7.602555410528967217e-01 7.602555410528967217e-01 7.602555410528967217e-01 7.602555410528967217e-01 7.602555410528967217e-01
1.078125000000000000e+00 6.622697836229697321e-01 6.622697836229697321e-01 6.622697836229697321e-01 6.622697836229697321e-01 6.622697836229697321e-01 6.622697836229697321e-01 6.622697836229697321e-01 6.622697836229697321e-01 6.622697836229697321e-01 6.622697836229697321e-01 6.622697836229697321e-01 6.622697836229697321e-01 6.622697836229697321e-01 6.622697836229697321e-01 6.622697836229697321e-01 6.622697836229697321e-01 6.622697836229697321e-01 6.622697836229697321e-01 6.622697836229697321e-01 6.622697836229697321e-01
1.093750000000000000e+00 1.181994329142655072e-02 1.181994329142655072e-02 1.181994329142655072e-02 1.181994329142655072e-02 1.181994329142655072e-02 1.181994329142655072e-02 1.181994329142655072e-02 1.181994329142655072e-02 1.181994329142655072e-02 1.181994329142655072e-02 1.181994329142655072e-02 1.181994329142655072e-02 1.181994329142655072e-02 1.181994329142655072e-02 1.181994329142655072e-02 1.181994329142655072e-02 1.181994329142655072e-02 1.181994329142655072e-02 1.181994329142655072e-02 1.181994329142655072e-02
1.109375000000000000e+00 1.873299084227563610e-02 1.873299084227563610e-02 1.873299084227563610e-02 1.873299084227563610e-02 1.873299084227563610e-02 1.873299084227563610e-02 1.873299084227563610e-02 1.873299084227563610e-02 1.873299084227563610e-02 1.873299084227563610e-02 1.873299084227563610e-02 1.873299084227563610e-02 1.873299084227563610e-02 1.873299084227563610e-02 1.873299084227563610e-02 1.873299084227563610e-02 1.873299084227563610e-02 1.873299084227563610e-02 1.873299084227563610e-02 1.873299084227563610e-02
1.125000000000000000e+00 1.706644115295483793e-02 1.706644115295483793e-02 1.706644115295483793e-02 1.706644115295483793e-02 1.706644115295483793e-02 1.706644115295483793e-02 1.706644115295483793e-02 1.706644115295483793e-02 1.706644115295483793e-02 1.706644115295483793e-02 1.706644115295483793e-02 1.706644115295483793e-02 1.706644115295483793e-02 1.706644115295483793e-02 1.706644115295483793e-02 1.706644115295483793e-02 1.706644115295483793e-02 1.706644115295483793e-02 1.706644115295483793e-02 1.706644115295483793e-02
1.140625000000000000e+00 1.801827489566704826e-02 1.801827489566704826e-02 1.801827489566704826e-02 1.801827489566704826e-02 1.801827489566704826e-02 1.801827489566704826e-02 1.801827489566704826e-02 1.801827489566704826e-02 1.801827489566704826e-02 1.801827489566704826e-02 1.801827489566704826e-02 1.801827489566704826e-02 1.801827489566704826e-02 1.801827489566704826e-02 1.801827489566704826e-02 1.801827489566704826e-02 1.801827489566704826e-02 1.801827489566704826e-02 1.801827489566704826e-02 1.801827489566704826e-02
1.156250000000000000e+00 9.287177823916956121e-02 9.287177823916956121e-02 9.287177823916956121e-02 9.287177823916956121e-02 9.287177823916956121e-02 9.287177823916956121e-02 9.287177823916956121e-02 9.287177823916956121e-02 9.287177823916956121e-02 9.287177823916956121e-02 9.287177823916956121e-02 9.287177823916956121e-02 9.287177823916956121e-02 9.287177823916956121e-02 9.287177823916956121e-02 9.287177823916956121e-02 9.287177823916956121e-02 9.287177823916956121e-02 9.287177823916956121e-02 9.287177823916956121e-02
1.171875000000000000e+00 1.097318692343852639e-02 1.097318692343852639e-02 1.097318692343852639e-02 1.097318692343852639e-02 1.097318692343852639e-02 1.097318692343852639e-02 1.097318692343852639e-02 1.097318692343852639e-02 1.097318692343852639e-02 1.097318692343852639e-02 1.097318692343852639e-02 1.097318692343852639e-02 1.097318692343852639e-02 1.097318692343852639e-02 1.097318692343852639e-02 1.097318692343852639e-02 1.097318692343852639e-02 1.097318692343852639e-02 1.097318692343852639e-02 1.097318692343852639e-02
1.187500000000000000e+00 2.408330563725629148e-01 2.408330563725629148e-01 2.408330563725629148e-01 2.408330563725629148e-01 2.408330563725629148e-01 2.408330563725629148e-01 2.408330563725629148e-01 2.408330563725629148e-01 2.408330563725629148e-01 2.408330563725629148e-01 2.408330563725629148e-01 2.408330563725629148e-01 2.408330563725629148e-01 2.408330563725629148e-01 2.408330563725629148e-01 2.408330563725629148e-01 2.408330563725629148e-01 2.408330563725629148e-01 2.408330563725629148e-01 2.408330563725629148e-01
1.203125000000000000e+00 2.249771156951068662e-01 2.249771156951068662e-01 2.249771156951068662e-01 2.249771156951068662e-01 2.249771156951068662e-01 2.249771156951068662e-01 2.249771156951068662e-01 2.249771156951068662e-01 2.249771156951068662e-01 2.249771156951068662e-01 2.249771156951068662e-01 2.249771156951068662e-01 2.249771156951068662e-01 2.249771156951068662e-01 2.249771156951068662e-01 2.249771156951068662e-01 2.249771156951068662e-01 2.249771156951068662e-01 2.249771156951068662e-01 2.249771156951068662e-01
1.218750000000000000e+00 2.582225595991477496e-01 2.582225595991477496e-01 2.582225595991477496e-01 2.582225595991477496e-01 2.582225595991477496e-01 2.582225595991477496e-01 2.582225595991477496e-01 2.582225595991477496e-01 2.582225595991477496e-01 2.582225595991477496e-01 2.582225595991477496e-01 2.582225595991477496e-01 2.582225595991477496e-01 2.582225595991477496e-01 2.582225595991477496e-01 2.582225595991477496e-01 2.582225595991477496e-01 2.582225595991477496e-01 2.582225595991477496e-01 2.582225595991477496e-01
1.234375000000000000e+00 5.429040610168593683e-02 5.429040610168593683e-02 5.429040610168593683e-02 5.429040610168593683e-02 5.429040610168593683e-02 5.429040610168593683e-02 5.429040610168593683e-02 5.429040610168593683e-02 5.429040610168593683e-02 5.429040610168593683e-02 5.429040610168593683e-02 5.429040610168593683e-02 5.429040610168593683e-02 5.429040610168593683e-02 5.429040610168593683e-02 5.429040610168593683e-02 5.429040610168593683e-02 5.429040610168593683e-02 5.429040610168593683e-02 5.429040610168593683e-02
1.250000000000000000e+00 4.986407795591817071e-02 4.986407795591817071e-02 4.986407795591817071e-02 4.986407795591817071e-02 4.986407795591817071e-02 4.986407795591817071e-02 4.986407795591817071e-02 4.986407795591817071e-02 4.986407795591817071e-02 4.986407795591817071e-02 4.986407795591817071e-02 4.986407795591817071e-02 4.986407795591817071e-02 4.986407795591817071e-02 4.986407795591817071e-02 4.986407795591817071e-02 4.986407795591817071e-02 4.986407795591817071e-02 4.986407795591817071e-02 4.986407795591817071e-02
1.265625000000000000e+00 9.502849039053476443e-02 9.502849039053476443e-02 9.502849039053476443e-02 9.502849039053476443e-02 9.502849039053476443e-02 9.502849039053476443e-02 9.502849039053476443e-02 9.502849039053476443e-02 9.502849039053476443e-02 9.502849039053476443e-02 9.502849039053476443e-02 9.502849039053476443e-02 9.502849039053476443e-02 9.502849039053476443e-02 9.502849039053476443e-02 9.502849039053476443e-02 9.502849039053476443e-02 9.502849039053476443e-02 9.502849039053476443e-02 9.502849039053476443e-02
1.281250000000000000e+00 4.810247435627497750e-03 4.810247435627497750e-03 4.810247435627497750e-03 4.810247435627497750e-03 4.810247435627497750e-03 4.810247435627497750e-03 4.810247435627497750e-03 4.810247435627497750e-03 4.810247435627497750e-03 4.810247435627497750e-03 4.810247435627497750e-03 4.810247435627497750e-03 4.810247435627497750e-03 4.810247435627497750e-03 4.810247435627497750e-03 4.810247435627497750e-03 4.810247435627497750e-03 4.810247435627497750e-03 4.810247435627497750e-03 4.810247435627497750e-03
1.296875000000000000e+00 1.532465571342095378e-01 1.532465571342095378e-01 1.532465571342095378e-01 1.532465571342095378e-01 1.532465571342095378e-01 1.532465571342095378e-01 1.532465571342095378e-01 1.532465571342095378e-01 1.532465571342095378e-01 1.532465571342095378e-01 1.532465571342095378e-01 1.532465571342095378e-01 1.532465571342095378e-01 1.532465571342095378e-01 1.532465571342095378e-01 1.532465571342095378e-01 1.532465571342095378e-01 1.532465571342095378e-01 1.532465571342095378e-01 1.532465571342095378e-01
1.312500000000000000e+00 2.981923742387009857e-01 2.981923742387009857e-01 2.981923742387009857e-01 2.981923742387009857e-01 2.981923742387009857e-01 2.981923742387009857e-01 2.981923742387009857e-01 2.981923742387009857e-01 2.981923742387009857e-01 2.981923742387009857e-01 2.981923742387009857e-01 2.981923742387009857e-01 2.981923742387009857e-01 2.981923742387009857e-01 2.981923742387009857e-01 2.981923742387009857e-01 2.981923742387009857e-01 2.981923742387009857e-01 2.981923742387009857e-01 2.981923742387009857e-01
1.328125000000000000e+00 3.070517203478321799e-01 3.070517203478321799e-01 3.070517203478321799e-01 3.070517203478321799e-01 3.070517203478321799e-01 3.070517203478321799e-01 3.070517203478321799e-01 3.070517203478321799e-01 3.070517203478321799e-01 3.070517203478321799e-01 3.070517203478321799e-01 3.070517203478321799e-01 3.070517203478321799e-01 3.070517203478321799e-01 3.070517203478321799e-01 3.070517203478321799e-01 3.070517203478321799e-01 3.070517203478321799e-01 3.070517203478321799e-01 3.070517203478321799e-01
1.343750000000000000e+00 1.531975892954757223e-01 1.531975892954757223e-01 1.531975892954757223e-01 1.531975892954757223e-01 1.531975892954757223e-01 1.531975892954757223e-01 1.531975892954757223e-01 1.531975892954757223e-01 1.531975892954757223e-01 1.531975892954757223e-01 1.531975892954757223e-01 1.531975892954757223e-01 1.531975892954757223e-01 1.531975892954757223e-01 1.531975892954757223e-01 1.531975892954757223e-01 1.531975892954757223e-01 1.531975892954757223e-01 1.531975892954757223e-01 1.531975892954757223e-01
1.359375000000000000e+00 1.303820953413662997e-01 1.303820953413662997e-01 1.303820953413662997e-01 1.303820953413662997e-01 1.303820953413662997e-01 1.303820953413662997e-01 1.303820953413662997e-01 1.303820953413662997e-01 1.303820953413662997e-01 1.303820953413662997e-01 1.303820953413662997e-01 1.303820953413662997e-01 1.303820953413662997e-01 1.303820953413662997e-01 1.303820953413662997e-01 1.303820953413662997e-01 1.303820953413662997e-01 1.303820953413662997e-01 1.303820953413662997e-01 1.303820953413662997e-01
1.375000000000000000e+00 1.875716347834422704e-01 1.875716347834422704e-01 1.875716347834422704e-01 1.875716347834422704e-01 1.875716347834422704e-01 1.875716347834422704e-01 1.875716347834422704e-01 1.875716347834422704e-01 1.875716347834422704e-01 1.875716347834422704e-01 1.875716347834422704e-01 1.875716347834422704e-01 1.875716347834422704e-01 1.875716347834422704e-01 1.875716347834422704e-01 1.875716347834422704e-01 1.875716347834422704e-01 1.875716347834422704e-01 1.875716347834422704e-01 1.875716347834422704e-01
1.390625000000000000e+00 1.393001764722852538e-02 1.393001764722852538e-02 1.393001764722852538e-02 1.393001764722852538e-02 1.393001764722852538e-02 1.393001764722852538e-02 1.393001764722852538e-02 1.393001764722852538e-02 1.393001764722852538e-02 1.393001764722852538e-02 1.393001764722852538e-02 1.393001764722852538e-02 1.393001764722852538e-02 1.393001764722852538e-02 1.393001764722852538e-02 1.393001764722852538e-02 1.393001764722852538e-02 1.393001764722852538e-02 1.393001764722852538e-02 1.393001764722852538e-02
1.406250000000000000e+00 6.121561369777475323e-03 6.121561369777475323e-03 6.121561369777475323e-03 6.121561369777475323e-03 6.121561369777475323e-03 6.121561369777475323e-03 6.121561369777475323e-03 6.121561369777475323e-03 6.121561369777475323e-03 6.121561369777475323e-03 6.121561369777475323e-03 6.121561369777475323e-03 6.121561369777475323e-03 6.121561369777475323e-03 6.121561369777475323e-03 6.121561369777475323e-03 6.121561369777475323e-03 6.121561369777475323e-03 6.121561369777475323e-03 6.121561369777475323e-03
1.421875000000000000e+00 5.530208889989664429e-03 5.530208889989664429e-03 5.530208889989664429e-03 5.530208889989664429e-03 5.530208889989664429e-03 5.530208889989664429e-03 5.530208889989664429e-03 5.530208889989664429e-03 5.530208889989664429e-03 5.530208889989664429e-03 5.530208889989664429e-03 5.530208889989664429e-03 5.530208889989664429e-03 5.530208889989664429e-03 5.530208889989664429e-03 5.530208889989664429e-03 5.530208889989664429e-03 5.530208889989664429e-03 5.530208889989664429e-03 5.530208889989664429e-03
1.437500000000000000e+00 3.377253362745076537e-02 3.377253362745076537e-02 3.377253362745076537e-02 3.377253362745076537e-02 3.377253362745076537e-02 3.377253362745076537e-02 3.377253362745076537e-02 3.377253362745076537e-02 3.377253362745076537e-02 3.377253362745076537e-02 3.377253362745076537e-02 3.377253362745076537e-02 3.377253362745076537e-02 3.377253362745076537e-02 3.377253362745076537e-02 3.377253362745076537e-02 3.377253362745076537e-02 3.377253362745076537e-02 3.377253362745076537e-02 3.377253362745076537e-02
1.453125000000000000e+00 2.284049709176269247e-02 2.284049709176269247e-02 2.284049709176269247e-02 2.284049709176269247e-02 2.284049709176269247e-02 2.284049709176269247e-02 2.284049709176269247e-02 2.284049709176269247e-02 2.284049709176269247e-02 2.284049709176269247e-02 2.284049709176269247e-02 2.284049709176269247e-02 2.284049709176269247e-02 2.284049709176269247e-02 2.284049709176269247e-02 2.284049709176269247e-02 2.284049709176269247e-02 2.284049709176269247e-02 2.284049709176269247e-02 2.284049709176269247e-02
1.468750000000000000e+00 3.688956001834391846e-02 3.688956001834391846e-02 3.688956001834391846e-02 3.688956001834391846e-02 3.688956001834391846e-02 3.688956001834391846e-02 3.688956001834391846e-02 3.688956001834391846e-02 3.688956001834391846e-02 3.688956001834391846e-02 3.688956001834391846e-02 3.688956001834391846e-02 3.688956001834391846e-02 3.688956001834391846e-02 3.688956001834391846e-02 3.688956001834391846e-02 3.688956001834391846e-02 3.688956001834391846e-02 3.688956001834391846e-02 3.688956001834391846e-02
1.484375000000000000e+00 2.707456886667446942e-03 2.707456886667446942e-03 2.707456886667446942e-03 2.707456886667446942e-03 2.707456886667446942e-03 2.707456886667446942e-03 2.707456886667446942e-03 2.707456886667446942e-03 2.707456886667446942e-03 2.707456886667446942e-03 2.707456886667446942e-03 2.707456886667446942e-03 2.707456886667446942e-03 2.707456886667446942e-03 2.707456886667446942e-03 2.707456886667446942e-03 2.707456886667446942e-03 2.707456886667446942e-03 2.707456886667446942e-03 2.707456886667446942e-03
1.500000000000000000e+00 8.974703297213783640e-03 8.974703297213783640e-03 8.974703297213783640e-03 8.974703297213783640e-03 8.974703297213783640e-03 8.974703297213783640e-03 8.974703297213783640e-03 8.974703297213783640e-03 8.974703297213783640e-03 8.974703297213783640e-03 8.974703297213783640e-03 8.974703297213783640e-03 8.974703297213783640e-03 8.974703297213783640e-03 8.974703297213783640e-03 8.974703297213783640e-03 8.974703297213783640e-03 8.974703297213783640e-03 8.974703297213783640e-03 8.974703297213783640e-03
1.515625000000000000e+00 1.219451493378826377e-02 1.219451493378826377e-02 1.219451493378826377e-02 1.219451493378826377e-02 1.219451493378826377e-02 1.219451493378826377e-02 1.219451493378826377e-02 1.219451493378826377e-02 1.219451493378826377e-02 1.219451493378826377e-02 1.219451493378826377e-02 1.219451493378826377e-02 1.219451493378826377e-02 1.219451493378826377e-02 1.219451493378826377e-02 1.219451493378826377e-02 1.219451493378826377e-02 1.219451493378826377e-02 1.219451493378826377e-02 1.219451493378826377e-02
1.531250000000000000e+00 1.215420765716973203e-02 1.215420765716973203e-02 1.215420765716973203e-02 1.215420765716973203e-02 1.215420765716973203e-02 1.215420765716973203e-02 1.215420765716973203e-02 1.215420765716973203e-02 1.215420765716973203e-02 1.215420765716973203e-02 1.215420765716973203e-02 1.215420765716973203e-02 1.215420765716973203e-02 1.215420765716973203e-02 1.215420765716973203e-02 1.215420765716973203e-02 1.215420765716973203e-02 1.215420765716973203e-02 1.215420765716973203e-02 1.215420765716973203e-02
1.546875000000000000e+00 1.398876899162273223e-02 1.398876899162273223e-02 1.398876899162273223e-02 1.398876899162273223e-02 1.398876899162273223e-02 1.398876899162273223e-02 1.398876899162273223e-02 1.398876899162273223e-02 1.398876899162273223e-02 1.398876899162273223e-02 1.398876899162273223e-02 1.398876899162273223e-02 1.398876899162273223e-02 1.398876899162273223e-02 1.398876899162273223e-02 1.398876899162273223e-02 1.398876899162273223e-02 1.398876899162273223e-02 1.398876899162273223e-02 1.398876899162273223e-02
1.562500000000000000e+00 3.625621081908287496e-02 3.625621081908287496e-02 3.625621081908287496e-02 3.625621081908287496e-02 3.625621081908287496e-02 3.625621081908287496e-02 3.625621081908287496e-02 3.625621081908287496e-02 3.625621081908287496e-02 3.625621081908287496e-02 3.625621081908287496e-02 3.625621081908287496e-02 3.625621081908287496e-02 3.625621081908287496e-02 3.625621081908287496e-02 3.625621081908287496e-02 3.625621081908287496e-02 3.625621081908287496e-02 3.625621081908287496e-02 3.625621081908287496e-02
1.578125000000000000e+00 1.935216579971487175e-02 1.935216579971487175e-02 1.935216579971487175e-02 1.935216579971487175e-02 1.935216579971487175e-02 1.935216579971487175e-02 1.935216579971487175e-02 1.935216579971487175e-02 1.935216579971487175e-02 1.935216579971487175e-02 1.935216579971487175e-02 1.935216579971487175e-02 1.935216579971487175e-02 1.935216579971487175e-02 1.935216579971487175e-02 1.935216579971487175e-02 1.935216579971487175e-02 1.935216579971487175e-02 1.935216579971487175e-02 1.935216579971487175e-02
1.593750000000000000e+00 3.557234673995168101e-02 3.557234673995168101e-02 3.557234673995168101e-02 3.557234673995168101e-02 3.557234673995168101e-02 3.557234673995168101e-02 3.557234673995168101e-02 3.557234673995168101e-02 3.557234673995168101e-02 3.557234673995168101e-02 3.557234673995168101e-02 3.557234673995168101e-02 3.557234673995168101e-02 3.557234673995168101e-02 3.557234673995168101e-02 3.557234673995168101e-02 3.557234673995168101e-02 3.557234673995168101e-02 3.557234673995168101e-02 3.557234673995168101e-02
1.609375000000000000e+00 3.755598999424870216e-02 3.755598999424870216e-02 3.755598999424870216e-02 3.755598999424870216e-02 3.755598999424870216e-02 3.755598999424870216e-02 3.755598999424870216e-02 3.755598999424870216e-02 3.755598999424870216e-02 3.755598999424870216e-02 3.755598999424870216e-02 3.755598999424870216e-02 3.755598999424870216e-02 3.755598999424870216e-02 3.755598999424870216e-02 3.755598999424870216e-02 3.755598999424870216e-02 3.755598999424870216e-02 3.755598999424870216e-02 3.755598999424870216e-02
1.625000000000000000e+00 3.855324926076126868e-01 3.855324926076126868e-01 3.855324926076126868e-01 3.855324926076126868e-01 3.855324926076126868e-01 3.855324926076126868e-01 3.855324926076126868e-01 3.855324926076126868e-01 3.855324926076126868e-01 3.855324926076126868e-01 3.855324926076126868e-01 3.855324926076126868e-01 3.855324926076126868e-01 3.855324926076126868e-01 3.855324926076126868e-01 3.855324926076126868e-01 3.855324926076126868e-01 3.855324926076126868e-01 3.855324926076126868e-01 3.855324926076126868e-01
1.640625000000000000e+00 1.786147002313384913e-01 1.786147002313384913e-01 1.786147002313384913e-01 1.786147002313384913e-01 1.786147002313384913e-01 1.786147002313384913e-01 1.786147002313384913e-01 1.786147002313384913e-01 1.786147002313384913e-01 1.786147002313384913e-01 1.786147002313384913e-01 1.786147002313384913e-01 1.786147002313384913e-01 1.786147002313384913e-01 1.786147002313384913e-01 1.786147002313384913e-01 1.786147002313384913e-01 1.786147002313384913e-01 1.786147002313384913e-01 1.786147002313384913e-01
1.656250000000000000e+00 1.762515995446089223e-01 1.762515995446089223e-01 1.762515995446089223e-01 1.762515995446089223e-01 1.762515995446089223e-01 1.762515995446089223e-01 1.762515995446089223e-01 1.762515995446089223e-01 1.762515995446089223e-01 1.762515995446089223e-01 1.762515995446089223e-01 1.762515995446089223e-01 1.762515995446089223e-01 1.762515995446089223e-01 1.762515995446089223e-01 1.762515995446089223e-01 1.762515995446089223e-01 1.762515995446089223e-01 1.762515995446089223e-01 1.762515995446089223e-01
1.671875000000000000e+00 2.321885883448410876e-02 2.321885883448410876e-02 2.321885883448410876e-02 2.321885883448410876e-02 2.321885883448410876e-02 2.321885883448410876e-02 2.321885883448410876e-02 2.321885883448410876e-02 2.321885883448410876e-02 2.321885883448410876e-02 2.321885883448410876e-02 2.321885883448410876e-02 2.321885883448410876e-02 2.321885883448410876e-02 2.321885883448410876e-02 2.321885883448410876e-02 2.321885883448410876e-02 2.321885883448410876e-02 2.321885883448410876e-02 2.321885883448410876e-02
1.687500000000000000e+00 1.192910540367867357e-03 1.192910540367867357e-03 1.192910540367867357e-03 1.192910540367867357e-03 1.192910540367867357e-03 1.192910540367867357e-03 1.192910540367867357e-03 1.192910540367867357e-03 1.192910540367867357e-03 1.192910540367867357e-03 1.192910540367867357e-03 1.192910540367867357e-03 1.192910540367867357e-03 1.192910540367867357e-03 1.192910540367867357e-03 1.192910540367867357e-03 1.192910540367867357e-03 1.192910540367867357e-03 1.192910540367867357e-03 1.192910540367867357e-03
1.703125000000000000e+00 3.420266035647802783e-03 3.420266035647802783e-03 3.420266035647802783e-03 3.420266035647802783e-03 3.420266035647802783e-03 3.420266035647802783e-03 3.420266035647802783e-03 3.420266035647802783e-03 3.420266035647802783e-03 3.420266035647802783e-03 3.420266035647802783e-03 3.420266035647802783e-03 3.420266035647802783e-03 3.420266035647802783e-03 3.420266035647802783e-03 3.420266035647802783e-03 3.420266035647802783e-03 3.420266035647802783e-03 3.420266035647802783e-03 3.420266035647802783e-03
1.718750000000000000e+00 3.278621002089117734e-03 3.278621002089117734e-03 3.278621002089117734e-03 3.278621002089117734e-03 3.278621002089117734e-03 3.278621002089117734e-03 3.278621002089117734e-03 3.278621002089117734e-03 3.278621002089117734e-03 3.278621002089117734e-03 3.278621002089117734e-03 3.278621002089117734e-03 3.278621002089117734e-03 3.278621002089117734e-03 3.278621002089117734e-03 3.278621002089117734e-03 3.278621002089117734e-03 3.278621002089117734e-03 3.278621002089117734e-03 3.278621002089117734e-03
1.734375000000000000e+00 5.501969706681464865e-03 5.501969706681464865e-03 5.501969706681464865e-03 5.501969706681464865e-03 5.501969706681464865e-03 5.501969706681464865e-03 5.501969706681464865e-03 5.501969706681464865e-03 5.501969706681464865e-03 5.501969706681464865e-03 5.501969706681464865e-03 5.501969706681464865e-03 5.501969706681464865e-03 5.501969706681464865e-03 5.501969706681464865e-03 5.501969706681464865e-03 5.501969706681464865e-03 5.501969706681464865e-03 5.501969706681464865e-03 5.501969706681464865e-03
1.750000000000000000e+00 7.849401678441332575e-02 7.849401678441332575e-02 7.849401678441332575e-02 7.849401678441332575e-02 7.849401678441332575e-02 7.849401678441332575e-02 7.849401678441332575e-02 7.849401678441332575e-02 7.849401678441332575e-02 7.849401678441332575e-02 7.849401678441332575e-02 7.849401678441332575e-02 7.849401678441332575e-02 7.849401678441332575e-02 7.849401678441332575e-02 7.849401678441332575e-02 7.849401678441332575e-02 7.849401678441332575e-02 7.849401678441332575e-02 7.849401678441332575e-02
1.765625000000000000e+00 9.966226758819730913e-02 9.966226758819730913e-02 9.966226758819730913e-02 9.966226758819730913e-02 9.966226758819730913e-02 9.966226758819730913e-02 9.966226758819730913e-02 9.966226758819730913e-02 9.966226758819730913e-02 9.966226758819730913e-02 9.966226758819730913e-02 9.966226758819730913e-02 9.966226758819730913e-02 9.966226758819730913e-02 9.966226758819730913e-02 9.966226758819730913e-02 9.966226758819730913e-02 9.966226758819730913e-02 9.966226758819730913e-02 9.966226758819730913e-02
1.781250000000000000e+00 4.757978826628829483e-02 4.757978826628829483e-02 4.757978826628829483e-02 4.757978826628829483e-02 4.757978826628829483e-02 4.757978826628829483e-02 4.757978826628829483e-02 4.757978826628829483e-02 4.757978826628829483e-02 4.757978826628829483e-02 4.757978826628829483e-02 4.757978826628829483e-02 4.757978826628829483e-02 4.757978826628829483e-02 4.757978826628829483e-02 4.757978826628829483e-02 4.757978826628829483e-02 4.757978826628829483e-02 4.757978826628829483e-02 4.757978826628829483e-02
1.796875000000000000e+00 2.677732397861876199e-03 2.677732397861876199e-03 2.677732397861876199e-03 2.677732397861876199e-03 2.677732397861876199e-03 2.677732397861876199e-03 2.677732397861876199e-03 2.677732397861876199e-03 2.677732397861876199e-03 2.677732397861876199e-03 2.677732397861876199e-03 2.677732397861876199e-03 2.677732397861876199e-03 2.677732397861876199e-03 2.677732397861876199e-03 2.677732397861876199e-03 2.677732397861876199e-03 2.677732397861876199e-03 2.677732397861876199e-03 2.677732397861876199e-03
1.812500000000000000e+00 2.651407122123162433e-03 2.651407122123162433e-03 2.651407122123162433e-03 2.651407122123162433e-03 2.651407122123162433e-03 2.651407122123162433e-03 2.651407122123162433e-03 2.651407122123162433e-03 2.651407122123162433e-03 2.651407122123162433e-03 2.651407122123162433e-03 2.651407122123162433e-03 2.651407122123162433e-03 2.651407122123162433e-03 2.651407122123162433e-03 2.651407122123162433e-03 2.651407122123162433e-03 2.651407122123162433e-03 2.651407122123162433e-03 2.651407122123162433e-03
1.828125000000000000e+00 3.380584385136910230e-02 3.380584385136910230e-02 3.380584385136910230e-02 3.380584385136910230e-02 3.380584385136910230e-02 3.380584385136910230e-02 3.380584385136910230e-02 3.380584385136910230e-02 3.380584385136910230e-02 3.380584385136910230e-02 3.380584385136910230e-02 3.380584385136910230e-02 3.380584385136910230e-02 3.380584385136910230e-02 3.380584385136910230e-02 3.380584385136910230e-02 3.380584385136910230e-02 3.380584385136910230e-02 3.380584385136910230e-02 3.380584385136910230e-02
1.843750000000000000e+00 1.728362322379482785e-02 1.728362322379482785e-02 1.728362322379482785e-02 1.728362322379482785e-02 1.728362322379482785e-02 1.728362322379482785e-02 1.728362322379482785e-02 1.728362322379482785e-02 1.728362322379482785e-02 1.728362322379482785e-02 1.728362322379482785e-02 1.728362322379482785e-02 1.728362322379482785e-02 1.728362322379482785e-02 1.728362322379482785e-02 1.728362322379482785e-02 1.728362322379482785e-02 1.728362322379482785e-02 1.728362322379482785e-02 1.728362322379482785e-02
1.859375000000000000e+00 2.322799451450812680e-01 2.322799451450812680e-01 2.322799451450812680e-01 2.322799451450812680e-01 2.322799451450812680e-01 2.322799451450812680e-01 2.322799451450812680e-01 2.322799451450812680e-01 2.322799451450812680e-01 2.322799451450812680e-01 2.322799451450812680e-01 2.322799451450812680e-01 2.322799451450812680e-01 2.322799451450812680e-01 2.322799451450812680e-01 2.322799451450812680e-01 2.322799451450812680e-01 2.322799451450812680e-01 2.322799451450812680e-01 2.322799451450812680e-01
1.875000000000000000e+00 6.369970765045353256e-02 6.369970765045353256e-02 6.369970765045353256e-02 6.369970765045353256e-02 6.369970765045353256e-02 6.369970765045353256e-02 6.369970765045353256e-02 6.369970765045353256e-02 6.369970765045353256e-02 6.369970765045353256e-02 6.369970765045353256e-02 6.369970765045353256e-02 6.369970765045353256e-02 6.369970765045353256e-02 6.369970765045353256e-02 6.369970765045353256e-02 6.369970765045353256e-02 6.369970765045353256e-02 6.369970765045353256e-02 6.369970765045353256e-02
1.890625000000000000e+00 3.343207720630651525e-01 3.343207720630651525e-01 3.343207720630651525e-01 3.343207720630651525e-01 3.343207720630651525e-01 3.343207720630651525e-01 3.343207720630651525e-01 3.343207720630651525e-01 3.343207720630651525e-01 3.343207720630651525e-01 3.343207720630651525e-01 3.343207720630651525e-01 3.343207720630651525e-01 3.343207720630651525e-01 3.343207720630651525e-01 3.343207720630651525e-01 3.343207720630651525e-01 3.343207720630651525e-01 3.343207720630651525e-01 3.343207720630651525e-01
1.906250000000000000e+00 1.183967742616452157e-01 1.183967742616452157e-01 1.183967742616452157e-01 1.183967742616452157e-01 1.183967742616452157e-01 1.183967742616452157e-01 1.183967742616452157e-01 1.183967742616452157e-01 1.183967742616452157e-01 1.183967742616452157e-01 1.183967742616452157e-01 1.183967742616452157e-01 1.183967742616452157e-01 1.183967742616452157e-01 1.183967742616452157e-01 1.183967742616452157e-01 1.183967742616452157e-01 1.183967742616452157e-01 1.183967742616452157e-01 1.183967742616452157e-01
1.921875000000000000e+00 9.351245973820249135e-02 9.351245973820249135e-02 9.351245973820249135e-02 9.351245973820249135e-02 9.351245973820249135e-02 9.351245973820249135e-02 9.351245973820249135e-02 9.351245973820249135e-02 9.351245973820249135e-02 9.351245973820249135e-02 9.351245973820249135e-02 9.351245973820249135e-02 9.351245973820249135e-02 9.351245973820249135e-02 9.351245973820249135e-02 9.351245973820249135e-02 9.351245973820249135e-02 9.351245973820249135e-02 9.351245973820249135e-02 9.351245973820249135e-02
1.937500000000000000e+00 1.281566993620296691e-01 1.281566993620296691e-01 1.281566993620296691e-01 1.281566993620296691e-01 1.281566993620296691e-01 1.281566993620296691e-01 1.281566993620296691e-01 1.281566993620296691e-01 1.281566993620296691e-01 1.281566993620296691e-01 1.281566993620296691e-01 1.281566993620296691e-01 1.281566993620296691e-01 1.281566993620296691e-01 1.281566993620296691e-01 1.281566993620296691e-01 1.281566993620296691e-01 1.281566993620296691e-01 1.281566993620296691e-01 1.281566993620296691e-01
1.953125000000000000e+00 7.108149850474419773e-02 7.108149850474419773e-02 7.108149850474419773e-02 7.108149850474419773e-02 7.108149850474419773e-02 7.108149850474419773e-02 7.108149850474419773e-02 7.108149850474419773e-02 7.108149850474419773e-02 7.108149850474419773e-02 7.108149850474419773e-02 7.108149850474419773e-02 7.108149850474419773e-02 7.108149850474419773e-02 7.108149850474419773e-02 7.108149850474419773e-02 7.108149850474419773e-02 7.108149850474419773e-02 7.108149850474419773e-02 7.108149850474419773e-02
1.968750000000000000e+00 2.283816626411620809e-02 2.283816626411620809e-02 2.283816626411620809e-02 2.283816626411620809e-02 2.283816626411620809e-02 2.283816626411620809e-02 2.283816626411620809e-02 2.283816626411620809e-02 2.283816626411620809e-02 2.283816626411620809e-02 2.283816626411620809e-02 2.283816626411620809e-02 2.283816626411620809e-02 2.283816626411620809e-02 2.283816626411620809e-02 2.283816626411620809e-02 2.283816626411620809e-02 2.283816626411620809e-02 2.283816626411620809e-02 2.283816626411620809e-02
1.984375000000000000e+00 3.525757614834954534e-01 3.525757614834954534e-01 3.525757614834954534e-01 3.525757614834954534e-01 3.525757614834954534e-01 3.525757614834954534e-01 3.525757614834954534e-01 3.525757614834954534e-01 3.525757614834954534e-01 3.525757614834954534e-01 3.525757614834954534e-01 3.525757614834954534e-01 3.525757614834954534e-01 3.525757614834954534e-01 3.525757614834954534e-01 3.525757614834954534e-01 3.525757614834954534e-01 3.525757614834954534e-01 3.525757614834954534e-01 3.525757614834954534e-01
2.000000000000000000e+00 7.931405674000021472e-03 7.931405674000021472e-03 7.931405674000021472e-03 7.931405674000021472e-03 7.931405674000021472e-03 7.931405674000021472e-03 7.931405674000021472e-03 7.931405674000021472e-03 7.931405674000021472e-03 7.931405674000021472e-03 7.931405674000021472e-03 7.931405674000021472e-03 7.931405674000021472e-03 7.931405674000021472e-03 7.931405674000021472e-03 7.931405674000021472e-03 7.931405674000021472e-03 7.931405674000021472e-03 7.931405674000021472e-03 7.931405674000021472e-03
