0.000000000000000000e+00 4.062957376767081796e-02 4.062957376767081796e-02 4.062957376767081796e-02 4.062957376767081796e-02 4.062957376767081796e-02 4.062957376767081796e-02 4.062957376767081796e-02 4.062957376767081796e-02 4.062957376767081796e-02 4.062957376767081796e-02 4.062957376767081796e-02 4.062957376767081796e-02 4.062957376767081796e-02 4.062957376767081796e-02 4.062957376767081796e-02 4.062957376767081796e-02 4.062957376767081796e-02 4.062957376767081796e-02 4.062957376767081796e-02 4.062957376767081796e-02
1.562500000000000000e-02 4.965240693658624221e-02 4.965240693658624221e-02 4.965240693658624221e-02 4.965240693658624221e-02 4.965240693658624221e-02 4.965240693658624221e-02 4.965240693658624221e-02 4.965240693658624221e-02 4.965240693658624221e-02 4.965240693658624221e-02 4.965240693658624221e-02 4.965240693658624221e-02 4.965240693658624221e-02 4.965240693658624221e-02 4.965240693658624221e-02 4.965240693658624221e-02 4.965240693658624221e-02 4.965240693658624221e-02 4.965240693658624221e-02 4.965240693658624221e-02
3.125000000000000000e-02 7.643178832132106748e-03 7.643178832132106748e-03 7.643178832132106748e-03 7.643178832132106748e-03 7.643178832132106748e-03 7.643178832132106748e-03 7.643178832132106748e-03 7.643178832132106748e-03 7.643178832132106748e-03 7.643178832132106748e-03 7.643178832132106748e-03 7.643178832132106748e-03 7.643178832132106748e-03 7.643178832132106748e-03 7.643178832132106748e-03 7.643178832132106748e-03 7.643178832132106748e-03 7.643178832132106748e-03 7.643178832132106748e-03 7.643178832132106748e-03
4.687500000000000000e-02 2.992234969400328973e-02 2.992234969400328973e-02 2.992234969400328973e-02 2.992234969400328973e-02 2.992234969400328973e-02 2.992234969400328973e-02 2.992234969400328973e-02 2.992234969400328973e-02 2.992234969400328973e-02 2.992234969400328973e-02 2.992234969400328973e-02 2.992234969400328973e-02 2.992234969400328973e-02 2.992234969400328973e-02 2.992234969400328973e-02 2.992234969400328973e-02 2.992234969400328973e-02 2.992234969400328973e-02 2.992234969400328973e-02 2.992234969400328973e-02
6.250000000000000000e-02 1.902601368935117818e-02 1.902601368935117818e-02 1.902601368935117818e-02 1.902601368935117818e-02 1.902601368935117818e-02 1.902601368935117818e-02 1.902601368935117818e-02 1.902601368935117818e-02 1.902601368935117818e-02 1.902601368935117818e-02 1.902601368935117818e-02 1.902601368935117818e-02 1.902601368935117818e-02 1.902601368935117818e-02 1.902601368935117818e-02 1.902601368935117818e-02 1.902601368935117818e-02 1.902601368935117818e-02 1.902601368935117818e-02 1.902601368935117818e-02
7.812500000000000000e-02 1.236197281339684352e-02 1.236197281339684352e-02 1.236197281339684352e-02 1.236197281339684352e-02 1.236197281339684352e-02 1.236197281339684352e-02 1.236197281339684352e-02 1.236197281339684352e-02 1.236197281339684352e-02 1.236197281339684352e-02 1.236197281339684352e-02 1.236197281339684352e-02 1.236197281339684352e-02 1.236197281339684352e-02 1.236197281339684352e-02 1.236197281339684352e-02 1.236197281339684352e-02 1.236197281339684352e-02 1.236197281339684352e-02 1.236197281339684352e-02
9.375000000000000000e-02 1.085144319395886688e-02 1.085144319395886688e-02 1.085144319395886688e-02 1.085144319395886688e-02 1.085144319395886688e-02 1.085144319395886688e-02 1.085144319395886688e-02 1.085144319395886688e-02 1.085144319395886688e-02 1.085144319395886688e-02 1.085144319395886688e-02 1.085144319395886688e-02 1.085144319395886688e-02 1.085144319395886688e-02 1.085144319395886688e-02 1.085144319395886688e-02 1.085144319395886688e-02 1.085144319395886688e-02 1.085144319395886688e-02 1.085144319395886688e-02
1.093750000000000000e-01 1.024843406902675551e-02 1.024843406902675551e-02 1.024843406902675551e-02 1.024843406902675551e-02 1.024843406902675551e-02 1.024843406902675551e-02 1.024843406902675551e-02 1.024843406902675551e-02 1.024843406902675551e-02 1.024843406902675551e-02 1.024843406902675551e-02 1.024843406902675551e-02 1.024843406902675551e-02 1.024843406902675551e-02 1.024843406902675551e-02 1.024843406902675551e-02 1.024843406902675551e-02 1.024843406902675551e-02 1.024843406902675551e-02 1.024843406902675551e-02
1.250000000000000000e-01 2.805345524120800293e-02 2.805345524120800293e-02 2.805345524120800293e-02 2.805345524120800293e-02 2.805345524120800293e-02 2.805345524120800293e-02 2.805345524120800293e-02 2.805345524120800293e-02 2.805345524120800293e-02 2.805345524120800293e-02 2.805345524120800293e-02 2.805345524120800293e-02 2.805345524120800293e-02 2.805345524120800293e-02 2.805345524120800293e-02 2.805345524120800293e-02 2.805345524120800293e-02 2.805345524120800293e-02 2.805345524120800293e-02 2.805345524120800293e-02
1.406250000000000000e-01 2.850137087026284877e-01 2.850137087026284877e-01 2.850137087026284877e-01 2.850137087026284877e-01 2.850137087026284877e-01 2.850137087026284877e-01 2.850137087026284877e-01 2.850137087026284877e-01 2.850137087026284877e-01 2.850137087026284877e-01 2.850137087026284877e-01 2.850137087026284877e-01 2.850137087026284877e-01 2.850137087026284877e-01 2.850137087026284877e-01 2.850137087026284877e-01 2.850137087026284877e-01 2.850137087026284877e-01 2.850137087026284877e-01 2.850137087026284877e-01
1.562500000000000000e-01 6.688584402808745999e-01 6.688584402808745999e-01 6.688584402808745999e-01 6.688584402808745999e-01 6.688584402808745999e-01 6.688584402808745999e-01 6.688584402808745999e-01 6.688584402808745999e-01 6.688584402808745999e-01 6.688584402808745999e-01 6.688584402808745999e-01 6.688584402808745999e-01 6.688584402808745999e-01 6.688584402808745999e-01 6.688584402808745999e-01 6.688584402808745999e-01 6.688584402808745999e-01 6.688584402808745999e-01 6.688584402808745999e-01 6.688584402808745999e-01
1.718750000000000000e-01 9.897611188882858846e-01 9.897611188882858846e-01 9.897611188882858846e-01 9.897611188882858846e-01 9.897611188882858846e-01 9.897611188882858846e-01 9.897611188882858846e-01 9.897611188882858846e-01 9.897611188882858846e-01 9.897611188882858846e-01 9.897611188882858846e-01 9.897611188882858846e-01 9.897611188882858846e-01 9.897611188882858846e-01 9.897611188882858846e-01 9.897611188882858846e-01 9.897611188882858846e-01 9.897611188882858846e-01 9.897611188882858846e-01 9.897611188882858846e-01
1.875000000000000000e-01 9.999988424068778636e-01 9.999988424068778636e-01 9.999988424068778636e-01 9.999988424068778636e-01 9.999988424068778636e-01 9.999988424068778636e-01 9.999988424068778636e-01 9.999988424068778636e-01 9.999988424068778636e-01 9.999988424068778636e-01 9.999988424068778636e-01 9.999988424068778636e-01 9.999988424068778636e-01 9.999988424068778636e-01 9.999988424068778636e-01 9.999988424068778636e-01 9.999988424068778636e-01 9.999988424068778636e-01 9.999988424068778636e-01 9.999988424068778636e-01
2.031250000000000000e-01 9.999998492666636318e-01 9.999998492666636318e-01 9.999998492666636318e-01 9.999998492666636318e-01 9.999998492666636318e-01 9.999998492666636318e-01 9.999998492666636318e-01 9.999998492666636318e-01 9.999998492666636318e-01 9.999998492666636318e-01 9.999998492666636318e-01 9.999998492666636318e-01 9.999998492666636318e-01 9.999998492666636318e-01 9.999998492666636318e-01 9.999998492666636318e-01 9.999998492666636318e-01 9.999998492666636318e-01 9.999998492666636318e-01 9.999998492666636318e-01
2.187500000000000000e-01 9.999993240961468910e-01 9.999993240961468910e-01 9.999993240961468910e-01 9.999993240961468910e-01 9.999993240961468910e-01 9.999993240961468910e-01 9.999993240961468910e-01 9.999993240961468910e-01 9.999993240961468910e-01 9.999993240961468910e-01 9.999993240961468910e-01 9.999993240961468910e-01 9.999993240961468910e-01 9.999993240961468910e-01 9.999993240961468910e-01 9.999993240961468910e-01 9.999993240961468910e-01 9.999993240961468910e-01 9.999993240961468910e-01 9.999993240961468910e-01
2.343750000000000000e-01 9.996756329273103203e-01 9.996756329273103203e-01 9.996756329273103203e-01 9.996756329273103203e-01 9.996756329273103203e-01 9.996756329273103203e-01 9.996756329273103203e-01 9.996756329273103203e-01 9.996756329273103203e-01 9.996756329273103203e-01 9.996756329273103203e-01 9.996756329273103203e-01 9.996756329273103203e-01 9.996756329273103203e-01 9.996756329273103203e-01 9.996756329273103203e-01 9.996756329273103203e-01 9.996756329273103203e-01 9.996756329273103203e-01 9.996756329273103203e-01
2.500000000000000000e-01 9.972740751302179296e-01 9.972740751302179296e-01 9.972740751302179296e-01 9.972740751302179296e-01 9.972740751302179296e-01 9.972740751302179296e-01 9.972740751302179296e-01 9.972740751302179296e-01 9.972740751302179296e-01 9.972740751302179296e-01 9.972740751302179296e-01 9.972740751302179296e-01 9.972740751302179296e-01 9.972740751302179296e-01 9.972740751302179296e-01 9.972740751302179296e-01 9.972740751302179296e-01 9.972740751302179296e-01 9.972740751302179296e-01 9.972740751302179296e-01
2.656250000000000000e-01 3.837623568489859083e-01 3.837623568489859083e-01 3.837623568489859083e-01 3.837623568489859083e-01 3.837623568489859083e-01 3.837623568489859083e-01 3.837623568489859083e-01 3.837623568489859083e-01 3.837623568489859083e-01 3.837623568489859083e-01 3.837623568489859083e-01 3.837623568489859083e-01 3.837623568489859083e-01 3.837623568489859083e-01 3.837623568489859083e-01 3.837623568489859083e-01 3.837623568489859083e-01 3.837623568489859083e-01 3.837623568489859083e-01 3.837623568489859083e-01
2.812500000000000000e-01 6.884447365046825196e-02 6.884447365046825196e-02 6.884447365046825196e-02 6.884447365046825196e-02 6.884447365046825196e-02 6.884447365046825196e-02 6.884447365046825196e-02 6.884447365046825196e-02 6.884447365046825196e-02 6.884447365046825196e-02 6.884447365046825196e-02 6.884447365046825196e-02 6.884447365046825196e-02 6.884447365046825196e-02 6.884447365046825196e-02 6.884447365046825196e-02 6.884447365046825196e-02 6.884447365046825196e-02 6.884447365046825196e-02 6.884447365046825196e-02
2.968750000000000000e-01 6.849155780363254398e-02 6.849155780363254398e-02 6.849155780363254398e-02 6.849155780363254398e-02 6.849155780363254398e-02 6.849155780363254398e-02 6.849155780363254398e-02 6.849155780363254398e-02 6.849155780363254398e-02 6.849155780363254398e-02 6.849155780363254398e-02 6.849155780363254398e-02 6.849155780363254398e-02 6.849155780363254398e-02 6.849155780363254398e-02 6.849155780363254398e-02 6.849155780363254398e-02 6.849155780363254398e-02 6.849155780363254398e-02 6.849155780363254398e-02
3.125000000000000000e-01 4.082249659212376369e-01 4.082249659212376369e-01 4.082249659212376369e-01 4.082249659212376369e-01 4.082249659212376369e-01 4.082249659212376369e-01 4.082249659212376369e-01 4.082249659212376369e-01 4.082249659212376369e-01 4.082249659212376369e-01 4.082249659212376369e-01 4.082249659212376369e-01 4.082249659212376369e-01 4.082249659212376369e-01 4.082249659212376369e-01 4.082249659212376369e-01 4.082249659212376369e-01 4.082249659212376369e-01 4.082249659212376369e-01 4.082249659212376369e-01
3.281250000000000000e-01 2.444597504593839787e-01 2.444597504593839787e-01 2.444597504593839787e-01 2.444597504593839787e-01 2.444597504593839787e-01 2.444597504593839787e-01 2.444597504593839787e-01 2.444597504593839787e-01 2.444597504593839787e-01 2.444597504593839787e-01 2.444597504593839787e-01 2.444597504593839787e-01 2.444597504593839787e-01 2.444597504593839787e-01 2.444597504593839787e-01 2.444597504593839787e-01 2.444597504593839787e-01 2.444597504593839787e-01 2.444597504593839787e-01 2.444597504593839787e-01
3.437500000000000000e-01 2.349641187005817866e-01 2.349641187005817866e-01 2.349641187005817866e-01 2.349641187005817866e-01 2.349641187005817866e-01 2.349641187005817866e-01 2.349641187005817866e-01 2.349641187005817866e-01 2.349641187005817866e-01 2.349641187005817866e-01 2.349641187005817866e-01 2.349641187005817866e-01 2.349641187005817866e-01 2.349641187005817866e-01 2.349641187005817866e-01 2.349641187005817866e-01 2.349641187005817866e-01 2.349641187005817866e-01 2.349641187005817866e-01 2.349641187005817866e-01
3.593750000000000000e-01 8.665792222375899578e-02 8.665792222375899578e-02 8.665792222375899578e-02 8.665792222375899578e-02 8.665792222375899578e-02 8.665792222375899578e-02 8.665792222375899578e-02 8.665792222375899578e-02 8.665792222375899578e-02 8.665792222375899578e-02 8.665792222375899578e-02 8.665792222375899578e-02 8.665792222375899578e-02 8.665792222375899578e-02 8.665792222375899578e-02 8.665792222375899578e-02 8.665792222375899578e-02 8.665792222375899578e-02 8.665792222375899578e-02 8.665792222375899578e-02
3.750000000000000000e-01 1.597610138332505869e-02 1.597610138332505869e-02 1.597610138332505869e-02 1.597610138332505869e-02 1.597610138332505869e-02 1.597610138332505869e-02 1.597610138332505869e-02 1.597610138332505869e-02 1.597610138332505869e-02 1.597610138332505869e-02 1.597610138332505869e-02 1.597610138332505869e-02 1.597610138332505869e-02 1.597610138332505869e-02 1.597610138332505869e-02 1.597610138332505869e-02 1.597610138332505869e-02 1.597610138332505869e-02 1.597610138332505869e-02 1.597610138332505869e-02
3.906250000000000000e-01 7.382003557112618020e-03 7.382003557112618020e-03 7.382003557112618020e-03 7.382003557112618020e-03 7.382003557112618020e-03 7.382003557112618020e-03 7.382003557112618020e-03 7.382003557112618020e-03 7.382003557112618020e-03 7.382003557112618020e-03 7.382003557112618020e-03 7.382003557112618020e-03 7.382003557112618020e-03 7.382003557112618020e-03 7.382003557112618020e-03 7.382003557112618020e-03 7.382003557112618020e-03 7.382003557112618020e-03 7.382003557112618020e-03 7.382003557112618020e-03
4.062500000000000000e-01 1.095324208466692470e-02 1.095324208466692470e-02 1.095324208466692470e-02 1.095324208466692470e-02 1.095324208466692470e-02 1.095324208466692470e-02 1.095324208466692470e-02 1.095324208466692470e-02 1.095324208466692470e-02 1.095324208466692470e-02 1.095324208466692470e-02 1.095324208466692470e-02 1.095324208466692470e-02 1.095324208466692470e-02 1.095324208466692470e-02 1.095324208466692470e-02 1.095324208466692470e-02 1.095324208466692470e-02 1.095324208466692470e-02 1.095324208466692470e-02
4.218750000000000000e-01 1.670359535497113052e-02 1.670359535497113052e-02 1.670359535497113052e-02 1.670359535497113052e-02 1.670359535497113052e-02 1.670359535497113052e-02 1.670359535497113052e-02 1.670359535497113052e-02 1.670359535497113052e-02 1.670359535497113052e-02 1.670359535497113052e-02 1.670359535497113052e-02 1.670359535497113052e-02 1.670359535497113052e-02 1.670359535497113052e-02 1.670359535497113052e-02 1.670359535497113052e-02 1.670359535497113052e-02 1.670359535497113052e-02 1.670359535497113052e-02
4.375000000000000000e-01 1.503715739965879976e-02 1.503715739965879976e-02 1.503715739965879976e-02 1.503715739965879976e-02 1.503715739965879976e-02 1.503715739965879976e-02 1.503715739965879976e-02 1.503715739965879976e-02 1.503715739965879976e-02 1.503715739965879976e-02 1.503715739965879976e-02 1.503715739965879976e-02 1.503715739965879976e-02 1.503715739965879976e-02 1.503715739965879976e-02 1.503715739965879976e-02 1.503715739965879976e-02 1.503715739965879976e-02 1.503715739965879976e-02 1.503715739965879976e-02
4.531250000000000000e-01 9.304444989612065120e-02 9.304444989612065120e-02 9.304444989612065120e-02 9.304444989612065120e-02 9.304444989612065120e-02 9.304444989612065120e-02 9.304444989612065120e-02 9.304444989612065120e-02 9.304444989612065120e-02 9.304444989612065120e-02 9.304444989612065120e-02 9.304444989612065120e-02 9.304444989612065120e-02 9.304444989612065120e-02 9.304444989612065120e-02 9.304444989612065120e-02 9.304444989612065120e-02 9.304444989612065120e-02 9.304444989612065120e-02 9.304444989612065120e-02
4.687500000000000000e-01 5.405571145092434859e-01 5.405571145092434859e-01 5.405571145092434859e-01 5.405571145092434859e-01 5.405571145092434859e-01 5.405571145092434859e-01 5.405571145092434859e-01 5.405571145092434859e-01 5.405571145092434859e-01 5.405571145092434859e-01 5.405571145092434859e-01 5.405571145092434859e-01 5.405571145092434859e-01 5.405571145092434859e-01 5.405571145092434859e-01 5.405571145092434859e-01 5.405571145092434859e-01 5.405571145092434859e-01 5.405571145092434859e-01 5.405571145092434859e-01
4.843750000000000000e-01 7.011995480809520842e-01 7.011995480809520842e-01 7.011995480809520842e-01 7.011995480809520842e-01 7.011995480809520842e-01 7.011995480809520842e-01 7.011995480809520842e-01 7.011995480809520842e-01 7.011995480809520842e-01 7.011995480809520842e-01 7.011995480809520842e-01 7.011995480809520842e-01 7.011995480809520842e-01 7.011995480809520842e-01 7.011995480809520842e-01 7.011995480809520842e-01 7.011995480809520842e-01 7.011995480809520842e-01 7.011995480809520842e-01 7.011995480809520842e-01
5.000000000000000000e-01 3.081855336835078729e-01 3.081855336835078729e-01 3.081855336835078729e-01 3.081855336835078729e-01 3.081855336835078729e-01 3.081855336835078729e-01 3.081855336835078729e-01 3.081855336835078729e-01 3.081855336835078729e-01 3.081855336835078729e-01 3.081855336835078729e-01 3.081855336835078729e-01 3.081855336835078729e-01 3.081855336835078729e-01 3.081855336835078729e-01 3.081855336835078729e-01 3.081855336835078729e-01 3.081855336835078729e-01 3.081855336835078729e-01 3.081855336835078729e-01
5.156250000000000000e-01 3.423686382325636379e-01 3.423686382325636379e-01 3.423686382325636379e-01 3.423686382325636379e-01 3.423686382325636379e-01 3.423686382325636379e-01 3.423686382325636379e-01 3.423686382325636379e-01 3.423686382325636379e-01 3.423686382325636379e-01 3.423686382325636379e-01 3.423686382325636379e-01 3.423686382325636379e-01 3.423686382325636379e-01 3.423686382325636379e-01 3.423686382325636379e-01 3.423686382325636379e-01 3.423686382325636379e-01 3.423686382325636379e-01 3.423686382325636379e-01
5.312500000000000000e-01 4.462092452829347078e-02 4.462092452829347078e-02 4.462092452829347078e-02 4.462092452829347078e-02 4.462092452829347078e-02 4.462092452829347078e-02 4.462092452829347078e-02 4.462092452829347078e-02 4.462092452829347078e-02 4.462092452829347078e-02 4.462092452829347078e-02 4.462092452829347078e-02 4.462092452829347078e-02 4.462092452829347078e-02 4.462092452829347078e-02 4.462092452829347078e-02 4.462092452829347078e-02 4.462092452829347078e-02 4.462092452829347078e-02 4.462092452829347078e-02
5.468750000000000000e-01 1.398475975607757493e-01 1.398475975607757493e-01 1.398475975607757493e-01 1.398475975607757493e-01 1.398475975607757493e-01 1.398475975607757493e-01 1.398475975607757493e-01 1.398475975607757493e-01 1.398475975607757493e-01 1.398475975607757493e-01 1.398475975607757493e-01 1.398475975607757493e-01 1.398475975607757493e-01 1.398475975607757493e-01 1.398475975607757493e-01 1.398475975607757493e-01 1.398475975607757493e-01 1.398475975607757493e-01 1.398475975607757493e-01 1.398475975607757493e-01
5.625000000000000000e-01 7.454279136434720232e-02 7.454279136434720232e-02 7.454279136434720232e-02 7.454279136434720232e-02 7.454279136434720232e-02 7.454279136434720232e-02 7.454279136434720232e-02 7.454279136434720232e-02 7.454279136434720232e-02 7.454279136434720232e-02 7.454279136434720232e-02 7.454279136434720232e-02 7.454279136434720232e-02 7.454279136434720232e-02 7.454279136434720232e-02 7.454279136434720232e-02 7.454279136434720232e-02 7.454279136434720232e-02 7.454279136434720232e-02 7.454279136434720232e-02
5.781250000000000000e-01 2.145194080488238564e-01 2.145194080488238564e-01 2.145194080488238564e-01 2.145194080488238564e-01 2.145194080488238564e-01 2.145194080488238564e-01 2.145194080488238564e-01 2.145194080488238564e-01 2.145194080488238564e-01 2.145194080488238564e-01 2.145194080488238564e-01 2.145194080488238564e-01 2.145194080488238564e-01 2.145194080488238564e-01 2.145194080488238564e-01 2.145194080488238564e-01 2.145194080488238564e-01 2.145194080488238564e-01 2.145194080488238564e-01 2.145194080488238564e-01
5.937500000000000000e-01 2.793583297314776101e-02 2.793583297314776101e-02 2.793583297314776101e-02 2.793583297314776101e-02 2.793583297314776101e-02 2.793583297314776101e-02 2.793583297314776101e-02 2.793583297314776101e-02 2.793583297314776101e-02 2.793583297314776101e-02 2.793583297314776101e-02 2.793583297314776101e-02 2.793583297314776101e-02 2.793583297314776101e-02 2.793583297314776101e-02 2.793583297314776101e-02 2.793583297314776101e-02 2.793583297314776101e-02 2.793583297314776101e-02 2.793583297314776101e-02
6.093750000000000000e-01 1.148049336515672286e-01 1.148049336515672286e-01 1.148049336515672286e-01 1.148049336515672286e-01 1.148049336515672286e-01 1.148049336515672286e-01 1.148049336515672286e-01 1.148049336515672286e-01 1.148049336515672286e-01 1.148049336515672286e-01 1.148049336515672286e-01 1.148049336515672286e-01 1.148049336515672286e-01 1.148049336515672286e-01 1.148049336515672286e-01 1.148049336515672286e-01 1.148049336515672286e-01 1.148049336515672286e-01 1.148049336515672286e-01 1.148049336515672286e-01
6.250000000000000000e-01 1.249719314614655963e-01 1.249719314614655963e-01 1.249719314614655963e-01 1.249719314614655963e-01 1.249719314614655963e-01 1.249719314614655963e-01 1.249719314614655963e-01 1.249719314614655963e-01 1.249719314614655963e-01 1.249719314614655963e-01 1.249719314614655963e-01 1.249719314614655963e-01 1.249719314614655963e-01 1.249719314614655963e-01 1.249719314614655963e-01 1.249719314614655963e-01 1.249719314614655963e-01 1.249719314614655963e-01 1.249719314614655963e-01 1.249719314614655963e-01
6.406250000000000000e-01 2.136789844885364845e-02 2.136789844885364845e-02 2.136789844885364845e-02 2.136789844885364845e-02 2.136789844885364845e-02 2.136789844885364845e-02 2.136789844885364845e-02 2.136789844885364845e-02 2.136789844885364845e-02 2.136789844885364845e-02 2.136789844885364845e-02 2.136789844885364845e-02 2.136789844885364845e-02 2.136789844885364845e-02 2.136789844885364845e-02 2.136789844885364845e-02 2.136789844885364845e-02 2.136789844885364845e-02 2.136789844885364845e-02 2.136789844885364845e-02
6.562500000000000000e-01 2.707152745890667109e-02 2.707152745890667109e-02 2.707152745890667109e-02 2.707152745890667109e-02 2.707152745890667109e-02 2.707152745890667109e-02 2.707152745890667109e-02 2.707152745890667109e-02 2.707152745890667109e-02 2.707152745890667109e-02 2.707152745890667109e-02 2.707152745890667109e-02 2.707152745890667109e-02 2.707152745890667109e-02 2.707152745890667109e-02 2.707152745890667109e-02 2.707152745890667109e-02 2.707152745890667109e-02 2.707152745890667109e-02 2.707152745890667109e-02
6.718750000000000000e-01 5.383892607180995734e-04 5.383892607180995734e-04 5.383892607180995734e-04 5.383892607180995734e-04 5.383892607180995734e-04 5.383892607180995734e-04 5.383892607180995734e-04 5.383892607180995734e-04 5.383892607180995734e-04 5.383892607180995734e-04 5.383892607180995734e-04 5.383892607180995734e-04 5.383892607180995734e-04 5.383892607180995734e-04 5.383892607180995734e-04 5.383892607180995734e-04 5.383892607180995734e-04 5.383892607180995734e-04 5.383892607180995734e-04 5.383892607180995734e-04
6.875000000000000000e-01 2.237460677837388445e-02 2.237460677837388445e-02 2.237460677837388445e-02 2.237460677837388445e-02 2.237460677837388445e-02 2.237460677837388445e-02 2.237460677837388445e-02 2.237460677837388445e-02 2.237460677837388445e-02 2.237460677837388445e-02 2.237460677837388445e-02 2.237460677837388445e-02 2.237460677837388445e-02 2.237460677837388445e-02 2.237460677837388445e-02 2.237460677837388445e-02 2.237460677837388445e-02 2.237460677837388445e-02 2.237460677837388445e-02 2.237460677837388445e-02
7.031250000000000000e-01 3.965638811425974408e-01 3.965638811425974408e-01 3.965638811425974408e-01 3.965638811425974408e-01 3.965638811425974408e-01 3.965638811425974408e-01 3.965638811425974408e-01 3.965638811425974408e-01 3.965638811425974408e-01 3.965638811425974408e-01 3.965638811425974408e-01 3.965638811425974408e-01 3.965638811425974408e-01 3.965638811425974408e-01 3.965638811425974408e-01 3.965638811425974408e-01 3.965638811425974408e-01 3.965638811425974408e-01 3.965638811425974408e-01 3.965638811425974408e-01
7.187500000000000000e-01 9.497242519586311660e-02 9.497242519586311660e-02 9.497242519586311660e-02 9.497242519586311660e-02 9.497242519586311660e-02 9.497242519586311660e-02 9.497242519586311660e-02 9.497242519586311660e-02 9.497242519586311660e-02 9.497242519586311660e-02 9.497242519586311660e-02 9.497242519586311660e-02 9.497242519586311660e-02 9.497242519586311660e-02 9.497242519586311660e-02 9.497242519586311660e-02 9.497242519586311660e-02 9.497242519586311660e-02 9.497242519586311660e-02 9.497242519586311660e-02
7.343750000000000000e-01 7.056480307447175748e-02 7.056480307447175748e-02 7.056480307447175748e-02 7.056480307447175748e-02 7.056480307447175748e-02 7.056480307447175748e-02 7.056480307447175748e-02 7.056480307447175748e-02 7.056480307447175748e-02 7.056480307447175748e-02 7.056480307447175748e-02 7.056480307447175748e-02 7.056480307447175748e-02 7.056480307447175748e-02 7.056480307447175748e-02 7.056480307447175748e-02 7.056480307447175748e-02 7.056480307447175748e-02 7.056480307447175748e-02 7.056480307447175748e-02
7.500000000000000000e-01 8.942723902823566939e-02 8.942723902823566939e-02 8.942723902823566939e-02 8.942723902823566939e-02 8.942723902823566939e-02 8.942723902823566939e-02 8.942723902823566939e-02 8.942723902823566939e-02 8.942723902823566939e-02 8.942723902823566939e-02 8.942723902823566939e-02 8.942723902823566939e-02 8.942723902823566939e-02 8.942723902823566939e-02 8.942723902823566939e-02 8.942723902823566939e-02 8.942723902823566939e-02 8.942723902823566939e-02 8.942723902823566939e-02 8.942723902823566939e-02
7.656250000000000000e-01 3.062179997721813530e-03 3.062179997721813530e-03 3.062179997721813530e-03 3.062179997721813530e-03 3.062179997721813530e-03 3.062179997721813530e-03 3.062179997721813530e-03 3.062179997721813530e-03 3.062179997721813530e-03 3.062179997721813530e-03 3.062179997721813530e-03 3.062179997721813530e-03 3.062179997721813530e-03 3.062179997721813530e-03 3.062179997721813530e-03 3.062179997721813530e-03 3.062179997721813530e-03 3.062179997721813530e-03 3.062179997721813530e-03 3.062179997721813530e-03
7.812500000000000000e-01 9.406728867636136165e-03 9.406728867636136165e-03 9.406728867636136165e-03 9.406728867636136165e-03 9.406728867636136165e-03 9.406728867636136165e-03 9.406728867636136165e-03 9.406728867636136165e-03 9.406728867636136165e-03 9.406728867636136165e-03 9.406728867636136165e-03 9.406728867636136165e-03 9.406728867636136165e-03 9.406728867636136165e-03 9.406728867636136165e-03 9.406728867636136165e-03 9.406728867636136165e-03 9.406728867636136165e-03 9.406728867636136165e-03 9.406728867636136165e-03
7.968750000000000000e-01 2.990433572009598001e-02 2.990433572009598001e-02 2.990433572009598001e-02 2.990433572009598001e-02 2.990433572009598001e-02 2.990433572009598001e-02 2.990433572009598001e-02 2.990433572009598001e-02 2.990433572009598001e-02 2.990433572009598001e-02 2.990433572009598001e-02 2.990433572009598001e-02 2.990433572009598001e-02 2.990433572009598001e-02 2.990433572009598001e-02 2.990433572009598001e-02 2.990433572009598001e-02 2.990433572009598001e-02 2.990433572009598001e-02 2.990433572009598001e-02
8.125000000000000000e-01 2.328143231764237108e-03 2.328143231764237108e-03 2.328143231764237108e-03 2.328143231764237108e-03 2.328143231764237108e-03 2.328143231764237108e-03 2.328143231764237108e-03 2.328143231764237108e-03 2.328143231764237108e-03 2.328143231764237108e-03 2.328143231764237108e-03 2.328143231764237108e-03 2.328143231764237108e-03 2.328143231764237108e-03 2.328143231764237108e-03 2.328143231764237108e-03 2.328143231764237108e-03 2.328143231764237108e-03 2.328143231764237108e-03 2.328143231764237108e-03
8.281250000000000000e-01 1.420543407105093539e-02 1.420543407105093539e-02 1.420543407105093539e-02 1.420543407105093539e-02 1.420543407105093539e-02 1.420543407105093539e-02 1.420543407105093539e-02 1.420543407105093539e-02 1.420543407105093539e-02 1.420543407105093539e-02 1.420543407105093539e-02 1.420543407105093539e-02 1.420543407105093539e-02 1.420543407105093539e-02 1.420543407105093539e-02 1.420543407105093539e-02 1.420543407105093539e-02 1.420543407105093539e-02 1.420543407105093539e-02 1.420543407105093539e-02
8.437500000000000000e-01 9.192120133223895539e-01 9.192120133223895539e-01 9.192120133223895539e-01 9.192120133223895539e-01 9.192120133223895539e-01 9.192120133223895539e-01 9.192120133223895539e-01 9.192120133223895539e-01 9.192120133223895539e-01 9.192120133223895539e-01 9.192120133223895539e-01 9.192120133223895539e-01 9.192120133223895539e-01 9.192120133223895539e-01 9.192120133223895539e-01 9.192120133223895539e-01 9.192120133223895539e-01 9.192120133223895539e-01 9.192120133223895539e-01 9.192120133223895539e-01
8.593750000000000000e-01 9.239888456006042361e-01 9.239888456006042361e-01 9.239888456006042361e-01 9.239888456006042361e-01 9.239888456006042361e-01 9.239888456006042361e-01 9.239888456006042361e-01 9.239888456006042361e-01 9.239888456006042361e-01 9.239888456006042361e-01 9.239888456006042361e-01 9.239888456006042361e-01 9.239888456006042361e-01 9.239888456006042361e-01 9.239888456006042361e-01 9.239888456006042361e-01 9.239888456006042361e-01 9.239888456006042361e-01 9.239888456006042361e-01 9.239888456006042361e-01
8.750000000000000000e-01 9.086343385370088122e-01 9.086343385370088122e-01 9.086343385370088122e-01 9.086343385370088122e-01 9.086343385370088122e-01 9.086343385370088122e-01 9.086343385370088122e-01 9.086343385370088122e-01 9.086343385370088122e-01 9.086343385370088122e-01 9.086343385370088122e-01 9.086343385370088122e-01 9.086343385370088122e-01 9.086343385370088122e-01 9.086343385370088122e-01 9.086343385370088122e-01 9.086343385370088122e-01 9.086343385370088122e-01 9.086343385370088122e-01 9.086343385370088122e-01
8.906250000000000000e-01 5.665498482736334163e-01 5.665498482736334163e-01 5.665498482736334163e-01 5.665498482736334163e-01 5.665498482736334163e-01 5.665498482736334163e-01 5.665498482736334163e-01 5.665498482736334163e-01 5.665498482736334163e-01 5.665498482736334163e-01 5.665498482736334163e-01 5.665498482736334163e-01 5.665498482736334163e-01 5.665498482736334163e-01 5.665498482736334163e-01 5.665498482736334163e-01 5.665498482736334163e-01 5.665498482736334163e-01 5.665498482736334163e-01 5.665498482736334163e-01
9.062500000000000000e-01 1.575993742428519750e-01 1.575993742428519750e-01 1.575993742428519750e-01 1.575993742428519750e-01 1.575993742428519750e-01 1.575993742428519750e-01 1.575993742428519750e-01 1.575993742428519750e-01 1.575993742428519750e-01 1.575993742428519750e-01 1.575993742428519750e-01 1.575993742428519750e-01 1.575993742428519750e-01 1.575993742428519750e-01 1.575993742428519750e-01 1.575993742428519750e-01 1.575993742428519750e-01 1.575993742428519750e-01 1.575993742428519750e-01 1.575993742428519750e-01
9.218750000000000000e-01 6.233513379581223863e-04 6.233513379581223863e-04 6.233513379581223863e-04 6.233513379581223863e-04 6.233513379581223863e-04 6.233513379581223863e-04 6.233513379581223863e-04 6.233513379581223863e-04 6.233513379581223863e-04 6.233513379581223863e-04 6.233513379581223863e-04 6.233513379581223863e-04 6.233513379581223863e-04 6.233513379581223863e-04 6.233513379581223863e-04 6.233513379581223863e-04 6.233513379581223863e-04 6.233513379581223863e-04 6.233513379581223863e-04 6.233513379581223863e-04
9.375000000000000000e-01 1.335583460191662334e-03 1.335583460191662334e-03 1.335583460191662334e-03 1.335583460191662334e-03 1.335583460191662334e-03 1.335583460191662334e-03 1.335583460191662334e-03 1.335583460191662334e-03 1.335583460191662334e-03 1.335583460191662334e-03 1.335583460191662334e-03 1.335583460191662334e-03 1.335583460191662334e-03 1.335583460191662334e-03 1.335583460191662334e-03 1.335583460191662334e-03 1.335583460191662334e-03 1.335583460191662334e-03 1.335583460191662334e-03 1.335583460191662334e-03
9.531250000000000000e-01 5.286870062807406999e-04 5.286870062807406999e-04 5.286870062807406999e-04 5.286870062807406999e-04 5.286870062807406999e-04 5.286870062807406999e-04 5.286870062807406999e-04 5.286870062807406999e-04 5.286870062807406999e-04 5.286870062807406999e-04 5.286870062807406999e-04 5.286870062807406999e-04 5.286870062807406999e-04 5.286870062807406999e-04 5.286870062807406999e-04 5.286870062807406999e-04 5.286870062807406999e-04 5.286870062807406999e-04 5.286870062807406999e-04 5.286870062807406999e-04
9.687500000000000000e-01 9.270067617790705636e-03 9.270067617790705636e-03 9.270067617790705636e-03 9.270067617790705636e-03 9.270067617790705636e-03 9.270067617790705636e-03 9.270067617790705636e-03 9.270067617790705636e-03 9.270067617790705636e-03 9.270067617790705636e-03 9.270067617790705636e-03 9.270067617790705636e-03 9.270067617790705636e-03 9.270067617790705636e-03 9.270067617790705636e-03 9.270067617790705636e-03 9.270067617790705636e-03 9.270067617790705636e-03 9.270067617790705636e-03 9.270067617790705636e-03
9.843750000000000000e-01 5.110250888194683289e-02 5.110250888194683289e-02 5.110250888194683289e-02 5.110250888194683289e-02 5.110250888194683289e-02 5.110250888194683289e-02 5.110250888194683289e-02 5.110250888194683289e-02 5.110250888194683289e-02 5.110250888194683289e-02 5.110250888194683289e-02 5.110250888194683289e-02 5.110250888194683289e-02 5.110250888194683289e-02 5.110250888194683289e-02 5.110250888194683289e-02 5.110250888194683289e-02 5.110250888194683289e-02 5.110250888194683289e-02 5.110250888194683289e-02
1.000000000000000000e+00 2.597499760317546064e-02 2.597499760317546064e-02 2.597499760317546064e-02 2.597499760317546064e-02 2.597499760317546064e-02 2.597499760317546064e-02 2.597499760317546064e-02 2.597499760317546064e-02 2.597499760317546064e-02 2.597499760317546064e-02 2.597499760317546064e-02 2.597499760317546064e-02 2.597499760317546064e-02 2.597499760317546064e-02 2.597499760317546064e-02 2.597499760317546064e-02 2.597499760317546064e-02 2.597499760317546064e-02 2.597499760317546064e-02 2.597499760317546064e-02
1.015625000000000000e+00 3.273768456313777553e-02 3.273768456313777553e-02 3.273768456313777553e-02 3.273768456313777553e-02 3.273768456313777553e-02 3.273768456313777553e-02 3.273768456313777553e-02 3.273768456313777553e-02 3.273768456313777553e-02 3.273768456313777553e-02 3.273768456313777553e-02 3.273768456313777553e-02 3.273768456313777553e-02 3.273768456313777553e-02 3.273768456313777553e-02 3.273768456313777553e-02 3.273768456313777553e-02 3.273768456313777553e-02 3.273768456313777553e-02 3.273768456313777553e-02
1.031250000000000000e+00 2.796748907218530797e-02 2.796748907218530797e-02 2.796748907218530797e-02 2.796748907218530797e-02 2.796748907218530797e-02 2.796748907218530797e-02 2.796748907218530797e-02 2.796748907218530797e-02 2.796748907218530797e-02 2.796748907218530797e-02 2.796748907218530797e-02 2.796748907218530797e-02 2.796748907218530797e-02 2.796748907218530797e-02 2.796748907218530797e-02 2.796748907218530797e-02 2.796748907218530797e-02 2.796748907218530797e-02 2.796748907218530797e-02 2.796748907218530797e-02
1.046875000000000000e+00 4.344070460699054476e-02 4.344070460699054476e-02 4.344070460699054476e-02 4.344070460699054476e-02 4.344070460699054476e-02 4.344070460699054476e-02 4.344070460699054476e-02 4.344070460699054476e-02 4.344070460699054476e-02 4.344070460699054476e-02 4.344070460699054476e-02 4.344070460699054476e-02 4.344070460699054476e-02 4.344070460699054476e-02 4.344070460699054476e-02 4.344070460699054476e-02 4.344070460699054476e-02 4.344070460699054476e-02 4.344070460699054476e-02 4.344070460699054476e-02
1.062500000000000000e+00 1.760780036869205589e-02 1.760780036869205589e-02 1.760780036869205589e-02 1.760780036869205589e-02 1.760780036869205589e-02 1.760780036869205589e-02 1.760780036869205589e-02 1.760780036869205589e-02 1.760780036869205589e-02 1.760780036869205589e-02 1.760780036869205589e-02 1.760780036869205589e-02 1.760780036869205589e-02 1.760780036869205589e-02 1.760780036869205589e-02 1.760780036869205589e-02 1.760780036869205589e-02 1.760780036869205589e-02 1.760780036869205589e-02 1.760780036869205589e-02
1.078125000000000000e+00 5.440022001175635891e-02 5.440022001175635891e-02 5.440022001175635891e-02 5.440022001175635891e-02 5.440022001175635891e-02 5.440022001175635891e-02 5.440022001175635891e-02 5.440022001175635891e-02 5.440022001175635891e-02 5.440022001175635891e-02 5.440022001175635891e-02 5.440022001175635891e-02 5.440022001175635891e-02 5.440022001175635891e-02 5.440022001175635891e-02 5.440022001175635891e-02 5.440022001175635891e-02 5.440022001175635891e-02 5.440022001175635891e-02 5.440022001175635891e-02
1.093750000000000000e+00 5.516721245539493723e-03 5.516721245539493723e-03 5.516721245539493723e-03 5.516721245539493723e-03 5.516721245539493723e-03 5.516721245539493723e-03 5.516721245539493723e-03 5.516721245539493723e-03 5.516721245539493723e-03 5.516721245539493723e-03 5.516721245539493723e-03 5.516721245539493723e-03 5.516721245539493723e-03 5.516721245539493723e-03 5.516721245539493723e-03 5.516721245539493723e-03 5.516721245539493723e-03 5.516721245539493723e-03 5.516721245539493723e-03 5.516721245539493723e-03
1.109375000000000000e+00 7.832099781552047391e-02 7.832099781552047391e-02 7.832099781552047391e-02 7.832099781552047391e-02 7.832099781552047391e-02 7.832099781552047391e-02 7.832099781552047391e-02 7.832099781552047391e-02 7.832099781552047391e-02 7.832099781552047391e-02 7.832099781552047391e-02 7.832099781552047391e-02 7.832099781552047391e-02 7.832099781552047391e-02 7.832099781552047391e-02 7.832099781552047391e-02 7.832099781552047391e-02 7.832099781552047391e-02 7.832099781552047391e-02 7.832099781552047391e-02
1.125000000000000000e+00 8.107481111953407371e-01 8.107481111953407371e-01 8.107481111953407371e-01 8.107481111953407371e-01 8.107481111953407371e-01 8.107481111953407371e-01 8.107481111953407371e-01 8.107481111953407371e-01 8.107481111953407371e-01 8.107481111953407371e-01 8.107481111953407371e-01 8.107481111953407371e-01 8.107481111953407371e-01 8.107481111953407371e-01 8.107481111953407371e-01 8.107481111953407371e-01 8.107481111953407371e-01 8.107481111953407371e-01 8.107481111953407371e-01 8.107481111953407371e-01
1.140625000000000000e+00 8.281345243292597136e-01 8.281345243292597136e-01 8.281345243292597136e-01 8.281345243292597136e-01 8.281345243292597136e-01 8.281345243292597136e-01 8.281345243292597136e-01 8.281345243292597136e-01 8.281345243292597136e-01 8.281345243292597136e-01 8.281345243292597136e-01 8.281345243292597136e-01 8.281345243292597136e-01 8.281345243292597136e-01 8.281345243292597136e-01 8.281345243292597136e-01 8.281345243292597136e-01 8.281345243292597136e-01 8.281345243292597136e-01 8.281345243292597136e-01
1.156250000000000000e+00 7.705890251094358323e-01 7.705890251094358323e-01 7.705890251094358323e-01 7.705890251094358323e-01 7.705890251094358323e-01 7.705890251094358323e-01 7.705890251094358323e-01 7.705890251094358323e-01 7.705890251094358323e-01 7.705890251094358323e-01 7.705890251094358323e-01 7.705890251094358323e-01 7.705890251094358323e-01 7.705890251094358323e-01 7.705890251094358323e-01 7.705890251094358323e-01 7.705890251094358323e-01 7.705890251094358323e-01 7.705890251094358323e-01 7.705890251094358323e-01
1.171875000000000000e+00 6.023149047104633946e-02 6.023149047104633946e-02 6.023149047104633946e-02 6.023149047104633946e-02 6.023149047104633946e-02 6.023149047104633946e-02 6.023149047104633946e-02 6.023149047104633946e-02 6.023149047104633946e-02 6.023149047104633946e-02 6.023149047104633946e-02 6.023149047104633946e-02 6.023149047104633946e-02 6.023149047104633946e-02 6.023149047104633946e-02 6.023149047104633946e-02 6.023149047104633946e-02 6.023149047104633946e-02 6.023149047104633946e-02 6.023149047104633946e-02
1.187500000000000000e+00 8.532636945019782260e-02 8.532636945019782260e-02 8.532636945019782260e-02 8.532636945019782260e-02 8.532636945019782260e-02 8.532636945019782260e-02 8.532636945019782260e-02 8.532636945019782260e-02 8.532636945019782260e-02 8.532636945019782260e-02 8.532636945019782260e-02 8.532636945019782260e-02 8.532636945019782260e-02 8.532636945019782260e-02 8.532636945019782260e-02 8.532636945019782260e-02 8.532636945019782260e-02 8.532636945019782260e-02 8.532636945019782260e-02 8.532636945019782260e-02
1.203125000000000000e+00 1.250777271211601059e-02 1.250777271211601059e-02 1.250777271211601059e-02 1.250777271211601059e-02 1.250777271211601059e-02 1.250777271211601059e-02 1.250777271211601059e-02 1.250777271211601059e-02 1.250777271211601059e-02 1.250777271211601059e-02 1.250777271211601059e-02 1.250777271211601059e-02 1.250777271211601059e-02 1.250777271211601059e-02 1.250777271211601059e-02 1.250777271211601059e-02 1.250777271211601059e-02 1.250777271211601059e-02 1.250777271211601059e-02 1.250777271211601059e-02
1.218750000000000000e+00 1.891066090201356034e-02 1.891066090201356034e-02 1.891066090201356034e-02 1.891066090201356034e-02 1.891066090201356034e-02 1.891066090201356034e-02 1.891066090201356034e-02 1.891066090201356034e-02 1.891066090201356034e-02 1.891066090201356034e-02 1.891066090201356034e-02 1.891066090201356034e-02 1.891066090201356034e-02 1.891066090201356034e-02 1.891066090201356034e-02 1.891066090201356034e-02 1.891066090201356034e-02 1.891066090201356034e-02 1.891066090201356034e-02 1.891066090201356034e-02
1.234375000000000000e+00 1.792983970423693216e-02 1.792983970423693216e-02 1.792983970423693216e-02 1.792983970423693216e-02 1.792983970423693216e-02 1.792983970423693216e-02 1.792983970423693216e-02 1.792983970423693216e-02 1.792983970423693216e-02 1.792983970423693216e-02 1.792983970423693216e-02 1.792983970423693216e-02 1.792983970423693216e-02 1.792983970423693216e-02 1.792983970423693216e-02 1.792983970423693216e-02 1.792983970423693216e-02 1.792983970423693216e-02 1.792983970423693216e-02 1.792983970423693216e-02
1.250000000000000000e+00 4.644455427555964355e-02 4.644455427555964355e-02 4.644455427555964355e-02 4.644455427555964355e-02 4.644455427555964355e-02 4.644455427555964355e-02 4.644455427555964355e-02 4.644455427555964355e-02 4.644455427555964355e-02 4.644455427555964355e-02 4.644455427555964355e-02 4.644455427555964355e-02 4.644455427555964355e-02 4.644455427555964355e-02 4.644455427555964355e-02 4.644455427555964355e-02 4.644455427555964355e-02 4.644455427555964355e-02 4.644455427555964355e-02 4.644455427555964355e-02
1.265625000000000000e+00 4.458741575105525101e-02 4.458741575105525101e-02 4.458741575105525101e-02 4.458741575105525101e-02 4.458741575105525101e-02 4.458741575105525101e-02 4.458741575105525101e-02 4.458741575105525101e-02 4.458741575105525101e-02 4.458741575105525101e-02 4.458741575105525101e-02 4.458741575105525101e-02 4.458741575105525101e-02 4.458741575105525101e-02 4.458741575105525101e-02 4.458741575105525101e-02 4.458741575105525101e-02 4.458741575105525101e-02 4.458741575105525101e-02 4.458741575105525101e-02
1.281250000000000000e+00 3.710524512069550418e-02 3.710524512069550418e-02 3.710524512069550418e-02 3.710524512069550418e-02 3.710524512069550418e-02 3.710524512069550418e-02 3.710524512069550418e-02 3.710524512069550418e-02 3.710524512069550418e-02 3.710524512069550418e-02 3.710524512069550418e-02 3.710524512069550418e-02 3.710524512069550418e-02 3.710524512069550418e-02 3.710524512069550418e-02 3.710524512069550418e-02 3.710524512069550418e-02 3.710524512069550418e-02 3.710524512069550418e-02 3.710524512069550418e-02
1.296875000000000000e+00 4.340358436349710247e-02 4.340358436349710247e-02 4.340358436349710247e-02 4.340358436349710247e-02 4.340358436349710247e-02 4.340358436349710247e-02 4.340358436349710247e-02 4.340358436349710247e-02 4.340358436349710247e-02 4.340358436349710247e-02 4.340358436349710247e-02 4.340358436349710247e-02 4.340358436349710247e-02 4.340358436349710247e-02 4.340358436349710247e-02 4.340358436349710247e-02 4.340358436349710247e-02 4.340358436349710247e-02 4.340358436349710247e-02 4.340358436349710247e-02
1.312500000000000000e+00 2.405184221037383677e-02 2.405184221037383677e-02 2.405184221037383677e-02 2.405184221037383677e-02 2.405184221037383677e-02 2.405184221037383677e-02 2.405184221037383677e-02 2.405184221037383677e-02 2.405184221037383677e-02 2.405184221037383677e-02 2.405184221037383677e-02 2.405184221037383677e-02 2.405184221037383677e-02 2.405184221037383677e-02 2.405184221037383677e-02 2.405184221037383677e-02 2.405184221037383677e-02 2.405184221037383677e-02 2.405184221037383677e-02 2.405184221037383677e-02
1.328125000000000000e+00 2.387538003842941056e-02 2.387538003842941056e-02 2.387538003842941056e-02 2.387538003842941056e-02 2.387538003842941056e-02 2.387538003842941056e-02 2.387538003842941056e-02 2.387538003842941056e-02 2.387538003842941056e-02 2.387538003842941056e-02 2.387538003842941056e-02 2.387538003842941056e-02 2.387538003842941056e-02 2.387538003842941056e-02 2.387538003842941056e-02 2.387538003842941056e-02 2.387538003842941056e-02 2.387538003842941056e-02 2.387538003842941056e-02 2.387538003842941056e-02
1.343750000000000000e+00 2.514407797231582933e-02 2.514407797231582933e-02 2.514407797231582933e-02 2.514407797231582933e-02 2.514407797231582933e-02 2.514407797231582933e-02 2.514407797231582933e-02 2.514407797231582933e-02 2.514407797231582933e-02 2.514407797231582933e-02 2.514407797231582933e-02 2.514407797231582933e-02 2.514407797231582933e-02 2.514407797231582933e-02 2.514407797231582933e-02 2.514407797231582933e-02 2.514407797231582933e-02 2.514407797231582933e-02 2.514407797231582933e-02 2.514407797231582933e-02
1.359375000000000000e+00 2.305769947327875741e-02 2.305769947327875741e-02 2.305769947327875741e-02 2.305769947327875741e-02 2.305769947327875741e-02 2.305769947327875741e-02 2.305769947327875741e-02 2.305769947327875741e-02 2.305769947327875741e-02 2.305769947327875741e-02 2.305769947327875741e-02 2.305769947327875741e-02 2.305769947327875741e-02 2.305769947327875741e-02 2.305769947327875741e-02 2.305769947327875741e-02 2.305769947327875741e-02 2.305769947327875741e-02 2.305769947327875741e-02 2.305769947327875741e-02
1.375000000000000000e+00 7.169790263445223640e-03 7.169790263445223640e-03 7.169790263445223640e-03 7.169790263445223640e-03 7.169790263445223640e-03 7.169790263445223640e-03 7.169790263445223640e-03 7.169790263445223640e-03 7.169790263445223640e-03 7.169790263445223640e-03 7.169790263445223640e-03 7.169790263445223640e-03 7.169790263445223640e-03 7.169790263445223640e-03 7.169790263445223640e-03 7.169790263445223640e-03 7.169790263445223640e-03 7.169790263445223640e-03 7.169790263445223640e-03 7.169790263445223640e-03
1.390625000000000000e+00 2.645631836589378283e-01 2.645631836589378283e-01 2.645631836589378283e-01 2.645631836589378283e-01 2.645631836589378283e-01 2.645631836589378283e-01 2.645631836589378283e-01 2.645631836589378283e-01 2.645631836589378283e-01 2.645631836589378283e-01 2.645631836589378283e-01 2.645631836589378283e-01 2.645631836589378283e-01 2.645631836589378283e-01 2.645631836589378283e-01 2.645631836589378283e-01 2.645631836589378283e-01 2.645631836589378283e-01 2.645631836589378283e-01 2.645631836589378283e-01
1.406250000000000000e+00 4.197955929044234202e-01 4.197955929044234202e-01 4.197955929044234202e-01 4.197955929044234202e-01 4.197955929044234202e-01 4.197955929044234202e-01 4.197955929044234202e-01 4.197955929044234202e-01 4.197955929044234202e-01 4.197955929044234202e-01 4.197955929044234202e-01 4.197955929044234202e-01 4.197955929044234202e-01 4.197955929044234202e-01 4.197955929044234202e-01 4.197955929044234202e-01 4.197955929044234202e-01 4.197955929044234202e-01 4.197955929044234202e-01 4.197955929044234202e-01
1.421875000000000000e+00 4.224332249288600960e-01 4.224332249288600960e-01 4.224332249288600960e-01 4.224332249288600960e-01 4.224332249288600960e-01 4.224332249288600960e-01 4.224332249288600960e-01 4.224332249288600960e-01 4.224332249288600960e-01 4.224332249288600960e-01 4.224332249288600960e-01 4.224332249288600960e-01 4.224332249288600960e-01 4.224332249288600960e-01 4.224332249288600960e-01 4.224332249288600960e-01 4.224332249288600960e-01 4.224332249288600960e-01 4.224332249288600960e-01 4.224332249288600960e-01
1.437500000000000000e+00 3.430211508326244108e-01 3.430211508326244108e-01 3.430211508326244108e-01 3.430211508326244108e-01 3.430211508326244108e-01 3.430211508326244108e-01 3.430211508326244108e-01 3.430211508326244108e-01 3.430211508326244108e-01 3.430211508326244108e-01 3.430211508326244108e-01 3.430211508326244108e-01 3.430211508326244108e-01 3.430211508326244108e-01 3.430211508326244108e-01 3.430211508326244108e-01 3.430211508326244108e-01 3.430211508326244108e-01 3.430211508326244108e-01 3.430211508326244108e-01
1.453125000000000000e+00 4.659306246886631142e-02 4.659306246886631142e-02 4.659306246886631142e-02 4.659306246886631142e-02 4.659306246886631142e-02 4.659306246886631142e-02 4.659306246886631142e-02 4.659306246886631142e-02 4.659306246886631142e-02 4.659306246886631142e-02 4.659306246886631142e-02 4.659306246886631142e-02 4.659306246886631142e-02 4.659306246886631142e-02 4.659306246886631142e-02 4.659306246886631142e-02 4.659306246886631142e-02 4.659306246886631142e-02 4.659306246886631142e-02 4.659306246886631142e-02
1.468750000000000000e+00 1.502053128025724882e-01 1.502053128025724882e-01 1.502053128025724882e-01 1.502053128025724882e-01 1.502053128025724882e-01 1.502053128025724882e-01 1.502053128025724882e-01 1.502053128025724882e-01 1.502053128025724882e-01 1.502053128025724882e-01 1.502053128025724882e-01 1.502053128025724882e-01 1.502053128025724882e-01 1.502053128025724882e-01 1.502053128025724882e-01 1.502053128025724882e-01 1.502053128025724882e-01 1.502053128025724882e-01 1.502053128025724882e-01 1.502053128025724882e-01
1.484375000000000000e+00 4.573692369715452732e-02 4.573692369715452732e-02 4.573692369715452732e-02 4.573692369715452732e-02 4.573692369715452732e-02 4.573692369715452732e-02 4.573692369715452732e-02 4.573692369715452732e-02 4.573692369715452732e-02 4.573692369715452732e-02 4.573692369715452732e-02 4.573692369715452732e-02 4.573692369715452732e-02 4.573692369715452732e-02 4.573692369715452732e-02 4.573692369715452732e-02 4.573692369715452732e-02 4.573692369715452732e-02 4.573692369715452732e-02 4.573692369715452732e-02
1.500000000000000000e+00 5.652292472891674337e-03 5.652292472891674337e-03 5.652292472891674337e-03 5.652292472891674337e-03 5.652292472891674337e-03 5.652292472891674337e-03 5.652292472891674337e-03 5.652292472891674337e-03 5.652292472891674337e-03 5.652292472891674337e-03 5.652292472891674337e-03 5.652292472891674337e-03 5.652292472891674337e-03 5.652292472891674337e-03 5.652292472891674337e-03 5.652292472891674337e-03 5.652292472891674337e-03 5.652292472891674337e-03 5.652292472891674337e-03 5.652292472891674337e-03
1.515625000000000000e+00 4.335288531508277136e-03 4.335288531508277136e-03 4.335288531508277136e-03 4.335288531508277136e-03 4.335288531508277136e-03 4.335288531508277136e-03 4.335288531508277136e-03 4.335288531508277136e-03 4.335288531508277136e-03 4.335288531508277136e-03 4.335288531508277136e-03 4.335288531508277136e-03 4.335288531508277136e-03 4.335288531508277136e-03 4.335288531508277136e-03 4.335288531508277136e-03 4.335288531508277136e-03 4.335288531508277136e-03 4.335288531508277136e-03 4.335288531508277136e-03
1.531250000000000000e+00 2.097327111322950036e-02 2.097327111322950036e-02 2.097327111322950036e-02 2.097327111322950036e-02 2.097327111322950036e-02 2.097327111322950036e-02 2.097327111322950036e-02 2.097327111322950036e-02 2.097327111322950036e-02 2.097327111322950036e-02 2.097327111322950036e-02 2.097327111322950036e-02 2.097327111322950036e-02 2.097327111322950036e-02 2.097327111322950036e-02 2.097327111322950036e-02 2.097327111322950036e-02 2.097327111322950036e-02 2.097327111322950036e-02 2.097327111322950036e-02
1.546875000000000000e+00 3.864602698594054447e-02 3.864602698594054447e-02 3.864602698594054447e-02 3.864602698594054447e-02 3.864602698594054447e-02 3.864602698594054447e-02 3.864602698594054447e-02 3.864602698594054447e-02 3.864602698594054447e-02 3.864602698594054447e-02 3.864602698594054447e-02 3.864602698594054447e-02 3.864602698594054447e-02 3.864602698594054447e-02 3.864602698594054447e-02 3.864602698594054447e-02 3.864602698594054447e-02 3.864602698594054447e-02 3.864602698594054447e-02 3.864602698594054447e-02
1.562500000000000000e+00 1.211220869831157732e-01 1.211220869831157732e-01 1.211220869831157732e-01 1.211220869831157732e-01 1.211220869831157732e-01 1.211220869831157732e-01 1.211220869831157732e-01 1.211220869831157732e-01 1.211220869831157732e-01 1.211220869831157732e-01 1.211220869831157732e-01 1.211220869831157732e-01 1.211220869831157732e-01 1.211220869831157732e-01 1.211220869831157732e-01 1.211220869831157732e-01 1.211220869831157732e-01 1.211220869831157732e-01 1.211220869831157732e-01 1.211220869831157732e-01
1.578125000000000000e+00 1.404834863386278943e-01 1.404834863386278943e-01 1.404834863386278943e-01 1.404834863386278943e-01 1.404834863386278943e-01 1.404834863386278943e-01 1.404834863386278943e-01 1.404834863386278943e-01 1.404834863386278943e-01 1.404834863386278943e-01 1.404834863386278943e-01 1.404834863386278943e-01 1.404834863386278943e-01 1.404834863386278943e-01 1.404834863386278943e-01 1.404834863386278943e-01 1.404834863386278943e-01 1.404834863386278943e-01 1.404834863386278943e-01 1.404834863386278943e-01
1.593750000000000000e+00 8.811876213036650141e-01 8.811876213036650141e-01 8.811876213036650141e-01 8.811876213036650141e-01 8.811876213036650141e-01 8.811876213036650141e-01 8.811876213036650141e-01 8.811876213036650141e-01 8.811876213036650141e-01 8.811876213036650141e-01 8.811876213036650141e-01 8.811876213036650141e-01 8.811876213036650141e-01 8.811876213036650141e-01 8.811876213036650141e-01 8.811876213036650141e-01 8.811876213036650141e-01 8.811876213036650141e-01 8.811876213036650141e-01 8.811876213036650141e-01
1.609375000000000000e+00 8.395497511318205097e-01 8.395497511318205097e-01 8.395497511318205097e-01 8.395497511318205097e-01 8.395497511318205097e-01 8.395497511318205097e-01 8.395497511318205097e-01 8.395497511318205097e-01 8.395497511318205097e-01 8.395497511318205097e-01 8.395497511318205097e-01 8.395497511318205097e-01 8.395497511318205097e-01 8.395497511318205097e-01 8.395497511318205097e-01 8.395497511318205097e-01 8.395497511318205097e-01 8.395497511318205097e-01 8.395497511318205097e-01 8.395497511318205097e-01
1.625000000000000000e+00 6.447131171596099941e-01 6.447131171596099941e-01 6.447131171596099941e-01 6.447131171596099941e-01 6.447131171596099941e-01 6.447131171596099941e-01 6.447131171596099941e-01 6.447131171596099941e-01 6.447131171596099941e-01 6.447131171596099941e-01 6.447131171596099941e-01 6.447131171596099941e-01 6.447131171596099941e-01 6.447131171596099941e-01 6.447131171596099941e-01 6.447131171596099941e-01 6.447131171596099941e-01 6.447131171596099941e-01 6.447131171596099941e-01 6.447131171596099941e-01
1.640625000000000000e+00 5.936539531032785505e-02 5.936539531032785505e-02 5.936539531032785505e-02 5.936539531032785505e-02 5.936539531032785505e-02 5.936539531032785505e-02 5.936539531032785505e-02 5.936539531032785505e-02 5.936539531032785505e-02 5.936539531032785505e-02 5.936539531032785505e-02 5.936539531032785505e-02 5.936539531032785505e-02 5.936539531032785505e-02 5.936539531032785505e-02 5.936539531032785505e-02 5.936539531032785505e-02 5.936539531032785505e-02 5.936539531032785505e-02 5.936539531032785505e-02
1.656250000000000000e+00 6.921167645038329985e-02 6.921167645038329985e-02 6.921167645038329985e-02 6.921167645038329985e-02 6.921167645038329985e-02 6.921167645038329985e-02 6.921167645038329985e-02 6.921167645038329985e-02 6.921167645038329985e-02 6.921167645038329985e-02 6.921167645038329985e-02 6.921167645038329985e-02 6.921167645038329985e-02 6.921167645038329985e-02 6.921167645038329985e-02 6.921167645038329985e-02 6.921167645038329985e-02 6.921167645038329985e-02 6.921167645038329985e-02 6.921167645038329985e-02
1.671875000000000000e+00 1.216169752294354693e-02 1.216169752294354693e-02 1.216169752294354693e-02 1.216169752294354693e-02 1.216169752294354693e-02 1.216169752294354693e-02 1.216169752294354693e-02 1.216169752294354693e-02 1.216169752294354693e-02 1.216169752294354693e-02 1.216169752294354693e-02 1.216169752294354693e-02 1.216169752294354693e-02 1.216169752294354693e-02 1.216169752294354693e-02 1.216169752294354693e-02 1.216169752294354693e-02 1.216169752294354693e-02 1.216169752294354693e-02 1.216169752294354693e-02
1.687500000000000000e+00 4.331339492971979926e-02 4.331339492971979926e-02 4.331339492971979926e-02 4.331339492971979926e-02 4.331339492971979926e-02 4.331339492971979926e-02 4.331339492971979926e-02 4.331339492971979926e-02 4.331339492971979926e-02 4.331339492971979926e-02 4.331339492971979926e-02 4.331339492971979926e-02 4.331339492971979926e-02 4.331339492971979926e-02 4.331339492971979926e-02 4.331339492971979926e-02 4.331339492971979926e-02 4.331339492971979926e-02 4.331339492971979926e-02 4.331339492971979926e-02
1.703125000000000000e+00 1.216883178740940652e-02 1.216883178740940652e-02 1.216883178740940652e-02 1.216883178740940652e-02 1.216883178740940652e-02 1.216883178740940652e-02 1.216883178740940652e-02 1.216883178740940652e-02 1.216883178740940652e-02 1.216883178740940652e-02 1.216883178740940652e-02 1.216883178740940652e-02 1.216883178740940652e-02 1.216883178740940652e-02 1.216883178740940652e-02 1.216883178740940652e-02 1.216883178740940652e-02 1.216883178740940652e-02 1.216883178740940652e-02 1.216883178740940652e-02
1.718750000000000000e+00 1.506304966248533635e-03 1.506304966248533635e-03 1.506304966248533635e-03 1.506304966248533635e-03 1.506304966248533635e-03 1.506304966248533635e-03 1.506304966248533635e-03 1.506304966248533635e-03 1.506304966248533635e-03 1.506304966248533635e-03 1.506304966248533635e-03 1.506304966248533635e-03 1.506304966248533635e-03 1.506304966248533635e-03 1.506304966248533635e-03 1.506304966248533635e-03 1.506304966248533635e-03 1.506304966248533635e-03 1.506304966248533635e-03 1.506304966248533635e-03
1.734375000000000000e+00 3.529625689481907802e-02 3.529625689481907802e-02 3.529625689481907802e-02 3.529625689481907802e-02 3.529625689481907802e-02 3.529625689481907802e-02 3.529625689481907802e-02 3.529625689481907802e-02 3.529625689481907802e-02 3.529625689481907802e-02 3.529625689481907802e-02 3.529625689481907802e-02 3.529625689481907802e-02 3.529625689481907802e-02 3.529625689481907802e-02 3.529625689481907802e-02 3.529625689481907802e-02 3.529625689481907802e-02 3.529625689481907802e-02 3.529625689481907802e-02
1.750000000000000000e+00 7.171082423789608418e-02 7.171082423789608418e-02 7.171082423789608418e-02 7.171082423789608418e-02 7.171082423789608418e-02 7.171082423789608418e-02 7.171082423789608418e-02 7.171082423789608418e-02 7.171082423789608418e-02 7.171082423789608418e-02 7.171082423789608418e-02 7.171082423789608418e-02 7.171082423789608418e-02 7.171082423789608418e-02 7.171082423789608418e-02 7.171082423789608418e-02 7.171082423789608418e-02 7.171082423789608418e-02 7.171082423789608418e-02 7.171082423789608418e-02
1.765625000000000000e+00 2.782565830950859635e-03 2.782565830950859635e-03 2.782565830950859635e-03 2.782565830950859635e-03 2.782565830950859635e-03 2.782565830950859635e-03 2.782565830950859635e-03 2.782565830950859635e-03 2.782565830950859635e-03 2.782565830950859635e-03 2.782565830950859635e-03 2.782565830950859635e-03 2.782565830950859635e-03 2.782565830950859635e-03 2.782565830950859635e-03 2.782565830950859635e-03 2.782565830950859635e-03 2.782565830950859635e-03 2.782565830950859635e-03 2.782565830950859635e-03
1.781250000000000000e+00 8.289796036030321336e-01 8.289796036030321336e-01 8.289796036030321336e-01 8.289796036030321336e-01 8.289796036030321336e-01 8.289796036030321336e-01 8.289796036030321336e-01 8.289796036030321336e-01 8.289796036030321336e-01 8.289796036030321336e-01 8.289796036030321336e-01 8.289796036030321336e-01 8.289796036030321336e-01 8.289796036030321336e-01 8.289796036030321336e-01 8.289796036030321336e-01 8.289796036030321336e-01 8.289796036030321336e-01 8.289796036030321336e-01 8.289796036030321336e-01
1.796875000000000000e+00 9.445627470301211082e-01 9.445627470301211082e-01 9.445627470301211082e-01 9.445627470301211082e-01 9.445627470301211082e-01 9.445627470301211082e-01 9.445627470301211082e-01 9.445627470301211082e-01 9.445627470301211082e-01 9.445627470301211082e-01 9.445627470301211082e-01 9.445627470301211082e-01 9.445627470301211082e-01 9.445627470301211082e-01 9.445627470301211082e-01 9.445627470301211082e-01 9.445627470301211082e-01 9.445627470301211082e-01 9.445627470301211082e-01 9.445627470301211082e-01
1.812500000000000000e+00 6.202342665317461812e-01 6.202342665317461812e-01 6.202342665317461812e-01 6.202342665317461812e-01 6.202342665317461812e-01 6.202342665317461812e-01 6.202342665317461812e-01 6.202342665317461812e-01 6.202342665317461812e-01 6.202342665317461812e-01 6.202342665317461812e-01 6.202342665317461812e-01 6.202342665317461812e-01 6.202342665317461812e-01 6.202342665317461812e-01 6.202342665317461812e-01 6.202342665317461812e-01 6.202342665317461812e-01 6.202342665317461812e-01 6.202342665317461812e-01
1.828125000000000000e+00 3.482958698300552339e-03 3.482958698300552339e-03 3.482958698300552339e-03 3.482958698300552339e-03 3.482958698300552339e-03 3.482958698300552339e-03 3.482958698300552339e-03 3.482958698300552339e-03 3.482958698300552339e-03 3.482958698300552339e-03 3.482958698300552339e-03 3.482958698300552339e-03 3.482958698300552339e-03 3.482958698300552339e-03 3.482958698300552339e-03 3.482958698300552339e-03 3.482958698300552339e-03 3.482958698300552339e-03 3.482958698300552339e-03 3.482958698300552339e-03
1.843750000000000000e+00 4.816230092293280127e-03 4.816230092293280127e-03 4.816230092293280127e-03 4.816230092293280127e-03 4.816230092293280127e-03 4.816230092293280127e-03 4.816230092293280127e-03 4.816230092293280127e-03 4.816230092293280127e-03 4.816230092293280127e-03 4.816230092293280127e-03 4.816230092293280127e-03 4.816230092293280127e-03 4.816230092293280127e-03 4.816230092293280127e-03 4.816230092293280127e-03 4.816230092293280127e-03 4.816230092293280127e-03 4.816230092293280127e-03 4.816230092293280127e-03
1.859375000000000000e+00 1.488514958945721250e-03 1.488514958945721250e-03 1.488514958945721250e-03 1.488514958945721250e-03 1.488514958945721250e-03 1.488514958945721250e-03 1.488514958945721250e-03 1.488514958945721250e-03 1.488514958945721250e-03 1.488514958945721250e-03 1.488514958945721250e-03 1.488514958945721250e-03 1.488514958945721250e-03 1.488514958945721250e-03 1.488514958945721250e-03 1.488514958945721250e-03 1.488514958945721250e-03 1.488514958945721250e-03 1.488514958945721250e-03 1.488514958945721250e-03
1.875000000000000000e+00 1.577102197338742283e-03 1.577102197338742283e-03 1.577102197338742283e-03 1.577102197338742283e-03 1.577102197338742283e-03 1.577102197338742283e-03 1.577102197338742283e-03 1.577102197338742283e-03 1.577102197338742283e-03 1.577102197338742283e-03 1.577102197338742283e-03 1.577102197338742283e-03 1.577102197338742283e-03 1.577102197338742283e-03 1.577102197338742283e-03 1.577102197338742283e-03 1.577102197338742283e-03 1.577102197338742283e-03 1.577102197338742283e-03 1.577102197338742283e-03
1.890625000000000000e+00 7.121367625630900360e-03 7.121367625630900360e-03 7.121367625630900360e-03 7.121367625630900360e-03 7.121367625630900360e-03 7.121367625630900360e-03 7.121367625630900360e-03 7.121367625630900360e-03 7.121367625630900360e-03 7.121367625630900360e-03 7.121367625630900360e-03 7.121367625630900360e-03 7.121367625630900360e-03 7.121367625630900360e-03 7.121367625630900360e-03 7.121367625630900360e-03 7.121367625630900360e-03 7.121367625630900360e-03 7.121367625630900360e-03 7.121367625630900360e-03
1.906250000000000000e+00 9.678739124131047200e-02 9.678739124131047200e-02 9.678739124131047200e-02 9.678739124131047200e-02 9.678739124131047200e-02 9.678739124131047200e-02 9.678739124131047200e-02 9.678739124131047200e-02 9.678739124131047200e-02 9.678739124131047200e-02 9.678739124131047200e-02 9.678739124131047200e-02 9.678739124131047200e-02 9.678739124131047200e-02 9.678739124131047200e-02 9.678739124131047200e-02 9.678739124131047200e-02 9.678739124131047200e-02 9.678739124131047200e-02 9.678739124131047200e-02
1.921875000000000000e+00 1.069217868316151288e-01 1.069217868316151288e-01 1.069217868316151288e-01 1.069217868316151288e-01 1.069217868316151288e-01 1.069217868316151288e-01 1.069217868316151288e-01 1.069217868316151288e-01 1.069217868316151288e-01 1.069217868316151288e-01 1.069217868316151288e-01 1.069217868316151288e-01 1.069217868316151288e-01 1.069217868316151288e-01 1.069217868316151288e-01 1.069217868316151288e-01 1.069217868316151288e-01 1.069217868316151288e-01 1.069217868316151288e-01 1.069217868316151288e-01
1.937500000000000000e+00 1.359153703354649689e-01 1.359153703354649689e-01 1.359153703354649689e-01 1.359153703354649689e-01 1.359153703354649689e-01 1.359153703354649689e-01 1.359153703354649689e-01 1.359153703354649689e-01 1.359153703354649689e-01 1.359153703354649689e-01 1.359153703354649689e-01 1.359153703354649689e-01 1.359153703354649689e-01 1.359153703354649689e-01 1.359153703354649689e-01 1.359153703354649689e-01 1.359153703354649689e-01 1.359153703354649689e-01 1.359153703354649689e-01 1.359153703354649689e-01
1.953125000000000000e+00 1.916159149213232382e-01 1.916159149213232382e-01 1.916159149213232382e-01 1.916159149213232382e-01 1.916159149213232382e-01 1.916159149213232382e-01 1.916159149213232382e-01 1.916159149213232382e-01 1.916159149213232382e-01 1.916159149213232382e-01 1.916159149213232382e-01 1.916159149213232382e-01 1.916159149213232382e-01 1.916159149213232382e-01 1.916159149213232382e-01 1.916159149213232382e-01 1.916159149213232382e-01 1.916159149213232382e-01 1.916159149213232382e-01 1.916159149213232382e-01
1.968750000000000000e+00 1.032083613882777418e-01 1.032083613882777418e-01 1.032083613882777418e-01 1.032083613882777418e-01 1.032083613882777418e-01 1.032083613882777418e-01 1.032083613882777418e-01 1.032083613882777418e-01 1.032083613882777418e-01 1.032083613882777418e-01 1.032083613882777418e-01 1.032083613882777418e-01 1.032083613882777418e-01 1.032083613882777418e-01 1.032083613882777418e-01 1.032083613882777418e-01 1.032083613882777418e-01 1.032083613882777418e-01 1.032083613882777418e-01 1.032083613882777418e-01
1.984375000000000000e+00 2.480181579423208424e-02 2.480181579423208424e-02 2.480181579423208424e-02 2.480181579423208424e-02 2.480181579423208424e-02 2.480181579423208424e-02 2.480181579423208424e-02 2.480181579423208424e-02 2.480181579423208424e-02 2.480181579423208424e-02 2.480181579423208424e-02 2.480181579423208424e-02 2.480181579423208424e-02 2.480181579423208424e-02 2.480181579423208424e-02 2.480181579423208424e-02 2.480181579423208424e-02 2.480181579423208424e-02 2.480181579423208424e-02 2.480181579423208424e-02
2.000000000000000000e+00 3.197349510562462471e-02 3.197349510562462471e-02 3.197349510562462471e-02 3.197349510562462471e-02 3.197349510562462471e-02 3.197349510562462471e-02 3.197349510562462471e-02 3.197349510562462471e-02 3.197349510562462471e-02 3.197349510562462471e-02 3.197349510562462471e-02 3.197349510562462471e-02 3.197349510562462471e-02 3.197349510562462471e-02 3.197349510562462471e-02 3.197349510562462471e-02 3.197349510562462471e-02 3.197349510562462471e-02 3.197349510562462471e-02 3.197349510562462471e-02
