0.000000000000000000e+00 6.225591915205161420e-02 6.225591915205161420e-02 6.225591915205161420e-02 6.225591915205161420e-02 6.225591915205161420e-02 6.225591915205161420e-02 6.225591915205161420e-02 6.225591915205161420e-02 6.225591915205161420e-02 6.225591915205161420e-02 6.225591915205161420e-02 6.225591915205161420e-02 6.225591915205161420e-02 6.225591915205161420e-02 6.225591915205161420e-02 6.225591915205161420e-02 6.225591915205161420e-02 6.225591915205161420e-02 6.225591915205161420e-02 6.225591915205161420e-02
1.562500000000000000e-02 1.991419753289010164e-01 1.991419753289010164e-01 1.991419753289010164e-01 1.991419753289010164e-01 1.991419753289010164e-01 1.991419753289010164e-01 1.991419753289010164e-01 1.991419753289010164e-01 1.991419753289010164e-01 1.991419753289010164e-01 1.991419753289010164e-01 1.991419753289010164e-01 1.991419753289010164e-01 1.991419753289010164e-01 1.991419753289010164e-01 1.991419753289010164e-01 1.991419753289010164e-01 1.991419753289010164e-01 1.991419753289010164e-01 1.991419753289010164e-01
3.125000000000000000e-02 2.051987410137972754e-04 2.051987410137972754e-04 2.051987410137972754e-04 2.051987410137972754e-04 2.051987410137972754e-04 2.051987410137972754e-04 2.051987410137972754e-04 2.051987410137972754e-04 2.051987410137972754e-04 2.051987410137972754e-04 2.051987410137972754e-04 2.051987410137972754e-04 2.051987410137972754e-04 2.051987410137972754e-04 2.051987410137972754e-04 2.051987410137972754e-04 2.051987410137972754e-04 2.051987410137972754e-04 2.051987410137972754e-04 2.051987410137972754e-04
4.687500000000000000e-02 5.652311047578859743e-02 5.652311047578859743e-02 5.652311047578859743e-02 5.652311047578859743e-02 5.652311047578859743e-02 5.652311047578859743e-02 5.652311047578859743e-02 5.652311047578859743e-02 5.652311047578859743e-02 5.652311047578859743e-02 5.652311047578859743e-02 5.652311047578859743e-02 5.652311047578859743e-02 5.652311047578859743e-02 5.652311047578859743e-02 5.652311047578859743e-02 5.652311047578859743e-02 5.652311047578859743e-02 5.652311047578859743e-02 5.652311047578859743e-02
6.250000000000000000e-02 2.881635184119440626e-02 2.881635184119440626e-02 2.881635184119440626e-02 2.881635184119440626e-02 2.881635184119440626e-02 2.881635184119440626e-02 2.881635184119440626e-02 2.881635184119440626e-02 2.881635184119440626e-02 2.881635184119440626e-02 2.881635184119440626e-02 2.881635184119440626e-02 2.881635184119440626e-02 2.881635184119440626e-02 2.881635184119440626e-02 2.881635184119440626e-02 2.881635184119440626e-02 2.881635184119440626e-02 2.881635184119440626e-02 2.881635184119440626e-02
7.812500000000000000e-02 1.309416875851188850e-02 1.309416875851188850e-02 1.309416875851188850e-02 1.309416875851188850e-02 1.309416875851188850e-02 1.309416875851188850e-02 1.309416875851188850e-02 1.309416875851188850e-02 1.309416875851188850e-02 1.309416875851188850e-02 1.309416875851188850e-02 1.309416875851188850e-02 1.309416875851188850e-02 1.309416875851188850e-02 1.309416875851188850e-02 1.309416875851188850e-02 1.309416875851188850e-02 1.309416875851188850e-02 1.309416875851188850e-02 1.309416875851188850e-02
9.375000000000000000e-02 4.618214048377362185e-02 4.618214048377362185e-02 4.618214048377362185e-02 4.618214048377362185e-02 4.618214048377362185e-02 4.618214048377362185e-02 4.618214048377362185e-02 4.618214048377362185e-02 4.618214048377362185e-02 4.618214048377362185e-02 4.618214048377362185e-02 4.618214048377362185e-02 4.618214048377362185e-02 4.618214048377362185e-02 4.618214048377362185e-02 4.618214048377362185e-02 4.618214048377362185e-02 4.618214048377362185e-02 4.618214048377362185e-02 4.618214048377362185e-02
1.093750000000000000e-01 2.553260590289638254e-02 2.553260590289638254e-02 2.553260590289638254e-02 2.553260590289638254e-02 2.553260590289638254e-02 2.553260590289638254e-02 2.553260590289638254e-02 2.553260590289638254e-02 2.553260590289638254e-02 2.553260590289638254e-02 2.553260590289638254e-02 2.553260590289638254e-02 2.553260590289638254e-02 2.553260590289638254e-02 2.553260590289638254e-02 2.553260590289638254e-02 2.553260590289638254e-02 2.553260590289638254e-02 2.553260590289638254e-02 2.553260590289638254e-02
1.250000000000000000e-01 7.650471269259635256e-03 7.650471269259635256e-03 7.650471269259635256e-03 7.650471269259635256e-03 7.650471269259635256e-03 7.650471269259635256e-03 7.650471269259635256e-03 7.650471269259635256e-03 7.650471269259635256e-03 7.650471269259635256e-03 7.650471269259635256e-03 7.650471269259635256e-03 7.650471269259635256e-03 7.650471269259635256e-03 7.650471269259635256e-03 7.650471269259635256e-03 7.650471269259635256e-03 7.650471269259635256e-03 7.650471269259635256e-03 7.650471269259635256e-03
1.406250000000000000e-01 8.280896689960344503e-02 8.280896689960344503e-02 8.280896689960344503e-02 8.280896689960344503e-02 8.280896689960344503e-02 8.280896689960344503e-02 8.280896689960344503e-02 8.280896689960344503e-02 8.280896689960344503e-02 8.280896689960344503e-02 8.280896689960344503e-02 8.280896689960344503e-02 8.280896689960344503e-02 8.280896689960344503e-02 8.280896689960344503e-02 8.280896689960344503e-02 8.280896689960344503e-02 8.280896689960344503e-02 8.280896689960344503e-02 8.280896689960344503e-02
1.562500000000000000e-01 2.311842866706709590e-02 2.311842866706709590e-02 2.311842866706709590e-02 2.311842866706709590e-02 2.311842866706709590e-02 2.311842866706709590e-02 2.311842866706709590e-02 2.311842866706709590e-02 2.311842866706709590e-02 2.311842866706709590e-02 2.311842866706709590e-02 2.311842866706709590e-02 2.311842866706709590e-02 2.311842866706709590e-02 2.311842866706709590e-02 2.311842866706709590e-02 2.311842866706709590e-02 2.311842866706709590e-02 2.311842866706709590e-02 2.311842866706709590e-02
1.718750000000000000e-01 9.394845826714982862e-02 9.394845826714982862e-02 9.394845826714982862e-02 9.394845826714982862e-02 9.394845826714982862e-02 9.394845826714982862e-02 9.394845826714982862e-02 9.394845826714982862e-02 9.394845826714982862e-02 9.394845826714982862e-02 9.394845826714982862e-02 9.394845826714982862e-02 9.394845826714982862e-02 9.394845826714982862e-02 9.394845826714982862e-02 9.394845826714982862e-02 9.394845826714982862e-02 9.394845826714982862e-02 9.394845826714982862e-02 9.394845826714982862e-02
1.875000000000000000e-01 9.080730588091927569e-01 9.080730588091927569e-01 9.080730588091927569e-01 9.080730588091927569e-01 9.080730588091927569e-01 9.080730588091927569e-01 9.080730588091927569e-01 9.080730588091927569e-01 9.080730588091927569e-01 9.080730588091927569e-01 9.080730588091927569e-01 9.080730588091927569e-01 9.080730588091927569e-01 9.080730588091927569e-01 9.080730588091927569e-01 9.080730588091927569e-01 9.080730588091927569e-01 9.080730588091927569e-01 9.080730588091927569e-01 9.080730588091927569e-01
2.031250000000000000e-01 9.298461352450081430e-01 9.298461352450081430e-01 9.298461352450081430e-01 9.298461352450081430e-01 9.298461352450081430e-01 9.298461352450081430e-01 9.298461352450081430e-01 9.298461352450081430e-01 9.298461352450081430e-01 9.298461352450081430e-01 9.298461352450081430e-01 9.298461352450081430e-01 9.298461352450081430e-01 9.298461352450081430e-01 9.298461352450081430e-01 9.298461352450081430e-01 9.298461352450081430e-01 9.298461352450081430e-01 9.298461352450081430e-01 9.298461352450081430e-01
2.187500000000000000e-01 7.850338734081713232e-01 7.850338734081713232e-01 7.850338734081713232e-01 7.850338734081713232e-01 7.850338734081713232e-01 7.850338734081713232e-01 7.850338734081713232e-01 7.850338734081713232e-01 7.850338734081713232e-01 7.850338734081713232e-01 7.850338734081713232e-01 7.850338734081713232e-01 7.850338734081713232e-01 7.850338734081713232e-01 7.850338734081713232e-01 7.850338734081713232e-01 7.850338734081713232e-01 7.850338734081713232e-01 7.850338734081713232e-01 7.850338734081713232e-01
2.343750000000000000e-01 2.849968514564314437e-01 2.849968514564314437e-01 2.849968514564314437e-01 2.849968514564314437e-01 2.849968514564314437e-01 2.849968514564314437e-01 2.849968514564314437e-01 2.849968514564314437e-01 2.849968514564314437e-01 2.849968514564314437e-01 2.849968514564314437e-01 2.849968514564314437e-01 2.849968514564314437e-01 2.849968514564314437e-01 2.849968514564314437e-01 2.849968514564314437e-01 2.849968514564314437e-01 2.849968514564314437e-01 2.849968514564314437e-01 2.849968514564314437e-01
2.500000000000000000e-01 5.088737179863319499e-02 5.088737179863319499e-02 5.088737179863319499e-02 5.088737179863319499e-02 5.088737179863319499e-02 5.088737179863319499e-02 5.088737179863319499e-02 5.088737179863319499e-02 5.088737179863319499e-02 5.088737179863319499e-02 5.088737179863319499e-02 5.088737179863319499e-02 5.088737179863319499e-02 5.088737179863319499e-02 5.088737179863319499e-02 5.088737179863319499e-02 5.088737179863319499e-02 5.088737179863319499e-02 5.088737179863319499e-02 5.088737179863319499e-02
2.656250000000000000e-01 5.151756242798482231e-03 5.151756242798482231e-03 5.151756242798482231e-03 5.151756242798482231e-03 5.151756242798482231e-03 5.151756242798482231e-03 5.151756242798482231e-03 5.151756242798482231e-03 5.151756242798482231e-03 5.151756242798482231e-03 5.151756242798482231e-03 5.151756242798482231e-03 5.151756242798482231e-03 5.151756242798482231e-03 5.151756242798482231e-03 5.151756242798482231e-03 5.151756242798482231e-03 5.151756242798482231e-03 5.151756242798482231e-03 5.151756242798482231e-03
2.812500000000000000e-01 1.210471855565433373e-02 1.210471855565433373e-02 1.210471855565433373e-02 1.210471855565433373e-02 1.210471855565433373e-02 1.210471855565433373e-02 1.210471855565433373e-02 1.210471855565433373e-02 1.210471855565433373e-02 1.210471855565433373e-02 1.210471855565433373e-02 1.210471855565433373e-02 1.210471855565433373e-02 1.210471855565433373e-02 1.210471855565433373e-02 1.210471855565433373e-02 1.210471855565433373e-02 1.210471855565433373e-02 1.210471855565433373e-02 1.210471855565433373e-02
2.968750000000000000e-01 3.881662124736301456e-02 3.881662124736301456e-02 3.881662124736301456e-02 3.881662124736301456e-02 3.881662124736301456e-02 3.881662124736301456e-02 3.881662124736301456e-02 3.881662124736301456e-02 3.881662124736301456e-02 3.881662124736301456e-02 3.881662124736301456e-02 3.881662124736301456e-02 3.881662124736301456e-02 3.881662124736301456e-02 3.881662124736301456e-02 3.881662124736301456e-02 3.881662124736301456e-02 3.881662124736301456e-02 3.881662124736301456e-02 3.881662124736301456e-02
3.125000000000000000e-01 3.211255238400212431e-02 3.211255238400212431e-02 3.211255238400212431e-02 3.211255238400212431e-02 3.211255238400212431e-02 3.211255238400212431e-02 3.211255238400212431e-02 3.211255238400212431e-02 3.211255238400212431e-02 3.211255238400212431e-02 3.211255238400212431e-02 3.211255238400212431e-02 3.211255238400212431e-02 3.211255238400212431e-02 3.211255238400212431e-02 3.211255238400212431e-02 3.211255238400212431e-02 3.211255238400212431e-02 3.211255238400212431e-02 3.211255238400212431e-02
3.281250000000000000e-01 5.402502593464679481e-02 5.402502593464679481e-02 5.402502593464679481e-02 5.402502593464679481e-02 5.402502593464679481e-02 5.402502593464679481e-02 5.402502593464679481e-02 5.402502593464679481e-02 5.402502593464679481e-02 5.402502593464679481e-02 5.402502593464679481e-02 5.402502593464679481e-02 5.402502593464679481e-02 5.402502593464679481e-02 5.402502593464679481e-02 5.402502593464679481e-02 5.402502593464679481e-02 5.402502593464679481e-02 5.402502593464679481e-02 5.402502593464679481e-02
3.437500000000000000e-01 5.034098356737698454e-02 5.034098356737698454e-02 5.034098356737698454e-02 5.034098356737698454e-02 5.034098356737698454e-02 5.034098356737698454e-02 5.034098356737698454e-02 5.034098356737698454e-02 5.034098356737698454e-02 5.034098356737698454e-02 5.034098356737698454e-02 5.034098356737698454e-02 5.034098356737698454e-02 5.034098356737698454e-02 5.034098356737698454e-02 5.034098356737698454e-02 5.034098356737698454e-02 5.034098356737698454e-02 5.034098356737698454e-02 5.034098356737698454e-02
3.593750000000000000e-01 1.095122173723513531e-01 1.095122173723513531e-01 1.095122173723513531e-01 1.095122173723513531e-01 1.095122173723513531e-01 1.095122173723513531e-01 1.095122173723513531e-01 1.095122173723513531e-01 1.095122173723513531e-01 1.095122173723513531e-01 1.095122173723513531e-01 1.095122173723513531e-01 1.095122173723513531e-01 1.095122173723513531e-01 1.095122173723513531e-01 1.095122173723513531e-01 1.095122173723513531e-01 1.095122173723513531e-01 1.095122173723513531e-01 1.095122173723513531e-01
3.750000000000000000e-01 1.130847410594631314e-01 1.130847410594631314e-01 1.130847410594631314e-01 1.130847410594631314e-01 1.130847410594631314e-01 1.130847410594631314e-01 1.130847410594631314e-01 1.130847410594631314e-01 1.130847410594631314e-01 1.130847410594631314e-01 1.130847410594631314e-01 1.130847410594631314e-01 1.130847410594631314e-01 1.130847410594631314e-01 1.130847410594631314e-01 1.130847410594631314e-01 1.130847410594631314e-01 1.130847410594631314e-01 1.130847410594631314e-01 1.130847410594631314e-01
3.906250000000000000e-01 2.247598329955913590e-02 2.247598329955913590e-02 2.247598329955913590e-02 2.247598329955913590e-02 2.247598329955913590e-02 2.247598329955913590e-02 2.247598329955913590e-02 2.247598329955913590e-02 2.247598329955913590e-02 2.247598329955913590e-02 2.247598329955913590e-02 2.247598329955913590e-02 2.247598329955913590e-02 2.247598329955913590e-02 2.247598329955913590e-02 2.247598329955913590e-02 2.247598329955913590e-02 2.247598329955913590e-02 2.247598329955913590e-02 2.247598329955913590e-02
4.062500000000000000e-01 2.040620735027381949e-02 2.040620735027381949e-02 2.040620735027381949e-02 2.040620735027381949e-02 2.040620735027381949e-02 2.040620735027381949e-02 2.040620735027381949e-02 2.040620735027381949e-02 2.040620735027381949e-02 2.040620735027381949e-02 2.040620735027381949e-02 2.040620735027381949e-02 2.040620735027381949e-02 2.040620735027381949e-02 2.040620735027381949e-02 2.040620735027381949e-02 2.040620735027381949e-02 2.040620735027381949e-02 2.040620735027381949e-02 2.040620735027381949e-02
4.218750000000000000e-01 2.278813188450231897e-01 2.278813188450231897e-01 2.278813188450231897e-01 2.278813188450231897e-01 2.278813188450231897e-01 2.278813188450231897e-01 2.278813188450231897e-01 2.278813188450231897e-01 2.278813188450231897e-01 2.278813188450231897e-01 2.278813188450231897e-01 2.278813188450231897e-01 2.278813188450231897e-01 2.278813188450231897e-01 2.278813188450231897e-01 2.278813188450231897e-01 2.278813188450231897e-01 2.278813188450231897e-01 2.278813188450231897e-01 2.278813188450231897e-01
4.375000000000000000e-01 7.248046643890092289e-02 7.248046643890092289e-02 7.248046643890092289e-02 7.248046643890092289e-02 7.248046643890092289e-02 7.248046643890092289e-02 7.248046643890092289e-02 7.248046643890092289e-02 7.248046643890092289e-02 7.248046643890092289e-02 7.248046643890092289e-02 7.248046643890092289e-02 7.248046643890092289e-02 7.248046643890092289e-02 7.248046643890092289e-02 7.248046643890092289e-02 7.248046643890092289e-02 7.248046643890092289e-02 7.248046643890092289e-02 7.248046643890092289e-02
4.531250000000000000e-01 4.926475394675259856e-01 4.926475394675259856e-01 4.926475394675259856e-01 4.926475394675259856e-01 4.926475394675259856e-01 4.926475394675259856e-01 4.926475394675259856e-01 4.926475394675259856e-01 4.926475394675259856e-01 4.926475394675259856e-01 4.926475394675259856e-01 4.926475394675259856e-01 4.926475394675259856e-01 4.926475394675259856e-01 4.926475394675259856e-01 4.926475394675259856e-01 4.926475394675259856e-01 4.926475394675259856e-01 4.926475394675259856e-01 4.926475394675259856e-01
4.687500000000000000e-01 7.730016735371472159e-01 7.730016735371472159e-01 7.730016735371472159e-01 7.730016735371472159e-01 7.730016735371472159e-01 7.730016735371472159e-01 7.730016735371472159e-01 7.730016735371472159e-01 7.730016735371472159e-01 7.730016735371472159e-01 7.730016735371472159e-01 7.730016735371472159e-01 7.730016735371472159e-01 7.730016735371472159e-01 7.730016735371472159e-01 7.730016735371472159e-01 7.730016735371472159e-01 7.730016735371472159e-01 7.730016735371472159e-01 7.730016735371472159e-01
4.843750000000000000e-01 7.652040526201930870e-01 7.652040526201930870e-01 7.652040526201930870e-01 7.652040526201930870e-01 7.652040526201930870e-01 7.652040526201930870e-01 7.652040526201930870e-01 7.652040526201930870e-01 7.652040526201930870e-01 7.652040526201930870e-01 7.652040526201930870e-01 7.652040526201930870e-01 7.652040526201930870e-01 7.652040526201930870e-01 7.652040526201930870e-01 7.652040526201930870e-01 7.652040526201930870e-01 7.652040526201930870e-01 7.652040526201930870e-01 7.652040526201930870e-01
5.000000000000000000e-01 5.315761958317377633e-01 5.315761958317377633e-01 5.315761958317377633e-01 5.315761958317377633e-01 5.315761958317377633e-01 5.315761958317377633e-01 5.315761958317377633e-01 5.315761958317377633e-01 5.315761958317377633e-01 5.315761958317377633e-01 5.315761958317377633e-01 5.315761958317377633e-01 5.315761958317377633e-01 5.315761958317377633e-01 5.315761958317377633e-01 5.315761958317377633e-01 5.315761958317377633e-01 5.315761958317377633e-01 5.315761958317377633e-01 5.315761958317377633e-01
5.156250000000000000e-01 1.736443482385965076e-01 1.736443482385965076e-01 1.736443482385965076e-01 1.736443482385965076e-01 1.736443482385965076e-01 1.736443482385965076e-01 1.736443482385965076e-01 1.736443482385965076e-01 1.736443482385965076e-01 1.736443482385965076e-01 1.736443482385965076e-01 1.736443482385965076e-01 1.736443482385965076e-01 1.736443482385965076e-01 1.736443482385965076e-01 1.736443482385965076e-01 1.736443482385965076e-01 1.736443482385965076e-01 1.736443482385965076e-01 1.736443482385965076e-01
5.312500000000000000e-01 2.526296454867262356e-02 2.526296454867262356e-02 2.526296454867262356e-02 2.526296454867262356e-02 2.526296454867262356e-02 2.526296454867262356e-02 2.526296454867262356e-02 2.526296454867262356e-02 2.526296454867262356e-02 2.526296454867262356e-02 2.526296454867262356e-02 2.526296454867262356e-02 2.526296454867262356e-02 2.526296454867262356e-02 2.526296454867262356e-02 2.526296454867262356e-02 2.526296454867262356e-02 2.526296454867262356e-02 2.526296454867262356e-02 2.526296454867262356e-02
5.468750000000000000e-01 9.946074631270458710e-03 9.946074631270458710e-03 9.946074631270458710e-03 9.946074631270458710e-03 9.946074631270458710e-03 9.946074631270458710e-03 9.946074631270458710e-03 9.946074631270458710e-03 9.946074631270458710e-03 9.946074631270458710e-03 9.946074631270458710e-03 9.946074631270458710e-03 9.946074631270458710e-03 9.946074631270458710e-03 9.946074631270458710e-03 9.946074631270458710e-03 9.946074631270458710e-03 9.946074631270458710e-03 9.946074631270458710e-03 9.946074631270458710e-03
5.625000000000000000e-01 3.130103630733773769e-03 3.130103630733773769e-03 3.130103630733773769e-03 3.130103630733773769e-03 3.130103630733773769e-03 3.130103630733773769e-03 3.130103630733773769e-03 3.130103630733773769e-03 3.130103630733773769e-03 3.130103630733773769e-03 3.130103630733773769e-03 3.130103630733773769e-03 3.130103630733773769e-03 3.130103630733773769e-03 3.130103630733773769e-03 3.130103630733773769e-03 3.130103630733773769e-03 3.130103630733773769e-03 3.130103630733773769e-03 3.130103630733773769e-03
5.781250000000000000e-01 1.566244123238619626e-02 1.566244123238619626e-02 1.566244123238619626e-02 1.566244123238619626e-02 1.566244123238619626e-02 1.566244123238619626e-02 1.566244123238619626e-02 1.566244123238619626e-02 1.566244123238619626e-02 1.566244123238619626e-02 1.566244123238619626e-02 1.566244123238619626e-02 1.566244123238619626e-02 1.566244123238619626e-02 1.566244123238619626e-02 1.566244123238619626e-02 1.566244123238619626e-02 1.566244123238619626e-02 1.566244123238619626e-02 1.566244123238619626e-02
5.937500000000000000e-01 1.051743358538104883e-01 1.051743358538104883e-01 1.051743358538104883e-01 1.051743358538104883e-01 1.051743358538104883e-01 1.051743358538104883e-01 1.051743358538104883e-01 1.051743358538104883e-01 1.051743358538104883e-01 1.051743358538104883e-01 1.051743358538104883e-01 1.051743358538104883e-01 1.051743358538104883e-01 1.051743358538104883e-01 1.051743358538104883e-01 1.051743358538104883e-01 1.051743358538104883e-01 1.051743358538104883e-01 1.051743358538104883e-01 1.051743358538104883e-01
6.093750000000000000e-01 1.818852139522527667e-01 1.818852139522527667e-01 1.818852139522527667e-01 1.818852139522527667e-01 1.818852139522527667e-01 1.818852139522527667e-01 1.818852139522527667e-01 1.818852139522527667e-01 1.818852139522527667e-01 1.818852139522527667e-01 1.818852139522527667e-01 1.818852139522527667e-01 1.818852139522527667e-01 1.818852139522527667e-01 1.818852139522527667e-01 1.818852139522527667e-01 1.818852139522527667e-01 1.818852139522527667e-01 1.818852139522527667e-01 1.818852139522527667e-01
6.250000000000000000e-01 1.555701987029407263e-01 1.555701987029407263e-01 1.555701987029407263e-01 1.555701987029407263e-01 1.555701987029407263e-01 1.555701987029407263e-01 1.555701987029407263e-01 1.555701987029407263e-01 1.555701987029407263e-01 1.555701987029407263e-01 1.555701987029407263e-01 1.555701987029407263e-01 1.555701987029407263e-01 1.555701987029407263e-01 1.555701987029407263e-01 1.555701987029407263e-01 1.555701987029407263e-01 1.555701987029407263e-01 1.555701987029407263e-01 1.555701987029407263e-01
6.406250000000000000e-01 4.638867977956773747e-01 4.638867977956773747e-01 4.638867977956773747e-01 4.638867977956773747e-01 4.638867977956773747e-01 4.638867977956773747e-01 4.638867977956773747e-01 4.638867977956773747e-01 4.638867977956773747e-01 4.638867977956773747e-01 4.638867977956773747e-01 4.638867977956773747e-01 4.638867977956773747e-01 4.638867977956773747e-01 4.638867977956773747e-01 4.638867977956773747e-01 4.638867977956773747e-01 4.638867977956773747e-01 4.638867977956773747e-01 4.638867977956773747e-01
6.562500000000000000e-01 4.423761122887735486e-01 4.423761122887735486e-01 4.423761122887735486e-01 4.423761122887735486e-01 4.423761122887735486e-01 4.423761122887735486e-01 4.423761122887735486e-01 4.423761122887735486e-01 4.423761122887735486e-01 4.423761122887735486e-01 4.423761122887735486e-01 4.423761122887735486e-01 4.423761122887735486e-01 4.423761122887735486e-01 4.423761122887735486e-01 4.423761122887735486e-01 4.423761122887735486e-01 4.423761122887735486e-01 4.423761122887735486e-01 4.423761122887735486e-01
6.718750000000000000e-01 5.745952814254448072e-03 5.745952814254448072e-03 5.745952814254448072e-03 5.745952814254448072e-03 5.745952814254448072e-03 5.745952814254448072e-03 5.745952814254448072e-03 5.745952814254448072e-03 5.745952814254448072e-03 5.745952814254448072e-03 5.745952814254448072e-03 5.745952814254448072e-03 5.745952814254448072e-03 5.745952814254448072e-03 5.745952814254448072e-03 5.745952814254448072e-03 5.745952814254448072e-03 5.745952814254448072e-03 5.745952814254448072e-03 5.745952814254448072e-03
6.875000000000000000e-01 3.674957389168089644e-02 3.674957389168089644e-02 3.674957389168089644e-02 3.674957389168089644e-02 3.674957389168089644e-02 3.674957389168089644e-02 3.674957389168089644e-02 3.674957389168089644e-02 3.674957389168089644e-02 3.674957389168089644e-02 3.674957389168089644e-02 3.674957389168089644e-02 3.674957389168089644e-02 3.674957389168089644e-02 3.674957389168089644e-02 3.674957389168089644e-02 3.674957389168089644e-02 3.674957389168089644e-02 3.674957389168089644e-02 3.674957389168089644e-02
7.031250000000000000e-01 1.562169268562328406e-01 1.562169268562328406e-01 1.562169268562328406e-01 1.562169268562328406e-01 1.562169268562328406e-01 1.562169268562328406e-01 1.562169268562328406e-01 1.562169268562328406e-01 1.562169268562328406e-01 1.562169268562328406e-01 1.562169268562328406e-01 1.562169268562328406e-01 1.562169268562328406e-01 1.562169268562328406e-01 1.562169268562328406e-01 1.562169268562328406e-01 1.562169268562328406e-01 1.562169268562328406e-01 1.562169268562328406e-01 1.562169268562328406e-01
7.187500000000000000e-01 1.335115009604777581e-01 1.335115009604777581e-01 1.335115009604777581e-01 1.335115009604777581e-01 1.335115009604777581e-01 1.335115009604777581e-01 1.335115009604777581e-01 1.335115009604777581e-01 1.335115009604777581e-01 1.335115009604777581e-01 1.335115009604777581e-01 1.335115009604777581e-01 1.335115009604777581e-01 1.335115009604777581e-01 1.335115009604777581e-01 1.335115009604777581e-01 1.335115009604777581e-01 1.335115009604777581e-01 1.335115009604777581e-01 1.335115009604777581e-01
7.343750000000000000e-01 3.825588442124547850e-01 3.825588442124547850e-01 3.825588442124547850e-01 3.825588442124547850e-01 3.825588442124547850e-01 3.825588442124547850e-01 3.825588442124547850e-01 3.825588442124547850e-01 3.825588442124547850e-01 3.825588442124547850e-01 3.825588442124547850e-01 3.825588442124547850e-01 3.825588442124547850e-01 3.825588442124547850e-01 3.825588442124547850e-01 3.825588442124547850e-01 3.825588442124547850e-01 3.825588442124547850e-01 3.825588442124547850e-01 3.825588442124547850e-01
7.500000000000000000e-01 4.292457478436613183e-01 4.292457478436613183e-01 4.292457478436613183e-01 4.292457478436613183e-01 4.292457478436613183e-01 4.292457478436613183e-01 4.292457478436613183e-01 4.292457478436613183e-01 4.292457478436613183e-01 4.292457478436613183e-01 4.292457478436613183e-01 4.292457478436613183e-01 4.292457478436613183e-01 4.292457478436613183e-01 4.292457478436613183e-01 4.292457478436613183e-01 4.292457478436613183e-01 4.292457478436613183e-01 4.292457478436613183e-01 4.292457478436613183e-01
7.656250000000000000e-01 3.668217047173198964e-01 3.668217047173198964e-01 3.668217047173198964e-01 3.668217047173198964e-01 3.668217047173198964e-01 3.668217047173198964e-01 3.668217047173198964e-01 3.668217047173198964e-01 3.668217047173198964e-01 3.668217047173198964e-01 3.668217047173198964e-01 3.668217047173198964e-01 3.668217047173198964e-01 3.668217047173198964e-01 3.668217047173198964e-01 3.668217047173198964e-01 3.668217047173198964e-01 3.668217047173198964e-01 3.668217047173198964e-01 3.668217047173198964e-01
7.812500000000000000e-01 4.294236665532073088e-02 4.294236665532073088e-02 4.294236665532073088e-02 4.294236665532073088e-02 4.294236665532073088e-02 4.294236665532073088e-02 4.294236665532073088e-02 4.294236665532073088e-02 4.294236665532073088e-02 4.294236665532073088e-02 4.294236665532073088e-02 4.294236665532073088e-02 4.294236665532073088e-02 4.294236665532073088e-02 4.294236665532073088e-02 4.294236665532073088e-02 4.294236665532073088e-02 4.294236665532073088e-02 4.294236665532073088e-02 4.294236665532073088e-02
7.968750000000000000e-01 1.518304032589335995e-01 1.518304032589335995e-01 1.518304032589335995e-01 1.518304032589335995e-01 1.518304032589335995e-01 1.518304032589335995e-01 1.518304032589335995e-01 1.518304032589335995e-01 1.518304032589335995e-01 1.518304032589335995e-01 1.518304032589335995e-01 1.518304032589335995e-01 1.518304032589335995e-01 1.518304032589335995e-01 1.518304032589335995e-01 1.518304032589335995e-01 1.518304032589335995e-01 1.518304032589335995e-01 1.518304032589335995e-01 1.518304032589335995e-01
8.125000000000000000e-01 3.520092075506823376e-02 3.520092075506823376e-02 3.520092075506823376e-02 3.520092075506823376e-02 3.520092075506823376e-02 3.520092075506823376e-02 3.520092075506823376e-02 3.520092075506823376e-02 3.520092075506823376e-02 3.520092075506823376e-02 3.520092075506823376e-02 3.520092075506823376e-02 3.520092075506823376e-02 3.520092075506823376e-02 3.520092075506823376e-02 3.520092075506823376e-02 3.520092075506823376e-02 3.520092075506823376e-02 3.520092075506823376e-02 3.520092075506823376e-02
8.281250000000000000e-01 3.063495720452829099e-02 3.063495720452829099e-02 3.063495720452829099e-02 3.063495720452829099e-02 3.063495720452829099e-02 3.063495720452829099e-02 3.063495720452829099e-02 3.063495720452829099e-02 3.063495720452829099e-02 3.063495720452829099e-02 3.063495720452829099e-02 3.063495720452829099e-02 3.063495720452829099e-02 3.063495720452829099e-02 3.063495720452829099e-02 3.063495720452829099e-02 3.063495720452829099e-02 3.063495720452829099e-02 3.063495720452829099e-02 3.063495720452829099e-02
8.437500000000000000e-01 1.284266192804334877e-02 1.284266192804334877e-02 1.284266192804334877e-02 1.284266192804334877e-02 1.284266192804334877e-02 1.284266192804334877e-02 1.284266192804334877e-02 1.284266192804334877e-02 1.284266192804334877e-02 1.284266192804334877e-02 1.284266192804334877e-02 1.284266192804334877e-02 1.284266192804334877e-02 1.284266192804334877e-02 1.284266192804334877e-02 1.284266192804334877e-02 1.284266192804334877e-02 1.284266192804334877e-02 1.284266192804334877e-02 1.284266192804334877e-02
8.593750000000000000e-01 7.106348215879752794e-02 7.106348215879752794e-02 7.106348215879752794e-02 7.106348215879752794e-02 7.106348215879752794e-02 7.106348215879752794e-02 7.106348215879752794e-02 7.106348215879752794e-02 7.106348215879752794e-02 7.106348215879752794e-02 7.106348215879752794e-02 7.106348215879752794e-02 7.106348215879752794e-02 7.106348215879752794e-02 7.106348215879752794e-02 7.106348215879752794e-02 7.106348215879752794e-02 7.106348215879752794e-02 7.106348215879752794e-02 7.106348215879752794e-02
8.750000000000000000e-01 1.464930788286378238e-01 1.464930788286378238e-01 1.464930788286378238e-01 1.464930788286378238e-01 1.464930788286378238e-01 1.464930788286378238e-01 1.464930788286378238e-01 1.464930788286378238e-01 1.464930788286378238e-01 1.464930788286378238e-01 1.464930788286378238e-01 1.464930788286378238e-01 1.464930788286378238e-01 1.464930788286378238e-01 1.464930788286378238e-01 1.464930788286378238e-01 1.464930788286378238e-01 1.464930788286378238e-01 1.464930788286378238e-01 1.464930788286378238e-01
8.906250000000000000e-01 2.846410442273014652e-01 2.846410442273014652e-01 2.846410442273014652e-01 2.846410442273014652e-01 2.846410442273014652e-01 2.846410442273014652e-01 2.846410442273014652e-01 2.846410442273014652e-01 2.846410442273014652e-01 2.846410442273014652e-01 2.846410442273014652e-01 2.846410442273014652e-01 2.846410442273014652e-01 2.846410442273014652e-01 2.846410442273014652e-01 2.846410442273014652e-01 2.846410442273014652e-01 2.846410442273014652e-01 2.846410442273014652e-01 2.846410442273014652e-01
9.062500000000000000e-01 4.349681125891526889e-01 4.349681125891526889e-01 4.349681125891526889e-01 4.349681125891526889e-01 4.349681125891526889e-01 4.349681125891526889e-01 4.349681125891526889e-01 4.349681125891526889e-01 4.349681125891526889e-01 4.349681125891526889e-01 4.349681125891526889e-01 4.349681125891526889e-01 4.349681125891526889e-01 4.349681125891526889e-01 4.349681125891526889e-01 4.349681125891526889e-01 4.349681125891526889e-01 4.349681125891526889e-01 4.349681125891526889e-01 4.349681125891526889e-01
9.218750000000000000e-01 7.753067292515268549e-02 7.753067292515268549e-02 7.753067292515268549e-02 7.753067292515268549e-02 7.753067292515268549e-02 7.753067292515268549e-02 7.753067292515268549e-02 7.753067292515268549e-02 7.753067292515268549e-02 7.753067292515268549e-02 7.753067292515268549e-02 7.753067292515268549e-02 7.753067292515268549e-02 7.753067292515268549e-02 7.753067292515268549e-02 7.753067292515268549e-02 7.753067292515268549e-02 7.753067292515268549e-02 7.753067292515268549e-02 7.753067292515268549e-02
9.375000000000000000e-01 4.845709267903028361e-02 4.845709267903028361e-02 4.845709267903028361e-02 4.845709267903028361e-02 4.845709267903028361e-02 4.845709267903028361e-02 4.845709267903028361e-02 4.845709267903028361e-02 4.845709267903028361e-02 4.845709267903028361e-02 4.845709267903028361e-02 4.845709267903028361e-02 4.845709267903028361e-02 4.845709267903028361e-02 4.845709267903028361e-02 4.845709267903028361e-02 4.845709267903028361e-02 4.845709267903028361e-02 4.845709267903028361e-02 4.845709267903028361e-02
9.531250000000000000e-01 1.375233537136094294e-02 1.375233537136094294e-02 1.375233537136094294e-02 1.375233537136094294e-02 1.375233537136094294e-02 1.375233537136094294e-02 1.375233537136094294e-02 1.375233537136094294e-02 1.375233537136094294e-02 1.375233537136094294e-02 1.375233537136094294e-02 1.375233537136094294e-02 1.375233537136094294e-02 1.375233537136094294e-02 1.375233537136094294e-02 1.375233537136094294e-02 1.375233537136094294e-02 1.375233537136094294e-02 1.375233537136094294e-02 1.375233537136094294e-02
9.687500000000000000e-01 1.397804986702575088e-02 1.397804986702575088e-02 1.397804986702575088e-02 1.397804986702575088e-02 1.397804986702575088e-02 1.397804986702575088e-02 1.397804986702575088e-02 1.397804986702575088e-02 1.397804986702575088e-02 1.397804986702575088e-02 1.397804986702575088e-02 1.397804986702575088e-02 1.397804986702575088e-02 1.397804986702575088e-02 1.397804986702575088e-02 1.397804986702575088e-02 1.397804986702575088e-02 1.397804986702575088e-02 1.397804986702575088e-02 1.397804986702575088e-02
9.843750000000000000e-01 1.848452466279695838e-01 1.848452466279695838e-01 1.848452466279695838e-01 1.848452466279695838e-01 1.848452466279695838e-01 1.848452466279695838e-01 1.848452466279695838e-01 1.848452466279695838e-01 1.848452466279695838e-01 1.848452466279695838e-01 1.848452466279695838e-01 1.848452466279695838e-01 1.848452466279695838e-01 1.848452466279695838e-01 1.848452466279695838e-01 1.848452466279695838e-01 1.848452466279695838e-01 1.848452466279695838e-01 1.848452466279695838e-01 1.848452466279695838e-01
1.000000000000000000e+00 1.459993236927979443e-01 1.459993236927979443e-01 1.459993236927979443e-01 1.459993236927979443e-01 1.459993236927979443e-01 1.459993236927979443e-01 1.459993236927979443e-01 1.459993236927979443e-01 1.459993236927979443e-01 1.459993236927979443e-01 1.459993236927979443e-01 1.459993236927979443e-01 1.459993236927979443e-01 1.459993236927979443e-01 1.459993236927979443e-01 1.459993236927979443e-01 1.459993236927979443e-01 1.459993236927979443e-01 1.459993236927979443e-01 1.459993236927979443e-01
1.015625000000000000e+00 1.953317084150897054e-01 1.953317084150897054e-01 1.953317084150897054e-01 1.953317084150897054e-01 1.953317084150897054e-01 1.953317084150897054e-01 1.953317084150897054e-01 1.953317084150897054e-01 1.953317084150897054e-01 1.953317084150897054e-01 1.953317084150897054e-01 1.953317084150897054e-01 1.953317084150897054e-01 1.953317084150897054e-01 1.953317084150897054e-01 1.953317084150897054e-01 1.953317084150897054e-01 1.953317084150897054e-01 1.953317084150897054e-01 1.953317084150897054e-01
1.031250000000000000e+00 9.650628811762965165e-02 9.650628811762965165e-02 9.650628811762965165e-02 9.650628811762965165e-02 9.650628811762965165e-02 9.650628811762965165e-02 9.650628811762965165e-02 9.650628811762965165e-02 9.650628811762965165e-02 9.650628811762965165e-02 9.650628811762965165e-02 9.650628811762965165e-02 9.650628811762965165e-02 9.650628811762965165e-02 9.650628811762965165e-02 9.650628811762965165e-02 9.650628811762965165e-02 9.650628811762965165e-02 9.650628811762965165e-02 9.650628811762965165e-02
1.046875000000000000e+00 5.824483900144478143e-02 5.824483900144478143e-02 5.824483900144478143e-02 5.824483900144478143e-02 5.824483900144478143e-02 5.824483900144478143e-02 5.824483900144478143e-02 5.824483900144478143e-02 5.824483900144478143e-02 5.824483900144478143e-02 5.824483900144478143e-02 5.824483900144478143e-02 5.824483900144478143e-02 5.824483900144478143e-02 5.824483900144478143e-02 5.824483900144478143e-02 5.824483900144478143e-02 5.824483900144478143e-02 5.824483900144478143e-02 5.824483900144478143e-02
1.062500000000000000e+00 1.653898248265957827e-01 1.653898248265957827e-01 1.653898248265957827e-01 1.653898248265957827e-01 1.653898248265957827e-01 1.653898248265957827e-01 1.653898248265957827e-01 1.653898248265957827e-01 1.653898248265957827e-01 1.653898248265957827e-01 1.653898248265957827e-01 1.653898248265957827e-01 1.653898248265957827e-01 1.653898248265957827e-01 1.653898248265957827e-01 1.653898248265957827e-01 1.653898248265957827e-01 1.653898248265957827e-01 1.653898248265957827e-01 1.653898248265957827e-01
1.078125000000000000e+00 3.775930584720091354e-01 3.775930584720091354e-01 3.775930584720091354e-01 3.775930584720091354e-01 3.775930584720091354e-01 3.775930584720091354e-01 3.775930584720091354e-01 3.775930584720091354e-01 3.775930584720091354e-01 3.775930584720091354e-01 3.775930584720091354e-01 3.775930584720091354e-01 3.775930584720091354e-01 3.775930584720091354e-01 3.775930584720091354e-01 3.775930584720091354e-01 3.775930584720091354e-01 3.775930584720091354e-01 3.775930584720091354e-01 3.775930584720091354e-01
1.093750000000000000e+00 1.300470394460316037e-01 1.300470394460316037e-01 1.300470394460316037e-01 1.300470394460316037e-01 1.300470394460316037e-01 1.300470394460316037e-01 1.300470394460316037e-01 1.300470394460316037e-01 1.300470394460316037e-01 1.300470394460316037e-01 1.300470394460316037e-01 1.300470394460316037e-01 1.300470394460316037e-01 1.300470394460316037e-01 1.300470394460316037e-01 1.300470394460316037e-01 1.300470394460316037e-01 1.300470394460316037e-01 1.300470394460316037e-01 1.300470394460316037e-01
1.109375000000000000e+00 4.770169648780051702e-02 4.770169648780051702e-02 4.770169648780051702e-02 4.770169648780051702e-02 4.770169648780051702e-02 4.770169648780051702e-02 4.770169648780051702e-02 4.770169648780051702e-02 4.770169648780051702e-02 4.770169648780051702e-02 4.770169648780051702e-02 4.770169648780051702e-02 4.770169648780051702e-02 4.770169648780051702e-02 4.770169648780051702e-02 4.770169648780051702e-02 4.770169648780051702e-02 4.770169648780051702e-02 4.770169648780051702e-02 4.770169648780051702e-02
1.125000000000000000e+00 7.556493669206922059e-02 7.556493669206922059e-02 7.556493669206922059e-02 7.556493669206922059e-02 7.556493669206922059e-02 7.556493669206922059e-02 7.556493669206922059e-02 7.556493669206922059e-02 7.556493669206922059e-02 7.556493669206922059e-02 7.556493669206922059e-02 7.556493669206922059e-02 7.556493669206922059e-02 7.556493669206922059e-02 7.556493669206922059e-02 7.556493669206922059e-02 7.556493669206922059e-02 7.556493669206922059e-02 7.556493669206922059e-02 7.556493669206922059e-02
1.140625000000000000e+00 1.481438041340782108e-01 1.481438041340782108e-01 1.481438041340782108e-01 1.481438041340782108e-01 1.481438041340782108e-01 1.481438041340782108e-01 1.481438041340782108e-01 1.481438041340782108e-01 1.481438041340782108e-01 1.481438041340782108e-01 1.481438041340782108e-01 1.481438041340782108e-01 1.481438041340782108e-01 1.481438041340782108e-01 1.481438041340782108e-01 1.481438041340782108e-01 1.481438041340782108e-01 1.481438041340782108e-01 1.481438041340782108e-01 1.481438041340782108e-01
1.156250000000000000e+00 7.678501962992660690e-02 7.678501962992660690e-02 7.678501962992660690e-02 7.678501962992660690e-02 7.678501962992660690e-02 7.678501962992660690e-02 7.678501962992660690e-02 7.678501962992660690e-02 7.678501962992660690e-02 7.678501962992660690e-02 7.678501962992660690e-02 7.678501962992660690e-02 7.678501962992660690e-02 7.678501962992660690e-02 7.678501962992660690e-02 7.678501962992660690e-02 7.678501962992660690e-02 7.678501962992660690e-02 7.678501962992660690e-02 7.678501962992660690e-02
1.171875000000000000e+00 3.267052979734306750e-01 3.267052979734306750e-01 3.267052979734306750e-01 3.267052979734306750e-01 3.267052979734306750e-01 3.267052979734306750e-01 3.267052979734306750e-01 3.267052979734306750e-01 3.267052979734306750e-01 3.267052979734306750e-01 3.267052979734306750e-01 3.267052979734306750e-01 3.267052979734306750e-01 3.267052979734306750e-01 3.267052979734306750e-01 3.267052979734306750e-01 3.267052979734306750e-01 3.267052979734306750e-01 3.267052979734306750e-01 3.267052979734306750e-01
1.187500000000000000e+00 2.058050547570993566e-02 2.058050547570993566e-02 2.058050547570993566e-02 2.058050547570993566e-02 2.058050547570993566e-02 2.058050547570993566e-02 2.058050547570993566e-02 2.058050547570993566e-02 2.058050547570993566e-02 2.058050547570993566e-02 2.058050547570993566e-02 2.058050547570993566e-02 2.058050547570993566e-02 2.058050547570993566e-02 2.058050547570993566e-02 2.058050547570993566e-02 2.058050547570993566e-02 2.058050547570993566e-02 2.058050547570993566e-02 2.058050547570993566e-02
1.203125000000000000e+00 7.198926143758398871e-03 7.198926143758398871e-03 7.198926143758398871e-03 7.198926143758398871e-03 7.198926143758398871e-03 7.198926143758398871e-03 7.198926143758398871e-03 7.198926143758398871e-03 7.198926143758398871e-03 7.198926143758398871e-03 7.198926143758398871e-03 7.198926143758398871e-03 7.198926143758398871e-03 7.198926143758398871e-03 7.198926143758398871e-03 7.198926143758398871e-03 7.198926143758398871e-03 7.198926143758398871e-03 7.198926143758398871e-03 7.198926143758398871e-03
1.218750000000000000e+00 6.237551631947186453e-03 6.237551631947186453e-03 6.237551631947186453e-03 6.237551631947186453e-03 6.237551631947186453e-03 6.237551631947186453e-03 6.237551631947186453e-03 6.237551631947186453e-03 6.237551631947186453e-03 6.237551631947186453e-03 6.237551631947186453e-03 6.237551631947186453e-03 6.237551631947186453e-03 6.237551631947186453e-03 6.237551631947186453e-03 6.237551631947186453e-03 6.237551631947186453e-03 6.237551631947186453e-03 6.237551631947186453e-03 6.237551631947186453e-03
1.234375000000000000e+00 8.742136373550844081e-03 8.742136373550844081e-03 8.742136373550844081e-03 8.742136373550844081e-03 8.742136373550844081e-03 8.742136373550844081e-03 8.742136373550844081e-03 8.742136373550844081e-03 8.742136373550844081e-03 8.742136373550844081e-03 8.742136373550844081e-03 8.742136373550844081e-03 8.742136373550844081e-03 8.742136373550844081e-03 8.742136373550844081e-03 8.742136373550844081e-03 8.742136373550844081e-03 8.742136373550844081e-03 8.742136373550844081e-03 8.742136373550844081e-03
1.250000000000000000e+00 1.186554234271895991e-01 1.186554234271895991e-01 1.186554234271895991e-01 1.186554234271895991e-01 1.186554234271895991e-01 1.186554234271895991e-01 1.186554234271895991e-01 1.186554234271895991e-01 1.186554234271895991e-01 1.186554234271895991e-01 1.186554234271895991e-01 1.186554234271895991e-01 1.186554234271895991e-01 1.186554234271895991e-01 1.186554234271895991e-01 1.186554234271895991e-01 1.186554234271895991e-01 1.186554234271895991e-01 1.186554234271895991e-01 1.186554234271895991e-01
1.265625000000000000e+00 2.319567857589968918e-01 2.319567857589968918e-01 2.319567857589968918e-01 2.319567857589968918e-01 2.319567857589968918e-01 2.319567857589968918e-01 2.319567857589968918e-01 2.319567857589968918e-01 2.319567857589968918e-01 2.319567857589968918e-01 2.319567857589968918e-01 2.319567857589968918e-01 2.319567857589968918e-01 2.319567857589968918e-01 2.319567857589968918e-01 2.319567857589968918e-01 2.319567857589968918e-01 2.319567857589968918e-01 2.319567857589968918e-01 2.319567857589968918e-01
1.281250000000000000e+00 7.063427127319368837e-02 7.063427127319368837e-02 7.063427127319368837e-02 7.063427127319368837e-02 7.063427127319368837e-02 7.063427127319368837e-02 7.063427127319368837e-02 7.063427127319368837e-02 7.063427127319368837e-02 7.063427127319368837e-02 7.063427127319368837e-02 7.063427127319368837e-02 7.063427127319368837e-02 7.063427127319368837e-02 7.063427127319368837e-02 7.063427127319368837e-02 7.063427127319368837e-02 7.063427127319368837e-02 7.063427127319368837e-02 7.063427127319368837e-02
1.296875000000000000e+00 4.030687779658101433e-02 4.030687779658101433e-02 4.030687779658101433e-02 4.030687779658101433e-02 4.030687779658101433e-02 4.030687779658101433e-02 4.030687779658101433e-02 4.030687779658101433e-02 4.030687779658101433e-02 4.030687779658101433e-02 4.030687779658101433e-02 4.030687779658101433e-02 4.030687779658101433e-02 4.030687779658101433e-02 4.030687779658101433e-02 4.030687779658101433e-02 4.030687779658101433e-02 4.030687779658101433e-02 4.030687779658101433e-02 4.030687779658101433e-02
1.312500000000000000e+00 4.309408084956299623e-02 4.309408084956299623e-02 4.309408084956299623e-02 4.309408084956299623e-02 4.309408084956299623e-02 4.309408084956299623e-02 4.309408084956299623e-02 4.309408084956299623e-02 4.309408084956299623e-02 4.309408084956299623e-02 4.309408084956299623e-02 4.309408084956299623e-02 4.309408084956299623e-02 4.309408084956299623e-02 4.309408084956299623e-02 4.309408084956299623e-02 4.309408084956299623e-02 4.309408084956299623e-02 4.309408084956299623e-02 4.309408084956299623e-02
1.328125000000000000e+00 3.262157020163527349e-02 3.262157020163527349e-02 3.262157020163527349e-02 3.262157020163527349e-02 3.262157020163527349e-02 3.262157020163527349e-02 3.262157020163527349e-02 3.262157020163527349e-02 3.262157020163527349e-02 3.262157020163527349e-02 3.262157020163527349e-02 3.262157020163527349e-02 3.262157020163527349e-02 3.262157020163527349e-02 3.262157020163527349e-02 3.262157020163527349e-02 3.262157020163527349e-02 3.262157020163527349e-02 3.262157020163527349e-02 3.262157020163527349e-02
1.343750000000000000e+00 3.584534854367577711e-02 3.584534854367577711e-02 3.584534854367577711e-02 3.584534854367577711e-02 3.584534854367577711e-02 3.584534854367577711e-02 3.584534854367577711e-02 3.584534854367577711e-02 3.584534854367577711e-02 3.584534854367577711e-02 3.584534854367577711e-02 3.584534854367577711e-02 3.584534854367577711e-02 3.584534854367577711e-02 3.584534854367577711e-02 3.584534854367577711e-02 3.584534854367577711e-02 3.584534854367577711e-02 3.584534854367577711e-02 3.584534854367577711e-02
1.359375000000000000e+00 8.384373309054714285e-02 8.384373309054714285e-02 8.384373309054714285e-02 8.384373309054714285e-02 8.384373309054714285e-02 8.384373309054714285e-02 8.384373309054714285e-02 8.384373309054714285e-02 8.384373309054714285e-02 8.384373309054714285e-02 8.384373309054714285e-02 8.384373309054714285e-02 8.384373309054714285e-02 8.384373309054714285e-02 8.384373309054714285e-02 8.384373309054714285e-02 8.384373309054714285e-02 8.384373309054714285e-02 8.384373309054714285e-02 8.384373309054714285e-02
1.375000000000000000e+00 1.473253496362323944e-01 1.473253496362323944e-01 1.473253496362323944e-01 1.473253496362323944e-01 1.473253496362323944e-01 1.473253496362323944e-01 1.473253496362323944e-01 1.473253496362323944e-01 1.473253496362323944e-01 1.473253496362323944e-01 1.473253496362323944e-01 1.473253496362323944e-01 1.473253496362323944e-01 1.473253496362323944e-01 1.473253496362323944e-01 1.473253496362323944e-01 1.473253496362323944e-01 1.473253496362323944e-01 1.473253496362323944e-01 1.473253496362323944e-01
1.390625000000000000e+00 9.119698649600259388e-02 9.119698649600259388e-02 9.119698649600259388e-02 9.119698649600259388e-02 9.119698649600259388e-02 9.119698649600259388e-02 9.119698649600259388e-02 9.119698649600259388e-02 9.119698649600259388e-02 9.119698649600259388e-02 9.119698649600259388e-02 9.119698649600259388e-02 9.119698649600259388e-02 9.119698649600259388e-02 9.119698649600259388e-02 9.119698649600259388e-02 9.119698649600259388e-02 9.119698649600259388e-02 9.119698649600259388e-02 9.119698649600259388e-02
1.406250000000000000e+00 7.625540908632678916e-02 7.625540908632678916e-02 7.625540908632678916e-02 7.625540908632678916e-02 7.625540908632678916e-02 7.625540908632678916e-02 7.625540908632678916e-02 7.625540908632678916e-02 7.625540908632678916e-02 7.625540908632678916e-02 7.625540908632678916e-02 7.625540908632678916e-02 7.625540908632678916e-02 7.625540908632678916e-02 7.625540908632678916e-02 7.625540908632678916e-02 7.625540908632678916e-02 7.625540908632678916e-02 7.625540908632678916e-02 7.625540908632678916e-02
1.421875000000000000e+00 1.846524888146995891e-01 1.846524888146995891e-01 1.846524888146995891e-01 1.846524888146995891e-01 1.846524888146995891e-01 1.846524888146995891e-01 1.846524888146995891e-01 1.846524888146995891e-01 1.846524888146995891e-01 1.846524888146995891e-01 1.846524888146995891e-01 1.846524888146995891e-01 1.846524888146995891e-01 1.846524888146995891e-01 1.846524888146995891e-01 1.846524888146995891e-01 1.846524888146995891e-01 1.846524888146995891e-01 1.846524888146995891e-01 1.846524888146995891e-01
1.437500000000000000e+00 4.789824092284625939e-03 4.789824092284625939e-03 4.789824092284625939e-03 4.789824092284625939e-03 4.789824092284625939e-03 4.789824092284625939e-03 4.789824092284625939e-03 4.789824092284625939e-03 4.789824092284625939e-03 4.789824092284625939e-03 4.789824092284625939e-03 4.789824092284625939e-03 4.789824092284625939e-03 4.789824092284625939e-03 4.789824092284625939e-03 4.789824092284625939e-03 4.789824092284625939e-03 4.789824092284625939e-03 4.789824092284625939e-03 4.789824092284625939e-03
1.453125000000000000e+00 4.192650194925565676e-01 4.192650194925565676e-01 4.192650194925565676e-01 4.192650194925565676e-01 4.192650194925565676e-01 4.192650194925565676e-01 4.192650194925565676e-01 4.192650194925565676e-01 4.192650194925565676e-01 4.192650194925565676e-01 4.192650194925565676e-01 4.192650194925565676e-01 4.192650194925565676e-01 4.192650194925565676e-01 4.192650194925565676e-01 4.192650194925565676e-01 4.192650194925565676e-01 4.192650194925565676e-01 4.192650194925565676e-01 4.192650194925565676e-01
1.468750000000000000e+00 7.192275860535636556e-02 7.192275860535636556e-02 7.192275860535636556e-02 7.192275860535636556e-02 7.192275860535636556e-02 7.192275860535636556e-02 7.192275860535636556e-02 7.192275860535636556e-02 7.192275860535636556e-02 7.192275860535636556e-02 7.192275860535636556e-02 7.192275860535636556e-02 7.192275860535636556e-02 7.192275860535636556e-02 7.192275860535636556e-02 7.192275860535636556e-02 7.192275860535636556e-02 7.192275860535636556e-02 7.192275860535636556e-02 7.192275860535636556e-02
1.484375000000000000e+00 1.792580289901112844e-01 1.792580289901112844e-01 1.792580289901112844e-01 1.792580289901112844e-01 1.792580289901112844e-01 1.792580289901112844e-01 1.792580289901112844e-01 1.792580289901112844e-01 1.792580289901112844e-01 1.792580289901112844e-01 1.792580289901112844e-01 1.792580289901112844e-01 1.792580289901112844e-01 1.792580289901112844e-01 1.792580289901112844e-01 1.792580289901112844e-01 1.792580289901112844e-01 1.792580289901112844e-01 1.792580289901112844e-01 1.792580289901112844e-01
1.500000000000000000e+00 2.911690633702979092e-02 2.911690633702979092e-02 2.911690633702979092e-02 2.911690633702979092e-02 2.911690633702979092e-02 2.911690633702979092e-02 2.911690633702979092e-02 2.911690633702979092e-02 2.911690633702979092e-02 2.911690633702979092e-02 2.911690633702979092e-02 2.911690633702979092e-02 2.911690633702979092e-02 2.911690633702979092e-02 2.911690633702979092e-02 2.911690633702979092e-02 2.911690633702979092e-02 2.911690633702979092e-02 2.911690633702979092e-02 2.911690633702979092e-02
1.515625000000000000e+00 2.270336710289067028e-02 2.270336710289067028e-02 2.270336710289067028e-02 2.270336710289067028e-02 2.270336710289067028e-02 2.270336710289067028e-02 2.270336710289067028e-02 2.270336710289067028e-02 2.270336710289067028e-02 2.270336710289067028e-02 2.270336710289067028e-02 2.270336710289067028e-02 2.270336710289067028e-02 2.270336710289067028e-02 2.270336710289067028e-02 2.270336710289067028e-02 2.270336710289067028e-02 2.270336710289067028e-02 2.270336710289067028e-02 2.270336710289067028e-02
1.531250000000000000e+00 5.779399852229540752e-02 5.779399852229540752e-02 5.779399852229540752e-02 5.779399852229540752e-02 5.779399852229540752e-02 5.779399852229540752e-02 5.779399852229540752e-02 5.779399852229540752e-02 5.779399852229540752e-02 5.779399852229540752e-02 5.779399852229540752e-02 5.779399852229540752e-02 5.779399852229540752e-02 5.779399852229540752e-02 5.779399852229540752e-02 5.779399852229540752e-02 5.779399852229540752e-02 5.779399852229540752e-02 5.779399852229540752e-02 5.779399852229540752e-02
1.546875000000000000e+00 1.242896200256659589e-01 1.242896200256659589e-01 1.242896200256659589e-01 1.242896200256659589e-01 1.242896200256659589e-01 1.242896200256659589e-01 1.242896200256659589e-01 1.242896200256659589e-01 1.242896200256659589e-01 1.242896200256659589e-01 1.242896200256659589e-01 1.242896200256659589e-01 1.242896200256659589e-01 1.242896200256659589e-01 1.242896200256659589e-01 1.242896200256659589e-01 1.242896200256659589e-01 1.242896200256659589e-01 1.242896200256659589e-01 1.242896200256659589e-01
1.562500000000000000e+00 4.768572499874354498e-02 4.768572499874354498e-02 4.768572499874354498e-02 4.768572499874354498e-02 4.768572499874354498e-02 4.768572499874354498e-02 4.768572499874354498e-02 4.768572499874354498e-02 4.768572499874354498e-02 4.768572499874354498e-02 4.768572499874354498e-02 4.768572499874354498e-02 4.768572499874354498e-02 4.768572499874354498e-02 4.768572499874354498e-02 4.768572499874354498e-02 4.768572499874354498e-02 4.768572499874354498e-02 4.768572499874354498e-02 4.768572499874354498e-02
1.578125000000000000e+00 8.024416510793404289e-02 8.024416510793404289e-02 8.024416510793404289e-02 8.024416510793404289e-02 8.024416510793404289e-02 8.024416510793404289e-02 8.024416510793404289e-02 8.024416510793404289e-02 8.024416510793404289e-02 8.024416510793404289e-02 8.024416510793404289e-02 8.024416510793404289e-02 8.024416510793404289e-02 8.024416510793404289e-02 8.024416510793404289e-02 8.024416510793404289e-02 8.024416510793404289e-02 8.024416510793404289e-02 8.024416510793404289e-02 8.024416510793404289e-02
1.593750000000000000e+00 3.388902721504839788e-02 3.388902721504839788e-02 3.388902721504839788e-02 3.388902721504839788e-02 3.388902721504839788e-02 3.388902721504839788e-02 3.388902721504839788e-02 3.388902721504839788e-02 3.388902721504839788e-02 3.388902721504839788e-02 3.388902721504839788e-02 3.388902721504839788e-02 3.388902721504839788e-02 3.388902721504839788e-02 3.388902721504839788e-02 3.388902721504839788e-02 3.388902721504839788e-02 3.388902721504839788e-02 3.388902721504839788e-02 3.388902721504839788e-02
1.609375000000000000e+00 2.408623094694193473e-02 2.408623094694193473e-02 2.408623094694193473e-02 2.408623094694193473e-02 2.408623094694193473e-02 2.408623094694193473e-02 2.408623094694193473e-02 2.408623094694193473e-02 2.408623094694193473e-02 2.408623094694193473e-02 2.408623094694193473e-02 2.408623094694193473e-02 2.408623094694193473e-02 2.408623094694193473e-02 2.408623094694193473e-02 2.408623094694193473e-02 2.408623094694193473e-02 2.408623094694193473e-02 2.408623094694193473e-02 2.408623094694193473e-02
1.625000000000000000e+00 1.032243500719961377e-02 1.032243500719961377e-02 1.032243500719961377e-02 1.032243500719961377e-02 1.032243500719961377e-02 1.032243500719961377e-02 1.032243500719961377e-02 1.032243500719961377e-02 1.032243500719961377e-02 1.032243500719961377e-02 1.032243500719961377e-02 1.032243500719961377e-02 1.032243500719961377e-02 1.032243500719961377e-02 1.032243500719961377e-02 1.032243500719961377e-02 1.032243500719961377e-02 1.032243500719961377e-02 1.032243500719961377e-02 1.032243500719961377e-02
1.640625000000000000e+00 1.021406482862576431e-01 1.021406482862576431e-01 1.021406482862576431e-01 1.021406482862576431e-01 1.021406482862576431e-01 1.021406482862576431e-01 1.021406482862576431e-01 1.021406482862576431e-01 1.021406482862576431e-01 1.021406482862576431e-01 1.021406482862576431e-01 1.021406482862576431e-01 1.021406482862576431e-01 1.021406482862576431e-01 1.021406482862576431e-01 1.021406482862576431e-01 1.021406482862576431e-01 1.021406482862576431e-01 1.021406482862576431e-01 1.021406482862576431e-01
1.656250000000000000e+00 1.546579058305155852e-01 1.546579058305155852e-01 1.546579058305155852e-01 1.546579058305155852e-01 1.546579058305155852e-01 1.546579058305155852e-01 1.546579058305155852e-01 1.546579058305155852e-01 1.546579058305155852e-01 1.546579058305155852e-01 1.546579058305155852e-01 1.546579058305155852e-01 1.546579058305155852e-01 1.546579058305155852e-01 1.546579058305155852e-01 1.546579058305155852e-01 1.546579058305155852e-01 1.546579058305155852e-01 1.546579058305155852e-01 1.546579058305155852e-01
1.671875000000000000e+00 3.078118269489555359e-01 3.078118269489555359e-01 3.078118269489555359e-01 3.078118269489555359e-01 3.078118269489555359e-01 3.078118269489555359e-01 3.078118269489555359e-01 3.078118269489555359e-01 3.078118269489555359e-01 3.078118269489555359e-01 3.078118269489555359e-01 3.078118269489555359e-01 3.078118269489555359e-01 3.078118269489555359e-01 3.078118269489555359e-01 3.078118269489555359e-01 3.078118269489555359e-01 3.078118269489555359e-01 3.078118269489555359e-01 3.078118269489555359e-01
1.687500000000000000e+00 7.972181219853666234e-02 7.972181219853666234e-02 7.972181219853666234e-02 7.972181219853666234e-02 7.972181219853666234e-02 7.972181219853666234e-02 7.972181219853666234e-02 7.972181219853666234e-02 7.972181219853666234e-02 7.972181219853666234e-02 7.972181219853666234e-02 7.972181219853666234e-02 7.972181219853666234e-02 7.972181219853666234e-02 7.972181219853666234e-02 7.972181219853666234e-02 7.972181219853666234e-02 7.972181219853666234e-02 7.972181219853666234e-02 7.972181219853666234e-02
1.703125000000000000e+00 2.368438611518303497e-02 2.368438611518303497e-02 2.368438611518303497e-02 2.368438611518303497e-02 2.368438611518303497e-02 2.368438611518303497e-02 2.368438611518303497e-02 2.368438611518303497e-02 2.368438611518303497e-02 2.368438611518303497e-02 2.368438611518303497e-02 2.368438611518303497e-02 2.368438611518303497e-02 2.368438611518303497e-02 2.368438611518303497e-02 2.368438611518303497e-02 2.368438611518303497e-02 2.368438611518303497e-02 2.368438611518303497e-02 2.368438611518303497e-02
1.718750000000000000e+00 5.979076146190187568e-01 5.979076146190187568e-01 5.979076146190187568e-01 5.979076146190187568e-01 5.979076146190187568e-01 5.979076146190187568e-01 5.979076146190187568e-01 5.979076146190187568e-01 5.979076146190187568e-01 5.979076146190187568e-01 5.979076146190187568e-01 5.979076146190187568e-01 5.979076146190187568e-01 5.979076146190187568e-01 5.979076146190187568e-01 5.979076146190187568e-01 5.979076146190187568e-01 5.979076146190187568e-01 5.979076146190187568e-01 5.979076146190187568e-01
1.734375000000000000e+00 4.583131348429524410e-01 4.583131348429524410e-01 4.583131348429524410e-01 4.583131348429524410e-01 4.583131348429524410e-01 4.583131348429524410e-01 4.583131348429524410e-01 4.583131348429524410e-01 4.583131348429524410e-01 4.583131348429524410e-01 4.583131348429524410e-01 4.583131348429524410e-01 4.583131348429524410e-01 4.583131348429524410e-01 4.583131348429524410e-01 4.583131348429524410e-01 4.583131348429524410e-01 4.583131348429524410e-01 4.583131348429524410e-01 4.583131348429524410e-01
1.750000000000000000e+00 7.119833802372012299e-02 7.119833802372012299e-02 7.119833802372012299e-02 7.119833802372012299e-02 7.119833802372012299e-02 7.119833802372012299e-02 7.119833802372012299e-02 7.119833802372012299e-02 7.119833802372012299e-02 7.119833802372012299e-02 7.119833802372012299e-02 7.119833802372012299e-02 7.119833802372012299e-02 7.119833802372012299e-02 7.119833802372012299e-02 7.119833802372012299e-02 7.119833802372012299e-02 7.119833802372012299e-02 7.119833802372012299e-02 7.119833802372012299e-02
1.765625000000000000e+00 4.613564742590708367e-01 4.613564742590708367e-01 4.613564742590708367e-01 4.613564742590708367e-01 4.613564742590708367e-01 4.613564742590708367e-01 4.613564742590708367e-01 4.613564742590708367e-01 4.613564742590708367e-01 4.613564742590708367e-01 4.613564742590708367e-01 4.613564742590708367e-01 4.613564742590708367e-01 4.613564742590708367e-01 4.613564742590708367e-01 4.613564742590708367e-01 4.613564742590708367e-01 4.613564742590708367e-01 4.613564742590708367e-01 4.613564742590708367e-01
1.781250000000000000e+00 3.385974202019535750e-02 3.385974202019535750e-02 3.385974202019535750e-02 3.385974202019535750e-02 3.385974202019535750e-02 3.385974202019535750e-02 3.385974202019535750e-02 3.385974202019535750e-02 3.385974202019535750e-02 3.385974202019535750e-02 3.385974202019535750e-02 3.385974202019535750e-02 3.385974202019535750e-02 3.385974202019535750e-02 3.385974202019535750e-02 3.385974202019535750e-02 3.385974202019535750e-02 3.385974202019535750e-02 3.385974202019535750e-02 3.385974202019535750e-02
1.796875000000000000e+00 1.039846705009442457e-01 1.039846705009442457e-01 1.039846705009442457e-01 1.039846705009442457e-01 1.039846705009442457e-01 1.039846705009442457e-01 1.039846705009442457e-01 1.039846705009442457e-01 1.039846705009442457e-01 1.039846705009442457e-01 1.039846705009442457e-01 1.039846705009442457e-01 1.039846705009442457e-01 1.039846705009442457e-01 1.039846705009442457e-01 1.039846705009442457e-01 1.039846705009442457e-01 1.039846705009442457e-01 1.039846705009442457e-01 1.039846705009442457e-01
1.812500000000000000e+00 8.292531316068475766e-03 8.292531316068475766e-03 8.292531316068475766e-03 8.292531316068475766e-03 8.292531316068475766e-03 8.292531316068475766e-03 8.292531316068475766e-03 8.292531316068475766e-03 8.292531316068475766e-03 8.292531316068475766e-03 8.292531316068475766e-03 8.292531316068475766e-03 8.292531316068475766e-03 8.292531316068475766e-03 8.292531316068475766e-03 8.292531316068475766e-03 8.292531316068475766e-03 8.292531316068475766e-03 8.292531316068475766e-03 8.292531316068475766e-03
1.828125000000000000e+00 9.629716361881184711e-03 9.629716361881184711e-03 9.629716361881184711e-03 9.629716361881184711e-03 9.629716361881184711e-03 9.629716361881184711e-03 9.629716361881184711e-03 9.629716361881184711e-03 9.629716361881184711e-03 9.629716361881184711e-03 9.629716361881184711e-03 9.629716361881184711e-03 9.629716361881184711e-03 9.629716361881184711e-03 9.629716361881184711e-03 9.629716361881184711e-03 9.629716361881184711e-03 9.629716361881184711e-03 9.629716361881184711e-03 9.629716361881184711e-03
1.843750000000000000e+00 1.044260437561622679e-02 1.044260437561622679e-02 1.044260437561622679e-02 1.044260437561622679e-02 1.044260437561622679e-02 1.044260437561622679e-02 1.044260437561622679e-02 1.044260437561622679e-02 1.044260437561622679e-02 1.044260437561622679e-02 1.044260437561622679e-02 1.044260437561622679e-02 1.044260437561622679e-02 1.044260437561622679e-02 1.044260437561622679e-02 1.044260437561622679e-02 1.044260437561622679e-02 1.044260437561622679e-02 1.044260437561622679e-02 1.044260437561622679e-02
1.859375000000000000e+00 5.098454399630888978e-02 5.098454399630888978e-02 5.098454399630888978e-02 5.098454399630888978e-02 5.098454399630888978e-02 5.098454399630888978e-02 5.098454399630888978e-02 5.098454399630888978e-02 5.098454399630888978e-02 5.098454399630888978e-02 5.098454399630888978e-02 5.098454399630888978e-02 5.098454399630888978e-02 5.098454399630888978e-02 5.098454399630888978e-02 5.098454399630888978e-02 5.098454399630888978e-02 5.098454399630888978e-02 5.098454399630888978e-02 5.098454399630888978e-02
1.875000000000000000e+00 3.387451236148338041e-02 3.387451236148338041e-02 3.387451236148338041e-02 3.387451236148338041e-02 3.387451236148338041e-02 3.387451236148338041e-02 3.387451236148338041e-02 3.387451236148338041e-02 3.387451236148338041e-02 3.387451236148338041e-02 3.387451236148338041e-02 3.387451236148338041e-02 3.387451236148338041e-02 3.387451236148338041e-02 3.387451236148338041e-02 3.387451236148338041e-02 3.387451236148338041e-02 3.387451236148338041e-02 3.387451236148338041e-02 3.387451236148338041e-02
1.890625000000000000e+00 8.255694555704792825e-02 8.255694555704792825e-02 8.255694555704792825e-02 8.255694555704792825e-02 8.255694555704792825e-02 8.255694555704792825e-02 8.255694555704792825e-02 8.255694555704792825e-02 8.255694555704792825e-02 8.255694555704792825e-02 8.255694555704792825e-02 8.255694555704792825e-02 8.255694555704792825e-02 8.255694555704792825e-02 8.255694555704792825e-02 8.255694555704792825e-02 8.255694555704792825e-02 8.255694555704792825e-02 8.255694555704792825e-02 8.255694555704792825e-02
1.906250000000000000e+00 1.449302455701901027e-01 1.449302455701901027e-01 1.449302455701901027e-01 1.449302455701901027e-01 1.449302455701901027e-01 1.449302455701901027e-01 1.449302455701901027e-01 1.449302455701901027e-01 1.449302455701901027e-01 1.449302455701901027e-01 1.449302455701901027e-01 1.449302455701901027e-01 1.449302455701901027e-01 1.449302455701901027e-01 1.449302455701901027e-01 1.449302455701901027e-01 1.449302455701901027e-01 1.449302455701901027e-01 1.449302455701901027e-01 1.449302455701901027e-01
1.921875000000000000e+00 3.013450097704512554e-01 3.013450097704512554e-01 3.013450097704512554e-01 3.013450097704512554e-01 3.013450097704512554e-01 3.013450097704512554e-01 3.013450097704512554e-01 3.013450097704512554e-01 3.013450097704512554e-01 3.013450097704512554e-01 3.013450097704512554e-01 3.013450097704512554e-01 3.013450097704512554e-01 3.013450097704512554e-01 3.013450097704512554e-01 3.013450097704512554e-01 3.013450097704512554e-01 3.013450097704512554e-01 3.013450097704512554e-01 3.013450097704512554e-01
1.937500000000000000e+00 5.007674654858997876e-01 5.007674654858997876e-01 5.007674654858997876e-01 5.007674654858997876e-01 5.007674654858997876e-01 5.007674654858997876e-01 5.007674654858997876e-01 5.007674654858997876e-01 5.007674654858997876e-01 5.007674654858997876e-01 5.007674654858997876e-01 5.007674654858997876e-01 5.007674654858997876e-01 5.007674654858997876e-01 5.007674654858997876e-01 5.007674654858997876e-01 5.007674654858997876e-01 5.007674654858997876e-01 5.007674654858997876e-01 5.007674654858997876e-01
1.953125000000000000e+00 3.076372146279483522e-01 3.076372146279483522e-01 3.076372146279483522e-01 3.076372146279483522e-01 3.076372146279483522e-01 3.076372146279483522e-01 3.076372146279483522e-01 3.076372146279483522e-01 3.076372146279483522e-01 3.076372146279483522e-01 3.076372146279483522e-01 3.076372146279483522e-01 3.076372146279483522e-01 3.076372146279483522e-01 3.076372146279483522e-01 3.076372146279483522e-01 3.076372146279483522e-01 3.076372146279483522e-01 3.076372146279483522e-01 3.076372146279483522e-01
1.968750000000000000e+00 1.978991642585881117e-01 1.978991642585881117e-01 1.978991642585881117e-01 1.978991642585881117e-01 1.978991642585881117e-01 1.978991642585881117e-01 1.978991642585881117e-01 1.978991642585881117e-01 1.978991642585881117e-01 1.978991642585881117e-01 1.978991642585881117e-01 1.978991642585881117e-01 1.978991642585881117e-01 1.978991642585881117e-01 1.978991642585881117e-01 1.978991642585881117e-01 1.978991642585881117e-01 1.978991642585881117e-01 1.978991642585881117e-01 1.978991642585881117e-01
1.984375000000000000e+00 1.150036633800991526e-01 1.150036633800991526e-01 1.150036633800991526e-01 1.150036633800991526e-01 1.150036633800991526e-01 1.150036633800991526e-01 1.150036633800991526e-01 1.150036633800991526e-01 1.150036633800991526e-01 1.150036633800991526e-01 1.150036633800991526e-01 1.150036633800991526e-01 1.150036633800991526e-01 1.150036633800991526e-01 1.150036633800991526e-01 1.150036633800991526e-01 1.150036633800991526e-01 1.150036633800991526e-01 1.150036633800991526e-01 1.150036633800991526e-01
2.000000000000000000e+00 1.313754553409804404e-01 1.313754553409804404e-01 1.313754553409804404e-01 1.313754553409804404e-01 1.313754553409804404e-01 1.313754553409804404e-01 1.313754553409804404e-01 1.313754553409804404e-01 1.313754553409804404e-01 1.313754553409804404e-01 1.313754553409804404e-01 1.313754553409804404e-01 1.313754553409804404e-01 1.313754553409804404e-01 1.313754553409804404e-01 1.313754553409804404e-01 1.313754553409804404e-01 1.313754553409804404e-01 1.313754553409804404e-01 1.313754553409804404e-01
