0.000000000000000000e+00 3.829002082893281922e-02 2.617273243428626731e-02 3.292359135195318531e-01 3.465463441117424548e-01 1.801651449175581962e-03 1.049695790069374163e-01 9.828011020091064007e-04 1.517392217043239400e-01 1.726412965072615657e-02 1.683329766215307596e-02 1.968098660772256512e-03 2.528759123610560544e-02 2.752929358364737678e-02 6.645515946917833483e-02 2.118260779932761018e-01 6.377879382001713782e-02 7.705784859012253241e-02 1.136625868196483070e-02 1.905926321818456615e-01 4.076254631612517831e-02
1.562500000000000000e-02 1.453565349707906795e-02 5.894110334246350363e-02 4.263130662615457339e-02 4.192267261408555434e-01 7.956039028841435656e-02 1.052271573715545805e-01 4.921275871128823892e-02 1.173099006600941546e-01 3.459384272388676268e-02 2.345320610647105286e-01 1.674910327056289283e-02 6.887746231096750216e-02 5.247185608158874692e-02 4.592469453459768064e-02 1.265709148511787452e-01 1.112526187849196407e-01 2.735080226361152889e-02 4.567376206842785336e-02 2.713228779861052709e-01 3.379936013838846232e-01
3.125000000000000000e-02 4.957084482597443748e-02 1.974611460834956589e-01 2.528934557671606020e-01 1.422658985708548374e-01 6.940218292826656477e-01 2.027338769053642700e-02 3.786943955276353413e-01 6.100896433912897376e-02 7.815567139048636147e-02 2.658545423327098867e-01 3.113494205597039932e-01 6.897778600490078738e-02 1.904835531255242853e-01 3.586090674347283680e-02 7.432985409433023882e-02 3.184534893488188967e-01 1.050095044187192850e-01 2.509052275624704675e-01 2.843879646244685741e-02 1.313441397726360649e-01
4.687500000000000000e-02 2.958006724174140900e-01 2.511422516209091960e-01 2.079746428141677483e-01 3.321168587505553965e-02 1.009264051627134645e-01 2.175442250451644077e-01 1.890768400081269951e-01 5.139511573885360146e-02 1.517631198660661027e-02 3.247610041187069529e-01 3.957862560234863547e-02 1.178919544389039620e-01 5.491976050141220700e-01 3.483699563210297945e-01 2.400660325195850056e-02 1.373076833117583828e-01 2.399882967474164519e-01 3.104212493447280896e-01 6.060450218477732992e-02 1.127655309702752934e-01
6.250000000000000000e-02 6.108094173533150373e-02 1.044970115024283497e-01 1.499508446561505226e-01 7.227188841972511518e-03 7.103170436070842253e-02 9.339980450604459458e-03 1.966329607256746825e-01 4.468262653873256163e-02 3.505387563651306271e-02 2.053149664209510949e-01 7.331701908002981327e-02 6.747606543054113226e-02 2.505655133449385397e-01 3.205471168102889262e-02 9.184064555373649963e-02 3.967249051011128014e-01 7.591677861789937476e-02 4.179453532044375419e-01 1.235529659324976076e-01 5.256626635125557362e-02
7.812500000000000000e-02 1.853189632112277330e-01 9.076063943031810466e-02 1.899460970355419109e-01 8.207258944338741147e-02 5.607616070515933360e-02 6.142485131244494051e-02 1.839192376339994495e-02 2.163000443185872090e-01 3.825228762797833193e-02 3.648402530252035664e-03 1.036625460139221772e-01 6.844812855310699468e-03 9.515153258543868064e-02 2.474470811523492384e-03 9.648085909958301065e-02 2.180337300078239171e-01 2.544944793676880840e-02 2.357758456535538269e-02 4.568124334285617733e-02 2.730737987036693792e-02
9.375000000000000000e-02 1.082014707938681458e-01 4.137746413821506014e-02 8.962442341916630750e-02 2.478222106707324013e-01 1.228555936901287032e-01 1.341369209171683896e-01 2.334874261770735759e-01 2.472581172834268648e-01 2.754653481551933014e-01 4.893842940265571984e-02 4.858304899442729419e-02 1.745241214948418107e-01 1.713756298451003801e-01 3.075861839888829538e-02 2.579063595424712085e-01 2.041867162171165095e-01 2.289087152785999335e-01 2.130080570782122984e-01 1.559041577971726454e-02 3.379884863929157879e-01
1.093750000000000000e-01 3.494667914777061513e-01 3.362993978213637547e-01 2.774364729877075719e-01 4.918572744178146827e-01 1.940425204928655778e-01 4.508518170447468193e-02 1.332149071236305715e-01 4.600530015553670055e-02 5.371283313361771006e-01 1.393527779040978631e-01 4.489406837460155342e-01 5.518898069491288139e-01 3.341157442803202038e-01 3.965498945391842112e-01 2.607141196163810862e-02 4.235586662553556675e-03 3.847232330486333174e-01 3.516834486036310436e-01 2.628379026806481819e-02 5.039198814552360295e-01
1.250000000000000000e-01 3.936265897239618061e-01 4.142066861874724171e-01 8.360325465333000583e-01 5.159913005720603296e-01 3.975081770525747960e-01 1.257356790215075903e-01 1.947925778099591776e-01 1.254464973032928532e-01 5.526556947782326201e-01 2.744740689073066342e-01 7.535031476412370477e-01 3.816137732308639841e-01 3.267491027851199270e-02 2.239595704832034462e-01 4.258614786471081048e-01 1.481931289746073466e-01 1.720661569007867209e-01 7.970935376802965738e-03 6.758196793142076664e-02 6.927831803650525977e-01
1.406250000000000000e-01 3.156582262314178156e-01 4.298724625250754938e-01 8.345510334774827177e-01 7.853987606429043700e-01 5.523875340261578115e-01 3.314059260692725495e-01 7.304036416018299116e-01 5.428726568005896036e-01 7.917139471220712155e-01 4.531245728582141696e-01 7.702644024219313934e-01 4.096465886691785241e-01 6.559472327642336120e-01 2.760446621502313236e-01 5.939542959803899569e-01 6.693668158912270405e-01 1.632202111495684171e-01 5.721018003897172521e-01 1.017755897630439749e-01 5.360008798970800070e-01
1.562500000000000000e-01 3.288970309097725142e-01 4.135924845364269409e-01 7.055628338969297531e-01 8.778226526502138638e-01 4.462089089018589916e-01 3.406469399527008446e-01 6.863709900645563744e-01 6.304945053194009885e-01 8.898611274670332749e-01 4.000191228687382528e-01 8.503334031177828267e-01 4.215743367078585435e-01 5.851757173842450088e-01 4.679411465935435777e-01 7.164976836271196303e-01 3.569625911205130953e-01 2.841950321326383588e-01 5.408008674585610409e-01 7.979590047269742581e-02 5.803342248150087368e-01
1.718750000000000000e-01 3.220995309882351276e-01 5.177988384455458615e-01 6.653377867149821157e-01 8.496415459036350537e-01 2.834232666772231735e-01 1.986997216968975633e-01 5.735519178526786721e-01 3.446069006911491317e-01 7.634070140906037416e-01 5.200971564342622422e-01 7.876710046081910610e-01 5.227100677640178494e-01 5.054401494984206433e-01 4.559138511042205577e-01 7.273243898487544712e-01 5.300551152196416593e-01 2.408335162164552123e-01 2.870290441122905767e-01 6.298341994432084257e-02 4.925323104310178612e-01
1.875000000000000000e-01 3.006241277881083751e-01 4.346692623899603425e-01 5.948608187824495630e-01 6.308993716797943740e-01 2.802183897703818816e-01 2.234234104434105750e-01 5.038875705440918340e-01 2.397642946017109755e-01 5.920408341667792174e-01 5.552232687725713323e-01 7.593146449011833887e-01 2.043305590520571591e-01 2.333699307866699268e-01 1.717473327972652564e-01 6.384404078759278178e-01 3.318468908303225384e-01 1.294234541135768635e-01 3.208608961716399866e-01 1.479246244786070197e-01 4.383075138810406113e-01
2.031250000000000000e-01 1.845715661195937093e-02 3.125275850539014910e-01 6.022811396129000849e-01 7.291184637286178827e-01 9.583112351821813923e-02 6.693386244524152096e-01 4.596353554426148014e-01 3.388089969664540013e-01 7.446590910143998654e-01 7.620344184480786209e-01 8.156084371849310344e-01 2.879952652421980952e-01 4.945943815873365956e-01 2.256378795122789549e-01 2.491701312327453122e-01 2.526037102356925024e-01 9.352299217157608591e-02 3.811684686453454818e-01 5.061125319364343650e-02 4.153880062623079295e-01
2.187500000000000000e-01 7.073154711327414579e-02 7.494549254175277009e-02 2.485373698934136566e-01 3.944653981421128996e-01 3.173709457963869857e-02 5.102438286174731941e-01 1.975489789269070928e-01 1.474658370723339329e-01 6.483065074838664232e-01 4.713786096909344803e-01 3.111659974023884834e-01 2.078551379539652633e-01 1.451880655550262800e-01 4.074862614720731191e-01 3.403802737875215034e-01 7.422972804526247609e-03 2.558771298638582992e-01 2.216537517109659627e-02 1.335576126266243280e-01 2.489984608469798522e-01
2.343750000000000000e-01 2.192015284620834337e-01 5.680853943831754016e-02 6.251973162879442825e-02 1.128487817155272022e-01 1.787521516003390820e-01 6.178436314888658965e-01 3.024747560352595288e-01 2.413510314259856571e-01 2.690470585015297678e-01 3.847451812853490416e-02 7.286006467294471600e-03 7.148597761821740004e-02 5.490138112168572171e-01 7.793692015355439817e-02 3.035678556274362117e-01 4.252577166197198943e-01 2.924075509762437686e-01 1.967787967750446732e-01 5.066226884343366654e-02 1.349104354972905165e-02
2.500000000000000000e-01 1.083743265252213039e-01 6.463057451841303092e-02 3.890526324334863534e-02 2.724827831082635154e-01 2.990161667875294027e-01 1.234197389389022209e-01 6.294048179612703187e-02 1.652642510449758573e-01 2.937331767644393854e-01 1.139135223999445806e-01 1.224690341903748592e-01 3.619793492153913217e-01 9.346608111933556173e-02 3.487076691908411186e-01 1.695401186051261611e-01 1.284854205702442576e-01 1.499525113691893008e-01 3.047898351619171553e-01 1.698438255204654662e-02 2.484582337230125948e-01
2.656250000000000000e-01 4.004732346149667555e-01 4.702169098433280070e-02 4.193588652025981300e-01 3.164130744912019844e-01 4.664270432847638509e-02 3.556231797268955691e-02 5.737720603624014704e-01 1.165967989906264574e-01 3.930413055682673851e-01 2.979595976193508827e-02 5.266278613591821589e-01 7.274699329093163580e-02 3.833110655132586087e-01 1.312891534497531154e-01 2.086816515423439711e-01 1.385482643602164651e-02 5.382675016366905013e-02 1.810212387683911850e-01 1.541388483193589093e-02 5.672476888964967517e-02
2.812500000000000000e-01 4.150448845246327845e-01 1.071950345717286035e-02 1.763157201487909886e-01 2.162480003465278855e-01 4.217260923080891066e-01 4.175074954282660400e-01 1.023776515684268335e-01 9.447091167336472972e-02 7.826810887021033725e-02 3.808338531568893071e-02 3.253155287157100672e-01 1.750959509690740434e-01 5.494346388544768534e-01 1.190891897826074491e-01 1.065115124051507767e-01 6.354946543676276427e-02 5.017130668068234961e-02 6.235966953049719708e-01 8.596421828275711829e-03 5.400435244466461615e-02
2.968750000000000000e-01 1.314916369718550915e-01 1.708283601618793002e-01 9.705026318400963858e-02 1.678556181588900797e-01 4.877506694496221151e-02 2.089330967440241327e-01 4.942636146354889015e-01 2.138295836345628365e-01 5.578676009302866445e-01 1.675447076947541858e-01 4.671734925037117070e-01 2.617189149371210721e-01 4.672648616929665766e-02 1.242727581667515818e-01 4.803240464481439709e-01 4.609917721012241065e-02 1.700712122437848250e-01 2.645230311616400196e-02 3.529082875290115440e-02 3.783882241350596254e-01
3.125000000000000000e-01 1.005811634795274745e-01 4.972619187843468208e-02 8.526467601740422841e-02 2.021708762022907113e-01 6.764365701457436542e-02 6.701852164424465519e-01 4.118814880124720412e-01 1.626625958155885621e-01 5.274010923481445845e-01 1.691208656498202345e-01 2.727200398506886003e-01 7.315355379227481136e-02 6.618871814429609646e-02 5.520926670962279098e-02 1.549047433144133401e-01 2.437758589123452946e-01 3.501093645499060991e-01 3.878293766181328123e-02 4.547652502597184648e-02 2.928268772958672050e-01
3.281250000000000000e-01 1.352772157812248688e-01 1.953055908941702876e-02 7.717560126877036353e-02 1.791131362687285178e-01 1.644307151705490244e-01 1.338136890413493818e-02 1.197735350183896236e-01 3.078647905593574416e-02 1.680790889451645453e-01 2.740282489279123324e-01 2.973601981536197481e-01 4.977936301212986664e-02 6.719666383174312252e-02 1.161762060022882709e-02 1.631248893884715001e-01 1.325562803264118406e-01 7.346142787161292764e-01 6.637678277866723708e-02 1.657517012647961516e-02 2.080142258967038471e-01
3.437500000000000000e-01 4.884251108870080876e-02 9.507343145173441368e-02 8.794388931317333180e-02 2.586868084366431564e-01 3.986325889310625148e-01 3.713690169499177518e-01 9.271194462654125390e-02 2.559483600122047439e-02 3.626942031911565278e-01 1.491796189910605530e-01 4.297969253543918455e-01 1.173541204631429608e-01 2.550272284767234332e-01 2.977844931003996096e-02 1.423808050383203183e-01 2.578229966087020042e-01 5.534693848653466919e-01 1.116457383850329027e-01 1.014051072518157848e-01 3.565987030684888981e-01
3.593750000000000000e-01 3.047497897278648223e-03 1.505248951484080763e-02 1.577335632320925884e-01 7.468348451535923582e-02 2.852256492469234725e-02 1.501590457509786036e-01 4.630591010611473379e-01 3.300946373283328988e-02 1.638964224036653927e-01 1.021864898372915886e-01 2.096350954866397220e-01 1.492466315596562842e-01 5.695271438379809759e-01 1.172450620583649211e-01 2.605513656957688662e-01 1.856908881785012400e-01 2.926990614855473974e-02 4.944825041590391601e-01 8.631793980609094030e-02 3.023758202117943217e-01
3.750000000000000000e-01 2.608985232170276114e-01 8.358158881470523216e-02 4.960298286964021780e-02 7.388088105106174752e-03 2.849309165477618699e-01 2.810595914057162914e-01 1.114578435997651967e-01 8.618434941506016717e-03 1.723190323164313364e-01 1.498301760445815700e-01 6.184599922942745492e-02 2.702232631183376643e-01 3.406633003015010486e-01 2.548238553544530660e-01 2.408874910931184943e-01 5.752434820291751905e-01 2.339759844565514613e-01 4.380915878502373850e-01 5.161806555164810510e-03 1.380658890209888190e-01
3.906250000000000000e-01 5.887581682402620586e-02 2.179102602957248003e-01 2.055794913954147041e-01 3.375647305154290401e-02 2.051754673660737341e-02 8.357281020201050292e-03 3.184080671476488544e-01 1.614856706204641570e-02 3.145914085733832188e-02 8.290636510782198321e-02 1.035831944338848343e-01 5.101495062147338305e-02 4.882958415235865712e-01 1.674974062343330128e-01 6.227622626656341420e-02 1.641894917381580277e-01 4.005554210358816536e-02 4.846578555683552780e-01 1.913232688824854089e-01 1.017148417864784243e-01
4.062500000000000000e-01 1.861729876262033928e-02 9.022709840540336923e-02 1.240600227774534964e-01 1.551941955850898724e-01 3.185059994199949118e-01 2.461127952037927002e-01 4.518915879353188614e-02 2.717463357168322657e-01 1.073272740447867440e-01 3.170565315301046017e-01 2.113405346991191480e-02 6.849979373349228406e-02 2.914900817705755598e-01 3.251150542266026955e-01 1.656090256196886823e-01 7.741721065502699117e-02 2.768162088477528204e-01 6.642715436725823430e-01 5.544601532353943610e-03 4.517065215785354693e-01
4.218750000000000000e-01 5.107522685484476230e-03 1.501471975031146433e-01 1.905505998001571222e-01 2.226159194440338329e-01 5.908264504431782246e-04 6.580459253469740644e-02 2.408791853207025435e-01 1.493526294522949105e-01 5.687216481609232675e-03 1.988149766882280622e-01 6.391801233317857545e-01 1.519121029401285239e-02 1.944374955428020968e-01 4.478928784668827212e-02 2.363980114355981321e-01 1.752785168938245097e-01 6.124299284769952889e-01 2.874797403144066510e-01 2.631728681068463971e-02 3.398550137683531980e-01
4.375000000000000000e-01 1.253310080103396396e-01 8.494242440442247022e-02 1.175977628681138532e-01 6.060442442957653109e-01 3.000559919739999026e-01 1.155252290127089659e-01 8.111053475597372261e-03 1.209266274820484516e-01 1.320086883531362276e-01 9.264422051689667759e-02 5.306994974524738007e-01 4.323288905983884572e-02 7.114954057976158319e-01 2.135500104221493556e-01 3.959632023715660143e-01 1.236008730278182755e-01 3.673141859816431709e-01 2.999056311292611077e-01 2.755536797735484017e-02 3.995178948729526947e-01
4.531250000000000000e-01 9.855556320623581196e-03 3.133517195212839890e-02 4.351741346039123687e-02 2.189926602972267766e-01 2.370447300528705226e-01 1.116504147649126540e-02 1.319596000668815661e-01 1.011581208065648191e-01 3.050056411161924941e-02 8.641729343222073756e-02 1.423625694110876028e-01 1.602751756837070274e-01 3.010603825759781693e-01 1.518324817607856758e-01 2.191589146792544962e-01 1.744440585088962159e-01 3.702268658783235411e-01 9.597995732549734205e-02 3.015896933823995069e-02 4.624247394757260987e-01
4.687500000000000000e-01 1.778409398318816365e-02 3.466383548332440528e-02 2.468804965989179496e-03 2.369854684215423613e-01 1.082341915942949262e-01 1.646841227214700942e-01 5.520438305017185548e-02 7.392872140969994343e-02 1.886380010569415344e-01 5.431644911482149674e-01 2.584910283374354245e-01 5.752931609743416191e-02 4.147171699721115545e-01 1.072866316334898651e-01 1.969178767453256540e-01 1.234223278148870451e-01 2.481089064563413715e-01 3.123332997907289910e-01 7.778133238087692192e-02 3.850202290071751410e-01
4.843750000000000000e-01 3.031132438322080638e-02 1.578014040177844884e-02 5.602407016162505582e-03 3.465317190829316774e-01 6.834614084347501173e-02 2.495960289817539951e-03 1.971089393532226286e-01 5.419954895365069331e-02 2.892720335501096363e-02 2.592432451057485321e-01 1.802381350808578142e-01 2.581014559549806714e-02 1.522646253155982843e-01 1.864281028309027477e-01 4.909184344375016051e-01 3.162478140874848132e-01 1.841139867395214513e-01 1.548410700910225202e-01 4.658051293585931119e-02 1.293823817566006340e-01
5.000000000000000000e-01 5.274974085525179629e-02 8.330987377028146318e-03 8.507299180001054451e-02 2.294943388546782370e-01 1.942962814724507881e-01 3.439905469800200177e-02 3.676985079186314564e-01 9.663481977408404366e-02 3.895250381037826393e-01 3.751551350504158527e-02 1.440514876251795806e-01 3.304267118877438625e-01 4.872183030616600852e-01 2.720100135522838802e-01 2.655372561922239583e-01 2.983004583270167931e-01 1.356495481550348270e-01 4.015586047159317995e-01 4.961208189695102272e-02 8.814409779293870539e-02
5.156250000000000000e-01 2.376567971650611275e-02 3.485818371804835086e-02 4.742460539345887405e-01 4.089216485298722281e-01 1.803914455511326786e-01 1.439258875395613979e-01 3.116054610929042679e-01 7.991326731919178028e-02 4.027769371913176299e-01 2.166599096387636925e-01 1.312220190746929971e-01 1.056157986899358137e-01 4.557714720659782337e-01 1.802866911059806121e-01 3.790657071174503567e-01 5.548991918825108005e-01 9.418406252116338917e-02 3.325573151398729665e-01 7.623446994492051078e-03 4.634676010556585540e-02
5.312500000000000000e-01 1.063703523186907696e-01 2.499032063926938732e-02 7.251319768905399588e-02 1.011572811566875951e-01 3.311435691301788109e-02 1.526707423537426722e-01 8.208227679719555525e-02 3.662202318758396580e-02 7.898823671809467040e-02 3.261026428537778243e-01 1.161341463374041504e-02 8.658634574778443713e-03 2.291711783646589451e-01 4.806980966836895547e-02 2.496584612083233012e-01 2.729478171661359892e-02 8.139461143166977219e-01 1.724508778489170224e-01 2.364828786089290258e-02 1.819393822220753132e-01
5.468750000000000000e-01 2.037367279987825353e-01 1.096343105090384282e-02 4.657882035971969842e-02 9.493683767762459147e-02 1.101418441592223185e-01 6.979430714341340602e-02 2.340598989499332039e-01 5.700342736787217257e-02 3.452804543275011379e-02 4.066807068270171244e-01 4.930478145099758541e-02 4.673155988870583005e-02 7.971341803774109058e-01 4.374423995734689763e-01 1.313582102519091910e-01 1.175022735497821963e-01 5.198030464379715943e-01 7.271785434479831611e-01 3.088734670641582816e-02 1.718813427837981855e-01
5.625000000000000000e-01 1.373786496464957617e-02 3.532961258511244790e-03 2.725741023036236735e-02 7.833479305548542160e-02 6.055320480574217790e-01 2.691242479254283837e-01 2.012112027498799693e-01 9.751219026655932876e-02 5.128094140273847801e-02 4.946706715328746395e-01 5.120975548426914825e-02 8.062038877428025219e-02 6.318285843907257560e-01 3.451348631243663090e-01 2.231405449061907558e-03 8.592659094997831537e-03 6.800159214101627603e-01 2.510428420150571105e-01 3.759132944604223758e-02 4.405151552176782975e-02
5.781250000000000000e-01 1.396250129764131653e-01 3.209615845675701205e-03 1.567699459173692855e-01 5.832549158089083141e-01 1.716695922659973450e-01 1.950941193787680272e-01 1.628685299332040259e-01 4.327585040629362140e-02 2.075088924801432588e-02 1.647653342476846916e-01 5.788779818553843048e-01 1.251575839671879575e-01 7.358059444632090162e-01 8.306521576334882639e-02 4.767219040598493635e-02 2.217827025819035236e-01 1.661702145125005040e-02 6.844198925748811169e-01 2.599066644282367177e-03 4.585226330795134225e-02
5.937500000000000000e-01 7.628618546612964124e-02 2.516690809925223316e-02 3.958064463845461511e-01 2.212347920620320874e-01 1.454066111835755903e-01 9.468483075943988359e-02 1.076566340748409817e-01 3.510049564832888689e-03 1.829079429593261363e-01 1.292887306752817378e-01 3.463990306749904491e-01 7.863713997822276147e-02 5.656492905361224510e-01 2.139108003094103705e-01 2.719294711058359987e-02 1.973063787260584748e-02 3.276717399061317149e-02 2.077591808451048627e-01 1.176645602607712289e-02 1.429761734528914308e-01
6.093750000000000000e-01 5.992096598418458070e-02 8.297538786643808562e-02 1.197712051578031650e-01 1.363793101837196264e-02 2.899450800984058191e-02 1.723592895149766713e-01 3.055947200578995604e-01 2.939333832358176704e-02 8.904411093553263323e-02 2.196614413075058114e-01 8.010641648046858132e-02 9.781826895746678630e-02 1.969565411590354365e-01 6.141685610642205750e-02 5.670072162804580540e-02 2.152777963043945864e-01 7.464341293854505344e-02 6.590982310528560317e-01 1.832633420339387920e-01 2.788126386425707204e-02
6.250000000000000000e-01 2.365367906716538682e-01 3.935221589411384141e-02 1.196324159874603311e-02 9.680582294385774167e-02 1.415474978944028239e-01 7.583641667334903302e-02 4.220926468774727769e-01 1.923386191848307919e-02 1.844455874943548845e-01 6.112053017842707103e-02 4.598023307147140748e-02 1.478565900830601521e-01 3.411344842853803461e-01 2.963505624429363383e-01 3.359577132089063001e-02 5.845967760005016389e-02 4.065883471885520795e-01 8.358822465025593784e-01 2.465127910529474678e-02 1.549357586748487392e-01
6.406250000000000000e-01 3.172864224426807933e-01 3.107229097200459034e-02 1.869123448890530614e-01 5.996687417484830585e-02 1.634759885035945437e-01 3.472658179693716152e-01 1.629980904677520437e-01 2.416068368479158401e-01 1.276054773482921401e-01 3.177441075234458540e-02 7.375713436941820633e-02 5.161853629605594324e-03 2.408951527156187045e-01 1.496934072943447436e-01 5.040070909233765328e-02 3.058919981454789050e-01 6.067322525383548326e-01 4.616404945152751127e-01 4.505051389088746833e-02 2.050286882295158097e-01
6.562500000000000000e-01 1.593224210523053186e-02 1.119226285823437909e-02 2.808437323415670650e-01 7.553415175779045788e-03 1.089089932527552429e-01 4.685919139942806844e-02 1.020566295233580195e-01 9.187119474099500471e-02 1.750987671980800964e-01 2.411606757472056772e-01 1.286460697358066674e-01 2.444461372738639116e-02 9.587665059195876749e-02 2.203749405836272213e-01 2.355305060533514350e-01 9.400618471025311285e-02 1.310935395866772157e-01 4.348269817827775663e-01 6.512661953365188328e-02 9.851900974873137318e-03
6.718750000000000000e-01 4.556691787355628825e-02 6.280413626473724253e-02 4.534088345854627167e-01 1.140733529590991641e-01 3.906591536167603462e-01 1.554081144761902955e-01 2.889850782195339529e-01 8.472582857366828257e-02 2.502979178129529584e-03 4.473853215397368133e-01 1.751972746916863888e-01 9.058270555420105952e-02 2.116875931951420209e-01 1.077097022193714282e-01 7.275427413827273426e-02 5.669252577335399945e-02 3.400619182596240631e-01 1.244603049971642617e-01 2.025874038708574097e-03 1.977960195342591820e-01
6.875000000000000000e-01 8.557356227103250779e-02 2.079391848559693223e-01 4.982363776173973080e-02 2.209916988324486242e-01 5.296776822107124305e-02 1.256370191938515901e-01 3.497972282488057694e-01 2.608388344877930060e-02 8.225650621930084838e-02 8.780453276485966629e-02 3.127176762953871869e-02 5.778169755331903634e-02 3.994915085443421776e-01 1.273277816395324835e-01 2.710771313088770201e-02 5.518491610890585014e-02 2.332389959531623591e-01 3.335551345621962094e-02 1.108392636022184907e-01 3.598271859385483717e-02
7.031250000000000000e-01 6.614147885353362233e-02 4.165439543516793464e-01 1.968497957511118057e-01 1.713872249700040817e-01 6.287856506154837488e-02 4.844125427067029477e-02 1.289299511799851528e-01 1.244522492798485480e-01 5.335742529716787086e-01 1.356026384274602592e-01 1.279546623011088291e-01 2.126609035293559602e-01 1.592856375235561228e-01 5.312870427110242405e-02 3.571511614032544385e-02 9.954416266235320554e-02 1.142675439481961874e-01 6.749886532541857775e-01 9.079083289182082739e-03 2.395037699410815235e-02
7.187500000000000000e-01 8.685550641924989768e-02 6.919744117328803235e-01 2.063557037599272614e-01 1.932134747040445133e-01 1.157517105018294745e-01 3.485663797248196860e-01 2.879584218090081027e-01 3.377040826480777747e-01 2.216099477180794586e-01 4.517014712453670255e-01 1.785640027163457599e-01 3.260850816840857314e-02 2.540275499037996654e-01 7.676396551388318945e-02 3.435842255061084538e-01 7.791463825161188718e-03 4.235087709713538651e-01 5.893079191899020658e-02 4.372574057255556451e-02 1.992146614631382096e-01
7.343750000000000000e-01 1.159219727061838040e-02 4.220026967884794034e-01 2.429017448240433641e-01 7.296207977005779444e-02 5.325943668818515497e-02 7.656867427386584990e-02 7.558631991144383264e-04 3.822964210887109804e-01 1.916855810076644462e-01 5.555720743300848197e-01 2.061591391444566046e-01 1.594937463931016611e-02 6.937221150398634184e-02 3.315250427100057684e-01 1.740910886844938832e-01 9.451097819336824746e-02 5.348460233551306509e-01 5.698145383498484651e-02 7.572275440156514374e-03 3.051313619051020942e-01
7.500000000000000000e-01 4.151377613167909174e-03 1.067303701897252821e-01 1.940866949410983699e-01 2.648756205012806619e-01 1.440795863900852514e-01 2.966841575306027323e-01 1.019924843078992005e-01 4.233128526841618555e-01 3.230976897825741934e-01 1.810468509093213219e-01 1.617626024829126041e-01 4.429085642735542533e-02 2.099056903522917017e-01 1.362491863288864957e-01 3.050684510806635497e-01 1.996246983490631843e-01 4.801590795093607644e-01 1.056160178194848753e-01 7.720007747963118609e-04 1.391518463515529491e-01
7.656250000000000000e-01 1.605730342178749576e-02 6.046034101090862894e-02 1.093947167055761838e-01 8.305476718795283542e-02 9.326054751355047912e-02 1.299227203672229103e-01 5.144281563231093563e-02 2.922263444758416706e-01 2.319571607951971537e-01 1.519551273235911770e-01 2.313947085012631188e-01 1.997332078379409348e-01 5.013093088285296428e-01 6.380720082860609488e-02 1.163940483033284040e-01 3.470502667718678991e-01 5.365016092697626471e-01 1.014675366698577913e-01 4.502658274164998697e-02 3.679122499160126791e-01
7.812500000000000000e-01 1.335267486431655423e-02 2.308060566264242414e-02 6.507056221195180179e-02 2.812750870551995463e-01 2.841976996236900699e-01 3.072371456916305199e-01 1.437858222389744589e-01 2.830625373426013947e-01 1.231831835375296336e-01 5.559081113280518460e-01 9.941801489268889402e-02 1.774037372663488932e-01 1.636607319138786987e-01 2.087368323389761707e-02 2.753135574430366495e-01 7.850034694789647105e-01 3.631022116331976135e-01 3.238572979292343723e-02 8.052235012556334046e-03 5.191869126744571572e-01
7.968750000000000000e-01 3.192431800273866620e-03 8.597201431803999649e-02 1.120723931186284883e-01 4.110304591565086541e-02 7.070535830674373745e-01 2.056932540723837022e-01 4.461794355558649366e-02 3.110706362014311610e-01 3.000743605853277429e-02 3.238826000906183111e-01 7.804227211679276577e-02 2.543661512320283813e-01 7.973747331420448781e-01 6.493668849184508485e-02 2.085190548379620423e-01 4.686022833249809394e-01 2.223651371650005870e-01 4.912258755437251545e-01 2.620004051946903806e-02 4.360983507180412055e-01
8.125000000000000000e-01 3.606936312086624352e-01 9.618948142009706506e-03 5.244297660007470052e-02 8.994893107314870517e-02 2.818879158131021856e-01 1.414126061010205840e-02 1.400314223262786317e-01 2.986770832629439543e-01 1.287129232351416908e-01 2.126248742227627164e-01 1.558368486387604890e-01 2.764484350938841151e-01 2.604034816809196531e-02 1.098919694373060030e-01 2.281607988252098984e-01 4.699927593194233033e-01 9.549515373566268284e-02 1.732281462586414411e-01 3.150516267562565587e-02 5.453348433728200106e-01
8.281250000000000000e-01 2.281496626966659780e-01 3.411417149812832200e-02 1.899314529537363683e-01 1.618590763586731929e-01 4.787794651043031369e-02 4.079025109463205734e-01 3.180331325781708962e-01 9.388775875341380528e-02 8.417770274753801074e-02 4.848014288200456871e-03 1.542880859141389054e-02 2.588099739555602477e-02 6.237765083421019652e-01 2.394418598382882235e-01 1.095564242018726570e-01 3.120921837298151202e-01 2.188408400287063238e-01 7.212283469020648319e-01 2.006460460251893382e-02 1.435479777523195402e-02
8.437500000000000000e-01 1.408908001668195964e-01 2.641137494151249432e-02 2.477304579676021246e-01 7.559579086452329622e-02 2.531383990764193292e-01 1.814118472564722577e-03 6.793125456504225598e-03 5.177848509653505682e-02 7.475497292013903727e-02 1.659287732560678352e-01 1.106278122975190396e-02 1.778103632611991725e-01 2.479725554999347714e-01 3.961314465027887533e-02 2.021016254359843112e-01 1.110499204125579703e-01 5.448281316493486237e-01 1.245050421804106550e-01 2.245954842803870449e-02 1.197418346919094101e-01
8.593750000000000000e-01 9.346485837983585510e-02 1.241037186749083428e-02 6.880886017295041734e-02 1.995949587300293315e-01 2.917228079293681109e-01 7.377904622128153567e-02 1.255304623257258168e-01 1.027046803440513079e-01 2.287662308467563188e-01 3.803639684451259328e-01 4.798010154794989796e-02 1.377644714179758478e-01 3.490665473757655346e-01 1.436944258724684731e-01 9.525082052204524030e-02 3.977363622632558438e-02 6.017173796302112132e-01 2.896046408078590262e-01 3.107906061237218111e-03 1.041739245547628062e-01
8.750000000000000000e-01 4.428751788652473403e-02 7.832441841194054399e-03 1.145405167416613662e-01 4.298618966111595330e-01 2.367899438079280050e-01 9.719996992710423778e-02 2.706006780922809996e-01 7.276766535525253099e-02 2.796648093570131000e-01 9.690636172439465179e-02 9.265192862114604577e-02 2.144348867682747961e-02 8.002245796478598683e-01 2.833376575246241424e-01 1.511672074101067520e-01 1.543270224827244796e-01 4.593825414896610670e-01 5.537054107456137464e-01 6.596400634846959210e-02 9.594777725640324384e-02
8.906250000000000000e-01 2.496652094946774647e-02 3.082492426598591045e-02 3.705990831471899644e-02 3.099265128363029587e-01 4.700855512959425386e-01 2.834403197739495117e-01 1.131701762501510916e-01 6.427769713903416782e-02 7.678946681620275883e-02 3.050589795715820049e-02 6.928313009146942758e-02 1.748475548284353087e-01 5.794201843841533250e-01 7.102849667226050767e-02 1.956293427421212650e-01 7.530500005557627663e-02 2.868244815903926992e-01 3.128384550400562514e-01 2.517661025382982379e-02 1.901504876477592629e-02
9.062500000000000000e-01 9.020483548656461903e-02 6.643951139836937192e-02 3.749300099848714707e-01 2.501632781096213565e-01 5.721814099969175782e-01 1.506385466090386926e-01 1.720980493183880411e-01 1.768263124009676265e-02 1.124228687923732872e-01 3.746249153012604083e-02 1.045658784814400000e-01 2.887929682033008039e-01 3.528676602605019252e-01 1.432662334442737495e-01 5.587071109095376187e-02 8.240301494878315980e-02 2.267270159716464062e-01 7.069623677970759967e-01 2.701060941626640469e-02 5.609938694628291596e-03
9.218750000000000000e-01 5.503845182881356851e-02 2.168369845253549644e-01 1.268704763218296006e-01 3.784894472021869682e-01 2.169715830833797432e-01 4.450938707887897028e-02 6.431177444178635960e-02 4.195491335660469362e-02 3.916283392601275781e-01 3.960928889792100227e-01 1.226242050274285039e-01 7.518587085739857068e-02 2.585088415005378226e-01 5.191222178548624694e-02 5.952257525409312966e-02 2.393188423436044265e-01 1.832473678305071296e-01 8.473982653795855691e-02 1.331712529592148607e-02 3.002500773841398213e-02
9.375000000000000000e-01 5.050771518886069955e-02 6.179428273289780393e-02 4.917548092345219723e-02 1.570778401000364755e-01 1.538180656300834614e-01 4.118656856787644011e-02 1.960366181458116364e-01 6.264530914881161205e-02 9.084356336573977397e-02 6.466075308560902402e-01 1.230284721570578527e-01 7.779388605829809511e-02 5.573347685561365061e-01 4.742210415378216304e-01 3.344720152329717644e-01 1.102996049934474448e-02 2.258957878151933718e-01 7.257799657754232525e-01 2.997140364884880517e-02 6.832869894310575343e-02
9.531250000000000000e-01 1.341732541255424155e-02 1.740187341469930093e-01 5.114176276145996486e-02 3.130621901961326836e-01 1.432934883193019981e-01 1.055613186437817236e-01 5.894408135734956478e-01 1.903133856746712094e-01 3.072944714499963315e-01 9.507215602970858770e-02 3.593671166768809266e-01 2.463941857772698196e-01 6.341913231554409114e-01 5.038141880229201064e-01 1.104801839972314043e-01 1.388309728022952827e-01 2.897688473260473518e-01 4.338417230592953033e-01 6.959481091699310472e-03 1.881975056935761281e-01
9.687500000000000000e-01 5.475215599971786085e-02 2.215898874721469736e-02 9.122329035544417264e-02 1.663351993606561885e-01 2.951034282999153158e-01 7.680664887549804032e-02 2.647398372041351311e-01 6.971369438264937712e-02 4.093254162168851185e-01 3.058425037317091810e-01 6.578140735561711916e-02 1.017188730182699563e-01 3.016721866831215682e-01 2.735268215923445378e-01 2.198032807363136665e-01 1.337727576434111221e-01 5.608395163316791665e-01 2.468695681558942534e-01 5.221797512332344848e-02 4.848032436508726423e-02
9.843750000000000000e-01 1.519004539246533725e-01 6.300371739488173917e-02 5.766901827210745707e-02 1.465152185691840081e-01 3.382399817603010117e-02 7.407259200207697014e-02 2.315124272475680700e-01 4.530069766398134301e-02 2.567432716220902633e-01 1.835342737959558268e-01 7.744337156220600094e-02 4.892098179231427202e-02 7.292605158048638403e-01 1.957396480737373379e-01 1.321892970708340442e-01 2.542758306036697891e-02 4.410937428453241133e-02 5.028249066958765390e-01 6.357136309993739742e-02 5.091836156507026367e-02
1.000000000000000000e+00 9.636781631431980133e-02 5.717368968924768646e-02 9.510670765716229547e-02 1.316739400955645456e-01 2.243568727402598106e-01 2.026033133017049459e-01 5.569092583607762603e-02 1.719634858095269170e-01 1.782960946760906579e-02 2.841853239374383389e-01 1.300292242618118488e-01 2.213177193734094106e-01 3.160878737583999731e-01 1.099308610191230273e-01 1.467500063344326089e-01 2.041830045804380322e-01 2.653043537293115484e-01 2.236413988317374479e-01 1.574450740104044047e-03 1.687902412015068188e-01
1.015625000000000000e+00 8.015926119078140011e-02 2.150343124045638390e-02 6.750766637076231758e-02 5.489676917680462627e-03 3.319799764666294117e-01 7.945688279056821457e-02 4.461247476367306009e-01 6.833109456648051028e-02 4.675544443652222826e-02 3.047193322185652864e-01 5.387599891468633495e-02 1.829962434475511379e-01 7.751208640214150847e-02 2.701315364432361199e-01 1.079681477920876737e-01 1.949568353433867862e-01 3.151615599438558069e-01 6.506747852390053488e-01 1.956949155576746813e-02 2.837929919235959164e-01
1.031250000000000000e+00 1.623034756872753503e-01 1.429610453979613116e-01 2.993238601541844401e-01 8.434046000185779768e-02 1.736022750532642822e-01 5.332109374946100155e-01 1.691578837207003694e-01 2.195444340276196393e-01 1.281313079406656008e-01 5.399621790771721996e-02 5.401655897992404393e-02 1.225904856492069372e-01 2.951928761325711345e-02 8.664098120739202125e-04 2.347268315650745743e-02 2.066959390555902498e-01 2.954674029803713298e-01 9.050850309766178547e-02 4.192820184094889907e-02 2.714487133438796551e-01
1.046875000000000000e+00 5.734856213172286055e-02 1.850988754441461048e-01 2.883844483543344661e-01 1.399878821966966669e-01 9.736564347244246187e-02 6.287097551295374454e-02 4.058329788478866051e-01 1.240621790247014716e-01 1.119653031207316768e-01 3.585392628744982213e-01 1.197788328967249738e-01 1.312059903349808987e-01 1.524367948022261054e-01 3.674759589912984237e-01 2.171406480957261131e-01 2.718247610457307784e-01 6.066762501890798909e-01 2.423753984879593315e-01 2.758027172047570683e-02 1.354440536054444255e-01
1.062500000000000000e+00 2.005959685413913340e-02 1.005645182760540324e-01 5.497530190810251752e-03 1.032696635223936954e-01 7.213895526143160319e-02 6.434380587819766850e-01 6.245350736111848766e-02 2.089741354467787027e-01 4.958512897713241580e-02 2.472011167372074880e-01 1.015304476439411602e-01 1.354083882822314788e-01 2.449986386132391725e-01 5.797398774647012643e-02 8.533639751683183561e-02 2.645754951246963582e-01 8.083729059262798611e-01 7.598587447330895639e-02 1.894600657716908471e-03 9.711960716372876334e-02
1.078125000000000000e+00 1.389077420446276079e-01 9.235659361454330585e-02 4.266188566570665031e-01 2.904444100640881862e-02 9.852132429209055353e-02 2.488435700177196730e-01 9.383798632708734155e-02 1.198355927691518441e-01 1.363505750081872303e-01 1.545787057443675505e-01 1.256091685332653696e-01 4.496275493245018712e-02 4.074161877182997937e-01 4.490617801042443569e-01 3.383505581815739460e-01 5.169682558705834818e-01 4.578926982920651922e-01 1.026863227251096911e-01 3.213011472037421989e-02 4.088606186530883702e-01
1.093750000000000000e+00 1.649015037365061387e-01 9.157093005803364216e-02 2.893416829775901089e-01 1.201242786733031642e-01 2.363186320177346200e-02 3.819448237949182312e-01 1.405065508923394602e-01 1.111560254955468868e-01 2.445178936437839273e-03 4.227707772665698083e-02 2.932668422785563167e-01 1.800253557088986323e-01 5.687733163599386632e-01 6.063473959171447047e-01 9.384957217762428250e-02 3.228815310760580481e-01 4.633518915439567842e-01 2.889030384631074422e-01 2.240979610313046863e-02 4.301402577027378937e-01
1.109375000000000000e+00 3.836166476245344015e-01 4.258632670980484758e-02 2.203758513898805838e-01 1.805106456610925392e-01 1.702532866701418901e-01 6.514209408484513686e-01 4.928497286963966911e-02 3.050490039146437904e-01 3.963485497823622528e-02 3.633512301233414177e-01 2.166841667130710025e-01 3.321787535303859507e-01 2.887950201771102288e-01 3.517933943960951382e-01 5.593038012413732024e-02 1.180115983336286756e-01 6.063737178695942642e-01 5.985044518556931203e-01 1.473750010246036371e-02 5.403479345582538063e-01
1.125000000000000000e+00 5.845749617601389558e-02 7.345196989270572074e-02 2.659362470254822072e-02 5.797185549135090016e-02 1.179093529945888369e-01 5.170059047357449256e-01 1.413958293421483173e-02 2.077576138926317539e-01 2.970401548925458157e-01 5.048798502373702535e-01 3.491804375938126759e-01 5.662637702653245952e-01 6.609988149898728960e-01 8.424433494462520156e-02 2.981644985381955437e-01 7.311083525513548120e-02 2.810162253896270057e-01 5.115775926190405665e-01 2.865428590685957858e-02 4.313200461004640940e-01
1.140625000000000000e+00 9.702381169843176355e-04 7.529095400186844311e-02 4.169094091764227739e-02 1.551177225651012848e-01 1.203105646789128097e-01 2.084427471349357408e-01 1.767081560452070654e-01 5.977227375269238835e-02 3.218616360960940836e-01 2.035120168112100059e-01 1.361338299456889833e-01 3.032743490037553280e-01 1.895561436886026574e-01 3.687430028103785284e-01 3.637261714191977191e-01 1.731146914315067828e-02 4.655143289569604881e-02 4.449126649372749792e-02 2.194052602889997108e-02 2.684837921061785093e-01
1.156250000000000000e+00 1.568519552753239177e-02 9.450223980716490613e-02 2.013030975175316567e-02 5.241893056774759030e-01 7.909517385322228922e-02 6.433222510761905932e-02 2.789887819760978327e-01 1.160638336754807320e-01 1.631216032106920510e-01 1.369007240595961072e-01 9.047554861947944629e-03 3.113595189508540084e-01 5.309101700943510416e-01 2.228935774595649233e-01 1.467748499000573748e-01 2.555625759869360469e-01 3.367081330621244373e-01 3.060477560845686340e-01 2.487063858347161004e-03 5.573710386116692561e-02
1.171875000000000000e+00 2.633673604626897771e-02 8.168602483150841365e-02 1.795250058121641568e-01 4.342816673874084765e-01 7.595618234850632158e-03 5.101343285027655217e-01 1.082148383772753020e-01 1.811563179277200231e-01 2.491686755030606826e-01 3.473738650538481521e-01 3.139709212814323358e-01 9.244845186806772974e-02 3.217144943719010830e-01 6.538263891794270088e-02 1.478977131336872974e-01 1.694982965605080800e-04 6.065106239023693169e-01 1.390899018404127274e-01 6.530006278920270218e-03 1.051644357817233975e-03
1.187500000000000000e+00 5.637192753698859471e-02 3.375958590243147844e-04 9.568518175412765725e-02 2.789806048480983000e-02 4.112367522395432573e-01 4.463498472166171904e-01 2.311972476553137978e-01 9.368889275472835898e-02 1.164653041363724467e-01 4.695225032944738697e-01 1.635155316504936229e-01 6.085630450105629363e-02 6.934884776694839603e-01 7.595395512386154957e-02 2.294044203488063496e-02 5.303601101360017056e-01 7.143952053084751119e-01 4.401444360584151894e-01 1.668824747051525503e-02 2.029223155485463184e-02
1.203125000000000000e+00 7.990657585011141928e-03 1.889943427810228740e-02 3.306513176821836431e-01 3.606279607241578700e-01 3.156473505498628151e-01 3.390283522218498491e-01 1.343253297141416280e-01 7.621963332156639348e-02 5.358952675874846527e-02 1.132761413978006088e-01 1.450299658486407517e-01 2.612439539590248327e-01 6.990721938215316289e-01 1.314485900347843114e-02 4.319812593319127259e-01 5.550607488102378417e-02 1.670766721390612997e-01 5.712804459235922838e-01 4.488193206788974182e-02 1.738770744616117275e-02
1.218750000000000000e+00 1.615918801405251751e-02 1.056179263375861127e-01 5.171884826673636137e-01 3.546570107955916984e-01 2.927959557566392479e-01 8.102236478735527769e-02 4.759834035217761633e-02 2.585101996942974767e-02 1.350739527706575072e-01 1.379085916201787942e-01 9.428063955000345886e-02 7.738455759130849487e-02 3.994962036979559095e-01 2.172879671770849841e-01 2.286164577755347982e-01 2.071294600779063078e-01 4.610333034061605550e-01 2.869938436527710857e-01 3.559732450227343775e-02 7.912100767299716855e-03
1.234375000000000000e+00 1.184956350035189232e-02 8.163540010495456967e-02 5.626945823789392120e-02 2.254464066403542790e-04 5.072114976355008853e-01 1.050412108947265249e-01 2.408188282609473319e-01 9.032197209443215691e-02 9.673956377183813571e-02 6.147458534911390826e-01 1.980443572945369823e-01 1.127556927159942095e-02 4.437277605696174909e-01 2.974179561642582501e-02 1.699196867342117334e-01 2.198529182460350895e-01 3.604880220120645906e-01 6.850642160706326145e-01 4.134339282101880120e-02 3.127561521982318536e-03
1.250000000000000000e+00 1.075764417906789894e-01 7.084915785650394704e-02 1.096380842084920121e-01 2.320270667929217601e-01 5.177926718730058164e-01 1.102565690605402521e-01 4.894203776131745426e-02 1.634793883227445010e-01 1.711000455142090426e-01 3.952830897540119959e-01 1.698404047502197756e-01 1.578755284125253344e-01 3.642729357334070772e-01 2.636205434980412599e-01 4.275211306679570916e-02 1.852667189787327862e-01 5.081221755094900150e-01 3.935334629661224604e-02 8.861559306384326519e-04 1.008823150794053020e-01
1.265625000000000000e+00 2.755120203723497863e-01 1.279227569094820993e-01 7.253012795772313670e-02 4.763765994987906316e-02 2.529170699503490161e-01 1.785781359081333175e-01 2.880787489570814097e-01 1.502247775339742575e-01 1.150517600790878364e-01 4.256754045884625359e-01 1.463959389633877894e-01 3.084941193203162846e-01 5.905957247477700012e-01 2.995281007178435817e-01 2.080565510622163217e-01 2.262167975257742270e-01 2.821396693139918699e-01 8.065202498275837462e-01 3.945275431995443755e-02 3.563901784349671198e-02
1.281250000000000000e+00 9.237525976425567387e-02 4.419179071061626884e-02 1.673407620115656969e-01 3.707696249486185092e-02 1.012461704623371199e-02 5.705981273496444350e-01 3.737698420003947031e-01 7.437681155109042430e-02 1.599299961717325635e-01 3.281203336376433688e-01 2.420743282200190152e-02 2.154192217006284937e-01 5.567149998391157650e-01 1.658117921214243354e-02 2.309169889722040014e-01 1.284175906357667707e-01 3.057823230595023700e-01 4.353439241996833742e-01 2.965920557729505996e-02 1.546171723651734893e-02
1.296875000000000000e+00 3.512599958392004229e-02 7.360292797187796554e-02 9.381210993542031529e-02 7.811155441878270267e-02 4.939405301859584041e-01 1.089708704981916659e-01 1.597518237872494751e-01 8.231658053810994580e-02 2.894949558480113816e-01 2.314768299721763900e-01 1.036629719732262422e-01 1.341245717817587391e-01 1.503148337394505721e-02 2.141541491989598367e-01 2.723897629565598666e-01 8.814099435009262185e-02 5.200716176195624429e-01 4.940204329190263643e-01 1.798907341724857722e-02 3.931284594095149632e-02
1.312500000000000000e+00 2.933867671978152569e-01 4.644891298823693171e-02 6.991755602753077503e-02 2.813191061263926596e-01 9.833994440792072356e-02 2.686983446904818718e-01 2.473383863231173874e-01 8.264232739701039832e-02 2.045514581990266478e-01 5.295227514904375932e-01 2.876723363909816089e-01 4.689604889286429212e-02 9.448253738598513807e-02 4.815828099225471885e-03 2.565123462496143314e-01 2.653171008790394247e-01 1.995486064823941974e-01 4.684478118814930370e-01 7.933835131016471476e-02 1.107260866368047075e-01
1.328125000000000000e+00 6.720479826860445427e-02 5.118095692452090048e-03 2.031172871885254805e-01 8.555836327360092849e-03 1.787564456313111005e-01 4.425287448129967549e-01 1.996473832727955755e-01 1.759899041117728435e-01 4.766424425985566621e-02 2.323923521281404669e-01 2.756035212927594735e-02 2.998944700959158549e-01 1.270672794421922602e-01 1.017859568710793583e-01 6.121291261294953268e-02 2.957814177849403536e-02 1.466321244035505289e-01 4.195139522847468050e-01 1.096707143623916990e-02 6.005353592597671986e-01
1.343750000000000000e+00 1.057957608993172760e-01 5.863635206275944964e-03 3.637534781413505613e-01 2.093912982874717721e-01 3.177119426640310218e-01 2.578649423396086444e-04 5.834059454337147121e-01 8.104372961918135387e-02 2.892301701243257459e-02 2.996175796724709905e-01 5.761454167951331889e-02 9.460625767922858920e-02 6.777687298431799012e-02 2.794383728324944388e-02 8.971299299945266481e-02 1.213364116034886669e-01 2.992419412797368006e-01 1.813841293844781211e-01 2.698488216681080992e-02 2.111449870601163348e-01
1.359375000000000000e+00 2.663283454158413277e-01 5.944177671408371749e-02 3.017279619728145401e-01 8.733456421548138615e-02 3.371851047989373740e-01 1.379017435691573534e-01 2.172663894163422982e-01 1.119364494110697411e-01 4.768853446491205794e-02 4.730002967286719429e-01 1.006049127598857701e-02 3.412230716529827124e-01 5.396553887541987171e-01 3.642840278863684368e-03 1.265629953173026331e-02 1.402786710774645874e-02 4.658485213827506244e-01 2.097965393266263689e-01 3.490575001429850610e-02 4.315833087759277653e-01
1.375000000000000000e+00 4.838769552369986959e-02 6.156972517392374916e-02 3.166339627590397665e-01 1.303331361377365986e-02 3.598063238813121179e-01 7.097995096560930084e-02 3.036040965466964003e-01 1.263570337937466315e-01 3.595143579270478756e-02 3.089494865199327034e-01 1.036168289420123095e-02 8.306749300712708284e-02 3.471202930456835367e-01 6.367569099128181365e-02 3.226440337682942583e-02 2.363591619167679236e-01 7.037393873063096938e-01 1.664405561147067406e-02 7.809326456740654787e-02 1.563179981042800426e-01
1.390625000000000000e+00 3.109968427851554987e-02 3.483161114313820805e-02 2.954459996558879697e-01 3.477404221343471241e-02 3.633008853036924501e-02 3.212642322622063507e-01 6.315955935018985334e-02 4.839583127562781251e-02 1.351502880596533451e-01 5.301898879346730320e-01 3.717189750393979364e-01 8.063046722045495718e-02 4.986587898082671111e-01 2.194713911910248314e-03 3.407398173172893618e-01 1.481346884944020059e-01 5.550812447483898238e-01 1.589920954737562842e-01 5.692855864439318007e-03 2.075057583651309656e-01
1.406250000000000000e+00 3.213606676183113769e-02 1.727243860194386312e-04 7.748027911297673820e-02 2.448856638404121600e-01 4.536827701048676276e-01 8.789470553279606080e-02 1.989615984798722981e-01 1.863878576863784234e-02 3.657639932299422969e-01 2.160806654566438390e-01 1.954562533072074504e-01 4.175871895421933572e-02 2.249532645346688509e-01 9.003747448316765101e-02 1.177489333516746339e-01 5.740498387304587141e-02 2.916038101126032234e-01 4.220657551761260867e-02 4.064185966725233218e-02 2.739193605612318949e-01
1.421875000000000000e+00 1.225587047142095848e-01 1.274443709197465024e-01 1.618184376262870594e-01 2.121841427497429544e-01 3.915888662683000149e-02 9.854941162748571959e-02 8.206419195362857355e-02 3.764498292345499347e-02 2.535625350586653837e-01 4.228617103476160488e-01 2.595399179566685310e-01 1.348580716542243513e-02 1.044933864100109772e-01 1.361253214383698340e-01 1.851898194522663688e-01 3.259748334637117828e-02 3.786376777024739182e-01 1.551401313302403218e-01 4.176197492286892049e-02 1.958764148768506463e-01
1.437500000000000000e+00 4.311841702195821080e-01 1.212300163603936831e-01 5.078102029978649457e-01 3.318301232463300998e-01 6.475755195517747531e-02 1.141613274459706978e-01 2.368545190021621033e-02 4.747134247529660733e-02 3.535895945348916936e-01 7.480229793309673969e-01 1.703685429731275833e-02 2.782172397447679399e-02 1.589593291290936072e-01 1.202762590149339395e-01 1.488427740489465800e-01 1.059393880783961045e-01 5.566961940112724605e-01 2.076749438012496021e-02 6.209017130980831051e-03 1.286276733589421795e-01
1.453125000000000000e+00 6.483373511043435955e-02 1.708620436723101710e-01 3.150213120828878055e-01 1.431228708762417035e-01 2.461591633578222027e-01 1.944289907668454442e-01 1.679381855762293041e-01 8.075545510437556751e-03 3.395264192778753021e-01 6.632581200611054051e-01 6.282655245549902123e-02 5.574171955999793378e-03 4.186446214064628024e-01 3.332194174494291783e-01 5.524031047875536254e-02 1.460002431394424038e-01 1.721487412497587632e-01 1.404788151462006973e-01 4.379559273972953581e-02 1.220583238465764442e-01
1.468750000000000000e+00 6.188013167253447744e-02 2.200073096822295904e-01 2.436242101785245084e-01 2.799688244492359313e-01 4.850526915188681926e-02 2.012043292125438865e-01 2.924154072741325106e-01 8.729681844966519222e-02 1.598007892722365930e-01 5.457478651599513286e-01 1.216997314847818590e-01 5.601219284095881878e-02 3.149561836264872655e-02 3.559927905701550793e-02 5.948948290398212713e-01 3.186004682121273412e-01 4.832265427033325400e-01 5.808898335826959136e-02 1.017927167259045007e-03 2.065588260893510275e-01
1.484375000000000000e+00 1.218595629861884272e-01 2.864967310703652181e-01 5.944647500229104375e-01 3.045137439366993326e-01 2.924581842777405627e-01 1.706284290830730466e-01 1.534377409800539160e-01 1.003032085784826138e-01 2.265401936326320864e-02 4.670986720508708556e-01 3.392939962248738284e-01 9.645248179275001457e-03 6.470423852419405764e-01 1.316616178534760484e-01 8.547300530150840625e-02 7.704842913862718079e-02 7.174421238674517642e-01 3.942099500406128221e-01 2.058919689682797618e-03 2.263870522693090248e-01
1.500000000000000000e+00 3.955061998061022016e-02 1.992097251631379795e-01 3.958414012794647108e-01 3.006770833603444326e-01 4.720005421634081155e-02 2.092125267652548137e-01 9.985805431579446168e-02 1.377558774499924588e-01 2.262756880556950623e-01 3.842699276783779205e-01 1.713532080313721062e-01 5.272898429188448838e-02 2.284351048668095407e-01 1.025030053650468481e-01 7.926183411059492534e-02 2.694383783970166202e-01 6.219498461218965213e-01 6.915149501405777610e-02 1.054730578383738897e-02 7.254191301718861118e-02
1.515625000000000000e+00 3.524326491111724762e-05 1.363705296461534822e-01 3.303524364858217988e-01 8.117095092613280105e-02 1.972391710573033752e-01 3.235632754667064348e-01 2.175096077284109364e-01 7.755636692279566091e-02 2.679588223299271266e-01 3.806596296791622258e-01 2.186535652201355151e-01 2.097855317472686332e-01 4.809183424025656461e-01 1.085820084820695169e-01 5.061103208478788529e-02 2.923194010696483682e-03 4.891998796884850509e-01 4.406332739640504981e-01 3.286164603688320612e-02 5.651371062081573388e-02
1.531250000000000000e+00 2.936634558486971303e-01 1.076145500837985131e-01 2.465644215294297004e-01 1.697828865796086606e-01 1.375445468061380905e-01 7.066359799683466503e-02 1.424691562867030359e-01 4.533167060299216761e-02 3.417209678036245979e-01 2.018242329629240661e-01 4.667441985674891658e-01 1.573339667706034617e-01 4.940005424691945590e-01 4.408100619650485719e-01 2.613783740398372690e-01 3.633442580372971964e-01 3.886917455810336430e-01 2.070186846048529816e-01 4.597450670870519007e-02 5.032663133100961916e-02
1.546875000000000000e+00 2.600734703291061045e-01 2.452305283816433312e-02 1.482647165944170897e-01 9.433529160520824630e-02 5.130259755474144701e-01 2.447853806782014086e-01 8.573792316159792315e-02 1.728302028201011697e-01 1.086693436595945889e-01 5.742761681481469704e-01 2.875286317381906334e-02 2.156548151062543661e-01 6.573527183051696143e-01 2.306604645021030353e-01 3.803443890769861446e-02 4.880825549469784003e-02 5.036008621792847917e-01 4.110313101348528342e-01 3.013376916322318272e-02 1.248905676523622520e-03
1.562500000000000000e+00 2.385837028827095252e-01 5.713325835889111401e-03 1.552432054068217937e-01 7.783451114827438788e-02 4.612377835794547187e-01 4.202105701450102870e-01 1.393973740978766140e-01 2.792251555385895645e-01 4.828735193603594933e-02 3.714541623569267426e-01 6.047101693385775745e-02 1.332308761316116086e-01 7.731712625154878449e-01 8.990945270256633925e-02 9.441071105802292807e-02 2.294283890028578354e-01 5.130875499244377247e-01 3.858381992216807221e-01 2.389110729089261725e-02 1.027458503108261423e-01
1.578125000000000000e+00 6.243438574823707149e-02 7.422078388552147410e-02 2.722505037445320797e-01 7.911058913951926619e-02 4.785609241802594727e-01 3.085362702136930646e-01 5.745100188724481735e-03 3.813350198740716457e-01 4.546533611688065302e-02 4.629868921304888252e-01 1.375015763190355449e-02 9.076816821374535105e-02 4.964760780812874086e-01 8.999541570865685070e-02 4.383058620140601880e-01 2.107096789573110751e-01 3.468671042215094591e-01 2.228447680720167107e-02 7.509823856070074743e-03 1.137741248525438037e-01
1.593750000000000000e+00 1.230641529624011549e-01 5.630280076167142045e-02 1.904803224612065804e-01 7.386220058330686400e-02 3.305800178545102441e-01 5.066974893881406178e-02 6.159888817664228161e-02 1.944225669399818057e-01 1.541541137249347326e-01 3.465658567525107259e-01 8.858335772757207349e-02 4.743034419359311304e-02 5.336273276360796736e-01 1.468486743296706053e-02 3.557579778666498105e-01 1.285619254539603074e-01 2.930478333791824985e-01 5.771925122382248752e-01 3.550924028183743281e-02 5.092171451582953867e-02
1.609375000000000000e+00 1.607780683677476410e-02 4.954325192721358712e-02 3.823342458286236312e-01 3.111017136249821444e-02 4.040543666522290744e-02 2.600510028206020133e-02 3.343584114746047109e-01 1.501929065445501699e-01 3.648909432455472168e-01 5.626338931675147446e-03 8.697105607495000945e-02 1.800344698836453816e-01 4.604858765199447701e-01 1.756522554518479551e-01 2.945288679716517866e-01 2.727510997633956213e-01 1.521898796066390447e-01 1.038545319422529006e-01 1.081493347025354185e-01 1.240091720484475801e-01
1.625000000000000000e+00 5.527789653795660285e-02 1.197178502504284148e-02 3.592145840427291709e-02 2.826968710521586270e-01 2.293055393479569992e-01 2.111138380409354198e-01 1.464996779622172174e-01 1.358128330815693008e-01 1.153572245982279337e-01 3.034311015421124469e-01 6.355848754870593864e-02 3.626526529367180007e-02 7.091829778743440060e-02 4.213671369267589228e-01 3.357336749065572556e-01 1.824146677917935500e-01 6.066069033988258363e-01 3.537209196874269712e-01 3.933201954449993404e-02 1.583607578258375559e-01
1.640625000000000000e+00 9.162528053182163179e-02 3.638255417021572617e-03 2.443274469771550550e-01 9.353014142828884603e-02 5.210847689330052601e-01 8.880914457180670574e-02 3.440208567965601372e-01 9.121921298711446746e-02 2.017768384544663118e-02 4.322728335863726401e-01 1.069705406993523567e-01 2.275400092045651995e-02 5.933553774975174333e-01 3.030275874247208012e-01 9.968013381573671838e-02 7.851908946221164420e-02 4.223966243064809500e-01 9.424127396042451810e-02 8.178421664958164528e-02 5.274715655833903671e-01
1.656250000000000000e+00 1.500379071718214129e-02 7.074478780837073315e-03 2.514443729207643807e-01 1.313059728769081780e-01 4.441351198333599593e-01 2.019323236382551401e-01 2.738223960925702527e-01 8.431735712432758545e-02 9.965906389824581713e-02 8.117766294397033011e-02 3.139142285429856460e-02 2.094559724007705181e-02 6.226122665885353014e-01 1.836285998905230407e-02 1.521537890989948794e-01 1.445931370477073763e-01 7.530044637149951869e-01 2.853146105597375026e-01 2.997036842768353859e-02 2.874419868654617960e-01
1.671875000000000000e+00 5.207887951908220930e-02 5.012645339439470576e-02 5.139317008936629128e-01 1.087251238432385275e-01 5.369191893748473943e-01 3.500453960256834085e-01 1.152961124975403345e-01 6.391583263762069811e-02 6.430278402553624151e-02 1.590752243649918851e-01 8.019508229872140959e-02 1.633075658182267520e-01 3.303860251163080464e-01 1.497380362859993541e-01 1.443163400055056667e-01 2.308656585384508408e-01 4.427959998781989537e-01 2.770995234180722022e-01 5.556446078489770714e-03 3.727431266769687945e-01
1.687500000000000000e+00 6.355776046090144682e-02 5.107572845791395755e-02 4.906228046711539892e-01 1.477302762789345081e-01 3.009773156724272480e-01 5.611922986328573421e-02 6.102661339188027861e-02 1.555316854184913278e-01 2.564924126976321148e-02 4.612496073965129395e-01 6.193994586537536831e-03 7.070097039496453517e-02 2.477291597821648095e-01 3.736731672857874220e-01 1.130417476731621768e-01 1.807444919510494130e-01 5.262421268776726890e-01 6.500490123765383099e-02 3.917940204011606531e-02 5.209445592595139951e-01
1.703125000000000000e+00 1.722948805796187532e-01 2.168384797256791771e-02 3.152230888206765669e-01 4.443519044913735172e-02 6.628521686971277083e-01 4.169996359505770411e-01 8.219021935723030969e-02 1.359835915260719508e-02 1.678599743152828228e-01 1.825223949551761371e-01 1.282837349002354799e-01 1.841066870129829947e-01 1.914958029585726029e-01 5.307265866145641914e-02 2.929921478337775900e-02 1.214470337806132089e-01 7.366523364811612407e-01 3.635577631901836249e-01 6.753953239341091430e-02 1.597460228911324054e-01
1.718750000000000000e+00 2.158345325572106066e-01 1.033485200134629661e-01 1.990507481868982742e-01 2.179160202497867904e-02 1.281442198641782049e-01 8.818366978697103620e-02 1.375047036141345824e-01 1.355150748308789690e-02 3.126005940021668317e-01 3.676832447201779930e-01 9.784710235353312469e-02 4.236904158705918910e-02 2.471327641248491358e-02 5.118653567048837560e-01 1.643670071680080058e-01 1.982829527396062497e-01 2.986994858076980064e-01 2.992031322389438093e-03 5.331037450803580158e-02 4.093076995501302995e-01
1.734375000000000000e+00 9.112756800791131651e-02 6.076979015425407193e-02 2.016356282552177540e-02 1.439707194809507033e-02 1.775445301906989348e-01 4.085629761026193102e-02 1.150021039109588306e-01 1.298072481026899157e-02 4.193821273998263321e-01 6.472870743634959179e-02 8.524394811355197332e-02 1.313550308199861183e-01 2.004553011747645108e-01 3.817049397738037086e-01 2.678168600156470847e-01 5.295712192550064423e-02 2.151812657594749933e-01 5.856483625953440991e-02 2.118876835835957831e-02 2.302487413036253261e-01
1.750000000000000000e+00 2.177867474885666066e-01 7.751069233261122238e-02 4.297436691372090167e-01 3.190825035814304211e-01 4.184853215327274945e-01 6.588587324440424442e-02 4.962601576841706164e-02 5.932197247327247736e-02 6.641872905326055843e-02 2.579450182549106185e-01 5.781837339979719465e-03 1.909247566201956459e-01 3.075219847480925028e-01 8.199960645676435123e-02 2.691166821772749684e-01 1.979186101265993925e-01 5.351544207373777340e-01 9.011072776727472450e-03 7.035524996757774874e-02 1.272670493390483659e-01
1.765625000000000000e+00 6.322672192041468853e-02 5.401680257725222783e-02 1.997426572969693559e-01 1.978177466559201680e-01 6.487017833452239646e-02 4.319051419396630759e-02 5.007609512403547736e-02 1.415850254240501871e-01 5.252870944725827190e-02 2.616040830198688161e-01 2.403597919256623971e-01 4.623267993366549367e-01 3.404446704123988976e-01 1.272002272119459598e-01 1.457956475546710873e-01 1.569166624896106144e-01 1.843319157149900800e-01 1.373503197630702999e-01 1.289189342147551223e-03 6.747749480763921837e-02
1.781250000000000000e+00 4.131548141569176685e-02 2.458129208639600605e-01 2.701538139291846385e-01 1.209667988828112828e-01 1.641164687064819161e-01 1.107860028200289837e-01 1.698778830233513837e-01 7.322153200193950995e-02 3.959403015646962842e-01 1.755842176117340392e-01 1.331684042661397671e-01 3.364464925872511225e-01 3.711717686599283472e-01 5.445715193553350708e-02 4.162408730830714082e-02 1.244072068258313263e-01 2.183744484652719031e-01 2.595527082527566698e-01 3.234833075974399147e-02 1.558162894186770064e-01
1.796875000000000000e+00 3.654260767535022492e-01 4.344497020284641131e-01 3.783342542896460103e-01 2.895446059024640029e-01 5.106018588094982796e-02 8.133937118689359494e-03 5.398125455439103937e-02 1.624885115943777159e-01 1.758461497679228713e-01 1.426397271928301902e-01 1.840387371447027298e-01 1.555566474129976284e-01 1.948557434012045397e-01 2.409743833743042130e-01 6.040425842572082898e-02 2.206603015590235251e-01 5.949186880194508031e-01 1.239911103950001175e-01 3.475759437127289714e-02 6.267871652023189466e-02
1.812500000000000000e+00 1.302861699766338088e-01 3.577158548806798621e-01 1.372960784494807185e-01 4.252975402165242169e-01 4.768275793305104537e-02 1.058286976699497964e-02 1.757610536676611906e-02 8.177731628114465190e-02 2.459318269195727436e-01 2.321160163045523361e-01 1.032706603200053835e-01 1.038801115293357530e-01 6.905322266407373233e-01 5.536348293270038079e-01 1.721822477634059323e-01 2.455090362324646169e-01 7.800644174780098083e-01 5.809175434558856016e-02 5.849331377527973441e-02 4.019312660816740795e-02
1.828125000000000000e+00 6.244462625750942797e-01 2.917694330394669522e-01 7.567973264530321320e-02 1.943977445144747518e-01 2.320325762740938491e-01 8.798846301660674663e-02 1.724203280394358273e-02 6.035048049455196684e-02 4.869824617422275903e-01 3.857417932789918846e-01 1.005764064519244216e-01 3.113755209542824059e-02 5.392950925468231738e-01 1.460913704169520266e-01 7.125882408496617137e-02 3.968292087394558743e-01 4.849442178452461061e-01 9.888165712883639769e-02 1.877155474891164730e-02 5.587369017469579618e-02
1.843750000000000000e+00 2.393770148968663303e-01 1.174201193354515310e-01 3.817859258464302574e-02 1.387420372273959757e-01 1.824850308749624561e-01 1.894154087080833493e-01 5.558368619843498393e-02 2.119965898221170056e-02 2.648609278197213701e-01 3.899202810699082256e-01 9.599066080052200134e-02 3.436594191309347984e-02 5.471239226362847319e-01 2.326201583055492184e-01 1.275448043041151058e-01 2.600440113225957472e-01 4.029723716005912948e-01 4.704977181209582526e-02 5.897221156550531279e-02 1.011579929500539682e-01
1.859375000000000000e+00 1.120422812247835603e-01 2.771080420417494639e-02 9.393357150377359618e-03 1.544244186703632171e-01 5.754455197031238013e-03 1.156031677254968915e-01 1.942927879260849255e-01 9.862665932881230224e-02 6.429490643152909780e-03 2.035066161270890177e-03 3.785849620069096921e-02 4.155323263313366600e-02 6.731423544395211955e-01 2.284600049906763963e-01 9.204562144339126228e-02 7.488777215975163382e-02 6.932184834506546212e-01 2.135660551186740197e-01 8.103796963962933697e-02 5.632946115306110973e-02
1.875000000000000000e+00 6.625265090056856911e-03 5.842768846298666829e-02 2.745396838376120141e-01 2.250089027712749712e-02 7.825694381661245369e-02 3.716504415628058000e-01 8.502841358004858963e-02 3.342411740623092986e-01 4.704295070026467268e-02 1.220659620844450309e-02 2.596466092045113944e-02 2.748589482806861883e-01 5.443918064281894065e-01 4.271787374591808351e-01 5.111077476903214296e-03 3.042798587952325606e-01 5.885511106080616450e-01 5.233581557549109586e-01 1.271139844761440263e-02 9.137321503620171939e-03
1.890625000000000000e+00 2.709660231352494994e-02 8.772597211705719655e-02 1.843550042300106939e-01 9.745355474269967733e-03 6.763655955012846110e-01 2.487001003896370521e-01 8.321730864752739654e-02 2.828261539030579863e-01 1.376986497618155371e-02 1.335055052964539135e-01 1.202006232769041866e-01 7.055899428313261446e-02 6.579726421181830709e-01 1.816881746920296081e-01 1.492652924407880319e-02 1.010416507585063309e-02 3.466060283142192167e-01 1.022670456232905312e-01 1.281123961948173184e-02 7.163957016745117756e-02
1.906250000000000000e+00 1.589897784023157346e-01 2.108488499189759002e-02 3.231048877266124442e-01 2.037238630598283418e-01 3.151086430904655455e-01 2.268922139174167629e-01 1.533861443672660252e-01 3.262264847520071620e-01 4.176365180636085195e-02 5.746812032367727696e-02 2.212243929279333332e-01 2.399399944026904541e-02 6.116188709873555673e-01 1.405277001355174638e-01 3.475550579559656406e-01 2.857866896622978103e-01 1.210702132025448796e-01 1.683471494393903034e-01 6.535396395882015277e-03 2.610751517209239370e-01
1.921875000000000000e+00 1.928872853106305685e-01 3.031038347465976612e-02 1.700304630349022406e-01 2.674669232008604070e-01 6.064670114694871161e-01 1.658366510560682627e-02 5.845835052084561584e-02 3.156978911536134080e-01 1.572450465237704431e-01 1.138347118969629118e-01 2.377798416137790194e-01 3.549280221909441035e-01 2.930941333906741386e-01 1.175780055768205906e-01 4.129890956972255278e-01 6.005077316123900999e-02 1.902303636742355974e-01 9.016523662761344315e-03 5.460254764705472358e-02 2.232114980467698184e-01
1.937500000000000000e+00 1.393717966644826556e-01 5.897700697258478029e-03 3.659338153792749543e-02 1.447130191020467860e-01 2.134242664879004714e-02 1.010699899510108385e-01 6.870022451972304656e-02 1.537704232696590623e-01 6.891647665140976896e-03 8.590950557028982637e-02 4.076866233637801290e-02 5.028659894530757707e-02 6.764721522274717014e-01 2.976285872987230463e-01 1.848816009794114756e-01 1.070182008095938858e-01 2.399686238920009373e-01 4.517519680511806329e-02 1.463635681542072367e-02 3.259165721619161071e-01
1.953125000000000000e+00 1.514985652192152865e-01 3.519927122277417136e-02 1.435717933972347760e-01 3.990360563859735726e-02 1.772970227333790783e-01 2.569141397559271955e-01 2.239383816428758278e-02 4.316018036019977910e-02 7.978935526123370758e-02 2.805073299230675336e-03 9.103909113204587678e-02 2.791666092874901112e-02 3.611669246177526271e-01 5.647667292198881306e-01 2.315547307440486702e-01 2.055794790771871272e-01 2.204853111310000335e-01 1.206050669578140194e-01 7.146752058466428192e-02 5.164276988382394684e-01
1.968750000000000000e+00 3.285523883046067573e-01 1.087209381025486532e-01 1.937457672571196721e-01 3.603624683864646849e-01 6.328046413377226287e-01 3.997165348115186978e-01 1.353144614863530382e-01 1.996692970681423693e-02 4.070787897529985072e-02 1.332458304452598108e-01 5.135244995997211709e-02 2.268556132322135585e-02 4.357171358325155897e-01 1.228078298267848978e-01 1.726005686125957617e-01 5.991798746460237635e-02 6.168782594036089639e-01 2.252147937575672276e-01 9.390337735588941137e-02 2.511379938376024912e-01
1.984375000000000000e+00 1.310759815985196031e-01 1.756554723253817007e-02 8.044126118919689428e-02 1.392845085825380469e-01 2.292570696557727772e-01 2.437674400242649878e-02 3.710048301419166528e-01 2.904122243018953525e-02 4.617805004774889199e-01 6.438573611053663437e-02 1.706278364268790371e-01 2.207169634945074232e-01 1.988909258455457199e-02 8.310993138379128842e-02 2.454621002363557014e-01 3.167688556410089840e-01 7.254120671563213385e-01 3.235111181855048618e-02 3.130671185200944312e-02 2.952566602647077043e-01
2.000000000000000000e+00 8.115548744122806635e-02 7.725741858811946416e-02 4.972019195912873862e-02 5.975063832590438856e-02 6.710841248278449633e-01 4.254236810859016171e-01 5.024447428863180187e-01 2.768614256378051572e-02 2.500182936409887091e-01 9.858960453102107169e-02 2.854177505107059476e-01 2.104934263178771803e-01 1.296551198847591402e-01 5.611733359057594628e-01 1.947134954858988631e-01 1.613864760007624466e-02 8.110417494901210889e-01 6.077476026116180874e-01 2.743635067911894335e-03 4.241404766057816356e-01
