0.000000000000000000e+00 2.508987761317663656e-01 1.679231539165168541e-01 8.381141383691058377e-02 1.469914875409609155e-02 7.390411894692917871e-02 7.036923971054028781e-01 4.714746150915068851e-02 5.416063433052957683e-03 1.089901254938362429e-01 1.149908587380177663e-02 7.039060411723578603e-02 4.402447439043834232e-02 2.969954529698611845e-01 1.503560381880668373e-01 4.416477258207882062e-01 4.996672248506583980e-02 1.380475035939074113e-01 2.471970093825885326e-02 5.555629684525876383e-02 2.882977915748875519e-01
1.562500000000000000e-02 9.622501672909304637e-02 4.190191860138114260e-02 7.226316204876798675e-03 3.707113561440397720e-02 2.948775890393539115e-02 3.895370366198574463e-01 2.037489380006737502e-02 9.549481357592240482e-02 1.074544503901036091e-01 1.232892468912758360e-01 1.597293929275433316e-02 5.766777541419060987e-02 2.250720543499118986e-01 4.704277230544780947e-02 3.073292430496148975e-01 2.752323574097027825e-02 2.111462376369272753e-01 7.869792835965408462e-02 6.171301017360652369e-02 1.161880487418248398e-01
3.125000000000000000e-02 4.103212843221832329e-01 2.858483615669971806e-02 2.267028723838324378e-01 2.788112646696263575e-01 4.357497307069719411e-02 1.460239030551197525e-01 6.033857416893069203e-01 3.754692023727488892e-01 3.382159572855347740e-01 1.819779616943250078e-01 7.600075560037657940e-01 4.975090910640888459e-02 1.497301907913612951e-01 3.281265762897593308e-01 9.638388147859919264e-02 3.739085841059526516e-02 2.417061257300542887e-01 2.608358164801742873e-01 2.029372048691218400e-01 6.672145294636541712e-02
4.687500000000000000e-02 3.171308233187040693e-01 3.907222052215875846e-02 3.602390750010849851e-01 2.007435406782461240e-01 1.049681948264299114e-01 1.749903243421736532e-01 5.979391617381671908e-01 6.677985796463402624e-01 3.996013440371318781e-01 1.619885395730978894e-01 4.070082248942090142e-01 4.564148486794301213e-02 2.212574544359337259e-01 2.107182349238086866e-02 9.280009914731611465e-02 3.272638765312511910e-02 3.886892589502536355e-01 4.038642143590906453e-01 2.004226611330026386e-01 3.205865753691392039e-01
6.250000000000000000e-02 4.565446384603685237e-01 1.394338845124394599e-01 3.428420338878624407e-01 4.216279490847673478e-02 5.484976453961208920e-01 5.808556883466002851e-01 2.759966239771857732e-01 5.424774665620057945e-01 4.963385493731537479e-01 2.945768702838098677e-04 1.914728445617089603e-01 5.250164716288767755e-03 1.491813708936883531e-01 2.321682722389408482e-01 2.418557078387846559e-01 2.529675321757164919e-01 6.964780247588051587e-01 2.664606327143994036e-01 2.930067666836055906e-01 7.061632989714630160e-01
7.812500000000000000e-02 5.661148897081959008e-01 4.480254591088093652e-01 7.790099057177571895e-01 4.896276868497929091e-01 6.812453447905627568e-01 6.313642182516515655e-01 4.283191446034030347e-01 7.106996644326808443e-01 5.959616655220139059e-01 4.261963770869589552e-01 6.506611602237649672e-01 2.171169719922482755e-01 4.553393782074345864e-01 6.172501136024534096e-01 4.080410272576857067e-01 4.766662127987528197e-01 7.926383647494450457e-01 7.479901460544281511e-01 2.692655952931672925e-01 4.385836153503192003e-01
9.375000000000000000e-02 7.302336641351188096e-01 7.023653684224894223e-01 7.781901231108945272e-01 7.970103560946755206e-01 9.161935647306984620e-01 7.078334945201406603e-01 6.700392995190648238e-01 7.806549632560297880e-01 3.958099197536928959e-01 6.402723833213428417e-01 6.356666291154718929e-01 7.234445726048928105e-01 6.433208489046726708e-01 6.766856018592460886e-01 5.148951305660776079e-01 5.874960656097125700e-01 9.495684237506007985e-01 7.377387194656611635e-01 6.297925509528847776e-01 6.019318416802366123e-01
1.093750000000000000e-01 8.732475833478825500e-01 8.016541263499771253e-01 9.245180758172641955e-01 7.943001570283461099e-01 8.713885715194570336e-01 7.361765930526684709e-01 8.319571361042862323e-01 9.141410800607362441e-01 9.351939396040892527e-01 7.014759105860979282e-01 8.258278545342395693e-01 5.947852684896369757e-01 7.762392167884174521e-01 8.200840109249701859e-01 5.484129546431801838e-01 7.130340763504091628e-01 9.110533991088952677e-01 6.845456815443959897e-01 8.722091804854589236e-01 7.884735146145182005e-01
1.250000000000000000e-01 9.400034590061090434e-01 9.207356594915655501e-01 9.154269034870011756e-01 8.233684778509307023e-01 8.216601950637314467e-01 7.127298324759944181e-01 9.380846761249920229e-01 9.544644442997353151e-01 9.590870539348900214e-01 9.082764872326827277e-01 8.998670920537730211e-01 8.996204978805085739e-01 8.893396011175167537e-01 9.480915283135246119e-01 7.902273823531880126e-01 9.077097728246973363e-01 9.169635750478269953e-01 9.221139168835846833e-01 9.100287592353983879e-01 8.960126709355523689e-01
1.406250000000000000e-01 9.616403931419589268e-01 9.399761377814778163e-01 9.553834751334179254e-01 9.274619817382940834e-01 9.107119238461292010e-01 9.339970990130378459e-01 9.478031101267916370e-01 9.789539923238232966e-01 8.960639520644514411e-01 9.798177665068859010e-01 9.612482940059985381e-01 9.691191017999554180e-01 9.633028667635982201e-01 9.704695976592816464e-01 9.760508604295654589e-01 9.563226861079711094e-01 9.607503261184504595e-01 9.641209680376445768e-01 9.558565874807775087e-01 9.447348082529875013e-01
1.562500000000000000e-01 9.835897273040725697e-01 9.799483581784524944e-01 9.888112222992684330e-01 9.817867660773603733e-01 9.429488423454979173e-01 9.940305982769565007e-01 9.807070549050177499e-01 9.904442561109764176e-01 9.629371210741690668e-01 9.932050072598985757e-01 9.833059349348481915e-01 9.815178672868081211e-01 9.768486140149933439e-01 9.728669616904022099e-01 9.928875977021924815e-01 9.640085377305167569e-01 9.646084716252384395e-01 9.801755987693312466e-01 9.855917478440454627e-01 9.821278872935393922e-01
1.718750000000000000e-01 9.921562798972539676e-01 9.780687665399611097e-01 9.735785084841243053e-01 9.801805848542805011e-01 9.707739373511912184e-01 9.955732533658888661e-01 9.545199647222593065e-01 9.855212514701323645e-01 9.825263527459042745e-01 9.878270935702762046e-01 9.924303706425632310e-01 9.770324157562685352e-01 9.768494750041206709e-01 9.618097828836654761e-01 9.864783074890398629e-01 9.897507925353232761e-01 9.836176599165767920e-01 9.877495924366902491e-01 9.877028406951455786e-01 9.795130164150575025e-01
1.875000000000000000e-01 9.849644759582906195e-01 9.784710678961041630e-01 9.909945363452631328e-01 9.913379537041699940e-01 9.801667117694121689e-01 9.797075880560763839e-01 9.527902778738739364e-01 9.835815163176054865e-01 9.753664512294873967e-01 9.671141192426053745e-01 9.788552154709071473e-01 9.822143674144160341e-01 9.575013862161498857e-01 9.875017166298041271e-01 9.560372796602950585e-01 9.811896655506628928e-01 9.859270011819241120e-01 9.860041517170108349e-01 9.937038041768435637e-01 9.558231003813845161e-01
2.031250000000000000e-01 9.703355277313332472e-01 9.667315844294190885e-01 9.831461541937537296e-01 9.766206823581822238e-01 9.921294244271090523e-01 9.585884464796378124e-01 9.586539293348742552e-01 9.840596216472379254e-01 9.694455402432329283e-01 8.679748618128237947e-01 9.862291898270114654e-01 9.850053031312664409e-01 9.380368507093561625e-01 9.879102488882661737e-01 9.368398789536861448e-01 9.483917001454568174e-01 9.886970619232906543e-01 9.646836639329465779e-01 9.656092938706123396e-01 9.722958813100972542e-01
2.187500000000000000e-01 9.319629538268426883e-01 9.198257027917662310e-01 9.313308263188712077e-01 9.724807405772450952e-01 9.906538717660788862e-01 9.104396010321779142e-01 7.894359703390793070e-01 8.992631519484546310e-01 9.762275563712814463e-01 9.912622041380608762e-01 9.453143455493420166e-01 9.542758244034357240e-01 9.170388339833567271e-01 9.675344952796177678e-01 9.394434342800047633e-01 9.402591323447564431e-01 9.424995595787537539e-01 9.761675515637161515e-01 9.585660891314733423e-01 9.854570676702066878e-01
2.343750000000000000e-01 9.233028923209636307e-01 8.865360806491648926e-01 9.103595904384117476e-01 9.668008936434042688e-01 9.392873188507612214e-01 9.191291793005492705e-01 8.725329416472020760e-01 9.656948357556621731e-01 9.335464113427277555e-01 9.390357194044169908e-01 8.812445512906562639e-01 8.873053826953772871e-01 9.314432305166729931e-01 9.261662132073772424e-01 9.075359295234547430e-01 9.211742766693422624e-01 8.809989353887736074e-01 9.667315297664296203e-01 9.541175435956776862e-01 9.694281662749233419e-01
2.500000000000000000e-01 9.377306378610026361e-01 8.743328343840528483e-01 9.217474469650672741e-01 9.708225903126252998e-01 8.373288680840516029e-01 9.331930975134697936e-01 9.466549056855039224e-01 9.537728767365492022e-01 9.002073908377077327e-01 9.390845836771476440e-01 8.765113528262181708e-01 8.640050932134641926e-01 9.529536258880638711e-01 9.076016368191259787e-01 9.140316946794280195e-01 9.515650046700652176e-01 9.233146311867201916e-01 9.093178966180286427e-01 7.880681570932849267e-01 8.303404226902060259e-01
2.656250000000000000e-01 9.292357613221339241e-01 8.727006801768283362e-01 9.506495052937259382e-01 9.494857005171206676e-01 9.177546973194011803e-01 9.013275313013884293e-01 9.591413841477842706e-01 9.643522675229743157e-01 9.330921916528629456e-01 9.460983492210497392e-01 7.370316891058364961e-01 8.431927925570896765e-01 9.605818703524259261e-01 8.832819052964611117e-01 9.292481930812692692e-01 8.455617844461235100e-01 8.525735846790067907e-01 9.263657471660443621e-01 7.628702772337430105e-01 8.752364598193321799e-01
2.812500000000000000e-01 8.663358219201482413e-01 9.335855128606690423e-01 9.293045565321457202e-01 8.732341533265112199e-01 8.826390611074673709e-01 8.424128778174393428e-01 9.643950540885307676e-01 9.527347882996669570e-01 8.691965268343624373e-01 9.091020473199136198e-01 7.415514989788603017e-01 5.606645671131998965e-01 8.821141598528196015e-01 7.403758506544211304e-01 9.021543154384118468e-01 6.606270852870106403e-01 7.630204244411726844e-01 7.866823882830902281e-01 8.696489013153601011e-01 9.250875651455756632e-01
2.968750000000000000e-01 8.133517337264785096e-01 9.320456606747644646e-01 9.158137373739390075e-01 7.768277595998188678e-01 9.151137498024048966e-01 8.441210007478913147e-01 9.513969889559364956e-01 8.762097377936929332e-01 8.593527884606599887e-01 9.240360567036347561e-01 8.828074404519415941e-01 4.161907539999823991e-01 8.638901996218060209e-01 7.821027321243538832e-01 9.168854936096930697e-01 8.686306941425864236e-01 9.336859281494404028e-01 8.175506131637441110e-01 7.703203168837757797e-01 9.150517444012077339e-01
3.125000000000000000e-01 9.145905404205326716e-01 9.455314952531310713e-01 8.683878415862380518e-01 9.558571106484085034e-01 8.134363796552158687e-01 7.416954710932528450e-01 9.666736747484868664e-01 8.302754185427071443e-01 9.071559714526770124e-01 8.091462670980078542e-01 8.388663281917239090e-01 5.796225474463388982e-01 8.740514603042298658e-01 7.033460436085779977e-01 8.708782313227848570e-01 8.552165226470053172e-01 8.608081622955230383e-01 8.733007183808394469e-01 6.221975972778595043e-01 7.877720648298934814e-01
3.281250000000000000e-01 8.534721595872893918e-01 8.499723136353299902e-01 8.859944326511653978e-01 9.634223779066501958e-01 6.333507839513083937e-01 8.034904040510532086e-01 9.056579957988118990e-01 8.038606319551128143e-01 8.823605989985734421e-01 7.086861907129033966e-01 4.996281097201788479e-01 6.713249128100863272e-01 5.538684507010801505e-01 4.822285611509192216e-01 8.110523913335200286e-01 6.792597026531682625e-01 7.446429329443644551e-01 7.107488687904769398e-01 5.569819079202688039e-01 5.956716890997681979e-01
3.437500000000000000e-01 6.664177248310767521e-01 7.431380959235834860e-01 8.349061094869864030e-01 7.912847832309943819e-01 1.331502024772535653e-01 6.315249644779604710e-01 3.699422636535426578e-01 5.905909831774230900e-01 8.069646690975977865e-01 6.595937702370634481e-01 2.800073853717103267e-01 4.664261389114165435e-01 3.603352717610580624e-01 4.400569756922392273e-01 8.444929111983806580e-01 7.428860221448337908e-01 7.176840463847721230e-01 5.415479342826446940e-01 2.356330326604567371e-01 6.922190357398565475e-01
3.593750000000000000e-01 6.180670988904106711e-01 8.376271739362231017e-01 5.733222968446901602e-01 5.322177008393510489e-01 5.382014374355488517e-02 2.767655416987667150e-01 1.924006253663632371e-01 2.659568213026836658e-01 7.470624462851628289e-01 4.523247191371363995e-01 1.682053989114049020e-01 5.811581481497960638e-02 7.427270122223812443e-01 2.782357964627525937e-01 8.637802193591985755e-01 2.915189589067917475e-01 6.203961144056098220e-01 6.955362965841294098e-01 3.126396351791125849e-01 6.362681462495004547e-01
3.750000000000000000e-01 6.430044556577895198e-01 5.648393388869732412e-01 3.708299939385144572e-01 4.733727764064268873e-01 2.570926186006952108e-01 4.804289044882967818e-01 4.493075946089243877e-01 5.008344102137665121e-01 6.618823916975166144e-01 3.862399182751731219e-01 7.696723094225669248e-01 1.626375448412738789e-01 4.056471638472384234e-01 8.231733934262247532e-02 6.994105026553637527e-01 4.695732786955367777e-01 7.883042712208843117e-01 5.970088384588053687e-01 3.700575993385488704e-01 6.686856833556881208e-01
3.906250000000000000e-01 4.650219890445204118e-01 3.771453890925913766e-01 3.941195088903661214e-01 3.218123772243195457e-01 2.250876891525116219e-01 6.347252641554766983e-01 5.104540859807074060e-01 2.182710543553397775e-01 4.753179212398284670e-01 6.205292705311734602e-01 9.052803230498973619e-02 7.967059649228222518e-02 2.740384324230114022e-01 3.471896675869363680e-01 3.507525583514315426e-01 4.733735312518528304e-01 7.801295832652750395e-01 6.028034262942273402e-01 5.329449516659224839e-01 4.037669490758893920e-01
4.062500000000000000e-01 4.280572234410559007e-01 1.082505377230958965e-01 2.684717484091237449e-01 1.937970644133739928e-01 2.365128162968858083e-01 3.042011084077550498e-01 4.468032483694885926e-01 6.655671715099614749e-02 6.071061619725894865e-01 5.330647771218433029e-01 1.035024560026868816e-02 4.112424123211198997e-03 5.725861108321065318e-01 1.215545956016043927e-01 4.024929291444966362e-01 1.697027243811927155e-01 4.629373326946751299e-01 4.293178459763503652e-01 2.318761623824611984e-01 1.215653817743982679e-01
4.218750000000000000e-01 1.764084505408193004e-01 9.991863437305087414e-02 7.783463523106493032e-02 3.867880082403065689e-01 1.147413343917250833e-02 4.255977899746595794e-01 2.209844583675392438e-01 5.250465428029320314e-02 4.048777563068641783e-01 5.548348826800650890e-01 2.135887910101072137e-02 1.145805480187371134e-01 2.486731124020953865e-01 1.428416254354136217e-01 1.899255234463910202e-01 4.535787169416426179e-02 3.191929612215702594e-01 5.154288625339596974e-01 8.272344915146185446e-03 2.476955402967178921e-01
4.375000000000000000e-01 4.294874647247123173e-02 1.658888095051385958e-01 4.341798641133161329e-02 6.325430940179407879e-02 2.360727199752368222e-01 9.475617782104291467e-03 6.392840899845519953e-02 1.428810586748931466e-01 7.430634067007164945e-02 4.432850607466648496e-02 1.740981186540265652e-02 5.728315401358666792e-01 7.943594262337018430e-02 1.921750757785666355e-02 8.489135777353401524e-02 3.735329291153903497e-02 2.157743282310830291e-01 3.764325523666522400e-01 1.229645962630532274e-01 2.308253815065407499e-01
4.531250000000000000e-01 1.154760836249748568e-01 1.075716107580583364e-01 2.519671009764610781e-01 2.164914191401371216e-02 3.453386932566343548e-01 1.793035348055259381e-02 1.752507831511558589e-01 1.009680108826766370e-01 1.028906646980106733e-02 2.120705509849652448e-01 4.451940758576546364e-01 1.453094799160396799e-01 2.424351288133407833e-01 1.361361120355012444e-01 1.713971783540998439e-01 6.391804361376597979e-03 1.074315973550056397e-01 2.283932892774573065e-01 1.577633639401764820e-01 8.255784283220389541e-02
4.687500000000000000e-01 2.067958964475107020e-01 8.460412764072333669e-02 2.818589050836106669e-01 1.545549306484300389e-01 3.810253049766875733e-01 3.526760534581460660e-02 5.684327957177324336e-02 7.918389416326102048e-02 9.674126915932258763e-02 3.210692635749855250e-02 1.174363349026166792e-02 3.213940139529979922e-01 5.924033850171967625e-02 3.230833312756208331e-01 2.798791199500584859e-01 2.685903703864884751e-01 1.601638732167877111e-01 2.061198576454479625e-01 1.573710431882342775e-02 2.550944541477764282e-01
4.843750000000000000e-01 3.423587021659330598e-01 1.470341248886503915e-01 1.811170477533911860e-02 4.366262710432276123e-02 7.713696757768886969e-02 1.032965675989451076e-01 6.292172297981751816e-02 8.470537710603966153e-02 1.837843294953301343e-01 6.165164950090973317e-02 1.301599795258318315e-01 1.022385959848745446e-01 5.294444187675501068e-01 3.360321468871036443e-01 2.369327699571672219e-01 6.478129591194226045e-01 9.929400155613354872e-02 8.138482129461711845e-02 1.106354230969548574e-01 6.857936687106255813e-02
5.000000000000000000e-01 3.089190657693326458e-01 4.757173538459946172e-01 4.072481738441576793e-01 1.560588601720089112e-02 4.655213730331589361e-01 1.089877164772549978e-01 1.383307974686676656e-01 2.330564516418692500e-01 1.968762444243710441e-01 3.783744760342060975e-01 3.636563509690183271e-01 3.682313316723639929e-01 5.275909702008244606e-01 4.699241285833044013e-01 2.895865011421463464e-01 4.912001756034685140e-01 3.905273212328488341e-01 4.660421143025114676e-01 6.273239142702512205e-02 1.107391082701645324e-01
5.156250000000000000e-01 1.706151595111830011e-01 2.662377931035554424e-01 6.131872983959867351e-01 7.246199915245922496e-02 2.689142660200052881e-01 3.068839087690213296e-01 2.171565531015873518e-01 3.727600346091624051e-01 1.297565089974548613e-01 4.377991674161988422e-01 3.578514043377032938e-01 3.078776546958869945e-02 3.554288330855128603e-02 2.014008535900490282e-01 1.191512510328749247e-01 1.333724595528380241e-01 4.491213414641953561e-01 3.292430585518559827e-01 9.764944591697831411e-02 2.920659563724620766e-01
5.312500000000000000e-01 8.604137970593576934e-02 1.474721347951115369e-01 5.235973035759889926e-01 4.413533438118145691e-01 2.898038739142858033e-01 4.266693061517665142e-01 3.054624955064372815e-01 2.008187353347531262e-02 1.431442259046122878e-01 4.151540685326947644e-01 1.127675139135529692e-01 1.659906449767019065e-01 8.732705565498659339e-02 2.317999055585767132e-01 1.674101650383190698e-01 4.627520612308401726e-01 3.905647442134325131e-01 1.790245341147035651e-01 6.263679835846481733e-03 4.886462749705717812e-01
5.468750000000000000e-01 3.322460139739216722e-01 1.890393597404476655e-01 3.658202548726706693e-01 4.542291792508010850e-01 1.875923840948087451e-01 5.806903561868042019e-01 1.195721596893257049e-01 3.147970817488798811e-01 9.575012386431065725e-02 2.989712877229748211e-01 5.313824608979603736e-01 7.580061208319843757e-02 3.698580939472406737e-01 5.709871194825251184e-01 1.550817073269652735e-01 3.165465086727134447e-01 4.066254747129406655e-02 1.307509792199819387e-01 4.514219557493054369e-01 4.367296705290480419e-01
5.625000000000000000e-01 2.686955865317559589e-01 1.859855876035572120e-01 6.231588539756774958e-01 4.852057045980389116e-01 2.474689502355852389e-01 6.186077535040406250e-01 3.993682455148983568e-01 9.240494669380532045e-03 4.544604229230479464e-01 5.863303294221730022e-01 5.748531071524611846e-01 1.752113026221605585e-01 9.110446235264450798e-02 5.405326775664418548e-01 2.738762857923370264e-01 8.211009246448415511e-02 8.071061929583063510e-02 1.877328872975031759e-01 6.805154309001705260e-01 5.004096768829614517e-01
5.781250000000000000e-01 3.458175593167743256e-01 1.938491844125598551e-01 5.319763997500673858e-01 2.193910167261206301e-01 1.171193293360496129e-01 3.503154456950564599e-01 6.708195315173861584e-01 1.544095765667745646e-01 5.760843293163592227e-01 1.154012299069118175e-01 9.861256321824758697e-02 1.527020733577361122e-01 1.239973692037257408e-01 5.026456464052451167e-01 3.781028215682674665e-01 4.980872274951610168e-02 3.481376606953128228e-01 3.086140775100013611e-01 5.055738945480284796e-01 2.250655033992973730e-01
5.937500000000000000e-01 2.712684030952517422e-01 4.832672984119533721e-01 3.202573207451853143e-01 2.758286217109906860e-02 3.292253039255367275e-01 7.306623282114706186e-02 6.230779151823673256e-01 1.295010876266560751e-01 1.289294254709239251e-01 2.050075925966079182e-01 5.802133411012971170e-02 4.837098103158575246e-01 2.614765260044165651e-01 4.152207734500664160e-01 4.767523613639389479e-01 2.377960007540329546e-01 2.704629655255427201e-01 5.374573656291032897e-01 3.032191260491975404e-01 2.044347381963068921e-01
6.093750000000000000e-01 1.087853686803544051e-01 4.479679643881063766e-01 2.653551189538189692e-01 1.020329474473779113e-01 6.035403208275272879e-01 1.865649331901031438e-01 2.232007563696109809e-01 3.817080865929786127e-01 3.551589757278048043e-01 1.888802144726531018e-01 1.312656086918100040e-01 4.024708625717834942e-01 2.655041073878766644e-01 3.316311072861131137e-01 2.626907475230697564e-01 3.021470521567179990e-01 6.388854874738709999e-02 3.612612139472785033e-01 3.538241896443929946e-01 2.827265047444776358e-01
6.250000000000000000e-01 2.244614291104860271e-01 3.281578482167541583e-02 5.561219961228011099e-01 2.536853594487814001e-01 1.646348292304123662e-01 6.313090040193819474e-02 1.053001269742023654e-01 1.985867696386129921e-01 4.902033798797220676e-01 7.577739589226370476e-02 3.404762295663278371e-01 1.553049650306437546e-01 2.046369487831863898e-01 3.116495833635845036e-01 1.071171111462586867e-01 3.042200039399495237e-01 2.837811897170798570e-02 1.746535984608916237e-01 7.813417917574333460e-02 3.002038582322477667e-02
6.406250000000000000e-01 4.554197779502575788e-02 9.669718019495400496e-02 3.981199810543736839e-01 4.356154702268048018e-01 1.528151361026264254e-01 3.724284776735071745e-01 1.607629040825800382e-01 5.169322176111732503e-01 3.057628999967463845e-01 2.242251906978722301e-02 5.728264462905724441e-03 2.804224497605882216e-01 3.617028878024976524e-01 3.206094141929958785e-01 8.809069233605504312e-02 7.362270173478421276e-01 1.369418881893532669e-01 1.497256509058630114e-01 2.869362952391909527e-01 1.140073521683219147e-02
6.562500000000000000e-01 1.348283988649452703e-01 5.973496653110451499e-02 2.745775701965276136e-02 6.866637159575791349e-01 2.133751069839710524e-01 2.535106195754727176e-01 3.511485291992723357e-02 8.647689396731429723e-02 5.704243229884239375e-01 3.211544307354665534e-02 2.046588919810533591e-01 2.139175956520127098e-01 2.656550081754328607e-01 1.069412879204173356e-01 1.511564927229881172e-01 5.083838366283196519e-01 4.233055272815209463e-02 3.060184870681378899e-01 1.172095296807436904e-01 1.077586675989439385e-01
6.718750000000000000e-01 7.227030034106023126e-02 3.022137347891751813e-01 1.237734784785339132e-01 5.588595371172713211e-01 1.716549165561652435e-01 1.664220599996677971e-02 6.316816513337736305e-02 3.606301714179244167e-02 7.235011461766355234e-01 1.342363047709016315e-02 3.963473870521067033e-01 1.492100151672708097e-01 4.996201994244856559e-01 8.875817167754221360e-02 1.857415026798998892e-01 1.206027869815204795e-01 1.517995930583330988e-01 3.776034850997908032e-01 4.606402314423754807e-01 1.281547198939957111e-01
6.875000000000000000e-01 7.575750698788476234e-02 2.297734740370625112e-02 9.351157104883997540e-02 4.315606047042933602e-01 2.209065022854661206e-02 3.536578598590223686e-03 1.671053836657870884e-01 9.934036757300852925e-04 4.294675739044729879e-01 1.632062309438941233e-02 2.925939226237020963e-01 2.262278358011852453e-01 3.718759957901983104e-01 3.545335911863424228e-01 8.253934613650841176e-03 6.266139262591846615e-02 1.219205542391402393e-02 3.726831536709753201e-01 7.078012397124962534e-04 1.296185720185742685e-01
7.031250000000000000e-01 3.077544884298268925e-03 1.099450695879158058e-01 1.919957687675274138e-01 3.181272618796258667e-01 3.044883169660531075e-01 1.182129734364614215e-01 1.761741808057399883e-01 3.019565952941705156e-01 2.264004856406978405e-01 2.123975916057893043e-01 1.704733596249933536e-01 1.368413172313556747e-01 2.073079791619297785e-01 4.952420333089207483e-01 1.761198560086817827e-02 9.893415540511974610e-03 4.600456768799043861e-02 1.006179526180834144e-01 7.351014946708153697e-02 6.889858085038629010e-02
7.187500000000000000e-01 5.253811482737672650e-02 4.301956699473187822e-04 1.090733340356025843e-01 2.409468844997229298e-01 7.219360312122809209e-02 5.102238113410546561e-01 3.559690656522136731e-02 6.745414221686360512e-02 6.097979990561003261e-02 1.582595652520842749e-02 1.007642130511907513e-01 1.420133790074347424e-02 2.472008214290775108e-01 4.549660250226721103e-02 6.563086770675924386e-02 7.827050613349932628e-02 9.855102526605072355e-02 1.062724099533477948e-02 3.175278888162633151e-02 3.978078707601618268e-03
7.343750000000000000e-01 1.149944217060038659e-01 5.487311944838252353e-02 8.065149450268391251e-02 2.585996191152743415e-02 1.550322647140005006e-01 1.556029006987809660e-01 9.059362690838881904e-02 4.159811133950130912e-02 7.898324374736705178e-02 3.039249873724670856e-02 7.609620426476567702e-03 5.438939834613439397e-03 1.116249195650363853e-02 9.053180919321485165e-02 7.217988197267513617e-02 1.232788160121146559e-01 3.571659875460421636e-03 6.871769748521043553e-03 2.962142438980566034e-02 1.889735121857506750e-01
7.500000000000000000e-01 2.024421877342914289e-01 1.229689370105379459e-01 4.492676634090341653e-02 7.292032403146085640e-02 2.458224690149616865e-01 1.924686731845973997e-01 3.752828290613319240e-02 1.368746290415606866e-02 1.200490468343345662e-01 1.359392464769156317e-01 3.140051341521058609e-02 8.648949353649884597e-02 3.059722723565585015e-02 2.271496124535275218e-01 1.019209699957539413e-02 2.097870623617456298e-01 1.314092477976268672e-02 2.037082103526539900e-02 1.257200222963975600e-01 1.509213589175228687e-01
7.656250000000000000e-01 1.516691548879545437e-01 1.571252048551366118e-02 4.896799149911934546e-02 1.004888361385046086e-01 7.835164074334510786e-02 1.409397977561234749e-01 4.089559930873457733e-02 4.020332489178979340e-02 1.248592282830020272e-01 4.367625794283357954e-01 2.500984295356794007e-01 3.083930828681829550e-01 3.849994431406725814e-01 5.205738571181620783e-02 1.983290688772481811e-02 1.341205091322835441e-01 2.228195367516464659e-02 3.714925550167619273e-02 8.803084552196679957e-02 4.377247151228335492e-02
7.812500000000000000e-01 8.817020704377924456e-02 1.846730258402763669e-01 1.653013435011767285e-02 7.789993501734665537e-02 3.652678193998902256e-01 1.246954040324542851e-01 1.747595304278385664e-01 1.352607514594286464e-01 1.413316174715665285e-01 7.345551880970270509e-02 3.877834247917947286e-01 8.059550947498998925e-04 1.486356513971962279e-01 3.433966918005222635e-02 1.222052197440652403e-02 5.144838987289886232e-04 2.630798390906042838e-01 9.723317500027608973e-02 3.663192075024170047e-02 9.016782649609929312e-02
7.968750000000000000e-01 4.303747464277063450e-02 1.820899993833270669e-01 1.188311012023746116e-01 3.538295220711820677e-02 5.162489741552268585e-01 8.279182474508374814e-03 6.236534175739572028e-01 2.269198608866804245e-01 1.848538115427968975e-01 6.316396913405441724e-03 4.692484620581233862e-02 1.840847331252895014e-01 4.039202435824568727e-01 2.403123561446643131e-01 1.958321631729776149e-02 4.132557510466013384e-01 4.778950365316157745e-02 2.034229251722554921e-01 6.009772439043543218e-02 9.365208936570505738e-02
8.125000000000000000e-01 1.149040879765645951e-01 1.285636362799118249e-01 5.669942086776980084e-01 4.795732683570294586e-01 1.820191547162370860e-01 3.131793182067082459e-01 3.858556643754532667e-01 2.104701310850552454e-01 1.424998620647510983e-01 1.223907685364169912e-01 7.849291904403513098e-02 1.909987426541654223e-02 2.009081465939166755e-01 5.166711193590344253e-01 5.001570227163164989e-02 5.160459987536469839e-01 3.022124151945324022e-01 1.234810788835092182e-01 2.990555884675760168e-01 1.213603237576849070e-01
8.281250000000000000e-01 9.215481036162177786e-02 4.565630136127555444e-02 3.740032718549318735e-01 2.087829148962645417e-02 6.078650289650626426e-02 2.040218640837989927e-01 1.203960122360885759e-01 5.219249096519091441e-02 2.469814013304610922e-01 1.336730858086263296e-01 1.812910073618021617e-02 2.643399751551117616e-02 2.754920062683824389e-01 5.525811981175852150e-01 2.174134032940560624e-01 5.364790352802678575e-02 2.019072572168505442e-01 7.974613519080572810e-02 1.053486511482971955e-01 1.925831672882991896e-01
8.437500000000000000e-01 2.683867778331923137e-01 2.692360529404693725e-01 3.784810673791965674e-01 4.341959446300110437e-01 7.840401196141347229e-02 1.614673382757589315e-01 2.777555201627573966e-01 2.552734427895904101e-01 2.460631698165445802e-01 2.497875398396136593e-01 1.337612277731005661e-01 6.610123333731000861e-02 7.158844601191866053e-02 9.123682576332436955e-02 2.117307844553116269e-01 1.096409029545254155e-01 5.899895100562619898e-01 1.108483454134528284e-02 3.346019258785647849e-02 5.892936469988903081e-01
8.593750000000000000e-01 1.183270701101998001e-01 4.787737176495887037e-01 7.366115214335526851e-01 1.767149187528090082e-01 3.455638246200039010e-01 3.258209866334931815e-01 5.325345399247519707e-01 5.541768397818971348e-01 1.159393981551990055e-01 4.194909264221570178e-01 2.925530277323085682e-01 2.650256178744198610e-01 2.249064500079984985e-01 4.583056838765732777e-01 9.856605747494173730e-02 4.641178462095018054e-01 5.391048146231802729e-01 3.686944716518902321e-01 3.078673250958442464e-01 3.037350166320075262e-01
8.750000000000000000e-01 3.189092859097411026e-01 3.995196087640330296e-01 7.408731689187894043e-01 3.173812383554119321e-01 9.539628363477521689e-02 3.605448699251063704e-01 5.138232401555836715e-01 5.120839397517376601e-02 4.419046128447960686e-02 1.496865455911282616e-01 3.245483852694395349e-02 1.236856139216600120e-01 3.944076033403256520e-01 6.671577569557790577e-01 3.140433999895508865e-01 4.136023685635670244e-01 1.950000087982513286e-01 4.787015702989033672e-01 4.927718990197607063e-01 5.445396341199939538e-01
8.906250000000000000e-01 6.372242570816806506e-02 4.537786226704590420e-01 5.632406042940597546e-01 6.920060648422297067e-01 2.415769598866189527e-01 3.496834825034955130e-01 5.602923861018721530e-01 4.604692394742006534e-01 2.383044399442475758e-01 1.231462011983595339e-01 1.259407261453381055e-01 2.254847387965127903e-01 5.002488767334704045e-01 3.788570472705410364e-01 6.423105374925619504e-02 4.092752468520198805e-01 2.842545595807191572e-01 6.609029952304927846e-01 2.800304481169023085e-01 3.893603980970329337e-01
9.062500000000000000e-01 4.196406342696266251e-02 2.929536364073062060e-01 5.603372823021316451e-01 4.159977642642975759e-01 2.027327947052835755e-01 2.591937596659883991e-01 7.447462308976949830e-01 2.204072167402547355e-01 9.097635167242795751e-02 3.296875497881965877e-01 4.587948907150153355e-01 2.194934106146267938e-01 5.061300570478208805e-01 2.358250923784345199e-01 1.860528181182316276e-01 4.019711062916289102e-01 2.294113020822850096e-02 4.887392172919398647e-01 2.710676901520102655e-01 8.385617961169884726e-02
9.218750000000000000e-01 1.573069878417473200e-01 1.691879996198892289e-01 8.864973416947007079e-02 1.809515317080772623e-01 2.424974281495170803e-01 1.058343867757736978e-02 1.020831343443065614e-01 2.973564546240962114e-01 1.352766598991891056e-01 2.284462653145416799e-01 3.145354929556213874e-01 1.439533973830766922e-01 1.126352459255757915e-01 4.674941393171924003e-02 1.724072484334734368e-01 1.337708586814473910e-01 1.145315243475682060e-01 5.636179404308753332e-02 2.130255299257108603e-01 2.561436933858976875e-02
9.375000000000000000e-01 4.641439468140780289e-02 3.443958818941907918e-01 3.874158022352179598e-02 2.537629759900335014e-01 1.652870708172044512e-01 8.049976214548107412e-02 2.264858008138439030e-02 1.138693763107541668e-01 3.295742539297922824e-01 1.962433233733477667e-01 4.939883342621108064e-01 2.552096668369212007e-01 3.016940745782720756e-01 3.602153970755050949e-02 1.896520387504072314e-01 1.438857454209795383e-01 3.386513241052654249e-02 1.053023318405817144e-02 3.612000474901737486e-03 1.016374935216936698e-01
9.531250000000000000e-01 3.259188615830286850e-01 1.365154297992107468e-01 2.038648459956499959e-01 2.964664709725428060e-01 2.774318446719734599e-01 1.599939167964799236e-01 3.243341225108795634e-01 1.722534226525039291e-01 2.174294180273594890e-02 1.030679498185251286e-01 7.897995293724033306e-02 1.862998641196864924e-01 1.600531836060552215e-01 1.796153862976372362e-01 4.223168667739420762e-02 9.971345122463662336e-02 1.206314334626992779e-01 1.849916014787361118e-01 3.048742855651039724e-02 9.205064147072899994e-02
9.687500000000000000e-01 6.013532615713700069e-02 2.725445316277996799e-03 2.196893949666829660e-01 1.209481309730748438e-01 4.884222260825557549e-01 3.030109535208314053e-02 8.488829390515148510e-02 1.259115198703745532e-02 1.131772583120017883e-01 3.941326061999212982e-01 1.905188183034935701e-01 1.626100996911927776e-01 2.069255121726399083e-01 4.930227797332233930e-01 1.234690575877845642e-01 2.319025962130483176e-01 4.603063751158384398e-02 3.744536108459611823e-01 1.298398925830068773e-01 4.964926855441055553e-02
9.843750000000000000e-01 3.564926333260679675e-02 5.046026255523121673e-01 3.079921014918493016e-01 7.958967739018975307e-02 3.896264203724560810e-02 1.733182853527246714e-01 3.066223084790670184e-01 1.027296672292843660e-01 9.517966373452098339e-02 1.114587890955453945e-03 3.817760885661038855e-02 1.056706165257565583e-01 1.236149916867103626e-01 3.098543767511711677e-01 3.251924556676590861e-01 1.183683333474434135e-02 1.823313460048412143e-03 6.862003007409749056e-02 3.579482566310646652e-01 9.609785422009663181e-02
1.000000000000000000e+00 2.842171775767643113e-02 7.908381595354182503e-01 2.339462744934726057e-01 1.138813416516671617e-01 5.977184498994599776e-02 4.368813223839546067e-01 3.807410094043787718e-01 7.149898806768931192e-02 1.336226125267867548e-01 8.322080108935238363e-02 3.442807716096048937e-02 1.113297586352105656e-01 7.822638063194527203e-02 6.260625895040415612e-02 3.161398967798401682e-01 7.101703876220052947e-02 3.468168800401800755e-01 1.904865301626413043e-01 7.462444282927936656e-02 8.661231249068243598e-02
1.015625000000000000e+00 3.850885514942217844e-03 6.346526590718967187e-01 6.000589002365870339e-01 1.551300020211817676e-01 1.621221774942295246e-01 3.206186972541402169e-01 6.691919909329901994e-02 2.065705661719349218e-01 1.877274071224896423e-01 2.319761447454976588e-01 2.218207985137868321e-01 4.140432988020514848e-02 1.599822516275400675e-01 5.955821794005466963e-02 1.141277760319453355e-01 6.187192616022552105e-02 2.557998069123640014e-02 3.583424297594279273e-01 9.281986793191462914e-03 1.495930217000124296e-01
1.031250000000000000e+00 2.124949291749613778e-01 1.383128954965076873e-01 5.182052823492407923e-01 2.184734296864438985e-01 9.264162572199413637e-02 2.461909909659678319e-01 9.823201747328265399e-03 4.163114192658474155e-01 1.948987333890556117e-01 4.881365352446974115e-01 4.537994375078961973e-01 6.053179984874123010e-01 8.560810307415760156e-02 1.564233492698440808e-01 7.197688746084827949e-02 2.358043952124198039e-01 1.766539801681586003e-02 1.906689026888720995e-01 1.530004475750391113e-01 2.825717806094165119e-01
1.046875000000000000e+00 2.138980980891794781e-01 2.379051951618508798e-01 7.006506842327792084e-01 1.089689957234642598e-01 8.540584129709341554e-02 4.998037460314596614e-01 1.139869761197717796e-01 2.466192262458195839e-02 1.374399252801668248e-01 3.323424436490709510e-01 8.429824835539792560e-02 4.581934517654834282e-01 1.394809903652100558e-01 1.681346436904619934e-01 1.201203604637773453e-01 4.104854270206906991e-03 1.780674159325212891e-01 3.025530319696511650e-01 1.250756283928713686e-01 1.618768842989923296e-01
1.062500000000000000e+00 3.247283639735573657e-01 3.384626186027973882e-02 5.541388576296016888e-01 2.622863751815752709e-01 4.203596242010236295e-01 4.200144213054194386e-01 2.005821566893321584e-01 4.156598105400810539e-01 2.426249460271843184e-01 2.426695807906194269e-01 1.681992135236352048e-01 6.742038104225006774e-03 3.979706054873426158e-02 3.381423943064580939e-01 8.407434493843502638e-03 9.282744999253783602e-02 4.295026381496407919e-01 2.252732811189169515e-01 8.696828971034507860e-02 2.146230198092312635e-01
1.078125000000000000e+00 1.910206999802585570e-02 2.627437974821916766e-02 1.283120340545661764e-01 2.463113464645382347e-02 9.863494917356128988e-02 5.417493484012632088e-01 2.497663190989941051e-01 1.368442046264242706e-01 1.063129896433845922e-01 3.492936650112216102e-01 1.063495807930695120e-01 1.662912910531198774e-01 2.193083810843143577e-01 4.254483611337342985e-01 1.517241123516127436e-02 1.010773151678143328e-01 1.012451781223609321e-01 3.506295962434151092e-01 2.442513216803817167e-01 1.080608307690247433e-01
1.093750000000000000e+00 9.267528227598952062e-02 1.294696594730116064e-02 6.571319197304684168e-02 2.255442132746462158e-01 1.901235643950278387e-01 2.669435046515228893e-01 1.350477531616972038e-01 5.168335831956981374e-02 1.100507584168841507e-01 4.308658605578425949e-01 3.193533855044313752e-01 1.715406929714631823e-01 1.045150315293409959e-01 2.604168440682089192e-01 3.321906119782873368e-02 2.006568445271097179e-01 9.371485066504532668e-02 1.655137266976911548e-01 2.281420899659168666e-01 7.498938851349327972e-03
1.109375000000000000e+00 2.308453679931983873e-02 9.234554516038839811e-02 7.939859394235191867e-03 1.321899770856904410e-01 3.289710308531148542e-01 2.718108784304916203e-01 3.798611256341192233e-01 4.968737923394238032e-01 4.767599198600185884e-01 4.952696864319147685e-01 3.699232852698737806e-01 1.472369961784215087e-01 1.088738201213529516e-01 9.943585439319693742e-02 1.260819505448060839e-02 1.614507346966896073e-01 1.248978997027584137e-01 5.614771009607136959e-02 1.820133208458237645e-02 7.815100539198915723e-04
1.125000000000000000e+00 2.728685356365312051e-02 1.337488733976949784e-01 1.624163479339033322e-01 1.193598955201366323e-02 1.421021188902922561e-01 5.752719515972833098e-02 3.422578310003608904e-01 4.605513760287923697e-01 4.150482109224516991e-01 3.467105775925895944e-02 2.624776058728216926e-02 8.838233601849250498e-02 9.498052481792533530e-02 1.292542749415583059e-01 4.646364030535822531e-02 2.467456289230721966e-01 1.129880072866265399e-02 1.682782110903797423e-01 9.150864345722864446e-02 1.557489720035560785e-02
1.140625000000000000e+00 2.683282473517680997e-02 2.074140601733025224e-01 1.148240625759954503e-01 4.227989108662176532e-02 9.240878784924129452e-02 5.850387066193674795e-02 2.375687817594730224e-03 5.114590377583363295e-02 2.322530886844272613e-01 8.402797445052853642e-02 1.405023416884978726e-01 1.613160949671504363e-01 1.992652159582535831e-01 2.009455090008786804e-01 8.092980317949438965e-03 4.966051054350677924e-02 2.532117847443904890e-01 2.288780095552888638e-01 2.848825675215594169e-02 2.231316106279000906e-03
1.156250000000000000e+00 1.778778163009951951e-01 1.181598661864003384e-02 3.888380488433507837e-02 1.263366162858098884e-01 1.429068127790873444e-01 4.188598878089861977e-01 4.352432108353426060e-02 1.348612903250239470e-01 1.162295802830020340e-02 4.947519384091278449e-02 2.974394933770178051e-01 2.218687846951513110e-01 9.585796038889562998e-02 1.797100593312766226e-01 1.137913083913861256e-01 9.395190561269414764e-02 1.592184807455195375e-02 1.954759843487417770e-01 5.879416779143693123e-02 1.980440036715869212e-01
1.171875000000000000e+00 9.094523773098781017e-02 8.182325757525320264e-02 1.093825885168412532e-01 2.247060855985318351e-01 2.090753084217785995e-01 4.304659643541736691e-01 4.932317205563110929e-01 1.781140111308405494e-01 3.771298520320457565e-02 1.442911124943285599e-03 1.774253320821002622e-01 3.435853491440782163e-03 3.726213090305751652e-01 1.790384597848635184e-01 1.055211697602907034e-01 3.446328680502122599e-01 2.137909395921621936e-01 2.423206103294717195e-01 9.781642753915102684e-02 2.987233393734169962e-01
1.187500000000000000e+00 3.094652915935990900e-01 9.698979074213429086e-02 8.258530758727113119e-02 4.606990423768970166e-01 7.559175759158315300e-02 3.392335821963337605e-01 3.907636857597914792e-01 8.641096114091639802e-02 1.298307747814394508e-01 2.449209726337824300e-01 2.749918700628068910e-02 1.627216350090843477e-01 7.078774637413187687e-02 2.130186145296166511e-01 1.086161604542510289e-01 2.856411990933925282e-01 2.933495740301459431e-01 1.001621349849461245e-01 5.612563902627650814e-01 8.051937257665912895e-02
1.203125000000000000e+00 3.395753042818847739e-02 8.493148368897590617e-02 1.250399006561633553e-01 1.443226138764149569e-01 1.630642254232079202e-01 2.386502807008149263e-01 4.278692810805878044e-01 1.645260475253038923e-01 5.650167620253838258e-02 6.149520323116620668e-01 2.042912330704008475e-02 3.400902846253183176e-01 2.693562702523061847e-01 4.712006840581658418e-01 5.036944512328882240e-02 3.015664969307060295e-01 2.951495456342798085e-01 3.759816642681489962e-01 5.542947520161298214e-02 3.596920386250323370e-02
1.218750000000000000e+00 2.168306976067690406e-01 1.822561988317678294e-01 4.364520624052823927e-01 2.475173618498301698e-01 2.182675014618524478e-01 2.742795944451664053e-02 3.190282433144877583e-01 8.271866448415758633e-02 3.195196622690683608e-01 1.220665672171022953e-01 9.862934411586161965e-02 1.159633690915157916e-02 4.505863070188648872e-02 5.111369954473569122e-01 2.397765352436206573e-02 7.043543188211519313e-02 2.660632498197508800e-01 4.278416595188754279e-01 6.168267632607742079e-02 2.486747507752602449e-01
1.234375000000000000e+00 4.933558942542060066e-02 3.844635396494623051e-03 2.895005975531631526e-01 2.097028844736836262e-01 3.282232883207897300e-01 1.441499296962321652e-01 1.367942267606761242e-01 1.439289722272523997e-01 1.293563824939134577e-01 1.620934030991816044e-01 3.685281445589722593e-01 1.395927661162696121e-01 3.813526629650688116e-01 3.756891312547395723e-01 1.300007296402798385e-01 9.047395830642318559e-02 1.043831984881696956e-01 9.289383682073322490e-02 1.455027220253377607e-01 1.262462693400445701e-01
1.250000000000000000e+00 1.579705374502959198e-02 4.182633680721289070e-03 8.607405532065422193e-02 1.451373883674241527e-01 4.936802622024888398e-01 1.957664441191060145e-01 1.557041065001111002e-01 7.948948682433921997e-02 3.252654448080659066e-01 3.097471957312691315e-01 7.099378365272684954e-02 3.353248839350040367e-01 2.282711365177099994e-01 2.223287768211874016e-01 2.115156341727865708e-01 2.636031206386920886e-02 2.260588696617451265e-01 3.864751853959801919e-01 2.409607701015867853e-01 3.901639884071304853e-02
1.265625000000000000e+00 4.938132898155343092e-02 8.460358914199976599e-02 4.552456171207776986e-02 1.635622290044972116e-01 2.481444753750082777e-01 7.619053456978698569e-02 5.192320553739522282e-01 4.059180425777140361e-02 3.216682393873634017e-03 1.601760225871141086e-01 1.474674386891457536e-02 8.451951820942524979e-03 1.389147831002104233e-02 3.642048484993010704e-01 1.661469582995167837e-01 2.296647853427410402e-01 1.679526915526182995e-01 2.279977311204197665e-01 1.583405289738301913e-01 3.496849092537266945e-01
1.281250000000000000e+00 6.180987234544071257e-02 7.156657227621872341e-02 2.429073120695464036e-02 4.660704381486450165e-01 2.265783329086682243e-02 2.622833808042209780e-01 5.401541539252501245e-01 3.888275926455486003e-02 1.476121695456928118e-01 2.356733219876753771e-01 1.261818966286141486e-01 1.966313502379853778e-02 4.947884041180664050e-02 1.624131305199451314e-01 1.386859306783833345e-01 7.427095071305096774e-02 7.234507761315543684e-02 3.083235598847392511e-01 2.022896656994454256e-01 6.159586021541864354e-02
1.296875000000000000e+00 2.325215602236465340e-01 1.275063756639025769e-01 9.718093085843428069e-02 2.129380530956648532e-01 6.070843632223654057e-02 5.614303277068932729e-02 7.026369116657085745e-02 9.173760008189772719e-02 5.898211147729286695e-03 1.670644922906484309e-01 1.905675666719407468e-01 3.545681054010919597e-01 2.342689435543232890e-01 3.330197156786063872e-01 4.836960376064337180e-02 2.410857327226068395e-02 3.069746595319331472e-01 2.585441396793726199e-01 1.265710911469236089e-01 3.358250995977188434e-03
1.312500000000000000e+00 1.227011843573515976e-01 1.365704017420493570e-02 4.669564588918700965e-01 1.556803516878325355e-01 4.103635088890331684e-01 1.934174135698163086e-02 1.542438391034576528e-01 1.663826376046695713e-02 2.329802029797256313e-01 1.647031378439255123e-01 1.575921536028920822e-02 2.120259101616877861e-01 2.732752604794259563e-02 2.786326402811616365e-01 2.210978217500305931e-01 2.241325084857525435e-02 5.126300846080093787e-02 2.208457048566016823e-01 1.950943673276848978e-01 2.404604512297975616e-01
1.328125000000000000e+00 3.218394158157564244e-01 6.651708998308640715e-03 7.047061210771210504e-01 5.182284237880901284e-02 4.670854649625169955e-03 4.350780775774490926e-03 1.689195534942715959e-01 2.302692406596358876e-01 3.729764302170523460e-01 1.206908288482824165e-01 7.534094610705299733e-02 6.107303644168696755e-01 3.475475372915744904e-02 9.226953849438612743e-02 1.104333646761759269e-01 2.730370983691089437e-01 3.686675405712118159e-01 1.134326133506679823e-01 1.791097709409690264e-01 1.637367931990362999e-02
1.343750000000000000e+00 1.358244024234560310e-01 6.071213346634533881e-02 1.457753481307794974e-01 4.866416075132672103e-02 1.159757113752489383e-01 1.938581204351987608e-01 1.693076662189847981e-01 3.307076038329291312e-01 3.209341247190401480e-01 3.403225606307049012e-02 3.319161748562712289e-01 5.538148978315583504e-01 1.198552297164164615e-01 1.609676864193592960e-01 3.052010877186067672e-02 3.753474489330503316e-01 8.094370883565771280e-02 4.566570688399687050e-01 5.925590169067396912e-02 2.311029548532675670e-01
1.359375000000000000e+00 1.924448166975994412e-01 4.768901577868830954e-02 3.813610181709174984e-01 6.268538064738798932e-02 3.545456505069004283e-02 2.285533834059597091e-01 2.770154147076411832e-02 3.988331604295702881e-02 3.007034857933927330e-01 2.651873296164472538e-02 4.105376243827262850e-01 2.978215236403997657e-01 1.553051845997882319e-01 2.612004083455227166e-01 9.381787416501595478e-02 1.566440348233878177e-01 2.184950148535624859e-02 4.930872554182638146e-01 3.673280728798486439e-01 1.545169565810049772e-01
1.375000000000000000e+00 1.407638304037261145e-01 5.306834024237745695e-02 6.591657827011786486e-01 1.586225031753025483e-01 6.437962656949160201e-03 1.470439585775080993e-01 6.718120096289983967e-02 4.331814109520742417e-01 4.336346981692155711e-01 1.703234956145012191e-01 4.607805448698207851e-01 2.162683995916490076e-01 6.311244319099565403e-02 4.418455297540962445e-01 1.501380060597383992e-01 2.084769481247284173e-01 1.672276744419741723e-01 1.613960170656094650e-01 3.206343125043294162e-02 7.767636040994434221e-02
1.390625000000000000e+00 5.727662614824865356e-02 1.886604660353283780e-01 3.806705684279216850e-01 3.382353288658146995e-01 6.492714919391420758e-02 5.085518921554872396e-01 4.906826352272647407e-02 1.306673091028221767e-01 7.461502985325145498e-02 5.945580611739283150e-02 4.917795985198556985e-01 1.335211882044008425e-01 2.243496862836864836e-01 2.746371970439179799e-01 1.233061954065724913e-01 3.882175600016141148e-01 5.810170544068705978e-02 5.548834367383674859e-01 8.588950949216651864e-02 1.792845170503090668e-02
1.406250000000000000e+00 1.081145527806297718e-01 1.264953454655889931e-01 1.906139897567701025e-01 1.284695367846433733e-01 2.168643930527563990e-02 3.904728611513868519e-01 1.415135368127089788e-01 1.652353715276721688e-02 8.992498363682198403e-02 7.781347361575262356e-02 3.429379419935427165e-02 4.397676658250115889e-02 1.381453216667155592e-01 3.247726633718978628e-01 1.161013911262609583e-01 1.041493966949655764e-01 1.730305518685281152e-01 4.040480184705004807e-01 9.647722040072112537e-02 2.915664836594575871e-01
1.421875000000000000e+00 2.328546894797775546e-01 1.328070856111836229e-01 2.884664916305179627e-01 3.161189835706584156e-02 1.131721827185612657e-02 3.691223115734374449e-01 3.515492075695351298e-02 2.227355871770015424e-03 4.709440575512618965e-02 3.513987261561405950e-01 9.183079396211382694e-02 1.519685640343308164e-01 7.913115847801217850e-02 3.313246922643002246e-01 1.626291997829845334e-02 4.564880417917251479e-03 2.443249422055953080e-01 2.053435858282896542e-01 9.899568879848692771e-02 2.117295383312038370e-01
1.437500000000000000e+00 2.802535540091822489e-03 4.113026927272486755e-02 2.721520254143676154e-01 2.171030240658398600e-02 1.230803894926574965e-02 1.209591771934701715e-01 1.412391104321937714e-02 7.872490226718986683e-02 5.889033027845159279e-02 2.060209780806138147e-01 1.734913334923001912e-02 1.453723800929442866e-01 6.874073721488720840e-03 3.590504866382140947e-01 1.437579207472614584e-01 3.405443406493619540e-01 2.618136065091786549e-02 3.698907668820852201e-01 3.676331209666429123e-01 2.424592287357768272e-01
1.453125000000000000e+00 3.924846547363177174e-01 1.041420744579785347e-02 1.390822159192529051e-01 2.160745226724795996e-03 1.998723212694563378e-01 4.832434574407420275e-02 1.950475081251729081e-01 1.737394846957611150e-01 1.026798855643772518e-01 1.496605819773145878e-02 1.875489078390600584e-02 1.316873126568708727e-03 4.387654216024167858e-02 5.262499728189962145e-01 1.154027468431018805e-01 3.869145667767025926e-02 3.863473097811244428e-03 2.692573823797138055e-01 1.879014044084945934e-01 3.350493977986677974e-02
1.468750000000000000e+00 1.266073700290443194e-01 8.594767101834527301e-02 1.486202528552652835e-01 7.808889513840132357e-02 1.035610517828866178e-01 2.637747375270255157e-01 3.178332440265022041e-01 2.708142543335516003e-02 3.492742510647795645e-02 1.009980932158255768e-01 2.455825325993326036e-01 3.952636323451311218e-02 4.620606651781463542e-02 3.906986441169577051e-02 2.068680714733427406e-01 1.484450812280090071e-01 3.055195901306209660e-01 1.387545350907228858e-01 1.343521428808797623e-02 6.475162102038177492e-02
1.484375000000000000e+00 9.237937031607074134e-02 1.432621385133114600e-01 1.942580315902116966e-02 1.056265917605823425e-02 2.495019292512022993e-02 8.339140489979202098e-02 2.619322548334531153e-01 1.647453438387624924e-01 1.161143936463582965e-01 9.961819831579538098e-02 3.937288906190106186e-01 1.924651084024013858e-01 4.458596233852257784e-01 3.994951945889613776e-01 1.313022603334942397e-03 1.317791846864286576e-01 2.980847114055926519e-02 2.275755261687259154e-02 2.914388182638982111e-02 6.675087411183441843e-02
1.500000000000000000e+00 5.963659670326052625e-02 1.833344398246163354e-01 1.333045150378197596e-01 1.529278748086297379e-01 5.052096904238633250e-04 9.472484932798621096e-03 4.270253106868273502e-02 1.584120560223089072e-02 2.033958438703776517e-01 7.419239517498853187e-02 3.769984208146017757e-01 7.812525046645392435e-02 4.488522231909835014e-01 6.647870321780151581e-01 6.391763213799563081e-02 1.860335030665585532e-01 1.242358385855995423e-02 4.822809781341862168e-02 5.640839566661443732e-02 2.307423329369116816e-01
1.515625000000000000e+00 7.329582650546668035e-03 3.986080072414044939e-01 4.012510463644093917e-01 3.427132784852208319e-02 4.237128251695534420e-01 1.293718406248896800e-02 2.351072074123901900e-01 4.011616496891238365e-02 2.637689155417769493e-01 1.076283754101972079e-01 4.322684331288452649e-03 3.582285937212595917e-01 6.487611137414987274e-03 5.757389412966379405e-01 8.035674495607633694e-02 2.759261049755067363e-01 2.862391687828751835e-02 8.570496123855355156e-03 4.895489352292132224e-01 4.463429703270676563e-01
1.531250000000000000e+00 1.996639285010961551e-01 9.056457617216347178e-02 4.820350978112933893e-01 9.140521742110434278e-02 1.462185912179211900e-01 4.935546791149220819e-02 4.060900965150629482e-01 3.964548680073490955e-02 6.101565932560391176e-02 8.430164683631037603e-02 1.855950536779813476e-01 9.434612787002555345e-02 2.299130828803633841e-01 2.862847267368548998e-01 3.692584179105452002e-01 3.681689234109309511e-02 3.697284214010844172e-01 3.579030949299915054e-01 4.920837224438288915e-02 2.574161196938516416e-01
1.546875000000000000e+00 2.665048327842282627e-01 3.676965403671732247e-02 5.043027300124645201e-02 6.140765430949067516e-02 1.903909125564949290e-01 6.057718050890742445e-02 2.149255152315977802e-01 1.418988550312027435e-04 1.134287141914365749e-01 1.989960797083776267e-01 4.199764264475441475e-03 1.543755062700405932e-02 5.593218528708043813e-01 2.021966328503547461e-01 2.242558038725015190e-01 2.407563676019288390e-01 1.805073779939421474e-01 8.506882414670374759e-02 4.305996489916816272e-02 1.962318476407132473e-01
1.562500000000000000e+00 1.271858360310797464e-01 2.938455754208135207e-01 4.017577443076836841e-01 3.063160973788432995e-01 5.375794692777657868e-02 1.102476126780759305e-02 3.838735314968774043e-02 5.433201218129517229e-02 7.617719334451227009e-02 1.032833519104073283e-01 1.939729658676050614e-02 2.480948823989476693e-01 1.528538519781800220e-01 1.063836212672619325e-01 1.003157854172175428e-01 1.243416976536873275e-01 7.189088657328280944e-03 6.021323725818581440e-01 1.411166917004148813e-01 3.593632308913686235e-01
1.578125000000000000e+00 4.642242771306680921e-02 2.816393580258336193e-01 2.275632021511286573e-01 2.084201424130117247e-02 1.297757811339698697e-01 7.669258677337172092e-02 5.906073986497741707e-02 3.523275826246151377e-02 1.139608521126343477e-01 1.246066758086319809e-01 1.620623258741988038e-01 1.303908563083690797e-01 1.241030983246773911e-01 1.611394925186811211e-01 1.641646229860027340e-01 1.085776026023574196e-02 2.658558024793735708e-01 1.813905114815467234e-02 1.714351402445981123e-02 1.598651179504398390e-01
1.593750000000000000e+00 3.302074935202160832e-02 4.648377091804020700e-02 1.352825347054808780e-01 2.199723804310591280e-01 7.858298328959591184e-02 2.721936848965613581e-02 1.357279456582224236e-02 6.749745607861024066e-02 2.974507418081426616e-02 2.043173748091592079e-01 7.025628203720899433e-03 3.467951490913444568e-01 1.280639822510437897e-01 4.549053408704225587e-01 2.657900327998604095e-01 4.127876323590863872e-01 1.367004804685952590e-01 9.378316419533951065e-02 7.083175389499708763e-02 3.404963544629696637e-01
1.609375000000000000e+00 2.078244294017515814e-02 3.396570609981204858e-01 3.748954691011788937e-02 1.678442915488875531e-01 2.782197824426912644e-02 1.340579323835579817e-01 1.873995844753851281e-01 1.907954080266476005e-01 6.039732954730660242e-02 1.089532968102841781e-01 1.541091850488405385e-02 5.100117768331964285e-01 1.451141235528241591e-01 3.302674118382639690e-01 1.001606637521310905e-01 6.724298222535420866e-01 5.298241639927409041e-01 1.450982394678284604e-01 1.617355991714086380e-02 3.311920603922718365e-01
1.625000000000000000e+00 4.256130455119602925e-03 3.030695391376034276e-01 1.399397751950936519e-01 9.086914888039131222e-02 2.504873123877418908e-02 1.958579913066118006e-01 1.224315323260027066e-01 1.966689551144429338e-02 2.261358051335798924e-01 1.630853013037068255e-01 2.045060945583650203e-01 9.639580604991503099e-02 8.892230501043650592e-02 2.784634904345767992e-01 2.475288977058692774e-01 2.847820392341489093e-01 7.030608047518820125e-02 9.417905084226559087e-02 2.706469799753289502e-04 4.893453226560915553e-02
1.640625000000000000e+00 2.067200872367223330e-01 6.346024251191155763e-01 2.987999078413330900e-01 1.085477098458487721e-01 7.752994979969261846e-02 2.772749611756636923e-01 6.555569070160902068e-02 2.104587884628719430e-01 5.307850011988093364e-01 1.239648376908597249e-01 1.427497316513075785e-02 5.486166777533688782e-02 5.656963817377397286e-01 5.496275714405452623e-02 1.420720884130335648e-01 3.579017784105435751e-02 2.354663524985091960e-01 8.180897334608408511e-02 1.140251885115003833e-01 2.288698791427204171e-01
1.656250000000000000e+00 5.002632899777975650e-01 3.513235671962992024e-01 4.648554404733045708e-01 2.059922065822213655e-01 9.928444437500524855e-02 2.179309475743479094e-02 8.444915034795905107e-02 2.948525455468309353e-01 4.372656924009096086e-02 9.843915644235901041e-02 2.248726562935062234e-01 2.272584893186105903e-01 1.066390492840336712e-01 2.573491839580113183e-01 2.716458924042452483e-01 1.853084784626713236e-02 9.546408893093357231e-03 2.501043899152528560e-01 1.247885871611725539e-01 9.369501050413546472e-02
1.671875000000000000e+00 1.079373950317722985e-01 1.528373497306149791e-02 3.540504273677737568e-01 2.313657383811348889e-01 1.111246134316459522e-01 3.279150469834001269e-01 2.131029794068219629e-01 6.235600929504258455e-02 8.329177264352767562e-02 1.884280762549584431e-01 3.287201118735728622e-01 2.049884546479366354e-01 2.067608471985793450e-02 1.038387441547036216e-01 2.802872429486849559e-01 6.479874457870170301e-02 5.043526446371581623e-02 9.920712640078939437e-02 1.398128951606698346e-02 7.401859838807187120e-02
1.687500000000000000e+00 7.616462913483874886e-02 2.423478514033696948e-02 3.474270599570310480e-01 4.528899129845878613e-01 9.931266459071852459e-02 5.846982112180835189e-01 3.978942828879982185e-01 1.994698177076469070e-01 2.309438517942855040e-01 8.997034303284030810e-02 2.270649343260841835e-01 1.800098931311771011e-01 9.924599089343909275e-02 2.202546343450287603e-01 6.138748729471921531e-03 2.033313075712955553e-01 1.239553275098917440e-01 2.093422211038674097e-01 1.647158856584426123e-01 2.332789926236984029e-02
1.703125000000000000e+00 6.890520319968809759e-02 5.065916889701038012e-02 3.721830189898694408e-01 3.729746045970711577e-01 1.630291986008227945e-01 7.392737140188178346e-02 1.657240240506865914e-01 1.769676942375632556e-01 2.932162140683512025e-02 4.941022832509932017e-01 1.640145729985787448e-01 1.407674490443312949e-02 1.418074121175861568e-01 5.561865863304269464e-01 3.577822001955136555e-01 3.007459924637586046e-01 1.593042659743743872e-01 2.212098142445202975e-01 4.004009396466524651e-01 2.290424399245463150e-01
1.718750000000000000e+00 2.399859679780503852e-01 3.114243043962531265e-01 9.509832764157891138e-02 3.557492091244608429e-03 2.668937605623334514e-02 1.608335353497363784e-01 1.884306240263608490e-02 6.735825425300762115e-02 1.391562141097618388e-01 1.788422083397358531e-01 3.334881816493839857e-02 1.645794394376256381e-02 1.514609436664428599e-01 5.371693146649567652e-01 1.797252275753670470e-01 3.012669665624908566e-01 6.502445274816179288e-02 2.376420357756139634e-01 3.741192676861013200e-01 1.575828169055275285e-01
1.734375000000000000e+00 6.010955617189576994e-02 2.224336017645776875e-01 6.401975562252815166e-02 8.087909469639799342e-02 9.161132769722909325e-03 2.785683106080707461e-01 2.351836194155628168e-01 3.888776443164370690e-03 2.452011041087376331e-01 2.229297470735105979e-02 9.650362847469647065e-02 3.183375794231539935e-01 6.435428525970202096e-02 2.601951379832683764e-01 1.481070701335684414e-01 1.573986944388055739e-02 1.066715166203801787e-02 3.726490978827406932e-05 7.710163377954133701e-02 6.508396944529909467e-02
1.750000000000000000e+00 5.663249839513280481e-02 1.166826705564752570e-01 3.005679584678002114e-01 1.588525362878393798e-01 1.660943901081684826e-01 1.454311659982252848e-02 1.063086525433815793e-01 4.212526097461667673e-02 1.364762864894085437e-01 4.765812636562185428e-02 3.521178006153627416e-01 1.208174240471053679e-01 2.140962917116418784e-01 3.475781622929031145e-01 2.938518052063620600e-01 1.869265261801554556e-02 8.989360336544059693e-02 6.649620784375223637e-02 5.653304234420660629e-02 1.941405034467809099e-01
1.765625000000000000e+00 2.229401654412518571e-02 4.193317650942196551e-01 4.461136779688579246e-01 2.902789974673400039e-02 2.182189350643093384e-02 3.892131622485563852e-02 1.238331124528390115e-01 2.186767388632976372e-01 1.349055979070277744e-01 4.160999495730735576e-02 1.326248429108923543e-01 8.054273204407051689e-02 5.656512139049194032e-02 8.043515912611265417e-02 1.659403734564372512e-01 7.633053898118927205e-02 1.669921950103557262e-01 2.630690658399902904e-01 7.302615544163532091e-02 7.452520727784694987e-02
1.781250000000000000e+00 1.065701783954139427e-02 2.255167432768752644e-01 2.110710087455793527e-01 5.013909345945198257e-03 5.304120616069817329e-01 2.490180322627869036e-02 9.298853642780624540e-02 4.131664580929697572e-01 6.250101352950977567e-03 2.091494500067391515e-01 1.988566616351777339e-01 1.851257093589497166e-02 1.526273982200842261e-01 1.596768013740941516e-01 3.738136771280003295e-02 3.674974463885909148e-02 1.790122976458307369e-01 3.093018448962003286e-01 3.169764797571347076e-02 3.210094126340706788e-01
1.796875000000000000e+00 3.941151810152285218e-02 2.085423466507918266e-01 3.739642302710230459e-02 1.235881719683901564e-01 4.010876655819635705e-01 1.053091582534500664e-01 2.076772757092646901e-02 2.281231224320911730e-02 5.651368196140758166e-02 7.704865736973884327e-02 2.395060736870965323e-01 1.378359183477246251e-02 2.956064679884464197e-01 1.547461882357998031e-01 1.866881699200376443e-01 1.051067724779865126e-01 9.546510016690959444e-02 4.421000016965094814e-01 2.121216917051989975e-02 3.672295965998312872e-01
1.812500000000000000e+00 3.172882312091314660e-01 2.640316990488200677e-01 5.723068823631206892e-02 4.257424436221620562e-02 7.165888047132942806e-02 1.623752468206971639e-02 2.030599114782401151e-03 1.644452177452650765e-01 4.432364926397911464e-01 4.758908731799695035e-02 1.961167097023437111e-01 2.050230311834216335e-01 5.622778007022584124e-01 9.481024261669400433e-02 2.635168357304560893e-01 8.638748875827903517e-02 1.138633443619916363e-01 1.050084595816442590e-01 2.978451015287398446e-02 1.300377342496339406e-01
1.828125000000000000e+00 2.896668082900125674e-01 6.620242869668427343e-02 1.634186704106787777e-02 2.476610397947635878e-02 1.358507583555786935e-01 1.916265355986395691e-01 1.449645471166049193e-01 3.306810884049784516e-01 6.255258586237077978e-01 8.531517808395905345e-02 1.778449530182669297e-02 2.480803584818173924e-01 6.144464612787372548e-01 7.056546708829522507e-02 1.407381855234490498e-01 1.164340269693120850e-01 2.856298745792216764e-01 1.624678254284579459e-01 4.844996561995722900e-02 8.083567422572446315e-02
1.843750000000000000e+00 5.551728538744113983e-01 7.988185428691166323e-02 1.694593800238178988e-02 6.704328470890023872e-02 3.702619823346137151e-02 1.781350451100688348e-01 9.753825624337721101e-02 2.450972883526292834e-01 1.714775447310523671e-02 7.402102535469250177e-02 1.426246092221744033e-01 1.619691062387992875e-01 4.107196547291163680e-01 2.031061702746211617e-01 1.453662080665835965e-01 9.337094800478736023e-02 3.379015660748623251e-01 9.184893060648307087e-03 1.021463168314086928e-01 1.943707028631024448e-03
1.859375000000000000e+00 7.645792636055607217e-01 2.200969820508107133e-01 1.112173958275660957e-01 7.626058763932822004e-02 2.740572558449622664e-01 2.406833568199056583e-01 5.036733989199997791e-03 3.796568657352922954e-02 7.150433300049009733e-02 2.354068093460665381e-03 8.997241921505789650e-03 1.669109646679570874e-02 1.161789937877142909e-01 1.519171706376800934e-01 3.985303699025302682e-01 1.897115445265050160e-01 3.245205346337252106e-01 4.458637561651419834e-02 1.033917795333519490e-01 1.289755277389870725e-01
1.875000000000000000e+00 2.704517700423704762e-01 2.400944347157528691e-01 4.954441720789636711e-03 8.506821865980444819e-02 2.432848683532685408e-01 1.182148335921665155e-01 8.568331776100460151e-02 2.346472853427988142e-02 1.864246189573483953e-02 7.448996777472448316e-02 1.148164695780774930e-01 1.297059159349017721e-01 7.380203684278642540e-02 1.055589909130799468e-02 1.260691236700181017e-01 2.318835469353511536e-01 6.558088870246178703e-02 8.468598916322876702e-02 1.588434688983405008e-01 1.533735639575460261e-02
1.890625000000000000e+00 1.396604034909321723e-01 1.965911341778459401e-02 3.785751911245596041e-02 4.274649199894035162e-02 1.103983771045425333e-01 1.822487678630639943e-02 1.171870981573724380e-01 5.942978789930496164e-02 3.945918685807481285e-01 3.920694701959418632e-02 3.329578832919339870e-01 1.278351727354545553e-01 7.922307299547469428e-02 5.989574092322133558e-02 3.245650275469218471e-01 1.074771283904422670e-01 2.503232782905066012e-01 2.082168032730584428e-01 1.442246200143961765e-01 1.288325622441506280e-01
1.906250000000000000e+00 1.580013958911232752e-01 4.331777124648179128e-02 1.550859207228695580e-01 1.970277858968043638e-01 4.870996174093324832e-02 1.829389256552176046e-01 6.457051822996402735e-02 2.682246394682015825e-02 1.283485276817178666e-01 7.504656762440029688e-03 9.248970675005996345e-02 1.507863278504320281e-01 6.159147123099450311e-02 8.848797021471196955e-02 3.868419952542153512e-02 5.614213970437907653e-02 3.788495142629295324e-03 2.828349312827668216e-01 2.613616579660913430e-01 1.558972112240061825e-02
1.921875000000000000e+00 4.458852547412535117e-01 1.155897069798083043e-01 8.414309524966594178e-02 1.347615584362934771e-01 8.995805615559208934e-02 3.146409401907621778e-02 1.200194334783392519e-01 9.336108479000319524e-03 3.295165022122056309e-01 2.521185664816694844e-02 3.532362389283676407e-01 1.023006149748465626e-01 2.671673193017851111e-01 5.132682854886989887e-02 6.534755692415205042e-01 1.786571951916653411e-01 1.914050713355937294e-01 3.009929659618110764e-01 2.377603046551378940e-01 4.198194823611769294e-02
1.937500000000000000e+00 4.836399831006902850e-01 1.460748601603986674e-02 1.168281683718097042e-01 3.788568043996833890e-01 4.482019404070570340e-02 2.039905880063567697e-02 1.357568027268480360e-01 2.386834992111796366e-02 3.817954417595334493e-01 5.958308594180126809e-03 4.489997502043130417e-01 1.260786030761660292e-01 3.167840619950895165e-01 1.154945836135586323e-01 2.955609238811269732e-02 6.956260341106175471e-02 3.042805781053775083e-01 1.536054801404184988e-01 2.994308292704527669e-02 1.691316942717044358e-01
1.953125000000000000e+00 4.325882200913580555e-02 1.697289574662926362e-02 9.545607134631771407e-02 1.570328474499831650e-01 2.063974019488478903e-02 1.172983775097005167e-02 1.781356277347541373e-01 1.214688231591710688e-01 3.726810868292068646e-01 2.580787561918416184e-01 1.682289245869356131e-02 4.285916316829268546e-01 5.440601688951513665e-03 1.759260470601967108e-01 5.314815173430265105e-01 2.074233157010001438e-01 2.031629325949105280e-01 2.156474337235111671e-01 5.382815875971187491e-01 2.381866983691437525e-02
1.968750000000000000e+00 5.518203895521280045e-02 1.990180086661343800e-02 1.307443716455179428e-01 1.801130892531834227e-01 2.565335106048255778e-02 6.685640471559531339e-02 1.682224160393337459e-03 1.935464525006151404e-01 1.485540890620283272e-01 1.843462489291291043e-02 1.213462993417309121e-01 3.911443578877589755e-01 1.174945396513864398e-01 3.062761919293961743e-02 3.584835906534128425e-01 3.471091540054211388e-01 2.334478976283065887e-01 2.154004355171694474e-01 1.609550408128176402e-01 9.105380293260805988e-03
1.984375000000000000e+00 5.304913342175637120e-02 1.529404490928342464e-01 3.469935360066068730e-01 1.812440127973889148e-01 1.102286612711578517e-01 1.029795084404782832e-02 5.970670433444017627e-02 6.978645559821132494e-02 8.153543444583306876e-02 4.383892402049080483e-02 3.013168191523913908e-01 1.965029409788518477e-02 2.676248834232833884e-01 2.530252337098710114e-01 1.476933476873382167e-01 1.258721841606518232e-01 1.195979635282377190e-01 2.859672041890189489e-02 2.672735807823391901e-02 7.590073395280796942e-02
2.000000000000000000e+00 2.836548344390270038e-01 1.715438675430189241e-01 3.050229098079221823e-01 4.963948884293984953e-01 1.839912322581206683e-01 6.230627847807711055e-03 2.912627674656652066e-01 8.199130238965253448e-02 2.520654669361916955e-01 4.929597465108778165e-01 3.041918539961768753e-01 5.921859016275357167e-04 7.652207043397176722e-01 2.297464125445982108e-01 2.889072086179791388e-01 4.203261254631916050e-02 3.312350702128905588e-01 4.512111100778056221e-04 1.584003011433787189e-01 1.300714531893736869e-01
