0.000000000000000000e+00 1.797373542963743853e-01 3.930142435841955662e-01 7.893592841177686503e-02 2.501281234283670232e-02 2.000063004859436444e-01 5.536110789502389495e-02 1.019111087258234433e-01 2.035515431241769202e-01 8.838104328079206262e-02 4.052932947176652451e-02 5.179215894146135257e-01 3.903244301281131867e-01 7.460449757104964386e-02 1.506859890205186191e-03 2.955029551003420796e-01 2.148939663772739782e-03 2.753396697062574505e-01 2.798073426167403677e-02 1.416239464723205166e-01 2.507673132391463611e-01
1.562500000000000000e-02 2.861873225905328111e-01 1.178841965247074824e-01 3.034257475525517500e-01 6.566589587900382996e-02 3.374927761057040093e-02 1.451371681056628504e-01 6.750413577696227907e-02 4.609092928808665168e-01 1.274510595900508747e-01 7.404517919516664937e-02 1.812796437567331387e-01 1.724928901648960511e-01 9.815024317521436892e-02 8.242190201765720037e-02 5.998645739416470501e-01 1.368073838470983683e-01 2.712072003559663491e-01 1.997829833468027158e-02 2.538490489081590695e-01 3.469481647975702909e-01
3.125000000000000000e-02 2.496831288128458226e-01 1.603456047243420612e-01 2.310451893173278565e-02 8.590037390705973497e-02 3.800475771320971363e-02 2.128417635420653820e-01 3.002353005476884329e-01 1.629778372005474818e-01 5.510861549751573385e-01 3.688023796481195160e-01 6.627977521534257621e-02 5.911104886391831126e-02 4.621275627081437160e-02 1.607811941695745650e-01 5.586964557769281275e-02 6.809249088890279022e-02 2.124892137658647706e-01 2.814056047944607508e-01 2.774478291179812151e-01 1.173501190591500348e-01
4.687500000000000000e-02 3.917450833920125830e-01 8.078029763488062120e-02 1.388047745604507194e-02 3.671113537776924396e-01 4.497946679099556339e-02 9.833081280419794790e-02 2.542704909868797603e-01 1.731164781900841332e-01 3.534160102930653524e-01 8.494462345007695869e-02 3.732534537504963446e-01 1.330237589146162358e-01 5.002178567577726387e-01 2.263263185105774122e-01 1.738079119863189803e-01 4.616059378427560603e-03 2.469476302342347440e-01 1.096849147276688224e-01 1.610654352974836070e-02 9.143924553336998939e-02
6.250000000000000000e-02 1.331678201264243078e-01 1.040884183286968356e-01 1.762038538591768622e-01 7.130690961542654471e-02 1.994335073280077142e-01 1.319436254575073221e-02 1.289752071726060489e-01 4.453388576201873506e-03 1.547441562829561523e-01 4.502938894533412006e-02 8.880772386133692353e-02 4.087918031667312629e-02 9.405067925235136017e-02 5.448048372865196137e-02 1.144593041720760873e-01 1.922267288754724848e-03 8.535720861158846429e-02 1.328245674522956776e-01 8.307339823347897889e-02 5.707077032508047626e-02
7.812500000000000000e-02 1.632141872277502459e-01 2.098846260870016744e-01 1.643268315135262003e-01 2.616529539241328473e-01 7.997796210815884266e-02 1.929953560052233416e-03 6.929506700672519344e-03 2.793118540024532304e-01 2.389985865524478156e-02 2.315954368104118644e-02 1.018696793530280004e-01 7.451740955940383548e-02 1.944457038064775767e-01 1.843669258282494283e-01 2.140164930076891014e-01 1.758467365590841713e-01 1.254322024989389384e-01 4.795452177924545700e-01 4.487962631784492284e-02 2.182728274009586300e-01
9.375000000000000000e-02 3.407027835340215027e-02 2.025364950167470035e-02 9.730760988512418552e-02 1.090221655311232191e-01 1.845771424958848883e-01 5.875907853310330907e-03 1.483406102705334129e-01 1.776008496385736782e-02 7.522825857713731634e-02 1.411457910936044502e-01 1.596081746630889364e-01 7.980471035196139151e-02 5.553782372360913794e-02 2.715335842934901711e-01 1.266176551487098760e-03 4.814962900467370521e-02 7.327073987441111436e-02 7.329051029246564861e-03 4.119779803553307029e-02 1.697720050831389438e-01
1.093750000000000000e-01 1.762719679482369073e-01 1.718642992930514146e-01 4.704276337469847635e-01 4.912440295624559972e-01 2.016237813352776131e-01 1.555233105934293036e-01 2.974346892319605917e-01 1.770860161076742989e-01 2.552809299844342461e-01 4.562671223457324954e-02 4.439144940039050913e-01 6.777706165358916846e-02 1.539044125592377299e-01 3.827401668217191716e-02 5.981972094413136043e-01 3.003883428435261127e-01 1.818725970611740350e-01 7.681255802567803215e-02 2.442452791220702524e-01 7.099077985295150217e-01
1.250000000000000000e-01 3.850252545496817280e-01 5.872076456116818166e-01 2.149606648365900152e-01 5.557172451574829974e-01 5.815348182703955482e-01 6.716353966173767287e-02 5.718783032972462044e-01 4.076494840596537883e-01 5.720692915340336304e-01 4.681376566419551133e-01 2.958701667901454946e-01 3.188762391333732071e-01 1.590298877060090932e-01 3.935449816730122174e-01 4.667033503579906539e-01 4.734721431379431689e-01 2.912293698141911191e-01 2.928694720138484420e-01 5.799631687941634306e-01 4.496230557000021055e-01
1.406250000000000000e-01 6.957094776583737650e-01 6.176723453914486628e-01 6.915820659965974393e-01 6.570422538589140160e-01 5.899247884361562555e-01 3.751232487173993824e-01 5.111277322662235445e-01 4.041449316209740905e-01 3.610614328380185589e-01 6.331653621344800476e-01 4.528967922186682982e-01 5.117356782971351770e-01 1.594770691824574094e-01 2.150634948859584950e-01 6.804347578047060807e-01 7.164230388051058274e-01 1.633852679615000747e-01 4.312871038007399238e-01 4.944491750153630072e-01 5.741016033039466615e-01
1.562500000000000000e-01 5.802555587083804145e-01 6.579593811763658762e-01 8.192340187700484222e-01 7.042321853930589848e-01 4.263981543686813924e-01 5.855296231186564171e-01 6.748202476301959907e-01 4.268567530834882495e-01 7.060943588168009377e-01 5.655187056833254067e-01 5.729135800123713596e-01 5.187238552971561445e-01 4.225942826282043097e-01 6.350763490641238018e-01 8.813484737888613862e-01 8.415982717868684126e-01 4.845197942724071560e-01 5.868148218768055591e-01 6.994300097157095664e-01 7.592425859185458759e-01
1.718750000000000000e-01 6.631539523967362459e-01 8.263151716826782067e-01 7.888263507176529465e-01 8.615956078531580298e-01 6.759106543752967378e-01 3.793769008947620036e-01 8.952561091512197811e-01 5.377254958305975885e-01 7.023214907540686891e-01 7.538644149275337547e-01 5.605370247061856048e-01 7.904040507626014511e-01 6.066872809062250349e-01 6.398980627115355979e-01 9.109670346830553989e-01 9.122267157037045049e-01 7.509354486052896016e-01 6.949757753856531384e-01 6.695096523660213350e-01 8.218319287242574767e-01
1.875000000000000000e-01 7.669833640001861852e-01 7.070135936357496709e-01 7.928036811360597014e-01 8.619113763425971797e-01 4.821832669975797958e-01 4.982482357958594177e-01 7.149760728115633901e-01 6.914393871433440752e-01 6.248747822510478667e-01 8.784395581747065362e-01 8.323222652094569574e-01 7.519694186183919493e-01 8.081511196059050217e-01 5.402652317293823447e-01 8.024583211323247367e-01 8.682649104697014453e-01 7.749980262983122703e-01 5.974417989996194667e-01 7.251857882537291466e-01 7.632543310442830853e-01
2.031250000000000000e-01 4.073008029762550941e-01 6.705738280483214409e-01 4.829405902719646759e-01 7.752642202328304810e-01 4.348335859722042285e-01 7.152367719946008950e-01 5.716112433856809227e-01 5.230570396546389000e-01 7.444257019871047820e-01 6.688904421452996907e-01 7.979342271581358892e-01 4.174576235807687663e-01 9.095041807290308311e-01 3.301649366870156865e-01 6.516344069568552611e-01 7.360399128514636402e-01 6.369991215089549907e-01 5.862648096789583319e-01 6.132698797126470147e-01 7.572919387545722358e-01
2.187500000000000000e-01 1.228675580349283120e-01 4.280590055078102307e-01 5.064807351275507630e-01 5.652666429705446305e-01 4.439182736647729333e-01 5.838236733691160030e-01 4.893765943313050371e-01 4.340189745448569392e-01 5.559545886932600878e-01 4.450943391730007304e-01 8.212934990534968005e-01 4.419364356447896824e-01 5.008773542171414128e-01 2.963410417349709447e-01 2.521939979389415387e-01 5.072476097268291406e-01 4.028747379491259828e-01 5.484450427914226989e-01 2.154445334138601065e-01 8.368474832093788507e-01
2.343750000000000000e-01 5.630560617744650997e-01 2.087740125641910915e-01 2.175497610963740280e-01 4.166301618632265447e-01 6.155106931984884178e-02 1.809498355739591613e-01 3.432478310244116981e-01 8.682832013369987112e-02 3.356409419502122682e-01 3.567331810186524232e-01 5.240849345195308651e-01 1.511868181764044750e-01 1.241634307638680434e-01 4.924964113010444899e-01 1.824235632707867372e-01 5.704511961262649367e-01 6.022462521623394432e-02 9.409955017205166861e-02 2.572789652387001413e-01 4.118168217257787145e-01
2.500000000000000000e-01 2.745829353316214805e-01 4.594177342192013458e-01 1.659082214067983119e-01 4.919329544407828880e-01 1.125513114627425953e-01 2.179193237169443909e-02 1.007908525562126456e-01 6.834538148488701614e-02 4.071638942550999674e-01 3.109225584866903702e-01 4.069291234295023818e-01 1.412386120676125401e-01 1.309224705065925032e-01 4.549198598538435334e-01 1.619884831783092727e-01 1.370300184587284198e-01 4.428141492089789355e-01 1.939096047063342820e-01 2.133972208143531113e-01 3.707907647867468293e-01
2.656250000000000000e-01 4.103618619496678943e-01 5.910418833786339476e-01 3.295087281090233050e-02 4.494029887549202962e-01 4.475269148159108368e-01 1.574782421875790261e-01 4.316348018916703611e-01 2.899924984112274839e-01 7.188057130429663655e-01 7.937143902594429035e-02 3.165535240512781234e-01 5.897588684040430129e-01 2.499520565179604303e-01 5.074587493896544066e-01 1.355306476321388731e-01 1.029569934152372024e-01 7.453301426544510777e-01 5.496802511623871679e-01 4.749599699879447079e-01 5.693081062452923780e-01
2.812500000000000000e-01 3.041534274499156920e-01 2.381389992158398639e-01 4.071415149704564196e-01 3.777895533851553522e-01 3.685285721444410134e-01 3.784317888772879002e-01 5.771348164212350973e-01 4.010233479680233581e-01 8.246180122452664296e-01 3.701666103974218802e-01 6.761382333195427308e-02 7.217257068595664959e-01 2.438992687840142032e-02 4.130801202067432287e-01 3.007636833760478010e-02 2.548417622197043375e-01 6.263931767723609489e-01 3.317014888687089824e-01 3.196344989959617466e-01 5.396108226974432459e-02
2.968750000000000000e-01 2.701971915647785050e-01 8.446699998570789125e-02 2.844658046496236770e-01 3.721508732602369363e-01 2.039563631174864111e-01 4.584905013216301617e-01 6.129377727638152251e-01 4.860723116222852025e-01 5.684578760501360906e-01 2.171111633013080855e-01 3.658751569791280495e-02 3.779892457923179072e-01 4.575598820658694638e-02 2.473781423533990831e-01 3.521194379271005981e-01 2.638115220453355128e-03 4.989773891085062529e-01 2.708191196214916330e-01 1.200023650918345675e-01 3.775197216745819762e-01
3.125000000000000000e-01 1.454141236894120615e-01 7.902356519720458994e-02 2.535518122872122970e-01 2.677419212880188804e-01 3.847922720710299505e-01 4.001589431070823877e-01 4.722944001224704258e-01 2.376742441747878298e-01 3.301888662447794998e-01 1.480783531243875517e-01 1.293209896436764705e-01 3.839089717752604269e-02 2.533076565853736861e-01 2.849850004618402766e-01 1.656175223433987986e-01 2.208157209872362581e-01 2.400709705475413402e-01 3.645802885167105378e-01 6.441473212355887379e-02 5.379181292411074899e-01
3.281250000000000000e-01 1.969579785298115615e-01 2.722572231451979019e-01 1.270946478457197493e-01 3.920909157098527720e-01 3.707045991921403272e-01 5.448804775351755447e-01 4.403353159940738282e-01 3.404424673285323388e-01 3.974171256842195521e-01 6.410393973592309891e-02 1.554569619790069079e-01 3.874646630056929192e-02 7.173691697392841071e-01 4.113521481570295291e-01 2.651130046314968403e-01 7.178388611335419743e-03 3.081684768262583085e-01 1.964723985892964375e-01 5.948996348389052891e-01 2.350233022051283482e-01
3.437500000000000000e-01 1.736234650368640720e-01 5.876280191290794708e-01 2.831555679512269830e-01 1.480499507137517934e-01 5.834738883533904241e-01 5.581926742330998170e-01 4.697652328467005756e-01 1.233068560408790426e-01 5.160176335776366363e-01 1.699783120502283140e-01 5.224500224916170943e-01 2.643010491206028087e-02 2.474813715634530120e-01 4.836474651573106631e-01 3.006766392717477587e-01 3.855907840214187754e-01 1.509742756595460200e-01 9.796091688260663566e-02 7.934179173768916016e-01 1.501123288371038200e-01
3.593750000000000000e-01 2.021149082606230607e-01 3.769092126237424956e-01 1.719008327116969548e-01 3.558024557338421157e-01 2.525027338950015521e-01 3.966268030245562737e-01 6.660143908254551048e-01 9.762085063362331561e-02 3.848432570831835653e-01 1.758287164788403523e-01 4.761002138304492037e-01 1.433531697591502452e-01 1.439862383808962754e-01 4.754990533674380293e-01 6.027246878492087401e-02 5.339606426561732677e-01 8.038539468742440797e-02 2.345307812785516269e-02 4.683736675556839923e-01 8.979390031667490446e-02
3.750000000000000000e-01 5.294966023108591546e-01 3.442378252249091442e-01 2.778495109745285907e-01 4.825933437239657287e-01 1.639685063473967086e-01 3.073224495060097317e-01 2.599060084395284353e-01 1.388168789579981577e-01 6.308979353826886516e-02 3.112216944907664207e-01 2.527690979363421131e-01 9.032636678384303730e-02 2.476133492611619618e-03 3.619170745039648751e-01 1.408554000559300023e-01 2.265355261251026653e-01 5.189296528758402527e-01 1.073041797276121506e-01 2.148763969458375445e-01 4.226248109210554993e-02
3.906250000000000000e-01 1.089372007285678429e-01 1.820614721108611105e-03 8.983810427662334425e-04 1.808366815132323169e-01 2.253407654476689836e-01 1.092012610875433831e-01 2.763628285221744404e-02 7.591303106793076405e-02 3.304873618786675210e-02 3.286042119960466690e-02 1.052664245752102101e-01 1.224779154625498800e-01 9.694728184699641371e-02 1.937201564179898694e-01 1.799213019086462750e-01 8.122687460380041691e-02 1.658705661655961727e-01 1.317404313200829791e-01 2.519898990676346789e-02 9.008793537567348630e-02
4.062500000000000000e-01 6.159542582773241265e-02 7.246407501016990937e-02 7.795832647586226072e-02 1.649922563865154068e-01 1.305405282961530633e-01 3.386740665072100476e-01 1.378409877699124549e-02 6.167773663495228903e-02 1.767087505072163500e-01 6.023798777654551517e-02 3.368813670148332884e-01 6.163871874695365377e-02 1.110254328923801354e-01 2.113465422052998866e-01 3.113373098241981607e-01 1.211381149475401070e-01 2.918336078890326410e-02 8.416155704803085502e-02 7.040814449766119587e-02 1.365313510915937001e-01
4.218750000000000000e-01 1.268376159357222643e-01 4.907031957966099395e-02 1.308854484819269026e-01 2.841650468040453625e-01 1.590481816751903310e-01 1.197905392010581299e-01 6.274328355295480386e-02 1.560387128394531420e-01 8.614512582305163457e-04 1.253143111115951058e-01 2.036644235727823327e-01 1.692190609517486566e-01 8.557359957853613586e-02 2.266448512615647226e-01 2.759488500845565587e-03 2.184234658321911882e-01 9.354231194653007952e-02 2.071320862102339622e-01 2.809675750894654045e-01 3.216743046278464635e-01
4.375000000000000000e-01 7.669037781060882020e-02 5.585773455586013903e-01 3.113220292011674439e-02 1.133527980060338308e-01 2.092834885186386773e-01 1.486553514819695214e-02 4.447309633476287383e-02 1.279009440732877534e-01 3.202783761927933126e-01 2.011013750677898559e-01 1.092596778170802120e-02 1.726410465252599669e-01 2.886515564911796838e-01 5.166581225842402370e-02 7.600972910083625411e-02 1.875336937698298401e-01 1.074886106769509971e-02 1.769674387299536300e-01 1.945770076822213035e-01 2.284988375418496032e-01
4.531250000000000000e-01 1.878606055876795855e-01 3.889014214577125594e-01 2.448105154941547512e-02 5.085622061784807191e-02 2.206085817825218301e-02 1.540904866587634037e-01 1.096852376564948495e-01 7.694764958187058634e-02 1.544268102710896484e-01 1.153279671108178306e-01 5.860944771969376320e-03 1.211146282810082603e-01 3.199939774357908884e-01 9.999678142857067881e-03 1.722816368980651935e-01 2.380245749749359749e-02 1.450717102432214946e-02 1.588598439541047402e-01 8.370007100431510472e-02 1.362602555510736835e-01
4.687500000000000000e-01 1.313013109002832690e-01 5.492335843432516636e-03 3.248932173649606292e-01 3.005275896663139878e-01 2.954010058803599459e-02 2.795803381554214789e-02 1.316181752655935233e-01 3.398439559441242090e-03 1.897054100421968412e-02 1.723619777413094856e-01 8.949572566729736833e-02 2.211233618315248950e-01 2.545549597365142636e-01 1.659295421777199145e-02 1.268771192742248755e-01 1.213497511043644672e-01 1.886466004687780973e-01 1.316185361465169457e-01 1.757855318428165614e-01 1.013139612862223871e-01
4.843750000000000000e-01 6.301883958500837171e-03 6.260424931176127028e-02 5.063570663141871847e-02 2.347952601186472504e-02 4.941289249999925894e-03 2.718244061448935045e-01 4.177605383824428698e-02 4.187939651629074000e-01 3.956237434294879174e-03 1.785953754211842548e-01 1.206230981367184540e-01 1.756979352511231773e-01 7.310882098846460675e-02 1.183059541533106190e-01 1.112631710782744088e-01 2.136459221357025762e-01 1.166443561819193592e-01 3.073926017126678012e-01 1.699443796851693722e-01 9.539062269132204952e-02
5.000000000000000000e-01 5.509724766131035047e-03 1.459218998876330164e-01 1.610200290048556179e-02 2.635198319454312155e-01 7.419815812760655396e-03 3.824951821325994206e-01 2.523349173193229489e-01 2.838799810354644126e-01 2.174710262223886470e-01 1.773419307008236023e-01 5.102746072763333224e-02 2.728082135520478180e-01 6.983720126510832849e-01 3.417693789874456933e-01 3.388517863947040354e-01 4.249353626531420791e-01 3.878914601781178750e-01 2.045484131682926421e-01 1.961840785865342773e-01 4.051420201937834809e-01
5.156250000000000000e-01 3.618533811463868488e-02 4.166492576945273196e-01 9.730211248833479931e-02 3.014456518525669981e-01 1.431994533645553624e-01 1.030541865366698673e-01 5.038090067208416123e-01 5.419268383333962769e-01 5.615915192092170161e-01 5.356299285730320436e-01 1.184192350737091198e-01 4.870921171729822308e-01 5.114700194083867668e-01 1.987055791595307153e-01 4.332117512356971067e-01 4.746964051205343482e-01 3.162340796420739508e-01 1.240453764054322977e-02 3.044713779872452730e-01 4.175210283324344851e-01
5.312500000000000000e-01 1.979074007733040985e-01 5.064597761844989998e-01 9.309879816527193153e-02 1.603193743852906750e-01 2.146849402341017288e-01 7.935146984046077823e-02 1.868622491058668511e-01 4.885636511007030447e-01 3.590186824817564459e-01 7.192347080608186838e-01 1.899316295021190037e-01 2.479355738697286149e-01 2.688258579859262309e-01 7.145206678329646399e-02 1.006854586199745077e-01 1.883927299819892348e-02 4.183366592472396728e-01 3.062051264385470817e-01 2.977915790173271682e-01 2.241616915580315339e-01
5.468750000000000000e-01 9.345580502930891931e-02 1.542083581764159064e-02 9.631800322731341735e-02 1.829179175614915609e-01 9.648721540356652859e-02 1.041779486399155158e-01 9.628638521572889519e-02 1.251305805613456834e-01 6.574533644932882559e-02 6.268009564589044347e-01 1.396525082323798322e-02 2.072923895306389222e-02 2.612337836443756611e-01 2.112415049473354012e-01 2.308782920631874402e-01 3.486889635302422019e-01 2.330935326662619822e-01 1.672942649801456294e-01 4.269043832042020495e-03 2.011032611206605147e-01
5.625000000000000000e-01 1.198762741182916591e-01 2.235567576189283548e-02 2.046010923747779153e-01 3.006387017044708787e-01 1.650195530920007536e-01 2.737846441901773953e-01 3.257571385623917598e-02 1.377020526782327947e-01 1.806738789572121806e-01 2.110150129339574410e-01 1.426871274841288173e-01 8.281899323556274339e-03 9.221934474251715363e-03 1.181578460374328593e-01 4.492793645221607873e-02 5.736074840884771396e-03 2.954955256506590633e-01 1.685114444145382334e-02 4.630805227316466821e-01 1.564380056873547753e-01
5.781250000000000000e-01 1.880233385046668204e-01 4.319083184561481326e-01 2.082232932224374264e-02 1.933308042185252762e-01 7.480128586705038496e-02 2.062127996560994825e-01 4.881403658439021492e-03 1.073625272520118551e-01 2.299993621769232457e-02 4.071267054766836702e-01 4.523931179192063334e-01 1.422622792190031960e-01 8.838023275593827333e-02 4.648059754980644193e-02 7.833071066849515984e-02 2.080677813102006224e-01 1.203262389682426166e-02 1.574225229948846283e-01 1.886454020670983722e-01 1.245069757298300356e-01
5.937500000000000000e-01 2.615580068416060722e-01 7.473581207257031789e-01 5.717795202903878937e-02 2.552733558682884762e-01 2.214128421400541891e-01 8.055746228114323004e-02 1.896801005336806456e-01 2.962482853325157373e-01 3.129612982172628177e-01 1.876825917151172252e-01 1.220303757729874899e-01 2.380725816122730154e-01 1.356747794121113404e-01 5.561624118376224946e-01 6.725338516951995076e-03 5.612087519987937062e-02 5.146433289492857027e-02 4.631903739482520210e-01 3.896765739505733128e-01 1.837792477881941555e-01
6.093750000000000000e-01 1.432667507127554640e-01 3.655802311454919296e-01 3.945193809956960562e-01 1.844582164357870813e-01 1.965879334829638558e-01 1.220127464719458765e-01 1.827864623900095006e-02 2.236275182797954064e-01 3.331171715269101163e-01 1.369426168576095004e-01 6.073663084561223280e-02 7.809928531110155170e-02 3.647524946293868864e-02 4.702764022689225887e-01 4.098779228923898343e-01 1.626436713436004711e-01 2.008284440684203753e-01 1.033437082493055340e-02 3.734229267993702805e-01 8.413164879098036439e-03
6.250000000000000000e-01 5.157565347230153724e-03 1.950331177448998976e-01 4.613237747866658772e-02 3.537302535814702553e-01 5.423795906474614473e-03 3.264876383685125782e-01 3.202398414097885615e-01 3.235676044896348968e-01 3.347436162548158567e-01 1.655409572907977078e-01 3.114165853937511663e-02 3.881597079941684902e-01 2.038191773616040980e-02 7.672858577420464676e-02 3.520890304025504208e-02 6.113252631907321877e-02 7.175597607268571210e-01 2.611677172742774000e-01 3.170477909325243870e-01 2.658029924428681814e-02
6.406250000000000000e-01 3.679428717955030709e-02 2.394984535441907203e-01 1.149116900910024802e-01 1.414598699891465305e-01 5.641770253529071466e-02 3.255275281684262834e-01 4.622428292412772421e-01 2.627843066947480044e-02 3.294278097152901763e-01 6.593539321219862859e-02 1.119982317740997671e-02 1.612535223129000772e-01 1.809622063039207363e-01 1.614412971380727035e-01 4.360235354661830542e-01 2.227494065795281863e-01 5.252932768607351255e-01 2.690604596235221524e-01 1.688184526060122412e-02 9.048442454368790799e-02
6.562500000000000000e-01 2.766242563086072220e-02 3.379195133442700061e-01 5.093222139066342358e-01 3.358171091095042970e-01 1.007358536348546552e-01 6.086581776870308991e-02 3.636551406241605999e-01 4.275343972752752159e-02 2.224662647451372266e-01 1.683386257102749417e-01 1.515744775248758385e-04 2.213412789701036665e-01 3.309641406800351571e-01 1.193496179798908020e-02 2.750514527664280062e-01 7.282086456657203832e-02 2.793008553384983966e-02 5.661155575964048337e-02 3.779818892561166987e-01 8.029242985214950223e-02
6.718750000000000000e-01 1.361606618722222273e-01 2.876050065357184105e-01 3.706198154998355809e-01 3.886140816474672466e-01 2.135986730096056663e-02 6.125401669278067451e-02 2.574119699651877813e-01 4.227500462881695481e-02 7.983499176439499967e-02 2.485676716885897586e-01 1.897703685676740137e-01 8.073519751196980843e-02 7.139072183273539873e-02 4.701718027825325941e-03 1.236844312817064404e-02 1.190485110082593456e-03 1.661351126810471646e-01 1.082897849871219953e-01 3.086970968291267992e-02 7.124682215556746301e-02
6.875000000000000000e-01 1.546600765390579724e-01 1.106784315643582067e-01 6.264131865496061491e-02 5.775543398503044656e-01 1.180785182168669206e-01 1.424002494492751514e-01 2.488750643933905493e-02 2.428143347180123923e-01 6.740044064794996348e-02 2.077978661394937754e-01 4.336378340817438892e-01 8.220258674959844344e-03 2.408492713730540913e-01 1.682179709375155596e-01 3.151462835176101207e-02 2.926863395921844302e-02 7.048939448448854339e-02 5.427722244473162094e-01 2.997402183040460966e-02 1.576130421383101499e-01
7.031250000000000000e-01 3.334218624748019281e-03 5.136892113421683836e-01 1.571866785428033264e-02 4.432350471902439248e-01 8.466654200609846637e-02 3.032988552378010003e-03 1.267466001602475800e-01 2.390955210420139809e-01 1.480050217298216342e-01 4.014216433822830749e-02 1.281640576769962070e-01 5.852342609436191057e-02 1.156296493760946981e-01 7.068884239646149037e-02 3.896682594605307415e-01 2.420126824070544316e-02 4.757989180246749439e-02 8.098442812315917450e-02 2.415725282436724519e-01 1.074309524559424467e-01
7.187500000000000000e-01 7.458807082170543223e-02 1.052209536105719184e-01 8.216160439855377251e-02 2.849623850002683256e-01 7.357418165195263315e-02 1.556699381213834110e-01 3.227555018798049929e-02 1.458695385385529175e-01 1.430608213642216575e-01 2.532628698483226359e-01 1.606969056499830614e-02 3.514483174726573591e-03 6.324392959731071906e-02 1.567631295584123174e-01 1.816497945885228449e-01 1.814197982050278213e-01 2.789599100444970642e-02 2.953755776633129049e-01 8.874872939363318697e-03 3.840646896556165063e-02
7.343750000000000000e-01 3.712657677902462261e-01 3.566744176919556253e-02 1.807906520339960452e-02 2.051742210462206006e-01 1.319778840102075849e-02 3.519736947252475462e-02 1.357773542555412716e-01 4.683091283721983744e-02 2.173748522562913774e-02 2.639430438525857681e-01 6.710687012052218847e-02 1.641935730312230057e-01 9.159543367497093025e-02 3.530275322027428553e-01 2.909607926910174336e-01 9.886517595119416468e-02 2.629934290492209059e-01 2.411865633579785007e-02 1.217055784434116078e-01 2.079058571936453700e-02
7.500000000000000000e-01 2.747577648760244351e-01 2.309401055987798934e-02 1.349489425650301222e-01 4.441962524533656087e-02 6.434542120921823982e-02 2.394708388576913261e-02 5.582468933562509394e-02 9.469022679360022954e-02 2.153737649580929059e-01 3.022672844919880308e-01 6.758545042764409205e-02 4.392140798932171464e-01 1.463006660991734709e-01 4.000180893088648576e-02 1.161442527776852945e-01 5.293974648369405289e-02 3.476722475234638732e-01 4.076177921927380196e-03 4.510509146166702954e-01 1.047221161152343399e-01
7.656250000000000000e-01 7.371122833687477477e-03 1.250245456314901249e-01 8.189349906946720437e-02 1.233616146998897239e-01 5.980712103034538374e-02 1.316983983675647230e-01 2.707500916151075465e-01 1.040230962547336879e-01 2.859913083033022718e-01 3.336605289943129771e-01 1.039625179664139809e-01 3.447645353803084345e-01 3.783551637360584308e-01 2.565160403431883673e-01 4.508106157748674458e-02 1.032855695555891101e-01 3.376430442368767715e-02 2.156574059756137529e-02 1.775070157054992326e-01 1.723460375212755580e-01
7.812500000000000000e-01 2.884712466579906348e-02 7.236497052452636747e-02 2.808633079054221882e-01 3.470636750457833930e-01 7.663743966327166493e-03 3.827347033376162777e-01 1.293580955173705138e-01 2.876899610695341503e-01 1.210069781744144007e-01 3.214066665538622414e-01 1.867983603371051182e-01 3.388654857823480415e-01 5.869485549739750230e-02 1.431291954366510355e-01 4.217023779841683750e-01 2.174679706368905317e-03 1.628474263287406631e-01 1.023151350558456907e-01 1.622580749066953043e-01 5.971783501004093025e-02
7.968750000000000000e-01 1.313396856467478613e-01 1.708306394205051371e-01 3.978998610697895288e-01 2.582516888793690568e-01 2.715415576853349999e-02 3.132094748865925093e-01 2.489036693317557558e-01 3.428109675442865267e-01 1.006204559964183134e-02 2.449595951783417047e-01 1.262428468274885418e-01 1.607470291838339893e-01 1.804000422292225125e-01 4.020029625255713140e-03 5.690706296342545878e-02 1.564081111883159070e-01 1.738162044734941347e-01 1.229904319394972967e-01 2.474507321342049593e-01 1.359837592408999138e-02
8.125000000000000000e-01 1.928976939529310763e-01 1.545161508724006150e-01 7.196021659050946817e-02 3.637895223161982661e-02 3.042856951312155472e-02 2.997032153045161348e-03 7.927119083672844180e-02 1.884590186306742410e-01 5.417954905182394837e-02 5.665770807514755036e-01 7.074384953873605331e-02 2.275553673379176745e-01 6.462227681003623880e-02 4.934959771637487114e-02 8.252360631134590674e-02 5.464342943076146153e-02 3.448006804967230221e-01 1.751328669241954961e-01 1.015336462120292882e-01 7.870151814888980135e-02
8.281250000000000000e-01 9.982635811354646782e-02 2.943484871685272397e-01 1.224657952169819347e-01 8.130908155697973150e-02 2.966756439985911986e-01 1.870013710017399688e-01 3.437948180241588020e-02 3.778008397762143700e-01 2.342710563093298448e-01 4.708231423174144004e-01 2.265456201422164362e-01 5.667768647833627133e-02 3.403337880896030176e-01 5.673033831908266128e-02 5.022225104645920701e-02 1.390199842534916019e-01 2.323577024868116458e-01 1.079930312846078683e-01 3.054540982415367978e-01 2.073636004317520043e-01
8.437500000000000000e-01 6.310820517636847593e-02 2.791936700037193630e-01 2.672475580831957381e-02 2.461235018021351237e-02 8.622118221966980356e-02 3.667575317245431316e-02 8.318330940908754204e-03 4.620243723735164010e-01 5.733219198239315473e-01 4.373733744212353614e-01 1.398459113487385275e-01 4.874619635629862668e-01 6.285194315850305413e-01 7.219118032875935544e-03 6.695334875633800198e-02 2.397065086141346446e-01 5.224590961886762530e-01 7.020213617622621249e-02 7.286537126186416746e-02 3.528040699527996704e-01
8.593750000000000000e-01 5.793172851991129635e-02 3.850876933871538732e-01 1.077206350039305004e-02 2.144273434122421218e-01 8.045907042577508939e-03 1.257634214749181120e-02 1.344559434973958412e-01 7.303956906013774064e-02 6.012095346147183772e-01 1.839659614314129721e-01 1.865383639520569181e-01 2.261903446511674964e-01 3.424121928677605897e-01 7.974036906322440332e-02 2.923198937567944578e-01 2.116331542840498015e-02 1.690543711348570510e-01 7.211532654310932877e-02 3.497265685124495982e-01 2.081036132501917421e-02
8.750000000000000000e-01 9.560232427266229446e-03 2.464203613356009126e-01 1.311749035441308331e-01 2.140653091030024491e-01 2.210871477313026447e-03 3.295226628486305070e-02 2.395575079105958030e-02 5.443997313246656811e-03 2.910196520032933831e-01 2.101200826036620992e-02 8.444056816264459975e-02 5.432720197487306973e-02 2.327069753402150887e-01 3.440197848222678600e-01 3.064961125105736262e-01 2.273685255286097273e-01 4.329684629868580520e-02 3.760092607726295971e-02 7.168920287384060452e-02 1.843840693579158968e-03
8.906250000000000000e-01 7.126809785757474980e-02 1.041482606017125750e-01 6.337477998079585340e-02 2.724949532023615562e-01 3.128309703581237666e-02 2.600500497445619730e-01 3.055794984668897540e-01 3.111473190373954534e-01 3.394583362126659121e-01 1.415892654625309222e-01 1.276832452140840360e-02 7.723715534193152654e-02 8.945060188106306043e-02 3.277847832343956380e-01 8.179327164048079413e-02 6.691809345155356192e-01 1.074408531332241290e-01 8.646980558198137656e-02 1.307682109355455535e-02 9.062600746694808931e-03
9.062500000000000000e-01 2.294005018422611009e-02 1.303388023456383132e-02 1.383564879219718879e-01 2.338324815220757802e-01 8.980288303821178097e-02 1.505164027211784994e-01 7.730316332926488732e-02 4.693768394369354779e-01 1.880737305863462994e-01 3.581329141719632458e-01 9.054782384401226236e-02 3.056136112132834190e-02 2.059350070796012733e-01 3.168830609250061769e-02 2.708436382810681109e-01 3.580620757598368398e-01 1.370900046794472915e-01 2.399945674741945506e-02 1.242017983160812883e-01 1.128189237226287778e-01
9.218750000000000000e-01 4.292338601833161488e-02 1.635152204284382460e-01 5.421447930441773699e-02 5.292705232645452361e-03 1.161417275272015326e-01 1.216807605674812276e-01 1.605067340212566473e-01 4.841898638255766607e-01 5.393505193465120140e-01 8.304761267179977535e-01 1.689646843967848866e-01 5.529201089093841587e-02 1.468321172470977987e-01 3.809974339261749943e-02 6.674975659505988368e-02 9.247367102640878522e-02 4.943695823947394374e-01 8.714135182422343140e-02 7.858834160718398965e-02 5.875944086587345239e-02
9.375000000000000000e-01 1.294893465803191868e-01 2.788630471119070697e-01 3.397029766660410177e-02 4.579885679273287130e-02 9.596456413565003507e-02 1.108511414641075860e-01 4.362061807247885614e-02 4.116501697779577362e-02 3.734597146043665550e-01 2.156440389407983105e-01 1.254709344345247279e-01 2.133750420452085531e-02 4.027560351079765210e-04 3.754029108538564641e-02 4.148934787144346187e-02 1.034227148189954398e-01 4.314323899305202992e-01 3.700898611721899489e-01 6.211119265450897042e-02 8.218804444494525949e-03
9.531250000000000000e-01 8.526006688009096779e-02 7.899022865954129224e-02 4.454070550498744757e-02 9.978294716190924674e-02 2.168990065886789928e-02 3.643008319287789620e-02 5.396119907631112544e-02 8.425646722819262954e-03 2.040830370372540281e-01 3.746572602674506230e-02 8.741765446578914078e-02 1.316600023428565573e-02 1.019826226730179489e-02 4.037227676912409635e-02 1.324350064481746338e-02 3.259411015053224614e-01 9.365097560728333301e-04 2.786090386803211638e-01 4.119152493487511502e-02 3.226030707134589642e-02
9.687500000000000000e-01 4.750279223994727240e-02 2.347491898915532449e-01 5.083637034141730293e-01 5.433731478281322858e-01 4.037541335482377342e-02 9.102389711489745905e-02 1.318942648323388478e-01 2.657826038436445631e-02 4.475185827154238849e-01 7.070233664511463290e-02 5.200457070420922562e-02 4.627432813082178048e-02 1.677842122909479206e-01 6.193909116220670807e-02 1.278646370037513080e-01 2.986355579559806239e-01 2.558300706700372129e-01 1.981452130216465601e-01 5.223331977105361013e-02 3.123534795145194339e-03
9.843750000000000000e-01 2.978173849066902412e-01 6.963514788709192216e-02 1.528373209380320674e-01 1.802098789349534380e-01 1.649707710692153440e-01 4.115173292284756562e-02 2.477726063818466717e-01 4.188368580572399830e-02 9.039907624707385625e-02 4.474828529439338065e-01 1.256580919026880350e-01 1.576794633638243792e-01 2.046503424821897732e-01 1.222444612203664634e-02 9.925877219609585689e-02 1.759707890570949285e-01 8.448533561639519351e-02 9.391851811733251121e-02 4.510937453049562729e-02 4.081367731489667777e-02
1.000000000000000000e+00 1.729952531209165700e-01 2.101003258176535257e-02 1.373030770165101395e-02 3.847201214625833865e-01 2.997662835048648527e-02 1.746932289587254522e-02 3.654295075607800342e-02 2.887878848910799615e-02 1.109284441358781015e-01 2.583371236566043838e-01 1.431068068583324360e-01 3.566907610729549982e-02 1.894689837655531839e-01 5.123332847405136919e-02 3.560533091741101552e-01 2.236928551706462293e-02 1.260938682564693714e-01 2.145155602141817289e-02 1.810857135884919589e-01 1.925646168831123550e-01
1.015625000000000000e+00 2.110623032721558115e-02 4.262576314958612528e-02 3.440781002614280715e-02 3.444234925634490074e-01 7.422015232489960479e-02 2.181096229730208197e-02 1.580293551851829070e-01 1.072628905170582708e-01 8.724177253271894750e-02 6.331616114359475862e-03 1.970263874854267031e-02 1.033066158305026433e-01 3.108556683150825463e-04 3.173247296056492389e-02 9.649306474894114860e-02 2.490267290011875245e-01 2.694434816335043448e-01 1.072760484201267656e-01 2.208156297133812562e-01 6.830416885162299279e-02
1.031250000000000000e+00 1.749707289553192602e-01 1.732699445968996499e-01 2.363201463413618086e-02 2.201308669176059163e-01 5.054700434647208668e-02 1.212337127673323960e-02 4.172780259552537063e-01 5.899111368085075552e-02 2.010910073094881456e-01 1.512525590032899325e-01 1.032527400261102069e-01 1.447468525499817915e-01 1.717291557119041967e-01 9.584240268584545697e-02 3.563143879070500564e-01 3.640195572924579404e-01 3.058319458161496973e-01 1.198169357685417852e-01 1.472584948427889742e-02 3.815237606669498738e-01
1.046875000000000000e+00 2.152396382896767935e-01 1.692933815557080002e-01 6.115300404131420592e-02 2.620097395648999794e-01 7.545132356316290589e-02 6.718492197665457306e-03 6.668299635709186157e-01 2.786981925500257515e-02 3.894444296345970224e-01 1.723581182604689566e-01 9.923493985123084046e-03 1.959928517812427884e-01 2.557280496574452222e-01 2.045395258405573180e-01 7.964813509198728769e-02 6.421443261773821789e-04 1.483542076347385899e-02 1.852445212170759359e-01 5.797218999375665371e-02 1.231251052621715608e-01
1.062500000000000000e+00 1.238643043980808406e-01 8.688894629220790533e-02 1.636314079771951646e-01 1.980217221009426265e-01 4.836358191258727929e-02 5.727010430200280000e-02 1.374436473853583585e-01 3.321258777219084357e-01 3.491645611845741737e-01 4.852718402982902912e-01 6.647095464166756507e-02 4.639062586829412888e-02 3.167006470492393921e-01 2.103628732236803578e-01 1.227898262237688692e-01 7.756313670867219512e-02 6.197103654066254963e-02 2.997573093612489470e-01 1.632161535515151418e-01 1.272677699458247234e-02
1.078125000000000000e+00 1.538036588625408749e-02 7.964843507630815778e-02 2.208187343889007614e-01 8.672863029084346143e-02 1.582141545744118749e-01 1.346717404488148410e-02 3.208881512828730409e-02 3.333867356702752138e-01 1.151539911121512438e-01 3.231019885546523862e-01 1.182926261409872198e-01 8.775206215319393543e-02 4.984664230389976303e-01 2.749932378841420388e-01 2.438965958285871649e-01 4.882258232326681241e-02 1.232273109147109108e-01 3.521656036767683434e-02 1.174246650788440816e-01 1.557308031119634395e-01
1.093750000000000000e+00 2.561848599984321503e-02 8.318041897024643083e-02 1.332407518131588642e-01 3.056698541903732913e-01 1.504068055068193688e-01 1.320498627126413527e-01 9.914903960043870701e-02 5.399621920886656101e-02 1.488746536957141209e-01 4.579997223351864322e-01 1.132664355456459299e-01 1.516777738403331244e-01 1.671237234547600647e-01 3.633754217493241900e-01 2.647677152538416290e-01 2.119761492678545467e-01 9.399068929696861863e-02 8.459962327825835959e-02 1.752326687190198795e-01 1.093737685412735777e-01
1.109375000000000000e+00 8.087089627454624452e-02 2.343613375431832513e-01 1.307898738396311156e-01 1.281279842532021852e-02 3.202576307116056925e-03 1.954975505321156493e-01 1.150769703041867320e-01 9.706518427269530003e-04 1.767463109727301918e-01 3.397033864739349429e-01 1.621817917349660521e-01 2.613401384893991319e-01 3.117834547444496215e-02 9.905554881872462303e-02 2.603059629373417200e-02 9.339040101346249290e-02 2.241663890067041934e-02 1.543462541464439841e-01 7.062639396028727590e-02 5.243701189183278544e-01
1.125000000000000000e+00 4.140231826523860931e-02 2.469266028752369058e-01 1.244072122851779330e-02 5.816558824700302638e-02 1.220256708388686717e-01 3.703173776574359977e-01 7.877829613217889049e-02 5.685018378676370138e-02 3.698244901740344592e-01 1.509555723490253187e-01 1.937565667092346344e-01 4.142893335269884902e-01 1.507496279837724704e-02 5.173199375003375428e-02 2.886547762041278761e-02 8.168750029585507277e-02 7.534868074503359159e-02 1.281248545067923128e-01 2.513580082339821054e-02 4.401424163674854118e-01
1.140625000000000000e+00 1.713762789534279685e-01 2.136609000330265684e-01 1.563414141780412880e-01 5.811379380226645158e-02 1.874240418450063284e-01 2.369969667308638173e-01 9.252692631506244381e-02 1.721641444309641999e-01 1.990963209803097156e-01 3.153645301049801120e-01 1.217304869999837058e-01 1.830502540720295723e-01 1.131824045255721244e-02 4.841292239717457369e-01 1.999162710775498897e-01 4.596387273771217891e-03 1.463826075146696659e-01 1.157594872992285945e-01 3.894086272770901080e-02 4.314402183653187617e-01
1.156250000000000000e+00 1.190748793001509542e-01 8.398837218315945152e-02 1.530431379156159746e-02 1.035943315006632170e-01 3.400389210921640759e-02 1.188301769253721912e-01 9.974387638593214256e-02 2.207834775655175830e-01 5.379215272287821148e-02 3.315027009310479444e-01 1.544754141517437340e-01 9.422418050730070604e-02 3.054263693152532433e-01 2.661229981194723759e-01 3.288546350659877771e-01 2.659385718969852763e-01 1.245753451913555881e-01 5.639243861324770568e-02 6.856100004610693466e-02 7.304018938464447658e-04
1.171875000000000000e+00 3.179187442196134694e-01 1.638863283235551110e-02 1.180464759199369579e-01 7.909471626453472293e-02 2.177482189003157598e-02 8.906130271695955614e-02 7.503253623660945115e-02 7.242347930838841097e-02 6.172057168196946192e-02 2.458998648381617302e-01 5.569235237030643187e-02 1.096729262402310473e-01 6.039995881103638053e-01 1.829123158496928081e-01 1.359703286657625854e-01 3.085743994575810834e-01 4.178133765771458591e-02 3.037448407440463405e-01 1.510945004174251566e-02 5.430221248405033008e-02
1.187500000000000000e+00 2.239971386969948630e-01 2.721303131250820129e-01 2.700476579501813745e-01 8.912635130685028773e-02 1.116945033433313673e-02 1.737460738293119394e-02 2.103960009284162533e-02 1.605540220994080836e-01 4.392410637857515066e-01 3.840784253057261677e-01 6.846588035637262044e-03 4.561628849870140445e-02 3.653362078169390958e-01 2.517187143385202566e-02 5.502496045243809170e-02 2.340531644618614460e-01 3.800676582916389518e-02 7.353372436223068465e-02 7.002163770880810711e-02 2.118273122927318564e-01
1.203125000000000000e+00 6.268193930798349189e-02 1.408952750812557386e-01 1.708504986712756080e-01 6.491324714094705295e-02 1.337202154281622313e-01 1.878496367830282399e-01 1.122735361624966899e-01 5.519354191476560922e-02 6.602267293314312280e-01 3.815680479643520084e-01 7.717750642808711425e-03 8.913265382680661542e-02 2.710271531092188213e-01 2.697095109089659437e-01 9.782998658424033045e-02 1.164122860520816899e-01 1.601030387224436080e-01 3.099487025857942113e-01 6.317011235569294780e-02 1.111330765494665113e-01
1.218750000000000000e+00 1.632789175543854915e-02 1.935496529018010670e-01 1.206045735779521788e-01 1.886752060907092854e-01 3.094160894727923314e-02 4.266024628087219384e-01 1.931847912706829429e-01 3.127359905628120107e-02 5.714240276933401086e-01 5.161376518034439809e-02 2.744144440652339714e-02 1.176512206934313132e-01 1.784632274522926221e-01 1.274338135117460830e-02 1.574326971437872424e-01 3.806678639044032419e-02 3.469867480527673020e-01 1.765243755608008058e-01 3.152725743315914347e-02 9.734949273081418275e-02
1.234375000000000000e+00 3.611826401457494257e-02 5.901851923974120728e-01 5.646001455792157807e-03 1.154430796793730063e-01 5.285325374515088132e-02 2.149608071922162189e-01 1.256761939950370166e-01 1.788610682835396759e-01 2.308811060735761478e-01 1.794230150760676712e-01 2.468408549853652600e-01 1.248287167328160779e-01 3.950747139091304039e-01 3.525407249169314888e-02 1.531507931344827378e-01 6.767829368457198291e-02 2.480781902670072259e-01 2.414409237426396251e-02 9.088238643918465642e-03 2.160078588196375493e-01
1.250000000000000000e+00 2.348770556863875036e-01 3.726778997476781763e-03 9.449119421003918107e-02 1.972001929742378534e-01 6.866807357953252922e-02 3.418214444313722594e-02 8.511518943300525053e-02 5.145507507285802529e-01 3.241809996106369968e-02 1.295226529812412708e-01 2.079453627964732501e-02 2.088746952802502388e-01 2.209073034393319590e-01 1.416514535589546431e-01 5.061112556705497090e-01 9.798731273439817424e-02 1.007769000034365869e-01 4.352918839095241271e-02 3.237150600538062778e-02 8.068393616948166258e-02
1.265625000000000000e+00 2.429839473880137657e-01 1.231479871204374521e-01 4.092466101661852013e-02 1.026354719996295239e-01 7.793962183281506750e-02 4.338654203994724012e-02 1.397946666612906175e-01 2.822811629070181572e-01 6.550592246604571012e-03 1.490615423549205287e-01 2.826591815010022490e-02 1.812278579927815159e-01 1.579575005406813060e-01 1.610852044535356631e-01 1.034327061780562218e-01 1.588788857281091607e-02 8.941788222986442325e-02 1.092262269358655891e-01 1.293844708115802211e-01 2.718407779821615730e-02
1.281250000000000000e+00 2.148519537364130538e-01 4.473582930763284754e-02 1.584754931943371248e-01 1.111000026210281766e-01 2.789040662824686378e-02 3.187454704416817913e-02 5.109825319207864092e-02 1.315491463887223655e-01 2.453094519423156539e-01 7.749577121619337372e-02 2.897772181569512745e-02 1.154756193843303191e-01 3.002748607866993075e-02 1.879865093667967141e-02 1.494518456747560009e-01 8.822049604936296752e-02 2.200607401177685427e-02 1.542199777949411210e-01 2.742443480211847681e-02 1.967838465624391631e-01
1.296875000000000000e+00 2.014405679490782752e-02 2.991781689633481456e-01 6.026524368394769321e-02 6.948001723420658970e-02 1.021461157368260125e-01 1.343929029653594398e-01 1.043944163023848709e-02 1.035459547875371838e-02 5.330821923224138281e-01 7.282470210252502130e-02 4.839011432798571771e-04 2.064837524369230685e-03 2.199390325889404862e-01 1.016696957096164533e-01 1.804644150178337167e-02 1.053508117961285545e-01 7.167409498707873194e-02 4.428681047363380308e-01 1.781697712007131451e-01 1.025663001454876766e-02
1.312500000000000000e+00 2.553611375838676922e-01 2.361085612568431247e-01 8.815529208616869339e-02 3.771271595565441059e-02 2.219448848487182158e-01 1.106093061343800393e-01 1.359236595673149126e-02 2.553681479860763631e-02 4.249951727256067180e-01 1.446440244731646840e-01 3.773732762062274038e-01 1.430683023681708077e-01 4.957612846988650457e-01 6.726459048208918712e-02 8.483337889293721124e-02 3.039622796790535375e-01 4.824947600554521654e-01 2.768896537451774886e-01 1.477983705960130567e-01 2.419431963633926486e-01
1.328125000000000000e+00 2.053422830242494224e-01 1.705285694560397525e-01 1.220484263866385422e-01 1.416967374429875803e-01 4.882199809823914785e-03 1.017811089378984485e-01 1.073045247915956242e-02 5.381653823946768583e-03 9.866321737564108518e-02 2.208593878466697802e-01 1.638359901543435804e-01 2.403271869994892951e-01 2.976352741657330506e-02 5.630065055349113556e-02 3.545527203562857249e-02 3.527260353431721507e-01 2.664676165174298950e-01 2.277744010256499696e-01 1.362417252173532267e-01 2.604002900172336932e-01
1.343750000000000000e+00 2.512641247706873249e-02 9.099682594619963594e-02 1.259989084454708752e-01 3.082070857124125096e-01 3.273878231229906260e-02 2.006068128422666338e-02 1.827240993090619992e-01 8.598091567786007861e-02 5.436475415665015243e-02 1.868296827055757614e-01 1.486442001405739455e-01 1.358382201203989226e-01 2.721646803591958319e-01 5.626929481191463717e-02 2.464987723590362015e-02 4.171754804831437347e-01 1.343537375550901171e-02 9.285839098554225790e-02 1.542103592944642394e-02 1.333888448394813242e-01
1.359375000000000000e+00 2.164360212164701258e-01 4.741901560411542621e-02 2.669517297460218819e-01 1.508559260613313857e-01 5.741313951850108774e-03 3.660272794381514427e-01 3.014742805401086079e-01 3.121029176591226550e-04 2.414568690951281460e-01 2.886579792518512155e-01 2.520815874089071471e-02 9.413717452145385634e-03 2.873875665879048122e-02 2.784890688784748616e-02 9.108159368966313452e-02 4.674692704118407760e-02 9.169327461350568198e-02 6.412594989329678530e-02 1.927024527013541932e-01 1.163695006881365068e-01
1.375000000000000000e+00 8.022424165876666791e-02 2.402460953979458635e-02 1.390902390734578831e-01 3.265154367090886134e-01 1.506015815351394518e-02 2.263377999164024046e-01 1.435554718017364173e-01 2.680261498724897939e-01 1.301095745389028724e-01 3.882141785441794446e-01 4.588505502954878801e-02 1.034890873603969141e-01 2.874995246037352348e-01 1.564209507332817162e-01 1.897797601846735738e-01 2.082708604497381100e-01 1.147743739780290040e-01 7.882315878153593747e-02 1.778318605184037449e-01 7.740631195996028335e-02
1.390625000000000000e+00 1.054581970216527742e-03 3.013334052905761173e-01 5.585120914158245992e-02 1.887268283237909516e-01 2.777413870248529332e-03 1.675274372645508270e-01 1.060111605638125037e-01 9.308652825633184635e-02 1.181827042189642074e-01 3.710214194565283341e-01 1.247781206026619683e-01 2.429464867427141572e-01 4.043078338771650126e-01 1.534013346038475556e-01 3.195960145832104637e-01 1.655673594983132491e-01 1.704005458925187122e-01 2.875007581995562278e-01 7.862677022744622712e-02 9.067260671090703050e-02
1.406250000000000000e+00 2.759428470327209837e-01 2.129564427513284119e-01 3.631696197768721074e-02 2.586881041095877576e-01 1.386874458734268416e-03 2.478936677268382405e-01 1.990075480284220211e-01 7.257575948226892282e-02 2.941377531368266282e-02 2.392013534161235022e-01 4.877754791866491940e-02 4.704397400738836166e-01 2.102437359781214044e-01 1.619569620224188197e-02 1.256560549934089832e-01 1.220906868462341699e-01 3.251867774231714109e-02 6.059100981390937168e-02 2.267064207623250283e-01 1.699556443849798149e-01
1.421875000000000000e+00 7.511251131137859638e-02 5.360186020212857200e-02 4.653375698155780976e-02 3.651432075352987194e-01 1.939885184777395410e-01 2.982373203099369929e-01 2.817906498473423116e-01 4.890478010922428426e-02 1.394929428999356902e-01 1.193003476554159170e-01 4.673112297012053246e-02 1.974248108783265010e-01 8.753304892621570354e-02 5.017499588450056169e-01 4.961090226090749539e-02 2.189115002925083597e-01 6.580763418486462735e-02 7.843093592424396632e-02 5.304462571278454469e-02 1.405735534415079035e-01
1.437500000000000000e+00 3.888723226206805550e-02 2.624418681506221832e-02 1.141027219065042925e-01 1.040376452122476411e-02 2.624642897171863276e-01 3.759549179999739921e-01 4.982685850228337765e-01 8.566328051337047250e-03 8.583886743623814208e-02 6.350144664091017521e-02 4.659413321183878548e-02 7.130568039987741913e-02 4.732129576660843058e-03 1.226915765538279385e-01 1.998802491068433773e-01 1.247706225713862555e-01 8.612100914741334379e-02 2.621151866547951070e-01 3.587598682446995618e-02 2.176314053883062205e-01
1.453125000000000000e+00 1.953690858546809628e-02 9.367974183735687521e-02 1.550465640870612449e-01 8.146447432739083172e-02 1.693536390790356116e-01 2.441969114457114287e-01 3.088649569487901814e-01 1.480367125460879674e-01 6.517093894352620235e-04 3.811486410276028192e-01 4.488124446518047816e-02 1.769310070830149573e-01 1.687857764036715114e-01 1.028050315648204593e-01 6.218101054519400289e-02 2.947506577827378460e-01 1.765041080125846484e-01 3.003751295287866996e-01 2.998410086281889236e-02 8.882480860687444468e-02
1.468750000000000000e+00 1.051073750492713677e-01 2.965094667666310357e-01 4.048405899252884854e-01 1.294186009727124054e-01 1.113040737276127512e-01 9.783369858431036070e-02 5.459770340048222120e-02 1.768336764123745741e-01 2.625257661932853814e-01 2.012471334296171976e-01 2.732216849161309396e-03 3.370018249964765178e-01 3.088710355135090291e-01 3.547898083898600174e-01 4.230392823429670046e-01 2.361119771508665144e-01 1.179830463423639786e-01 2.788538025616092431e-01 2.864567458410322356e-02 7.723366218921078052e-02
1.484375000000000000e+00 1.418100459415772008e-01 5.506417347144128005e-01 5.372063540652999292e-01 3.310853432780642286e-02 3.034602039926686395e-02 4.684986634293321350e-02 6.560989912378203948e-02 9.875788331364210304e-02 7.527141498902363281e-01 2.013437150108174922e-01 9.678280587636797772e-02 1.128452913547258879e-01 8.610702151407924332e-02 1.746905376326425563e-01 3.751071172926481734e-01 2.837956788474271241e-01 3.355932180591594469e-03 2.298599379691012023e-01 4.791629510633774180e-02 4.962138901877197195e-02
1.500000000000000000e+00 9.138078754824481564e-02 3.209460941353556307e-01 4.906363972386239974e-02 3.037280479567622260e-01 1.435234884553620097e-02 2.093450160415773198e-01 1.323067063871600224e-01 8.257637494960869129e-02 3.926742569843868491e-01 2.549843376655024432e-02 1.185871968036764090e-01 1.689654184445739046e-02 1.335212789275504533e-02 2.690510161405033907e-02 5.750356007842153533e-02 6.096113451110786174e-01 2.220191992586617036e-01 1.444620097194541097e-01 7.685791311907756718e-02 1.983984810597842763e-01
1.515625000000000000e+00 2.053489821734449244e-02 3.902390959480070420e-03 6.214954345824213328e-02 2.747963081602439739e-01 1.979946032607387413e-02 7.723827287421032584e-02 2.207596010286336508e-01 2.854250955945676349e-01 1.750602599905947410e-01 3.343393272500164159e-02 2.993780740459005274e-02 6.858729743191756267e-02 2.641035107756980471e-01 1.982008885031484677e-03 8.192791001321732269e-02 4.728828417237133756e-03 1.249880333155755086e-01 3.164524248652280103e-01 7.654882900167914173e-02 7.621245924324970833e-02
1.531250000000000000e+00 2.105977897106490748e-01 2.161793782651569018e-01 1.238985961429083654e-01 8.485856720328879832e-02 1.499674674697059340e-01 2.122709244915378379e-01 1.033467973732377955e-02 1.750060650916650529e-01 9.502618927742477462e-02 1.028974853371573822e-01 1.021650352626887887e-01 9.403372230887897809e-02 4.416015833172362015e-01 5.744111521125007391e-02 2.409080574141825026e-01 1.071926642729625900e-01 5.300513884277386484e-02 5.925367901741546844e-02 6.275385410678925580e-02 4.594929453033468059e-02
1.546875000000000000e+00 7.790587684208796770e-02 2.540877899496521986e-01 1.834630751883044864e-01 1.663489681568458833e-01 5.176245565856674863e-02 6.730232349964458682e-02 5.072689706746969646e-02 1.835426392999158773e-01 1.068258720561364727e-01 2.811844626259159541e-01 2.043197048835473095e-01 5.644941447458372563e-01 1.552837443346107849e-01 1.225407014213014956e-01 1.602896588941114253e-01 7.963869134833616303e-02 1.786521189518146813e-01 1.164776560098945007e-01 4.868155706398020338e-02 1.842752507032785758e-01
1.562500000000000000e+00 7.998735587700876726e-02 2.204446980557603075e-01 1.561584198577824767e-01 3.253507498449365737e-02 1.412926661606699226e-02 1.260446980229650016e-01 2.786687649887564702e-03 1.125560281503339422e-01 1.576451125508755713e-01 1.129906822354944246e-01 1.787763032411264497e-01 5.113660632956325003e-01 3.337944391353638296e-01 2.176881630866449591e-01 4.733373560286612269e-01 4.277946597045156896e-02 3.862987569923932440e-01 2.351635893977648550e-01 1.641866583261704371e-02 7.975949589237026072e-02
1.578125000000000000e+00 1.184156856005625369e-01 2.781579353330108084e-01 5.878347335552096264e-02 4.968765743155660261e-03 2.374646403838436438e-03 1.552904686327896688e-01 5.691460910127773415e-02 2.087275618333807592e-01 5.949908371231033000e-01 2.890651160002876141e-01 2.919223251626233417e-01 9.475857180234302513e-02 4.093198317537148356e-01 2.881558297513993616e-01 6.476455755000461167e-02 8.134410698386067631e-03 1.832785218042331035e-02 2.516729403904578721e-02 2.032065014907217387e-02 2.830057417594974631e-02
1.593750000000000000e+00 3.263156866590630201e-02 6.993728880745998799e-02 1.005088557557531764e-01 2.976169886720080870e-01 3.662737789903935254e-02 1.254636490592639098e-01 1.406175072478496879e-01 3.404217150895083588e-01 4.176496513774659025e-01 4.742410033794052654e-02 6.029863568702121396e-02 3.613634596541168142e-02 6.439431833159586782e-01 1.299180024743823714e-01 7.630575022063769419e-02 1.384623977189003707e-01 1.038356685259881618e-01 4.943228613329782306e-02 3.011921237640758156e-02 1.976540080211980632e-01
1.609375000000000000e+00 2.902654296759067387e-01 1.733941855799334408e-01 1.202710493334252784e-01 3.346615422786409222e-01 1.460032842589303881e-03 1.026126970879959882e-01 4.722524914285349679e-02 2.073908632262521090e-01 1.641459905647748574e-01 6.758435955688070484e-02 1.411026464777706824e-01 1.135463910335040433e-01 2.740308909098065349e-01 1.680874512264867726e-01 1.307768438018242496e-01 7.882388629493281007e-03 3.016882535779794594e-01 1.598600679102706590e-01 4.634152505880734241e-02 1.466842148835837412e-01
1.625000000000000000e+00 2.235849191340731068e-01 2.754526456897112008e-02 2.381152730680317631e-01 7.130522557824624241e-02 1.568396525164160171e-01 6.366500797731458605e-02 1.886152548317790723e-01 5.104685779530111489e-01 6.056344214580979685e-02 5.759557601101640556e-02 3.747389269046617899e-02 2.785087074949753605e-01 3.001140553299179725e-01 1.117263816888861422e-01 5.062072576479921260e-01 1.405949579496565682e-01 2.265581200994438715e-01 2.180599258003114715e-01 1.039977898872907897e-01 5.425958114992114611e-03
1.640625000000000000e+00 2.395967760391368995e-01 2.317062154696043486e-01 1.466204558939502300e-01 8.309051952229748461e-02 4.541956319051596719e-02 1.609006361066361579e-01 3.687657833126004731e-02 2.514889930506748472e-01 1.211679160893702617e-01 1.218496895514975531e-02 1.124586027693505325e-01 2.073727811506666241e-02 2.642754214579778327e-01 1.887056109524746506e-01 3.486089670147062280e-01 2.651687615760267569e-01 1.820936925432678766e-01 3.070351186115722331e-01 4.762346062913709599e-02 4.005212736322173728e-02
1.656250000000000000e+00 3.534473686444498663e-01 1.952251890728053663e-01 3.042100851245021359e-02 1.550944708177222631e-01 7.012467636163717544e-02 9.842897806392003623e-02 6.000290542177728892e-02 8.429350727306887670e-02 3.218744236140532178e-01 3.017674801149971067e-02 4.176962204718165927e-01 3.474534577375962274e-01 8.650111116275449596e-02 4.470516938679777036e-02 1.358761418950391042e-01 2.675815455946563004e-01 1.036537397835579077e-01 1.325209967791259325e-01 1.507004799559876485e-01 3.418003525789859581e-02
1.671875000000000000e+00 6.725798505945952688e-02 6.138712117927979522e-02 2.566835800722184341e-02 1.624549952750934390e-01 2.330656165384337869e-02 9.216047545963867993e-02 8.013996927843052009e-02 2.665573977430780173e-01 3.891288375501352204e-01 1.042005422793817887e-01 3.911273193672614723e-01 1.194588298137108928e-01 2.583757468596482032e-01 5.378991843743549661e-02 3.386481664218792265e-01 2.544763849515459531e-01 1.863310595496902866e-01 3.325874774438222770e-02 4.872095094002823479e-02 1.069509535008471984e-01
1.687500000000000000e+00 1.483016321130062320e-01 1.139060829281115655e-01 1.265879591792753445e-01 1.248508629295448820e-02 1.640449139273787802e-03 3.960200376341883877e-02 8.514811237000247113e-02 3.698403303911751427e-01 1.137260372594208341e-01 2.826314168251739881e-02 1.211506279441299239e-01 7.253370647861767662e-02 4.188325703535610844e-01 4.953009214578022595e-02 3.962601245532756389e-01 6.392672757940381922e-02 1.942860446401596386e-01 7.829493457207914453e-02 2.473591225618404776e-01 1.671615315825039916e-01
1.703125000000000000e+00 6.462111466921666159e-02 1.162060207556868952e-01 9.181785144664046661e-02 3.968991645110986170e-03 4.730446246637041302e-02 1.614316277031324076e-01 2.496892163968209011e-01 3.950664279012361391e-01 4.703764303458529694e-01 1.108581321228700595e-01 4.681529723236028950e-02 2.169382049082368459e-03 3.099947966733285765e-01 2.962059585198936751e-01 2.642839110383966572e-01 4.164161620529236996e-01 1.086114691340825111e-01 1.101805643151839709e-01 2.168514801028181838e-01 1.631841558748224896e-01
1.718750000000000000e+00 4.393465799517820014e-01 2.437074519317295462e-01 1.280549832341406347e-01 1.782437485047238812e-01 3.136749845971172068e-02 7.721628850045671177e-02 1.284748147046220479e-01 1.704393863665461528e-01 6.023865906251730795e-01 1.266980187638678812e-01 2.852363518919513383e-02 1.049659008938614579e-01 2.217081139456560102e-01 1.007597408972498582e-01 9.917635188506506577e-03 2.320143926790458888e-01 3.615713079180862266e-01 3.070977483889282822e-01 3.789372024134106225e-03 4.991086098738609783e-02
1.734375000000000000e+00 7.900895273871630931e-01 4.635651301365029120e-01 1.101703718584858688e-01 3.853082632681927855e-01 3.012509075238440914e-01 3.773406015041838590e-02 6.479663023810740274e-02 2.759524215993892637e-01 3.273006694914598058e-01 4.581224769085361775e-02 2.132982751300289970e-02 1.138602341977252574e-01 4.550856054353346614e-01 1.700699820584234412e-01 1.605406298432832460e-02 9.808760119985465709e-02 7.277932752199671451e-02 1.862178051630543341e-01 2.390757994142285736e-01 1.293260286613620302e-01
1.750000000000000000e+00 7.802696395726151091e-02 5.420252178377031882e-01 7.877967598218225953e-02 8.934496438240041583e-02 3.156455114487185520e-01 4.013135026833006963e-02 7.049197078669112992e-02 1.388334204727546643e-02 1.519364751973613648e-01 3.180102545819535331e-01 3.998198745962038003e-02 1.542532878995827028e-01 6.993271667462468422e-01 2.619432422164847396e-01 6.251274295962231387e-01 1.149611700979683154e-01 1.110592992447106964e-01 6.414162910744103385e-02 1.157052083444738283e-01 4.124922114466543221e-01
1.765625000000000000e+00 1.773788133252741650e-01 3.605042929659429407e-01 1.347355257242577875e-01 4.323237448285212614e-01 6.803449165743126470e-02 2.132279535722221842e-01 5.824540507769149222e-03 7.555290923847188256e-02 1.027010456460199783e-01 9.858568477749179992e-02 8.136755322570896065e-02 1.197788667800431806e-01 4.936029631099527748e-01 8.107667552073857808e-02 4.260424238451258061e-01 2.441934020548726658e-01 1.244374071441549101e-01 2.175393600031643726e-01 9.381993110376993933e-03 1.553350022014882426e-01
1.781250000000000000e+00 1.575935763029323589e-02 2.776426553815593556e-01 3.317453137463680091e-01 5.790458841878119711e-02 2.131771009261915206e-02 2.567751330015659583e-01 4.058808994016085275e-02 1.350904474994600868e-01 9.925975162184996411e-03 3.503855152480575552e-02 1.989773728094928334e-02 8.214050160423369551e-02 3.438332471410060487e-02 6.722390982420055339e-02 3.901050886973713161e-01 3.238110375178001044e-01 2.053790624890073635e-01 2.412041284983564710e-02 1.679568601935349237e-01 2.395562780752172674e-02
1.796875000000000000e+00 3.381276456839051314e-01 8.198848685096915556e-02 3.904069615007588895e-02 9.020578331679446338e-02 3.390910241909576850e-02 1.642449052560410461e-01 1.792443140089490516e-01 9.663902155914672054e-02 1.004931279187066123e-01 1.306229745278882637e-01 3.863144968276469721e-02 2.755685660981424534e-01 6.208718952532099600e-02 2.920756789082668559e-01 2.931257465491836009e-02 1.110889480213065883e-01 5.513995912614736566e-02 7.651227400987023475e-02 6.274548997647456661e-01 1.986062615922105645e-01
1.812500000000000000e+00 1.601310413296111734e-01 8.526624177544013528e-02 2.004374710951918603e-01 1.676203072209196121e-01 7.275091933810796940e-02 3.709628478120592376e-01 8.663644407621468035e-02 5.782557267696948333e-01 9.882277407949636994e-02 2.165800521399878220e-01 5.777184502543909750e-02 2.684115405280320665e-01 1.915469408806357576e-01 9.887033138609893634e-02 1.053242016957817856e-01 7.105466870749498065e-02 1.081000286555613976e-01 3.972293782992753972e-03 1.381526220668822733e-02 5.697853225800499910e-01
1.828125000000000000e+00 2.877793600223048087e-01 1.940795571292492916e-01 4.373172314476753142e-02 2.301441527109491514e-01 7.323018644396929455e-02 1.092459189320453272e-01 4.363620200480730627e-02 3.335168381934587867e-01 2.538749542512129254e-01 4.305445287151171141e-01 3.753921968603905757e-02 4.995544646138529998e-01 3.350130936262796788e-01 1.123747119626248847e-01 1.261464777369879497e-01 5.246954162592201015e-02 1.088443788963011118e-02 1.598366277583926354e-01 6.364121824829574448e-02 5.130702298772406023e-01
1.843750000000000000e+00 1.946817223995901680e-02 3.267314811271181396e-01 4.106844529126232879e-02 1.008896236823005610e-01 3.037378878108891803e-02 1.574979790043309624e-01 9.077295344008518702e-03 8.545555457028948532e-02 2.847091513836941257e-01 3.668427020418241202e-01 9.450298197646975207e-02 2.383547779062767102e-01 3.721570873569726157e-01 2.241518513646632571e-01 3.716273556185892279e-01 6.222358224123446940e-02 1.178098763640866020e-01 8.104920156508697848e-02 1.556124845606786933e-01 3.534192937332373829e-01
1.859375000000000000e+00 1.426060292480645086e-01 3.664260893038693290e-01 1.088750574455778775e-01 1.296532693023014216e-01 5.152264367435413495e-02 1.819750003962572193e-01 6.058135415227383636e-02 1.637138600785444376e-01 3.681322945760506227e-01 4.493922802152498508e-01 5.485143722829691204e-02 1.295322615377526073e-03 6.212255142417160148e-01 4.005412648871856107e-02 7.660993156295313466e-02 4.217067013907087325e-02 2.175415186510139612e-02 2.218292312423960910e-01 6.573225288039699632e-02 1.266844857090194398e-01
1.875000000000000000e+00 1.003214129833375351e-01 1.672754827693598567e-01 5.094084249319209140e-02 1.731882712744645947e-01 6.114204715000824686e-02 8.987266293959667030e-02 1.259085204581734396e-01 1.931087921258938800e-01 2.794063857562675279e-01 2.065954694095602784e-01 4.484759265097804787e-02 3.790479925165791686e-01 3.320743628748319409e-01 1.285729969907858407e-02 3.816718663336419320e-02 1.139489487268873225e-01 4.873492136304135615e-03 4.655340321235488382e-02 1.245344875048510214e-01 4.251555361479690542e-02
1.890625000000000000e+00 6.568687685793300757e-01 6.508542827305420497e-02 3.956353454706088013e-02 1.360302991937622219e-01 6.619428820422196269e-02 2.272395677835402361e-01 2.575169509728894579e-01 7.182216107172403885e-02 1.440708472010640909e-02 8.956224877631975556e-02 1.094876094098017061e-01 2.839473033435943039e-01 6.808631310417638527e-03 2.121011748068745632e-04 9.453794292758964379e-03 8.264144262231983007e-02 1.432383231047331118e-01 2.768670447773937671e-01 1.341882227626369495e-01 7.810777187102081742e-02
1.906250000000000000e+00 2.366509471356733063e-01 3.818642576172984887e-02 1.392110496568939038e-01 1.103564935263246921e-01 5.018362481897333839e-03 1.420165423187678133e-01 2.924173475078258033e-02 8.040787796593876560e-03 5.626271452481160229e-02 6.262073811095796028e-02 1.403726420394962870e-01 1.710038636374812534e-03 1.453544165438743208e-01 7.420919989319769983e-02 3.088468389047225315e-01 7.079991137204549694e-03 5.542405546080875905e-02 2.274682628130664935e-02 6.372306154421365776e-02 3.621606574125259964e-02
1.921875000000000000e+00 3.182716631140004165e-02 9.536531486653793133e-02 9.560767922006853381e-02 3.753794807886659535e-02 7.243190764339046961e-02 1.997628123783517368e-02 5.672090950179383383e-03 9.184023246660719120e-02 2.099623786801319350e-02 3.855548452936030657e-02 8.790894985451518095e-02 1.141861893300934461e-01 2.043653799285683748e-01 5.636279785273706766e-01 5.261669485897276788e-01 1.581212667155363905e-01 1.378988887183916004e-02 5.627548042869268130e-02 1.819886009888900882e-02 2.880686539587831371e-02
1.937500000000000000e+00 6.398501804060480191e-02 2.276005562109716662e-01 3.076043876987032966e-01 2.758804644259418848e-01 6.294172441753610736e-02 2.316360087010377149e-03 9.067539969559057500e-02 1.738061925646642442e-02 1.359414225932799036e-01 1.869014672463377713e-01 3.826226523630978094e-02 3.535045948285190504e-03 1.444388346744493179e-01 1.707786983853065987e-01 2.127340248998443872e-01 4.066065862842637574e-02 1.925266762006983268e-01 1.983383867802127332e-01 1.498146385490264215e-02 4.344175835566442545e-02
1.953125000000000000e+00 1.079299323900135416e-01 2.425008055837910015e-02 9.236579299636925311e-02 2.793465094381231140e-01 7.852566531571436581e-02 2.183575542167508488e-01 1.226047100921586613e-02 1.527573748718963897e-01 6.604981334534988646e-02 1.181343609370593961e-01 3.562399991916421343e-02 3.254071889270780671e-02 1.179953503864293041e-01 4.861800449413742481e-02 2.600243806019638115e-01 2.245129962269914181e-01 1.498711814368205442e-01 3.230089157973424774e-01 1.191101097969901879e-01 6.119638730775423842e-03
1.968750000000000000e+00 1.443535426655446208e-01 2.971558279133789879e-02 1.117093522030888353e-01 3.574393010409557259e-01 6.857772760388072819e-02 2.284661479444696081e-02 1.876441563328565820e-01 1.207774356664544080e-01 4.050792882285395718e-02 1.397539872993295573e-01 1.818414891050768034e-02 5.856901697196045808e-02 1.560774328327902138e-01 1.900027856282832453e-02 2.802879629903748948e-01 1.853037789244762340e-02 4.300241003513696064e-02 9.744174096420600562e-02 2.687088311511473537e-01 2.429269679181769725e-01
1.984375000000000000e+00 4.671821034532020467e-01 3.161769314321385971e-01 1.085227940323900131e-01 2.427547200755283963e-01 1.389425547888575585e-01 8.001470878165083123e-02 2.215964179957858882e-01 1.754050330087612575e-01 3.805800890970618966e-02 4.744511142213041488e-01 1.861436544385877412e-01 1.630861113145075647e-01 2.401650072470312008e-02 4.806442720990512091e-02 2.667350773049071422e-01 4.142311872594929278e-01 1.145044689971598528e-01 4.172215741504796405e-02 3.566432825074849350e-02 3.454809841914866508e-01
2.000000000000000000e+00 3.184507096310840724e-01 2.614144824409292411e-01 5.470576550000923709e-03 2.088476754253494327e-01 5.868871334687925795e-02 4.222291100304594036e-02 1.782829426451810473e-01 5.086118036373696860e-01 1.047596178535160037e-02 7.227181413478236949e-03 2.718479383679995968e-03 2.668656553114640007e-01 6.691291408409100845e-04 2.849250791534831406e-01 1.268646706940049773e-01 5.109602099825080908e-03 3.802387215208679477e-02 1.410937225696769770e-01 9.817909073093612771e-02 4.373633896429044987e-01
