0.000000000000000000e+00 1.468714029777461738e-01 2.894350986404153336e-01 1.182776944576416078e-01 9.239558538194769799e-02 3.431031860497983366e-01 4.799432142441747984e-01 2.377058354888838404e-02 3.724560322970018600e-01 1.889756432408078446e-01 5.434278504684683653e-02 2.865773458732696621e-01 1.462400267676544352e-01 5.194544899380965086e-02 7.495454170778191420e-03 1.137748714512979570e-02 2.320167564375730795e-01 7.673992465685851305e-02 6.849632407067710038e-02 7.043519391587742089e-03 1.723509101366348384e-01
1.562500000000000000e-02 1.626056801194460458e-02 9.481738997886907105e-02 1.785997178393012447e-02 1.804901922246903434e-01 1.358530050319854410e-01 2.197702146067285756e-01 7.499677961691626760e-02 3.250902258253016153e-01 5.870573441340568716e-02 1.235967098298267203e-01 1.179128422443702778e-01 2.099074442492646630e-01 2.922580841066603208e-01 3.377291948146913803e-01 8.258384154938254451e-02 8.104628418059846295e-02 2.841894990115423347e-02 1.428719313128029925e-02 2.340352606870092222e-01 2.821763663477905859e-01
3.125000000000000000e-02 1.623037077616157065e-01 2.992348893641931240e-01 1.756408116974033651e-01 1.558173994388835359e-01 1.409558088705474277e-01 4.421943643293192727e-02 7.280484700798189879e-02 3.039943638649429958e-01 1.299777519704982121e-01 1.087519524788648287e-02 2.420215548953814910e-02 7.394764168424866136e-04 3.715708853422171054e-01 6.610131342069626957e-03 1.955156557748551766e-02 8.606280202663886547e-02 1.794020830610744063e-02 4.934722990499971866e-03 3.567970276565346488e-01 9.726153009321511500e-02
4.687500000000000000e-02 4.506707912875146937e-01 1.385264790348405550e-01 1.168913165391415876e-01 4.015014490686585336e-01 2.006473819563539540e-01 8.861787397714554482e-02 1.930923282934882690e-01 9.306636523574472741e-02 6.281832959960338414e-01 3.676938644778472015e-02 4.542267387698635528e-02 1.901293392116719938e-01 5.723513841430657445e-01 4.456464241386003111e-02 3.049240763725216130e-01 6.714704273749971808e-02 6.281015993363389845e-03 6.533917417784268966e-04 3.273336889049414944e-02 1.714949182951243378e-01
6.250000000000000000e-02 3.874562127513668797e-01 3.040866369296544303e-01 5.370589052426656684e-02 2.132880285183600400e-01 2.511092508985636740e-01 4.515593323529415448e-02 1.829030426738101345e-01 2.522568738916148301e-01 5.830208486423009706e-01 5.378211784502416881e-01 7.206254767021356630e-03 1.456736214905218242e-02 6.129285510826759653e-01 1.757996494540067789e-01 3.056571239933246822e-02 2.845149249457413210e-01 5.041456472013906842e-04 5.680479477287117551e-02 6.952926644044166160e-02 2.645437806638559763e-01
7.812500000000000000e-02 4.597260137257273560e-01 5.707374142300732089e-02 4.226202133636714625e-02 1.721042362577188956e-01 1.399665104781252223e-01 2.290859787790164304e-01 7.296607791886781935e-02 2.171316354540168275e-02 4.009267680123385080e-01 1.160770627928707638e-01 8.061836088514104381e-02 3.331029667070072725e-02 3.621544230787525631e-01 1.924450498622223282e-01 5.177276486143928685e-03 1.399402281906360623e-01 3.507686243812152549e-02 1.207068510211826984e-01 3.156148000423865119e-01 2.567767470650181849e-01
9.375000000000000000e-02 2.565253412146278889e-01 4.288807191254508377e-01 6.194033106696265889e-02 1.647562394624277615e-01 5.214821285391411237e-02 1.108986665629674712e-01 7.970182253636708125e-02 1.394320198835824198e-01 4.915444762988119276e-01 6.069806350860890154e-02 1.590804840100142059e-01 3.143925279927630712e-01 1.029401164027841653e-01 6.408624192485605775e-01 2.217705433336590037e-01 1.441536698367699432e-01 3.250816126059825201e-02 8.986455828871653395e-02 6.219158982435433192e-01 9.833239146239829143e-02
1.093750000000000000e-01 7.865265195881319948e-02 1.965056266370432680e-01 1.951138751299037188e-01 1.040560883802285532e-03 2.999807882327840680e-01 2.230775983908523663e-01 1.273291252469684609e-01 3.488138658862238728e-01 7.346279998243377962e-01 2.056238164876562358e-01 2.807497797282508256e-01 1.725367838511882301e-01 3.020038961515152387e-01 6.191360038376465535e-01 1.293803331754895536e-01 5.366166847766991495e-03 1.129002984200788151e-01 3.902814072633803422e-02 2.943771729787845737e-01 1.229027383701289250e-01
1.250000000000000000e-01 1.355048939909861694e-01 1.050330530256866762e-01 3.580989596941715480e-01 1.686720999564646495e-01 5.786778663615357865e-02 5.241095721601497087e-02 2.251423771102555038e-01 4.992411887123823222e-01 5.338707559091757648e-01 1.480308957999823816e-01 1.237362744191657926e-01 3.002055813459084677e-01 5.064547536071103417e-01 5.708832207120381197e-01 1.627103053359989226e-01 3.813864235702505989e-01 3.307618898759968062e-01 1.011458512501921952e-01 2.739218497576789701e-01 4.094675754314563987e-01
1.406250000000000000e-01 5.597222558804633152e-01 4.325478194240032215e-01 1.373657274240016879e-01 4.911039874680623307e-01 2.514963470785009925e-01 3.407130327457483232e-01 1.904944412620576677e-01 2.931003664990516344e-01 1.864130551480259745e-01 6.278392674182589617e-02 2.081023832846859989e-01 6.066565074127949764e-01 6.211469048770833917e-02 6.943061574418819548e-01 4.559950319891868387e-01 2.788640895652337859e-01 1.292513460014024784e-01 3.143546359994534023e-01 7.410358213418104523e-01 3.221551682243056214e-01
1.562500000000000000e-01 6.080229407388465512e-01 2.738475917319763142e-01 6.039104195155024085e-02 1.566710620729530323e-01 4.573096124551667141e-01 6.163030850101902658e-01 8.614231286400306775e-01 2.198015406042703179e-01 7.389898915200679985e-01 5.999645887698938918e-01 3.771009420393018896e-01 7.452033737748302578e-01 6.989787035907124579e-01 2.843380390404218194e-01 3.622276657267510247e-01 2.800704660640225829e-01 1.020225483419913287e-01 3.749402626139474726e-01 6.787256766776016415e-01 3.743716577976551330e-01
1.718750000000000000e-01 5.838614002524332713e-01 1.836627853492870110e-01 2.305830047176155029e-01 5.913055864050538180e-01 7.130034066257140424e-01 4.013117366550739140e-01 1.916811392429467464e-01 4.138031803025140065e-01 3.729566869827101172e-01 5.956708445933843743e-01 5.512588751111300311e-01 6.342116426250177241e-01 1.099962754350408689e-01 4.945673666429959425e-01 4.732744510395021642e-01 5.952792717957851032e-01 2.099454449353718721e-01 4.949943689491417276e-01 3.781217212826986640e-01 6.774354608373639453e-01
1.875000000000000000e-01 7.867040492831626208e-01 3.424095530989439418e-01 6.107400705584178358e-01 5.588221247747149345e-01 2.963941870017006153e-01 2.920265050751107427e-01 1.847304170495493725e-01 3.325293086544829912e-01 3.503125194224688821e-01 6.216822095704995776e-01 6.349651486311495008e-01 7.252976446805218247e-01 6.779333854978565332e-01 3.240228512089249335e-01 4.779064547499267124e-01 5.739664260586040401e-01 1.615941258480020071e-01 6.562254075012953214e-01 7.308184794995762346e-01 5.535455639580769693e-01
2.031250000000000000e-01 8.063427743199691466e-01 7.919266494618529828e-01 4.662371891308154104e-01 3.300350219236313221e-01 7.443095915491473313e-01 2.194115809605580447e-01 4.736622926089373853e-01 4.968732412808949950e-01 7.920092956730414580e-01 5.938772465566706238e-01 3.784918962245817364e-01 7.181718823570654164e-01 2.409849653634359712e-01 5.847409847524965842e-01 6.214998467112330394e-01 6.202068950239651990e-01 4.754650281832672465e-01 5.993985101734049525e-01 7.599784809731616742e-01 2.626061249464610725e-01
2.187500000000000000e-01 4.065962446570743904e-01 6.558583591220288334e-01 4.208847731050138208e-01 7.384661872576507857e-01 7.263467115381215811e-01 4.477640760056691427e-01 6.828259371957051682e-01 7.975960503297852000e-01 5.114365829151846787e-01 3.050265486077755606e-01 2.133722598655281855e-01 8.261257969277302493e-01 5.763946609410035560e-01 8.459334751714112643e-01 5.142889838837668703e-01 7.082308514500801344e-01 5.172368237740483377e-01 7.993370093861801307e-01 5.861441830520237595e-01 1.319776795141918424e-01
2.343750000000000000e-01 2.954019198640430166e-01 2.568638942417741933e-01 4.795186646616087511e-01 2.794111392612893541e-01 3.592175499676152350e-01 7.305102425585170423e-01 7.703583999488451406e-01 8.498727919182095247e-01 7.937829932600275473e-01 4.496549062180410505e-01 1.451506118458682770e-01 7.641953492167073980e-01 8.602324715736022753e-01 4.340782592873690948e-01 4.730755954066608315e-01 7.863350137700930720e-01 7.207730803071231707e-01 8.525997271038237013e-01 5.108606559129038605e-01 3.729233553385161160e-01
2.500000000000000000e-01 5.755503837458826322e-01 6.458997553957498416e-01 8.875075180334290881e-02 8.211606876641380781e-01 5.842510733424138847e-01 6.134058947850240529e-01 5.033816491033549223e-01 7.104611755514784743e-01 9.157317328259542144e-01 6.952206040121290398e-01 3.542465552666338446e-01 8.511064059871649157e-01 7.667071464786688884e-01 6.961920557948252375e-01 3.270980475666764309e-01 5.793638741679638660e-01 7.946602427082053444e-01 8.322776945008297789e-01 7.741389311255730821e-01 5.991912724866084172e-01
2.656250000000000000e-01 7.774636589621071181e-01 6.110342802674808560e-01 1.890504717778090926e-01 8.796503885124393740e-01 6.325537651906495418e-01 6.252137826459147618e-01 4.061606235752229788e-01 5.835850761235442663e-01 5.599216810313309978e-01 6.712097295494767746e-01 4.223775848968386315e-01 8.980673890453497732e-01 6.735460632128430492e-01 6.712297487517330241e-01 4.041401454037214513e-01 7.324238795016008163e-01 5.334246672926645783e-01 7.046312230983703406e-01 8.442968319309976932e-01 4.895961692206347582e-01
2.812500000000000000e-01 8.405037738712940465e-01 6.763450711404939142e-01 7.064294837509470515e-01 6.154560086812164155e-01 8.823907281111200707e-01 6.262991050298019058e-01 5.581915967656605471e-01 7.577745901628379910e-01 5.467042278922612519e-01 5.434475721979246110e-01 6.772586678503066393e-01 8.811466225715453016e-01 8.945716193445961695e-01 8.207694133353727883e-01 6.105907684143969671e-01 8.475971498715377805e-01 5.534918342214152354e-01 5.482865306964974650e-01 8.173811109143853670e-01 6.669962454841568134e-01
2.968750000000000000e-01 7.283953283278866708e-01 8.427627286322290079e-01 9.003119171604333504e-01 8.505131077824866770e-01 8.917229696152575436e-01 6.596482093432293192e-01 8.391546648047680801e-01 8.535659835367882531e-01 8.793296030358043192e-01 7.358115496704984437e-01 7.638737547775710235e-01 7.329597447781120989e-01 9.276862797417904094e-01 7.963930562802741253e-01 8.671702068824993503e-01 8.977549958093840043e-01 6.463009875217201605e-01 8.124837133670631539e-01 8.901414297737767489e-01 8.183971515935936081e-01
3.125000000000000000e-01 6.245941417355767022e-01 8.882990200067132358e-01 8.017166668669803986e-01 8.676205301115487156e-01 7.732420572910787548e-01 7.225135179556321230e-01 8.591721595998027539e-01 9.478969064665205835e-01 7.981677393027774015e-01 8.316467180633998479e-01 6.862604744739683182e-01 4.513185869425720420e-01 7.889692562172940793e-01 7.736341386212252091e-01 7.708438482040261830e-01 8.388035205342172507e-01 6.181573452391680989e-01 7.106818435012399737e-01 7.947244451600488091e-01 8.814473445656125783e-01
3.281250000000000000e-01 6.517931121128761607e-01 5.114034659301126551e-01 7.690402742358106725e-01 8.347803958475623620e-01 8.282288833566545661e-01 7.491347716391405509e-01 9.068061075788650394e-01 9.635655046840831961e-01 8.026413404405765561e-01 8.074247913920997721e-01 6.758502198930305127e-01 4.569451467552904100e-01 3.680805608583355149e-01 4.832170902952546143e-01 6.937926996053443984e-01 5.254784764477902215e-01 3.418061250105943194e-01 8.808569506361639823e-01 7.363419899414457293e-01 7.098352231749431862e-01
3.437500000000000000e-01 8.668488197924488770e-01 6.829920875892094845e-01 4.658086087718739110e-01 6.457871781978524739e-01 8.732314132387561934e-01 7.029895397808568758e-01 8.729848259046185666e-01 7.774529891002627258e-01 4.962990501158452972e-01 3.573364361142488677e-01 5.956048245076618342e-01 7.227204671597388108e-01 5.963724717440564982e-01 3.364184674596167879e-01 5.824950488201512400e-01 6.059758450379293393e-01 2.113502366792625597e-01 7.945149060162743915e-01 8.068853157301113521e-01 5.716790967987641636e-01
3.593750000000000000e-01 8.327415204792817383e-01 4.725420807936977496e-01 1.881974803167874299e-01 7.650767483081699627e-01 5.753071867729109279e-01 2.678164703277964298e-01 7.912451033336146411e-01 7.892380871633627448e-01 4.381101532010023281e-01 3.747624161863076786e-01 3.186683592627904127e-01 5.713322144341398401e-01 5.399559355237006919e-01 6.642385810471264085e-01 3.492263847483206285e-01 5.398969203925662041e-01 3.977771181528965694e-01 6.316799927581133733e-01 5.141776362068597450e-01 4.492571231896505535e-01
3.750000000000000000e-01 5.521715071094137617e-01 3.593281408990603998e-01 1.102814924188833395e-01 2.802454455194888783e-01 5.705058266365722330e-01 4.630427941703616490e-01 3.912206937148112740e-01 7.364532776820862381e-01 8.749180117020564917e-02 1.444062479590275394e-01 1.628641287832681694e-01 4.355711744409668240e-01 4.356047732814732898e-01 7.684366343847499614e-01 4.267124042824960717e-01 4.224454331156713982e-01 2.970546172444880617e-01 6.392218138798445581e-01 1.988250063643997589e-01 5.323482755827210200e-01
3.906250000000000000e-01 1.821463215591809515e-01 2.085528900459764912e-01 3.671394275719263023e-01 6.599686277254489530e-01 4.720037248610228775e-01 6.107145684103204575e-01 5.888842118049515406e-01 6.259151592393468189e-01 1.581156474051005900e-01 9.380444363239019701e-02 7.688035133591358816e-02 5.062994182608715477e-01 3.290775870991641955e-02 5.082356230177824674e-01 2.736052837677537264e-01 2.176821003843000812e-01 8.246541693752050539e-02 6.396006002128510337e-01 5.415351605139206992e-01 7.762788756039208649e-02
4.062500000000000000e-01 2.332187534677618995e-02 4.141400076928487550e-01 3.276832285309170256e-01 2.905071918749816962e-01 1.871430298947791490e-02 3.775237717595814231e-03 2.857779262919797336e-01 6.883206437850306614e-01 4.348597214838150204e-01 4.521111287301293746e-01 1.693963144586255881e-02 2.988833019139467417e-01 5.412174425741977241e-02 1.145706706511513129e-01 3.977156454741186953e-01 2.550953875709138230e-01 1.316384259427871295e-01 4.214238944842721990e-01 5.031964357833101920e-01 3.370920551867387926e-01
4.218750000000000000e-01 1.014136521938802521e-01 2.276340372059167949e-01 9.581703708918691553e-02 1.058310344998917608e-02 6.454167819365279335e-02 8.835443980673304831e-02 3.962378802513849552e-01 7.417523165375498051e-01 3.929126550844753707e-01 4.933580557504012032e-01 8.149907237289945316e-02 4.573282075873646470e-03 1.426333330726761994e-01 2.039917080651932474e-02 5.842493365894522173e-01 1.037788749976069486e-01 2.178264911298715412e-01 3.220500533984501090e-01 2.936251999035515703e-01 5.187332742926316076e-01
4.375000000000000000e-01 1.157354274908810876e-01 3.955331039351274169e-01 2.818015662276643907e-01 5.467564077485213836e-02 2.950545758938447616e-01 2.313211565009453685e-01 3.901548793734844339e-02 3.844804246616004284e-01 2.569228406306136026e-01 1.315505196847989722e-01 2.973375234350774665e-01 2.223570985800780650e-03 1.424440230040440458e-01 3.658994321667313199e-01 1.858958498627507894e-01 1.297481089945946020e-01 1.963346411656647361e-01 3.351117773685033385e-01 3.240753566476760605e-01 3.235510151440421089e-01
4.531250000000000000e-01 6.671587696446348859e-02 6.184818318369549733e-02 3.003991245047556435e-01 1.860497272292467238e-02 1.088043350266226367e-01 1.798779997502269468e-01 2.017960158481605093e-01 1.627098575250109647e-01 4.312531313356099405e-01 7.622579009550187190e-02 1.731224643788795703e-01 9.428837805303517949e-02 2.598310424200630520e-01 5.889146278859386241e-01 2.431341779203669562e-01 8.384302616477597170e-02 3.879254218460724546e-02 5.624125939449607925e-01 3.160394411721580837e-02 5.847977701493828340e-02
4.687500000000000000e-01 8.822921688943233254e-02 3.069347586133449116e-04 2.144816666349256759e-02 7.411159188825426625e-02 5.083801704079881079e-01 2.092574872948506637e-01 2.097285400009085976e-01 2.895815845010162315e-01 2.975628458376323726e-01 5.245968858781553668e-02 5.613158255199928587e-02 1.409545054321982745e-02 1.058190717030929456e-01 5.341514517902735265e-02 9.726749776561023630e-02 2.317541439906511680e-01 2.757790083214836097e-01 2.226361793089258745e-01 1.199935336057655622e-01 5.679452071385882733e-02
4.843750000000000000e-01 4.778929084045374642e-01 8.331492465426569571e-02 1.304329995200495251e-01 6.465956816117977846e-02 3.062240260750648813e-01 2.464644908229628728e-01 2.324375741468673040e-01 1.589622748765338045e-01 3.801071056646259522e-02 2.607949974764118828e-01 6.340697529526025111e-02 4.516905468232253196e-03 4.524744798953516528e-02 3.172078361486574960e-01 5.398020877479717955e-02 3.686697505281599230e-01 2.546037155668143259e-01 2.454040487254011832e-02 3.620477070302485223e-01 4.129179295086435331e-02
5.000000000000000000e-01 3.296208548933354625e-04 4.762007621937242030e-01 1.496895041939510784e-01 7.006490044236665660e-02 3.257617741632428676e-01 1.354854077111541932e-01 2.253737361144735746e-02 2.224214406871331262e-01 1.067472249385411631e-01 2.433799657496672764e-01 3.419545328774209469e-01 2.909275807103922640e-02 1.370911418231778589e-01 4.167774969561303111e-01 2.324034670697563143e-01 1.665959205325903969e-01 3.601280990999751463e-02 2.255175782864615036e-02 4.109979290567011140e-02 1.823593570160373170e-02
5.156250000000000000e-01 1.596643794963742147e-01 6.655109777110278235e-02 4.888397707370766843e-01 9.282587862893235120e-02 2.282309192967064970e-01 1.556191560362738258e-01 7.189995810018255662e-02 1.376830248603267137e-01 6.372073869001960988e-02 7.446981949606264195e-02 2.805257281170310257e-01 1.138022310301791823e-01 5.749495981096642838e-01 1.643244928260944038e-01 1.847255991989309731e-01 3.844569579862473496e-01 3.739363143511387211e-02 8.181741044247899802e-03 5.300299527754113171e-01 1.308666006398026271e-01
5.312500000000000000e-01 1.080052220773807664e-02 5.063618580516473199e-03 1.743583051763476499e-01 1.900906327323813316e-02 9.722709238802779153e-02 1.171365103291082954e-01 5.732466385641007411e-01 9.022055192967841364e-02 8.493051967193672447e-02 3.183801345329705379e-01 1.139544497544623114e-01 4.572037149914822685e-01 4.497827852083436939e-01 2.053529063577765323e-01 3.071488453227974244e-02 1.011100679292401272e-01 1.308002602164239081e-01 7.507611321248734704e-02 6.181856680618681016e-02 4.652461044330372109e-01
5.468750000000000000e-01 7.630317936315187018e-03 7.323438266800917640e-02 4.825892675785131702e-02 2.328147873562132208e-01 3.931315633035499246e-01 9.550056743152326999e-02 1.451593024585438874e-01 7.527472828634676483e-02 2.353215827845311359e-01 3.937417201319439175e-01 2.084675305687901103e-02 3.474909805915558925e-02 1.011968357990228745e-01 3.378983326136084098e-01 1.710561141528466403e-02 1.728982287464551626e-01 1.501266209667203311e-01 2.564650356977091761e-01 2.220549840675255793e-01 1.713168212719143324e-02
5.625000000000000000e-01 1.188879274077434510e-02 5.968414868056067801e-01 2.824206136436531456e-02 1.124705568754098004e-03 2.582409775102821325e-01 1.429912276362636514e-01 2.083307779729987874e-01 4.706302416403696127e-03 4.348420053358934556e-01 3.329211434386307178e-01 2.530935210449080097e-01 3.132931334459146400e-02 1.891006064055115732e-01 1.651194853348910419e-01 2.207102581019004250e-01 6.665187478954986977e-02 4.633274658424105796e-01 7.097609030867617352e-02 3.921136779596796629e-01 1.096089716325352424e-02
5.781250000000000000e-01 1.091739832308799008e-01 8.469989281884530291e-03 3.364275688164832662e-02 1.165053173109753398e-01 8.903326571025552139e-02 1.940636576180759798e-01 8.425571896750597145e-02 1.044900545366193589e-01 6.825169647742104773e-02 1.262554014914548939e-01 1.492052139908238706e-01 2.050549307863263337e-01 9.347685448391826468e-02 7.276720917144589851e-02 1.628530301706907768e-01 1.236882392026529207e-02 3.061464229728464437e-01 2.333656237893536392e-02 4.800384271597695207e-01 1.020209199214340001e-01
5.937500000000000000e-01 2.938216597997355128e-01 1.377386623482260153e-01 1.018401716572899483e-02 2.669222035461204373e-02 2.270680533282126434e-01 6.754160742901004974e-03 2.353313712446881145e-01 1.916749434312842448e-01 1.543551358886074698e-01 1.160409276179927424e-01 1.659361927243459545e-01 3.080823374554429450e-01 8.002857038021925218e-02 4.094880051607031612e-01 1.187863902142849148e-01 1.360501700844594652e-01 1.381595600343755725e-01 1.828704818465598514e-01 1.298897637441743802e-01 1.574271339990352681e-01
6.093750000000000000e-01 3.303117982653843154e-01 2.561634338799875787e-02 9.658991463700213054e-02 1.510475299005105687e-01 6.504444993588108792e-01 1.990182597823560995e-01 1.881739769186503708e-01 3.133614562349327781e-01 4.592172537279989863e-02 1.184500961275764125e-01 5.886039743593131368e-02 6.901284600548004966e-02 2.522219892234199845e-01 9.329671360650136636e-02 9.565204576949515314e-02 2.775707432158971422e-01 5.019056568822411607e-02 8.469605608257467499e-02 1.017290544703157024e-01 3.670278524097723982e-02
6.250000000000000000e-01 7.869599033094638874e-02 5.581061516046151860e-01 4.046188925004827464e-02 1.250320265596114588e-01 3.411758790330823299e-01 2.420633118176635790e-01 1.100247178386839914e-01 2.190036495425215501e-01 4.372680145370233529e-01 5.907128583237982594e-02 2.967040026958989163e-01 1.486287891299581665e-01 4.129151761703284129e-01 1.775265436292078891e-01 1.119790459520284137e-01 2.118007816590329329e-01 3.407040861754615652e-02 1.246248587202584551e-01 2.445842988123465289e-01 2.734403515076955227e-02
6.406250000000000000e-01 3.671440791550498739e-01 2.341699218776572416e-03 2.054088549263043406e-01 1.888838218111787703e-01 2.970821721774464241e-01 1.410001120767779836e-01 1.571891859987267770e-02 5.294257763123507224e-03 2.981507684081360909e-01 8.734139881023958440e-02 3.132300209934169022e-02 1.031616868863089315e-01 1.324118770165831904e-01 2.668306505906246073e-01 1.108985695248666282e-02 2.708332259838624502e-03 4.307236388882270013e-03 1.732589113723199264e-02 3.198451596598818059e-01 5.781073171292014923e-01
6.562500000000000000e-01 1.970176185198065366e-01 2.242699201372764517e-01 1.275052855447383893e-01 4.495277537425795833e-01 5.652898366961630616e-01 3.166329020360322266e-01 3.079061854229617201e-01 6.226887007411846531e-02 3.766944313752286777e-01 3.048236888585695858e-01 3.670516833581881355e-02 3.854667979086850299e-02 5.175699894922577426e-01 4.837675823160370592e-01 1.990564345302529015e-01 1.845942287476874319e-02 1.065688596339942895e-01 6.796282365328884523e-02 1.558374500514723149e-01 4.451812136298060607e-01
6.718750000000000000e-01 2.791419432032797854e-01 2.563114003941035710e-02 3.819460987934580193e-02 5.807172332084554744e-01 3.343892278961049236e-01 9.574844774693601346e-02 2.269114581936985398e-01 5.520361493912902262e-02 6.890539322865077421e-02 7.299196696815424788e-03 1.946029610492585118e-02 7.042204087559031898e-03 5.316767249948064489e-01 4.717106497989453223e-02 2.785276821973619032e-01 5.545063036326697975e-02 5.751603126462002252e-02 1.316821079936730532e-01 1.548940295268941281e-02 1.969384115874191765e-01
6.875000000000000000e-01 7.563949510571035817e-02 4.058605946547410581e-01 7.279825220481670432e-03 5.092194938024471873e-02 2.309715027437715326e-02 2.359465707995764619e-02 1.958778584805820067e-01 3.401381969217692758e-02 1.476957962990561035e-01 2.196947075787268611e-01 2.316828569315703551e-02 8.959273474794883507e-02 1.499802446326667371e-01 2.362224043721901645e-01 2.588488276593395310e-01 1.450180601416590775e-01 6.378563078579245482e-02 1.431597021660203639e-01 1.809411245268860435e-01 3.506299729844390423e-01
7.031250000000000000e-01 2.996290694046830905e-01 4.069519039043593273e-02 7.613124943366500474e-02 2.548595329199416226e-01 1.782027511271824620e-03 2.624923419883835041e-01 1.424337291142251105e-01 7.488353156166573099e-02 6.285949630720402137e-01 2.614455603161888742e-02 3.355714327843763167e-02 3.780156887960939988e-02 1.581539603235241898e-01 1.197610657366220306e-02 6.560197533682844695e-02 1.082059877250714508e-01 5.776347390355020955e-02 5.655571393631392101e-03 2.877519033267774209e-02 3.104159750653934235e-02
7.187500000000000000e-01 3.501945466971230214e-01 8.986095868038355972e-02 4.516438289283634944e-02 7.017164098829126173e-02 1.461012472431168774e-01 6.402374771409434506e-02 7.179895412223795403e-02 2.537826041261435073e-01 4.120151153621255391e-01 6.621553014825953820e-02 5.893605780219604573e-02 1.112806425053804449e-01 1.323087102791724312e-01 2.068583816465369984e-01 1.193762303674431036e-01 7.860210428600362953e-02 2.239470940980191685e-02 2.581300535287999257e-02 2.167020386065773158e-02 2.267230213106990674e-02
7.343750000000000000e-01 3.074683724581206423e-01 2.946783582209278746e-03 5.499935759498504606e-02 1.959572247044665816e-01 9.242769201517168909e-02 2.621080013007109216e-02 2.355512214015970107e-01 2.400878903328567682e-01 2.384863623608499961e-01 2.045376550205490196e-01 1.714629108437184732e-02 8.344815471182397137e-02 1.522631815415331075e-02 1.635834192865142089e-01 3.735357298589776515e-03 1.652885089284153800e-02 3.668008490883090111e-02 9.567086147117344341e-02 5.304403165349125260e-01 1.033052162121661927e-01
7.500000000000000000e-01 4.109558854529244964e-01 1.266145452089832146e-01 2.216626703405506771e-01 9.724080891066835819e-02 5.080216332530132798e-04 2.389830681052259459e-02 1.630846273783029265e-01 2.295026042396209887e-01 5.573760584033665699e-01 1.788369360995325230e-01 1.988711298705536645e-02 4.484440633721605007e-02 9.709228344282684608e-02 6.088274590152187998e-02 9.401605556665784680e-02 8.707923102955809902e-02 1.090801392396516765e-02 1.552903205673923093e-01 5.749272379269938504e-01 5.195337086963199014e-02
7.656250000000000000e-01 1.281069681470178856e-01 8.238026174848071814e-02 3.997022331901348841e-02 3.139842890715753287e-01 1.838450337287826364e-01 1.922053890538848522e-02 1.044701736660257618e-01 3.806862401313385741e-02 1.189245448452309201e-01 3.020231968030709924e-01 9.851276269266619201e-02 1.407073404451611616e-02 2.801958955589007871e-01 4.647522612084107885e-01 5.663073849113139380e-01 2.753813756233032886e-02 1.558220616627441386e-02 2.109409851761108734e-01 9.022814597797189666e-04 6.496352618974714742e-03
7.812500000000000000e-01 5.068985549378849376e-01 2.400459771027670663e-01 8.420907112054380750e-02 4.965169743598891738e-01 3.154061285432606665e-01 5.744182244755462879e-02 1.614141664250493269e-01 2.967436558267476723e-02 2.315927443247391138e-01 2.631084292369344491e-01 3.911764689069750084e-02 1.887013590130810076e-02 5.755731443084172172e-01 7.352864741501322077e-02 4.232196931647006499e-01 6.208750723567523638e-02 1.355355658460176763e-02 1.022724316481161272e-01 1.786271592124245855e-01 9.033262328689992127e-02
7.968750000000000000e-01 6.857623501425597068e-02 3.052738891397860019e-02 1.020649390548225982e-01 2.197036951509461489e-01 3.619670719391286373e-01 4.671084936401367904e-02 8.747058561238722774e-02 2.484553373140079291e-01 6.468844317336782668e-01 1.497484126162549334e-01 8.485304741599466940e-05 5.035160490032290249e-03 4.311396233486171625e-01 3.659007045331260088e-01 2.658785894655312232e-01 1.081230684712196910e-01 1.914485509620430029e-02 5.551915150567527518e-02 4.696863071788124899e-01 2.170285140507700605e-01
8.125000000000000000e-01 1.479727757248409763e-02 1.349413885354842635e-01 3.863337687324683301e-02 1.640620243678463930e-01 2.233814304248377125e-01 1.856942351524199647e-02 1.281578014871834481e-01 4.325874058736507016e-02 4.862554906821578982e-01 8.704556854577532449e-03 2.334794640820012090e-02 1.644728691677748572e-02 3.121111366065014714e-01 3.814374596799292028e-01 3.015539973854058226e-02 7.164223603995625855e-02 7.214742112348562775e-02 6.756269583304209958e-02 4.241173063394017562e-01 6.683349145611058861e-02
8.281250000000000000e-01 5.279084546278493134e-02 3.932874915548734314e-03 1.332490030961284988e-01 1.546994488550368640e-01 4.861962225852778374e-02 8.300522282904865268e-02 4.517949867937589431e-02 1.489625570624670825e-01 5.002990064288205252e-01 9.065383592163722692e-02 1.748758819064078276e-02 2.874407661493568519e-03 6.660731280300276058e-01 1.126815430663056922e-01 6.566542501169654600e-02 4.758848130832967621e-02 1.204746894299815393e-02 1.247243270539915294e-01 2.108508621520092940e-01 3.498000921419148340e-02
8.437500000000000000e-01 4.105990740975256625e-01 2.020592822502017272e-01 4.669390697081928637e-02 3.327949650126932617e-04 3.043156218735608154e-01 1.291417525488035289e-02 3.262065535132104288e-01 1.772019311819734433e-01 4.269163862531894504e-01 2.612627062336503880e-01 2.509359796910298757e-02 7.032015239582985189e-02 5.161017892136118279e-01 2.479235498678709071e-01 2.772968809732778150e-01 7.826097811426870748e-03 8.701404739344265060e-02 1.348310429632897933e-01 1.638018334966306888e-01 5.959221645390969796e-02
8.593750000000000000e-01 5.572992665765590381e-01 1.455952553211550260e-01 1.124104807725578581e-01 2.844064548408728466e-01 1.057322673282948787e-02 1.240624741258822446e-02 1.717775762471382139e-01 1.458065603151982859e-01 5.911306015974970851e-01 3.262277643245699021e-01 6.422708328438950232e-02 5.463604491847442318e-02 1.428514046332037268e-01 6.185169237863045177e-01 1.436585502716992285e-02 1.265119970551575879e-02 6.259708750531561491e-03 4.886076163890017143e-02 4.424908457411055873e-01 4.236682951272620345e-02
8.750000000000000000e-01 1.438176088411895759e-01 6.375394343678516575e-03 1.258736266209802522e-02 1.988694057264064896e-01 5.862774426179555298e-02 1.738031083011949696e-01 5.968499123671837381e-02 2.721724624589205721e-01 2.512537719344596354e-01 3.632724945573869713e-01 7.329113924934892166e-02 4.039255989886214593e-02 7.718374605147727829e-02 2.805369381935107209e-01 9.773910412568259654e-02 2.111617313507985292e-03 4.207995748970418115e-02 1.823613702014529117e-02 2.033814196612903913e-01 6.675610526890189689e-02
8.906250000000000000e-01 3.081724754872474104e-01 5.479794713082536406e-02 2.392247764865605697e-02 5.069133950450790266e-02 1.409122761811258118e-01 9.955545978263165285e-02 3.016638489754727703e-02 3.714587128019666840e-02 6.342586227353919082e-01 1.095019957407837585e-01 8.841816003090409437e-02 5.597459748537302743e-02 1.695328745757267441e-01 2.010637406828602314e-01 5.621056779007525123e-02 1.828597846635374724e-01 2.230173328734076921e-01 1.681416431827032626e-02 9.462435927653464751e-02 1.383531985618499660e-01
9.062500000000000000e-01 4.598099222518274853e-01 2.764464751142472476e-01 1.043596409728055618e-01 1.293836730202857777e-01 3.971562951432204280e-01 8.597487066867391670e-02 4.685507595709997863e-01 3.074674725558413368e-01 7.579992422397330287e-01 1.667706650162558146e-01 5.070083874498678561e-02 7.900339511295988160e-02 2.184524046552611121e-01 3.793777844778336017e-01 1.425607315761455440e-01 1.035838458182058164e-01 1.290891611058094801e-01 3.229983739548702992e-02 1.609345673799850718e-01 1.248558876412256685e-01
9.218750000000000000e-01 4.967113563228918172e-01 1.221522527396066288e-01 2.253496381618558531e-01 1.409055734471953147e-01 2.315731112109696288e-01 5.908704565932448166e-02 6.986099387839556085e-02 4.682748370089610118e-02 4.234836051418931491e-01 5.496749115056816931e-02 5.135482317964171727e-03 3.922522284189441932e-02 3.904623650932281254e-01 1.232542298054380842e-01 9.948832692349773854e-02 5.793872722612317464e-03 4.643692944782416843e-02 1.628588329305897808e-01 1.637752871188815629e-01 1.158988385274663420e-02
9.375000000000000000e-01 2.872229922462804508e-01 4.500363542782812726e-02 2.487820378523646903e-01 1.688228150431325403e-01 1.059204293352470211e-01 9.032540133003957861e-02 6.277076755356034155e-02 2.427335793076166801e-02 5.554784840784577904e-01 1.157248597540466994e-01 5.953641124435084947e-02 2.232719705748615821e-02 5.355630078980083697e-01 3.070906269420364265e-01 9.085012281325419159e-02 2.011021638699239319e-02 2.531202299949299531e-03 1.088550512285260535e-01 2.696981049120867821e-02 8.432844737372004185e-02
9.531250000000000000e-01 2.811232170474624592e-01 1.565948809780983927e-02 2.441583069238355969e-02 1.694045692867209574e-01 1.728452366223903192e-01 3.692216592969166378e-01 2.963719254262539224e-02 8.468340140778943259e-02 5.578864350139803863e-01 6.894348348455124620e-02 2.553414170772732271e-03 2.248964062646346129e-01 3.496796601649560521e-01 6.362238698398403614e-01 4.308886313105704524e-02 3.940771728014348489e-03 1.026678003257195694e-02 1.308875121555010471e-02 2.695028969358369275e-02 1.920970750087358167e-02
9.687500000000000000e-01 8.423330337560554215e-02 1.647919677599445423e-02 1.578256643590671693e-01 8.131375815568867016e-02 4.326635690860309302e-01 1.786681625411756236e-01 2.024337381518807183e-02 3.922871292768186080e-02 5.119212270155564237e-01 1.109746950835670543e-01 5.878710259422310902e-02 6.018597285885851980e-03 5.145463982947953152e-01 2.989145614288031827e-01 7.687750182218500150e-02 2.035384075684580907e-01 6.255105001401357889e-02 1.210881914136020809e-02 2.110442836086331431e-01 4.620914302612866981e-02
9.843750000000000000e-01 2.906775376134763667e-01 2.228456120779803984e-01 1.383967696498173555e-02 3.521021643259423795e-01 1.326905858260463700e-01 4.782814729516359636e-02 6.807071826069026332e-02 1.949530545243711444e-01 4.426462860190695237e-01 1.829827163143223911e-01 9.106813332561020449e-03 1.198063343707217107e-02 2.957385356622941885e-01 1.276438997880109671e-01 3.638566020920423055e-02 3.159262151575119582e-01 4.853977211716688223e-02 4.778241365410832581e-03 6.252887033887542800e-02 1.348562787293218768e-01
1.000000000000000000e+00 1.628633927377627633e-01 8.130336933213568040e-02 6.164810677699227026e-02 1.278476135937170743e-01 2.196189987218839512e-01 6.663072664903578468e-02 9.059372501750700968e-02 1.847211377869541205e-01 2.105235343155723582e-01 1.387307203161434188e-01 8.777430075698909942e-03 2.963612719330765283e-02 1.169045236180306230e-01 2.822923022347519906e-01 2.335947456575273862e-01 2.057447327022846051e-01 1.098336049663522704e-02 4.003790611529262772e-02 6.710324297495136314e-02 2.292893033629462077e-02
1.015625000000000000e+00 2.976292074607340132e-01 1.466812037158302107e-01 1.413539122261033357e-02 2.740081933007121329e-01 1.193004452365081652e-01 4.591725380832342024e-02 1.272386040640909044e-01 3.679825507365406395e-02 5.393083217278021868e-01 1.164384227978566833e-01 1.766610180357396391e-03 9.929695319700761191e-02 2.596959012188239102e-01 4.703129197278526630e-01 6.504341166342746117e-02 4.126631839833290738e-01 1.186101865045621415e-02 5.202704711299285800e-02 2.187165008083679363e-01 7.617377550077167325e-02
1.031250000000000000e+00 5.333724881532135587e-02 1.290631089581099032e-02 2.340460878384258148e-02 1.699114197543801497e-01 4.355665312526766503e-02 6.262298197614446504e-02 2.503137903900251038e-01 7.932794283526310719e-02 3.690612751654107071e-01 2.224138141493741394e-01 9.474604413127234864e-03 4.892981247667395339e-02 1.500971940077804323e-01 4.269543455204170557e-01 2.345413253273232468e-01 3.775673796097667179e-01 5.142193991948013944e-03 6.030678444351796064e-02 4.904964901372793618e-01 2.153738485134157332e-02
1.046875000000000000e+00 1.217016123883145340e-01 3.326792074161522006e-01 9.239025479161480647e-02 3.953674810108251392e-01 1.480815562098446447e-01 1.254615836514939298e-01 1.532156330090106156e-01 1.070355223038211984e-01 7.981737741343196690e-01 7.822133826346013008e-02 5.053035031697648838e-02 7.475968242193710422e-02 6.940048807204451942e-02 1.456426371797558961e-01 4.637743265287855299e-02 1.061635178936310153e-01 2.616214743788285516e-02 9.948264728344172192e-02 1.792857622196486755e-01 6.960917855100851037e-02
1.062500000000000000e+00 1.348590657346656063e-01 9.064211481235576184e-02 6.840182002936941175e-02 2.990176116577615839e-01 2.744382139437142043e-01 8.632910993711806480e-02 3.097288850750951061e-01 1.865373357003105859e-01 8.259129429893903307e-01 1.827130350012349524e-01 4.495004922677009809e-03 2.742312844321866117e-02 4.972558646195504584e-01 7.092062669558373278e-01 5.458360837444101860e-02 2.977155467834652954e-03 9.457656608386334762e-02 1.017956822079083556e-01 8.537532561040453438e-02 2.180962581746763163e-01
1.078125000000000000e+00 1.025351456517308163e-01 2.238998208587620123e-03 1.065535318920330515e-01 3.744693335172030735e-01 2.337592653513021479e-01 1.344587870697592225e-01 1.277518083052262277e-01 1.045088976755405470e-02 5.246686683013664920e-01 3.417163096226646934e-02 6.182655469970418927e-02 9.830184354518239909e-03 5.041842002511534027e-01 2.538089971838946579e-01 4.483075624743007581e-02 1.296716538520859864e-02 1.156690588388292577e-02 4.362308616159239066e-02 1.119273182776734654e-01 1.981965024884136395e-01
1.093750000000000000e+00 2.246631978297589372e-01 1.423252349905705094e-01 8.559904618613865812e-02 5.358601124006381888e-02 8.159574711111590027e-05 5.110186530641180197e-02 3.154824922798576958e-01 2.030597895710616607e-01 6.300370652478947120e-01 1.120488498329766519e-01 3.257376513843925070e-02 5.553667025376196782e-03 4.929710970184255636e-01 1.987065485388578856e-01 1.654315697130686325e-01 7.699719391973862403e-02 7.482269275085272862e-03 7.951259502814984545e-03 9.655128681829978909e-02 1.817279051817672075e-01
1.109375000000000000e+00 3.240636969614481451e-03 4.147489132171581355e-02 1.795815703806646901e-02 1.324944465851966569e-01 4.217080622550511970e-02 1.932654693649878477e-02 7.497106758537104565e-02 9.411830188499831218e-02 7.616518849825478776e-01 3.953103252868156448e-01 2.525639963234596781e-03 3.942339122470708162e-04 5.042464919370451826e-01 6.509319324486051439e-01 6.087348281599019167e-02 2.397182330270217904e-02 8.427878300145236548e-03 2.070824903698920832e-02 2.616164840149118875e-01 2.201384988290501499e-01
1.125000000000000000e+00 3.894478126847749078e-01 2.409028870082073268e-02 1.206826988071148243e-01 3.266983607540749346e-01 7.203373724967185136e-03 6.728995370807366871e-02 1.840178448722077087e-01 6.088861254227621866e-02 6.850018646315182425e-01 1.151088862294946114e-01 2.833085497600290235e-04 5.433823771558717042e-03 5.574424956741200754e-01 6.923421835072165464e-01 4.125145565786617063e-02 1.913924734373601277e-01 8.235050017688224852e-03 1.887892817315673863e-02 7.284667403124911456e-02 1.876860106180377741e-01
1.140625000000000000e+00 3.100697222527135644e-01 6.160113131666962970e-03 6.144123703296993505e-02 1.383220576054875472e-01 4.887577274909057218e-02 1.249935801352583947e-01 1.442461444784536306e-01 4.866674118717392167e-02 6.395302746108086911e-01 1.682954826769628848e-02 4.151772361908744914e-03 7.027122017716659619e-02 6.183685575588334649e-01 5.275342728807004278e-01 8.865573336313675723e-02 2.480096148951181079e-01 2.037562858376261790e-02 2.700492611536349508e-02 2.813513597713059866e-01 7.370222773781576198e-02
1.156250000000000000e+00 1.030878899629470297e-01 4.129309812789942052e-02 5.344127762532446813e-02 3.024024972245997755e-01 5.254236782099735992e-02 1.288798900380285981e-02 1.595970223720061254e-01 1.206074257631689073e-01 3.760378303920605680e-01 2.717274285049125493e-01 2.594037432786911335e-03 1.094362097454431790e-02 5.367642465340934921e-01 2.274097130651301923e-01 9.143970389455696388e-03 3.077275642385969290e-01 4.914977183166500257e-03 2.852862333513711199e-02 4.683718096086596505e-01 5.455842332153894997e-02
1.171875000000000000e+00 1.729455903933681815e-01 1.232309382217909866e-01 1.468425347694133146e-02 1.182993408520126855e-01 2.203316435169172527e-01 3.136292339452779326e-02 1.718145336284027658e-01 1.287142409441386637e-01 4.161668662205656455e-01 2.536036260677036469e-01 3.152879243748718616e-03 3.475801999757194977e-02 4.538000858716286223e-01 4.264838291630240752e-01 1.671945322030136266e-02 1.957969792971644141e-01 3.127718292538517100e-03 6.083417265802428496e-03 2.838609114436120295e-01 9.339254481517354767e-02
1.187500000000000000e+00 6.523231904294843342e-02 1.949457686297028924e-01 1.110005983877367618e-02 3.006259896196262216e-01 1.089240328244494155e-01 6.057676084243429626e-02 3.254269677405589034e-01 1.017192750655367683e-01 4.355996661538250048e-01 5.354421918871750119e-01 1.493690872823098120e-02 5.638163857854879002e-02 3.760724443050603716e-01 2.047208199543772700e-01 4.699388155789301774e-02 2.398323838696086313e-02 1.286300525525715423e-02 1.650156590797422634e-02 1.814312752657187000e-01 1.143971135820340268e-01
1.203125000000000000e+00 4.212158020256554641e-02 5.238473148750393688e-02 3.764596575328831018e-02 1.465337658661713949e-01 1.444274757294372602e-01 4.477162231554109029e-02 4.723714721753143331e-01 5.488347964857379080e-02 7.346376186755899651e-01 6.989919462148085072e-02 2.362848099979867819e-02 2.878265856526968439e-02 3.416560273590653063e-01 9.494039392233644126e-02 8.154690240233140874e-02 6.769035718589727635e-02 2.640817331659831707e-03 1.023196228059020801e-02 1.541127304726814806e-01 1.392538049167664493e-01
1.218750000000000000e+00 9.068110966688647245e-02 8.163927468952594801e-02 9.124801706418315950e-02 2.793056211466586336e-01 1.349915798139937062e-01 9.208712249563563365e-03 2.157594366556484303e-02 1.294432734355774328e-01 4.428133801598990726e-01 1.457731530250518381e-01 1.616966218119098584e-03 6.466414038073646509e-02 4.196369494950110135e-01 6.479366231066622239e-01 4.006817711794233988e-03 2.750308793819178366e-02 5.818713813133309654e-02 7.466745827676054756e-03 5.222099742039550130e-02 9.737413171075279261e-02
1.234375000000000000e+00 4.406614130583352273e-01 1.581971417861811890e-01 4.067279410642874599e-02 2.851185667133663837e-01 2.067564752403456760e-02 8.190179927141975902e-02 6.322541865724846943e-02 1.267083106988493579e-01 2.146767188226201550e-01 7.632186526138162730e-02 7.298005415253527861e-02 6.405799181394943032e-02 5.943985637484705542e-01 2.901120483945142103e-01 1.858685017216554769e-01 4.013176604833011696e-02 2.181541795636330466e-02 5.469150960481843245e-03 8.210363554940267039e-02 8.690319570122308213e-02
1.250000000000000000e+00 6.551068025988487573e-03 5.203780489081289568e-02 1.433828328405002683e-02 3.600836236389639566e-01 1.288404320526206903e-02 1.814632009632504426e-04 2.400834375390305808e-01 6.080570812247627216e-02 8.429669259742016418e-01 4.178184324010689177e-01 4.900983662706915201e-04 7.412297308598625803e-04 4.559806190481667798e-01 7.807114572463830227e-01 9.152082973570503655e-02 8.291077471202175364e-02 4.268223255957682809e-03 8.545736850342927973e-03 2.261294256246398349e-01 1.212146991022614306e-01
1.265625000000000000e+00 1.980804675320917696e-01 7.139579368536332071e-02 1.492345204929805720e-02 4.624223883834063797e-01 1.016261090929344579e-01 5.389093740742710581e-02 3.562611567164709614e-01 1.395666945018583967e-02 7.993220205705560133e-01 2.253887856059532124e-01 7.502303898641145101e-03 1.104292055016456008e-03 6.200517697668168626e-01 2.045842627141088721e-01 1.357014232488614087e-02 2.581277039134326906e-02 8.348320941357591706e-04 6.703891626195371614e-04 2.985193847763067398e-01 1.978644260249204020e-02
1.281250000000000000e+00 4.626838199232872761e-01 1.249698405577845950e-01 7.243015147101528051e-02 2.719274460314316522e-01 3.624360884866638377e-02 1.552876533506298770e-02 1.165871860612092839e-03 1.721609840968260918e-01 1.487799273556347501e-01 1.142472124549345630e-01 4.915254142535120836e-03 1.377654236642751693e-03 6.128908627769609208e-01 5.272180694022272629e-01 4.461340681306431855e-02 1.046229492492220803e-01 2.806993402141175209e-03 2.606568860242242645e-04 1.908176559470417255e-01 5.670874605879817898e-02
1.296875000000000000e+00 4.495763404878400649e-01 2.131017707710554723e-02 1.361192561080014352e-01 2.732008202683717246e-01 1.476216027536016683e-02 4.766722777861330529e-02 2.269729244177612626e-01 1.713305891871901021e-01 7.841137708208689716e-01 2.778611856123281432e-01 1.208226784130652081e-03 1.422724168886699801e-02 5.029266056690410158e-01 6.361099118007308428e-01 6.003725286341713568e-02 6.629299095586695112e-02 7.186427820642634148e-04 5.177018431932546615e-04 3.236307488027222456e-01 1.165104100362809592e-01
1.312500000000000000e+00 5.917632470358737823e-02 6.869922655969239178e-02 1.164886318520609310e-01 2.631400801300852188e-01 1.208777280390967851e-02 7.288803575085643638e-02 1.298250544905542592e-01 1.751733493373424100e-01 4.818300204730956438e-01 1.422032352831448798e-01 1.467371363838264938e-03 3.183317053313834688e-02 6.571688324613036425e-01 8.312812400725793083e-01 2.333666389873294625e-02 1.218322939870409433e-01 1.059662563062549120e-03 8.215874851687124218e-04 4.587837295178203711e-01 1.009575886952425172e-01
1.328125000000000000e+00 2.607689176948905230e-01 9.350575570610956955e-02 5.820086491636248388e-02 2.186080823618609115e-01 4.222709134484559090e-02 4.044800462310507889e-03 8.380481649338372696e-02 1.598883412364053291e-01 1.466150855035026623e-01 1.359280669195340463e-01 9.093523043081792314e-04 7.062269569701463967e-02 4.953914460816348231e-01 5.790542076082416667e-01 4.321564071470949259e-02 1.236721982914446155e-01 5.203545608155217333e-04 1.632131241676060664e-03 3.454896418014126169e-01 1.232169722093308661e-01
1.343750000000000000e+00 7.221367332987010945e-02 5.546140226251636274e-02 2.072744561761175747e-02 2.103902915649028815e-01 5.894667825330604516e-02 8.330411664290475471e-02 4.068769651119087671e-02 6.845350920569306941e-02 3.705691029316342533e-01 1.167437444698731369e-01 2.634452877993729604e-03 1.235570998387268589e-02 2.188527639616883180e-01 3.419593320797155167e-01 6.675511152056322686e-03 1.711474831512662942e-01 2.381145369709922188e-02 5.232693462207478087e-03 1.700297076683315034e-01 6.730526328718972051e-02
1.359375000000000000e+00 9.685523018816377672e-02 1.617728822195490246e-01 5.317836378785628128e-03 4.240719075497138557e-01 7.439040483285033756e-02 1.057352258313060261e-01 3.298742826321839350e-01 9.160469819780450718e-02 7.936913247403860616e-01 6.070425393385542323e-02 1.205297643992505512e-03 2.790518474501176710e-02 1.801537852683774699e-01 8.022644340401983154e-01 7.174159964483033114e-02 2.725773355500482609e-01 5.103869199044060341e-03 2.869738926283446363e-03 1.911304899968808146e-01 2.788745889154726695e-02
1.375000000000000000e+00 1.906598819934518796e-01 2.208779664675870891e-01 4.143686070484093459e-02 5.162085005230445667e-01 1.342017752032671485e-01 1.010599934972669089e-01 2.175919406552693502e-01 2.914076364248271555e-03 7.320770526047698512e-01 2.281540320976485625e-01 1.945957898793705372e-03 7.882084275778824395e-03 3.397842920110512033e-01 5.223135808789874934e-01 1.200356988878180375e-02 9.077433417159070511e-03 2.142786566711809247e-03 4.414109412689959724e-03 8.356869669278990664e-02 1.896737104562060475e-02
1.390625000000000000e+00 4.210500038516313825e-01 2.962948577569518571e-02 1.661101976550111853e-02 2.446616690963799023e-01 2.859915070501205334e-03 3.047574932652210092e-02 4.197465622353896419e-02 2.699051791346712137e-01 9.238573015201776428e-01 1.647334777716466872e-02 1.139103552700967970e-02 3.228079271265373029e-03 6.013710534220635395e-01 1.895253608488072783e-01 5.389493178719337307e-02 4.097910419280905575e-02 6.709436234120272693e-03 1.283394569423002875e-02 9.749621274194883794e-03 6.801063554036497483e-02
1.406250000000000000e+00 2.307038584036705253e-01 3.096148217068052100e-01 4.057843057688046567e-02 1.302688601476209573e-01 4.957728442032718202e-02 6.762208596054096466e-02 1.090025752333135672e-01 3.046232525364087063e-02 8.891926873073691118e-01 3.235179471642758015e-02 4.413551585323956770e-03 2.626766852926057036e-02 6.287996177012448173e-01 7.592558061991580010e-01 5.388594562372859414e-02 2.821363450966505107e-02 1.206073632206387629e-02 3.360957308170701985e-02 7.675205793233030524e-03 1.683742716429351693e-01
1.421875000000000000e+00 1.892290201357721136e-01 8.929170835134726814e-02 8.222914518338056422e-02 1.986279786439944239e-01 7.403148829691505450e-02 6.978999435340924387e-03 1.450949294352733288e-01 1.518855752571228630e-02 7.451552406532943040e-01 8.630428588237286369e-02 2.168149614513549886e-02 1.187478828563108720e-02 4.465443766248524127e-01 8.411376553042434479e-01 1.480800236675301751e-01 3.550121664498409602e-02 6.002319260064171470e-03 3.463621195762250221e-02 1.099660340679204928e-01 2.661521944436687215e-01
1.437500000000000000e+00 3.303805416510118831e-01 7.926581759074215194e-02 5.907434865179468642e-02 2.610051603286137611e-01 6.863104297312058732e-02 2.153219433422798035e-01 1.039836679435351269e-01 1.314572766223937039e-01 8.760714928381850841e-01 1.586894721948319820e-01 5.833647362384055887e-04 7.472382143686148726e-02 5.382655663739093210e-01 4.248547952073454259e-01 3.555106175035607774e-01 1.721621580554202058e-01 2.638942450488158085e-03 2.108002003154407084e-02 2.521102933646047761e-01 2.943794170086997952e-01
1.453125000000000000e+00 1.827079114051054776e-01 1.473151144483904329e-01 1.223651450143193598e-01 4.171011057938864841e-01 1.162989960022306896e-01 7.769707903384731607e-02 1.059408334630605741e-01 8.674189574575180695e-02 5.455759219581518549e-01 2.183824316015317013e-01 5.963971462958742725e-03 3.017434819698124049e-02 5.703736789854556566e-01 6.261655263850737230e-01 1.455714592463023815e-01 8.410864368247339407e-02 4.602983026849066968e-03 2.693151000385962668e-02 1.386710461700825792e-01 8.181705210928903738e-02
1.468750000000000000e+00 9.115071564322312081e-02 5.414674040951317213e-02 4.951738781614613977e-02 4.002913619130143985e-01 1.471231928075358020e-01 4.153714100889779187e-02 2.019368722715190745e-01 4.373141163113634933e-02 3.463945066506296522e-01 1.647938185647801201e-01 4.128403994319937258e-03 6.162148069581910650e-03 3.490240586027404390e-01 3.898818511796224295e-01 8.728188398594585728e-02 1.553123898374140222e-01 2.042447839291918268e-02 1.311822130635256073e-02 6.699055305097680046e-02 1.956339862782142253e-02
1.484375000000000000e+00 1.801650010090929122e-01 4.410532492191186066e-02 6.256608584685560692e-02 3.807333716209695962e-01 1.221750796525288840e-01 3.739544922159030588e-02 2.168971498014473087e-01 9.791857367691018943e-02 5.789650562246073662e-01 5.233666302489349553e-02 1.732844133843185544e-02 2.334306154604792391e-02 4.441193437774020314e-01 6.239685146002169058e-02 7.052899530792818006e-02 3.425362592966060132e-02 2.683003543800077662e-02 5.851542887305069204e-03 2.621952207792238032e-01 1.881649445896128869e-02
1.500000000000000000e+00 1.540200551504714369e-02 2.122904779204927705e-01 7.224044559124959131e-02 2.084123540966968946e-01 1.020640076821965753e-01 6.176543481875760438e-02 1.378372291406949057e-01 1.352471549279687379e-01 1.482586680367483090e-01 1.070161602778655213e-01 5.883481090972056404e-02 2.841099062573355649e-01 2.449095713680923270e-01 2.227945207968014818e-01 7.436942822262677423e-03 1.237593800190248854e-03 1.150709764005414248e-02 1.874181005292296226e-02 1.388117524347259879e-01 4.022249900251909788e-02
1.515625000000000000e+00 1.166789251420636414e-01 1.138678546214047793e-01 2.556395954125550429e-01 3.844111179652920929e-01 1.172090600564641705e-01 6.005440394278759725e-02 7.396770775157687772e-02 7.626341106481813840e-03 5.727899097508056814e-01 3.403588613600694313e-01 5.995271393912038338e-03 3.114177110688852446e-02 8.165950112690857632e-02 2.392861626575008005e-01 2.096873905319616704e-01 1.861664784205780201e-02 2.177054603036078506e-02 1.390793134605134741e-02 1.211800177555773100e-01 4.271968250538012851e-02
1.531250000000000000e+00 3.623240338901046464e-01 4.094500206287327720e-02 1.330137386121852117e-01 2.583017726850477258e-01 2.424843895607250721e-01 8.596566772061012274e-03 2.107382014549864790e-01 1.080980276903770708e-02 5.698640713132412383e-01 1.419127701317302037e-01 9.865564215763386602e-03 3.695125006743545798e-02 4.019629274400107199e-01 3.267951374087927352e-01 9.039623217144879264e-02 7.817534232130038396e-02 1.005051437038040514e-02 3.889622152448854887e-03 1.443559757660060339e-01 1.336415838325749061e-01
1.546875000000000000e+00 2.607806758673244518e-01 3.158909340103771002e-01 8.749016655372460205e-02 7.297800442860041814e-02 2.337404081970322067e-01 7.305559885531175135e-02 2.002626196777111678e-01 1.287923447118059783e-01 6.626178060911984691e-01 4.160026713311198998e-03 1.292033085277233262e-01 1.312254291021199872e-02 3.731453971180158091e-01 2.887059248737274819e-01 9.790967235144336367e-02 8.104645260209987490e-02 2.442689583411770254e-02 5.481651486051997146e-02 9.108765759644830984e-02 1.671229525526436444e-01
1.562500000000000000e+00 3.309725066868783871e-01 1.347524033401792665e-01 5.140795322201770559e-03 2.750547537547006760e-01 3.623536582977177067e-03 5.159512694665024067e-03 1.345713609879724826e-01 2.643209323641850308e-02 6.447922966361212538e-01 1.670787652841617121e-01 3.962283252732431288e-02 8.416449959430606642e-02 3.403799239991850412e-01 1.812985878153446362e-01 6.638581594893881721e-02 1.882841706751291200e-01 3.261548504505085849e-02 9.773200129704018302e-02 6.508783490457926979e-02 6.274288720636207739e-02
1.578125000000000000e+00 3.341422328861782809e-01 1.282416957170063807e-02 7.153681300209165095e-02 3.211136707746642394e-01 6.892294880811115215e-03 6.567141426942921245e-02 2.554084114029155361e-01 1.902146480170097131e-01 1.965519108570051021e-01 3.066491065437125796e-01 6.623549950995864799e-02 9.443933347090764652e-02 1.928824976233158850e-01 5.237281343946647016e-01 3.750638968001602375e-02 2.339150016289752443e-01 3.236277434178199547e-02 5.440113160153792204e-02 1.323963822112743660e-01 2.692155767001648894e-02
1.593750000000000000e+00 6.830893657419773168e-02 6.600183166434858695e-02 9.877701379147633964e-02 4.771100060438578372e-01 1.564087125977250137e-01 4.859357699916773757e-03 1.138122757895158182e-01 1.289620438915375922e-01 4.158678270987578030e-01 1.661373736481581986e-02 2.005616787612648708e-02 1.405909056930205840e-02 3.728178554705385284e-01 2.264280756736150590e-02 1.502931401541763023e-01 1.021409683014641023e-01 7.934508979395061851e-04 2.060697099075948363e-02 2.444355539904437824e-01 8.977061598444698032e-02
1.609375000000000000e+00 1.770238355974909916e-01 1.417229819491027110e-01 7.666428371407967013e-02 1.306211308401771520e-01 6.211762040081378333e-02 1.017572004396075265e-02 2.262615761348157617e-01 1.710639103011130369e-01 5.044618750669107587e-01 2.654723192742441951e-01 2.512219785301269756e-02 2.882328034089930071e-03 4.513509348712308467e-01 2.986396068018354888e-01 5.941661613053693392e-02 4.452293403266102678e-02 9.223619993948717344e-03 5.464983441049360742e-03 3.132683754499542284e-01 4.212964758464775306e-02
1.625000000000000000e+00 2.499998589643747174e-02 3.910910836505961941e-01 1.631057465662311967e-01 2.471284748983573476e-01 2.251724304752181771e-01 1.020514883683826257e-01 9.326329292600191168e-02 1.680292654700811239e-01 1.003002332282005443e-01 2.359897143240866080e-01 9.907044864138235540e-02 1.575517054396566863e-01 4.479020779454003232e-01 1.762947910698423326e-01 5.448257611197560198e-03 1.780702215435913394e-01 7.166661854882327987e-02 2.431520089071387367e-03 3.530915888925225121e-01 1.744109206874599749e-01
1.640625000000000000e+00 3.714877963943048755e-02 1.246732803741972678e-01 1.029274777285100195e-01 4.976370423655333830e-02 2.436719522236262814e-01 2.168161040315993437e-01 7.075296804823763552e-02 1.142660253402509041e-01 5.516079346771559505e-02 6.341911911799058554e-02 7.023718006194162346e-03 1.631514393806746122e-02 3.899450448181062123e-01 1.313125744101590053e-01 3.110332130247734361e-01 5.942585856863107779e-02 6.066100629051585785e-02 3.111639802090842774e-02 2.140960321090693008e-01 2.419014171684104042e-01
1.656250000000000000e+00 7.007535699463933454e-02 8.734466992391304307e-02 8.720403234593564895e-03 1.865688733176383562e-01 2.770053604526095947e-01 6.908086558915052522e-02 7.316144009188883801e-02 2.431850749139904400e-01 4.642026959262142705e-01 2.416693637410971263e-01 4.489365025077242388e-02 7.023260726474947480e-02 2.207399861607207414e-01 1.663103696545006061e-01 1.118889308430886798e-01 1.053196092358287539e-01 1.448847049762596040e-01 1.554912900626333368e-02 3.256251032833551995e-01 3.683600956462993459e-01
1.671875000000000000e+00 7.467793524139983985e-01 3.307914980154234158e-02 2.706703758642346053e-02 6.275049077809184694e-02 3.468805237573181488e-01 6.743869159231162536e-03 1.116679562610003174e-01 7.725529703593252140e-02 3.870661224525440147e-01 2.840417506995289790e-02 1.427625250420219982e-01 6.781043513163764573e-03 1.113275937456325582e-01 3.370028506551503433e-01 1.561852804220693024e-02 1.475322405342739396e-01 2.108563073209308858e-02 4.618255882039554172e-03 6.378937775500577445e-02 7.121312604147823910e-02
1.687500000000000000e+00 3.120367723644644209e-01 5.098875870948440525e-01 1.627768837429993329e-02 5.186875333077615308e-02 7.331355063258516991e-02 1.047537380081831615e-01 1.952317698397188772e-01 1.053655332021864038e-01 2.530091175668156001e-01 1.527439372021043018e-01 1.887026265440072681e-02 6.739218662240203939e-02 3.772329244727406494e-01 3.796195596872068978e-01 1.426505188808462887e-01 1.548714031279287417e-01 1.354731667798341442e-02 5.891832366291723140e-03 1.338853299865582491e-01 1.324682706724006516e-02
1.703125000000000000e+00 5.115020298226986561e-01 4.606749936780758087e-02 2.227896651818307011e-02 4.190627564988069070e-02 1.890875459645637580e-01 8.297220476412567325e-02 3.705696935840925299e-01 3.599247640569867568e-01 2.812846951217674585e-01 9.201927676423250768e-02 5.663196822735228758e-02 3.473886653859803442e-02 5.505840038932809932e-01 7.480535183536128896e-01 1.404735863176908572e-01 3.348455252247842934e-02 1.963021433045864794e-01 1.588864980393210960e-02 3.925372280408324643e-01 8.725958210740141288e-03
1.718750000000000000e+00 6.626897115760825852e-01 1.223284853651684240e-01 4.070118646661883069e-03 1.161789484802449729e-01 1.514522538946895189e-02 2.316331370931810629e-01 6.084159063527846967e-02 1.771084727859626451e-01 3.156218197223797928e-01 5.217665565948288453e-01 7.231088660806284096e-02 1.437931681171961962e-01 5.872618209468807304e-01 5.240697878158829814e-01 1.770704245364211338e-01 2.437724483754108162e-01 3.092506893759066136e-02 6.718256410257444911e-02 3.521784490646270305e-01 3.500238904251325167e-02
1.734375000000000000e+00 1.437423535542587394e-01 3.467877173259259482e-01 1.219267493467869612e-01 5.865898440150763005e-02 9.569052521556499491e-02 1.735375296556323221e-01 4.340961767432170021e-02 1.320381805539322662e-01 1.228510393943777895e-01 4.160844218116163673e-01 1.751850503008663684e-01 1.493275087600314799e-01 5.639014880805425234e-01 4.471473765285151059e-01 6.132388485461397892e-02 7.270226705913636345e-02 4.402673730398322383e-02 8.154122638461594463e-02 1.087094300489877159e-03 1.347845669720679207e-01
1.750000000000000000e+00 3.474198930456746937e-02 2.326668219575895799e-02 1.824521881564018788e-01 9.595416684964157283e-02 1.338155523879825115e-01 4.109790396338316304e-02 1.039142153355476633e-01 8.140696711553031817e-02 4.071468342808930996e-01 2.922377200133142727e-01 2.981986118068002400e-01 2.351459496918004502e-02 5.873866054519467639e-01 4.996059570195285349e-01 1.164647749412188182e-01 5.375776184005550545e-02 1.816596985903879552e-02 1.109170059776415362e-01 5.799897196145511330e-02 1.325131230120000503e-01
1.765625000000000000e+00 1.092437759047159423e-01 3.131034434672613775e-01 9.447214419645605377e-02 5.484150748998821712e-01 5.805199062297618229e-02 2.638027751520096234e-02 4.041385776446576039e-01 3.570818639879348999e-01 5.336217169550790951e-01 5.231927161647267344e-01 1.291586857588022108e-01 2.852494639712222987e-02 3.876931789709789911e-01 4.932996145397512966e-01 1.910875023237740000e-01 4.987932258536858371e-02 8.585568420558442257e-03 1.860734050240374637e-01 2.727696255468539666e-01 2.440623182287219028e-01
1.781250000000000000e+00 1.916694725589043399e-02 2.120070256044553902e-01 2.618570848806268253e-02 8.220853600128177896e-02 2.262177768527919020e-01 7.689214369509389524e-02 1.297560832606215186e-01 7.268022032890984752e-02 3.898589380621068634e-01 4.837276681331251216e-01 9.608974982041785726e-03 4.788850894879086162e-02 5.727973519408858794e-01 2.259403104081167957e-01 9.773415558133058401e-02 9.827871100095736390e-02 1.563970768914612619e-01 1.187976487604354980e-01 2.416643005572637060e-01 2.397035208374145507e-02
1.796875000000000000e+00 2.660060776428755519e-02 9.649147175771000118e-02 4.200985858567840570e-02 4.040127068301215818e-01 2.351616951871597291e-02 1.101532987198431124e-01 9.596517124005364552e-02 7.778990492895046516e-02 2.742577256978130928e-01 2.707401127814795111e-02 6.058395411039857459e-02 5.492665543245266180e-02 3.870924696938082832e-01 4.926776228775737732e-01 4.598097533221672251e-01 2.329508239758078594e-02 1.645067539635960141e-01 4.194376602716429897e-02 2.513872521267460636e-01 2.056258643252280305e-01
1.812500000000000000e+00 2.118259931128555623e-02 2.568384640714330841e-02 9.422364439999177110e-02 1.407283989287191721e-04 1.683705117812412180e-02 1.996555006995167358e-01 1.609818505568198221e-01 4.167093405336678297e-02 3.212362533728087000e-01 5.685596920946196092e-02 3.331359081383088450e-01 1.979320541133658753e-02 2.083323212041465755e-01 6.525430642962686267e-01 1.271056551366786802e-01 7.483925848296162087e-02 3.440002579680909167e-02 3.807061469617216420e-02 5.666212395994526529e-01 1.917575387347315863e-01
1.828125000000000000e+00 3.417720462919305868e-01 1.091772177370112645e-01 2.491605234888231157e-01 3.042061842825701246e-01 1.298158793279666906e-02 5.103466464201567021e-02 6.332634319612306939e-02 1.373232074420167315e-01 8.962506150731264221e-02 1.272885964844498452e-01 4.554375000481785882e-03 7.876994452270576208e-02 1.333858687535771637e-01 6.956915216808020608e-01 2.491863531545951693e-01 1.374956477366961749e-01 8.053356976822073632e-02 5.128618592109499691e-02 7.679807015985150309e-02 3.115476833105661203e-02
1.843750000000000000e+00 4.660236853098225218e-01 1.669215387966292152e-01 6.310850418631586134e-02 4.045948600995780686e-01 1.588973567632313566e-01 9.301178047725081055e-02 7.869344169241460074e-02 3.638028699705954383e-02 1.578066877617532171e-01 3.041015426050466125e-02 2.241115538516670058e-01 4.056266078289408328e-02 5.566163744949467057e-02 1.617041314137074859e-01 1.438534012434935228e-01 1.048946649955566635e-01 1.458118699983732523e-02 1.640353442500569123e-02 1.521945089859159939e-01 6.466000893497785007e-02
1.859375000000000000e+00 1.254447598041392165e-01 1.096494688413857249e-01 1.666492173660492071e-01 1.580490706517419797e-01 1.338028010720298255e-01 2.012960813692714346e-02 3.125785653498676653e-01 1.009000405249383808e-01 5.675001237516099639e-01 1.047162180458500276e-03 5.555903485600424685e-02 1.032814707368598373e-01 1.971774157590017451e-01 3.278974959271924727e-01 3.400159246679900632e-02 2.077811263373145201e-01 3.832850492654380631e-02 1.728116857246256993e-02 6.668083088233665023e-01 3.174928704505051297e-02
1.875000000000000000e+00 9.473913793367604030e-02 4.486234032680907480e-01 2.049914566261447010e-02 3.201392347326009191e-01 2.962082921281453812e-02 1.165476441619544695e-01 3.352208525151375573e-01 1.524183546642699227e-01 4.664550310001829292e-01 8.934519522579829377e-04 3.505522732219105986e-02 1.353540022525577362e-02 3.858036274169136526e-01 5.831515363399917273e-01 7.879014610239765126e-02 7.920486580355788619e-02 3.261634261260203116e-02 3.352366287080505054e-03 2.587835526400203423e-01 1.125352638997975524e-01
1.890625000000000000e+00 1.417726005656187449e-01 5.296178638118248516e-02 6.139400662165007266e-02 4.071967657798117313e-02 6.446027204062756977e-02 1.407528390703574779e-02 2.144450954811802368e-01 1.286131078936363359e-01 2.430274172473873007e-01 4.249281745895691631e-01 4.491368395419650245e-02 6.187539054074446543e-02 1.697735453023785923e-01 2.416814784894961154e-01 1.972995482209961571e-01 9.375970089480316350e-03 3.182297151607495385e-03 3.500738284446618803e-02 1.738794052325243478e-01 1.015806754030126324e-01
1.906250000000000000e+00 1.276776197725535689e-01 2.004833468885175440e-01 8.654578589069167327e-02 1.017563571385224769e-01 1.469570056254161095e-01 4.219809858820360894e-03 7.088389288684834345e-03 1.440022762788172039e-01 5.611774812901710874e-01 1.786804088812447566e-01 2.292275185235030308e-03 5.295347933264697889e-03 3.684308036505039574e-01 5.029342783121929644e-02 2.445237692879218550e-01 4.983904710610835564e-02 1.080716967150381069e-01 5.397389092193957683e-02 4.540360971549647212e-02 5.155105593397161373e-02
1.921875000000000000e+00 8.396667542660138372e-02 1.679678006727148426e-02 1.305529859634502188e-02 4.945469994494726407e-02 4.048843825687820780e-02 1.010695941438686657e-01 1.152332874354137643e-01 7.366022893734591737e-02 3.476772662308661443e-01 2.507703897417900424e-02 1.235691813005603164e-02 1.377180473177855857e-01 1.667073609612817753e-01 4.323837864655176721e-01 2.727999600466162189e-01 7.317807770649436584e-03 5.866645707177307878e-02 2.568979603158813921e-02 2.325555248739774594e-01 9.639028728194909412e-02
1.937500000000000000e+00 2.928869994043975869e-02 5.303901592140667504e-02 9.270666254343792878e-02 3.430612696087259605e-01 1.660375151421892292e-01 9.890154476269751027e-02 3.847186745099692717e-02 1.930524757190194007e-02 2.569988344646726430e-01 1.938486108240655703e-01 5.503902795013296961e-02 9.074847669803762229e-02 1.972812423606417065e-01 4.930926521634865778e-01 1.203406722228659020e-01 1.421376929538405859e-02 1.046815055158090285e-01 7.005366433831797246e-02 9.166689296727156822e-02 2.058606199287005001e-01
1.953125000000000000e+00 2.091230981145457968e-01 3.189262897237627459e-01 2.280757615131329408e-01 5.912892910153880743e-01 1.366192173205245386e-01 3.137588471282101027e-02 9.399245231022523850e-02 1.017681497611422764e-01 3.151815020013831181e-01 2.915921521806593142e-01 5.586567999403876245e-02 1.481981371555683435e-01 2.092710058683727448e-01 2.656620770673627785e-01 1.281877673433547138e-01 1.386026944091379443e-01 5.032602020687031857e-02 1.787297132536112138e-02 1.180557479851754021e-01 2.605314421428115996e-03
1.968750000000000000e+00 1.464321080144807552e-01 5.518599936192634947e-02 1.603826186471906112e-01 1.308751207702201491e-01 1.906059598329296334e-01 1.060406894556615714e-01 8.788845716136013675e-02 1.398276001064879814e-01 3.200900420334438223e-01 2.017984848805854103e-01 7.592445675099269986e-02 4.678311515260746335e-05 1.699241367313726603e-01 3.107627209879624056e-02 3.530729121173286078e-01 2.459273297098876487e-01 1.306005063729591409e-01 2.017724535951470610e-02 8.893882195798742674e-02 3.742449537810034754e-01
1.984375000000000000e+00 2.665585668600310432e-01 1.536684964535972586e-01 1.504709664971583816e-01 1.197407819573236137e-01 2.690172568325930810e-02 2.035780087992597465e-02 5.706970141206992725e-02 4.948261943479759228e-01 1.091454162360430274e-01 1.224055521309971722e-01 1.176715237595289329e-02 2.641421243844748745e-01 4.574527128091275263e-01 4.821772002705115856e-01 1.489715922632020295e-01 8.866297863208151553e-02 3.615788577246395463e-02 1.175431399556168682e-01 2.450344219087894487e-02 3.738738996988972829e-01
2.000000000000000000e+00 7.191699427990942695e-02 1.588625636150091782e-03 2.244704757274626483e-01 5.401336072907007013e-01 2.237964347339150671e-06 7.055196981966832190e-03 3.006352765758438933e-02 1.162462071936718189e-01 6.057115022891196299e-02 7.496194214614214368e-02 9.688461254267416445e-02 1.823615445778138111e-01 4.870091142583179988e-02 8.968904563527044238e-02 1.614141625718877870e-01 5.465660850134663844e-04 9.312873618450821789e-02 1.321989365596405556e-03 1.426348745271544861e-04 6.379373950286802188e-03
