0.000000000000000000e+00 7.388270891020341791e-02 1.325088345202780730e-03 4.913778836400076871e-02 3.567703551936784456e-01 2.564371695707905532e-03 5.926254620954601871e-02 1.467149599957002226e-01 5.534619937027218661e-01 2.442721707779746398e-02 5.003761310059740485e-04 5.747497117598351912e-02 3.014189655760849407e-01 6.104461659062625049e-03 7.973439831508248588e-02 3.633046005176872595e-01 7.553951203554355731e-02 4.241312705145186546e-01 5.866526391069987190e-02 4.802617483489540207e-01 4.830534794060488135e-01
1.562500000000000000e-02 1.386005400426688905e-01 1.090058866059472192e-01 2.820133419789759288e-01 9.359339703682709177e-02 2.070372909877452733e-02 9.990422395224313190e-02 4.090992930427810037e-02 2.158202049665124966e-01 6.223288064638389516e-02 8.061468099702229217e-02 2.778138070706244189e-01 3.960237384946549422e-02 1.098205660150739296e-02 2.274004612987912399e-01 2.977033264497568332e-01 3.417846175619084770e-01 1.555989756341556902e-02 9.929191057531981668e-02 5.583389369607095337e-02 5.387256363861065989e-01
3.125000000000000000e-02 1.967439983477908549e-01 8.553163600063554139e-02 3.985521213473046109e-01 2.194036410739199083e-01 1.592025943041189273e-01 2.636050864484315026e-01 1.527414457304293594e-02 2.134995784152782239e-01 1.641245062326417981e-01 2.428233538823602877e-01 4.169521103849087584e-01 5.054847014426499391e-02 1.277685278183306739e-01 2.632890359394169863e-02 2.034098361867726357e-01 2.487345390897076902e-01 1.323787048787986378e-02 2.081442498482983239e-01 4.411797239092535294e-02 4.272265373187304760e-02
4.687500000000000000e-02 3.055923405526851933e-01 2.042362123220292092e-01 1.843920807736233042e-02 7.329681841366360306e-02 2.055255600365007290e-02 7.041999980305958529e-01 1.276717456482318602e-01 5.660232200054481355e-01 5.698210421103064999e-02 3.128470354791560576e-02 4.566539725788328341e-01 8.793327755205491980e-02 1.616316203651216588e-01 1.472734566535359724e-01 1.648818308594548754e-01 5.361434714212401365e-02 1.061471186114351095e-01 9.028313013959057831e-02 3.005171048666263056e-01 9.883911963618366436e-02
6.250000000000000000e-02 2.017215430651844721e-01 1.842960065863548935e-01 2.829678657535567021e-01 1.059911948100300261e-01 3.479304686522208256e-02 1.116185232403786448e-01 2.652803098813414501e-02 2.730770593892046794e-01 1.680017533269385216e-02 1.915146816887212389e-01 5.041951004043556672e-01 1.633043550798251031e-01 1.753983128019588056e-01 5.664675684242043152e-01 1.262379909723384264e-01 3.083365787217055010e-01 8.392643893270920752e-02 2.129518853804247269e-01 2.268702798913170837e-01 3.361871117336067555e-02
7.812500000000000000e-02 3.972657811770234360e-01 1.160805793937284280e-01 2.199232210280668010e-01 1.253117003083365211e-01 4.055893452747088013e-01 3.216973105786573028e-01 5.012935148402094532e-01 4.533647152916818746e-01 4.101726123188347700e-02 3.962411198387761346e-01 4.928368353997346629e-01 1.368057783428320018e-01 3.384324168934282895e-01 3.623789992915325553e-01 2.987834146092986365e-01 6.568372162272102521e-01 1.249906087936728805e-01 5.246382041563936172e-01 4.696864333560619997e-02 5.364482038690981947e-02
9.375000000000000000e-02 5.924496362582408748e-01 5.504296893385458578e-01 1.424805623343083638e-01 3.593119891691405887e-01 3.209937172060346455e-01 5.957488697941559080e-02 4.996618219154336238e-01 6.897729202527060066e-02 4.393436175899197854e-02 3.696640964173624755e-01 2.966337041532273178e-01 4.481634039102681821e-02 2.580686235474612400e-01 1.171636703558864984e-01 3.773300337324260179e-01 3.195084980714144596e-01 1.734360842417280724e-01 5.825097720053612482e-01 3.311561039979150078e-01 3.120054179720708754e-01
1.093750000000000000e-01 6.762418852069870256e-01 6.049644081491998282e-01 3.344712496010522895e-01 7.377416354888929328e-01 1.250717088334233063e-01 1.270167271437253609e-01 5.909592456909555924e-01 3.438804711949167703e-01 3.762531464007988213e-01 2.053963505534193990e-01 7.031973884556771970e-02 3.254578641934078309e-01 3.238718338411861741e-01 2.915548848344551303e-01 7.776356324892791383e-02 1.664421592928382321e-01 4.122432225197719680e-02 5.122716795633290854e-01 2.940296447309034278e-01 4.413266947362446402e-01
1.250000000000000000e-01 6.236316696842130192e-01 7.879233155404418154e-01 5.882126668298781613e-01 5.935785300840873413e-01 4.762613419466309450e-01 2.455633879867455405e-01 7.622526795450597081e-01 6.611655282708427395e-01 5.819173876861660766e-01 3.327295572002660351e-01 4.126307015247813736e-01 7.659926284603876812e-02 4.608413821894568052e-01 3.582264149282162191e-01 5.718548761257397084e-01 3.540305836810046514e-01 2.734875126272534041e-01 7.345981587588487072e-01 2.426290846296530815e-02 4.103208529658080583e-01
1.406250000000000000e-01 5.820753740038404622e-01 5.922129561122384533e-01 4.635925317764448272e-01 4.133777035568246827e-01 5.149988388284353347e-01 7.372995055636299977e-01 5.988436350524085627e-01 7.190317566340234112e-01 4.749900675668885519e-01 5.038826938160575475e-01 8.058571120200808124e-01 6.639486586446393668e-01 5.306622233261080179e-01 4.204748641549682642e-02 3.993601649966689870e-01 7.648856919543628452e-01 6.015453759204988371e-01 5.794893362279612825e-01 3.810781418791404640e-01 4.759205663896563521e-01
1.562500000000000000e-01 5.681493970417514916e-01 4.932016027459215635e-01 4.967366730301939759e-01 5.621048335589140521e-01 4.796132548626039771e-01 4.231563807671217536e-01 4.054684370321285369e-01 5.649307036655971670e-01 7.492556240485874763e-01 2.142270155546475430e-01 7.562295138636239145e-01 8.766742478041757991e-01 4.399395900771511103e-01 4.595232957204482549e-01 7.982501939724282458e-01 6.956036148683190090e-01 8.488469191407782555e-01 9.063029020122966850e-01 5.500674182629984310e-01 3.731467733022573174e-01
1.718750000000000000e-01 6.880441987314451779e-01 5.172451233647689106e-01 6.560867555477293278e-01 8.366689758137536570e-01 7.582946270793310406e-01 4.054308163884108862e-01 5.204530801588987954e-01 6.564257397709187813e-01 8.638302453655321012e-01 4.039545314033176626e-01 7.702104752679744815e-01 4.686644329190123859e-01 6.197564241487347747e-01 2.216055493992770131e-01 6.262555894513555099e-01 7.987035522216852090e-01 7.730226175798312616e-01 9.557622589876814123e-01 8.830925631848600688e-01 4.825916982003985445e-01
1.875000000000000000e-01 7.630837175439384445e-01 8.258319586305644666e-01 7.403791744711895051e-01 5.211934799605248969e-01 8.088296573758715358e-01 6.160331597165116246e-01 6.497498127808759572e-01 4.742039776568076626e-01 8.794363585185975829e-01 7.380893936728420979e-01 3.914550042929103024e-01 7.286702333775965101e-01 5.419019150962216536e-01 5.167374771720134596e-01 5.958186080742765567e-01 6.627540564438771931e-01 6.824767102375333128e-01 9.435328247672417623e-01 9.110549714627554918e-01 7.468624236148697637e-01
2.031250000000000000e-01 7.386936002627059183e-01 8.703711925487754852e-01 7.749085320392341547e-01 5.617290335269815582e-01 6.997126213931064154e-01 4.334653072269291640e-01 7.244401341206514466e-01 7.970521461432358290e-01 7.693433113081068475e-01 6.319087723236334053e-01 3.335509226821464779e-01 6.592041955879297532e-01 5.211187273264629161e-01 5.488729465732398172e-01 7.391362566716174198e-01 7.587898450284823459e-01 5.137325701998632921e-01 9.576494317678274637e-01 8.934079612200372944e-01 5.883721825841368158e-01
2.187500000000000000e-01 6.750368228279198801e-01 8.025818693045173591e-01 7.840576684762519122e-01 8.405167276791472020e-01 7.074365984424542120e-01 4.748422759717272901e-01 7.551127642298529619e-01 7.473682979146744065e-01 6.306118851063253761e-01 3.776395130246552045e-01 7.117559422026312754e-01 2.069734001740651252e-01 6.722093768822409166e-01 7.249124426742594718e-01 7.194224495864380842e-01 7.358951491771400510e-01 2.901442708120930414e-01 9.550852228137765021e-01 8.514285132149292945e-01 7.980106861467446411e-01
2.343750000000000000e-01 4.092305555999954381e-01 8.554120830621705363e-01 7.547638873215297695e-01 8.222229120606805441e-01 8.782013196764475449e-01 5.893690638060821163e-01 7.264168087941716978e-01 8.620662638225744523e-01 7.494598299486870951e-01 5.044928867183239296e-01 8.562166251686121887e-01 4.206495272405126884e-01 6.857146503990551034e-01 7.716790013481831245e-01 4.895638957872930352e-01 8.812962043515393251e-01 2.630830800425388305e-01 9.473645023039882762e-01 8.837497380304211170e-01 8.428703926447876915e-01
2.500000000000000000e-01 3.842707958644240307e-01 8.089218313385614367e-01 4.121221654628659525e-01 7.799636998461788595e-01 8.417330368724350587e-01 6.647373698933507491e-01 6.952444687543654078e-01 9.425170844558311556e-01 9.175568119257514477e-01 5.242117472382371579e-01 7.948673909282594208e-01 5.762877790641589559e-01 6.566599577416714073e-01 4.459121214332112948e-01 8.416854111709589636e-01 9.314882796004526622e-01 3.143561124126512674e-01 9.148116459645591059e-01 8.636571729438502487e-01 7.754029842003028472e-01
2.656250000000000000e-01 4.161736388022395094e-01 8.276992336833243202e-01 8.543517234996770293e-01 7.943229675603410422e-01 7.529671704041264180e-01 5.227044321396404625e-01 8.009005347743710646e-01 8.724266030991925103e-01 8.819933556904271388e-01 6.501113163033862552e-01 8.042860666574026540e-01 2.446165310360425282e-01 6.729527953406067020e-01 7.101882330797454346e-01 8.733868893638664366e-01 9.109732984852957349e-01 4.373909036410397744e-01 9.592087763839838299e-01 9.455596906251066969e-01 8.222580190085316820e-01
2.812500000000000000e-01 7.648716707479912280e-01 7.683332216090507094e-01 8.364007105097919226e-01 8.801693231059606326e-01 6.944520171886202631e-01 8.171448643178320648e-01 8.027586663136350165e-01 8.490050856346197383e-01 9.151498475782959829e-01 7.846578835344616420e-01 8.097144294843400258e-01 7.032897473490784535e-01 9.315873694750181899e-01 5.499755431599480104e-01 8.345903787539574736e-01 9.522902036260667558e-01 7.515914562125745046e-01 9.162827524404018043e-01 9.700026699418540233e-01 8.153227190691290094e-01
2.968750000000000000e-01 9.070864160628654416e-01 8.691830150282041645e-01 7.733617114789342883e-01 8.995597279225465703e-01 8.153373338156584271e-01 9.539513810587757492e-01 9.296383683617763793e-01 9.040270663278562324e-01 9.759864272719699363e-01 5.933184204448220811e-01 9.286712294025447623e-01 8.400203378022456091e-01 9.632377904181365080e-01 7.983528523197281901e-01 8.780681627515134480e-01 9.795761527959163661e-01 8.648940403540174016e-01 8.813653844369598866e-01 9.331406797617928239e-01 9.103858399453336192e-01
3.125000000000000000e-01 8.386065374035308606e-01 8.232700887860695538e-01 7.589673627697499647e-01 8.001458133601120348e-01 8.680284881067210634e-01 9.517820697396466301e-01 8.650061810775188098e-01 8.696084562797778972e-01 9.012593231762746626e-01 7.982280901028546705e-01 9.191019655096094310e-01 8.549182819392701083e-01 8.677404588798015572e-01 9.147968886217787698e-01 8.941776640767088447e-01 9.397257010333308624e-01 8.542197134878337650e-01 9.320485250203922600e-01 7.904856478686399512e-01 9.213280102270279270e-01
3.281250000000000000e-01 7.975945208370925910e-01 8.542998850138280309e-01 7.550565248365568305e-01 7.086735847498799590e-01 7.592766549678189314e-01 9.181944801770141051e-01 7.497830995704343193e-01 7.355661106113228209e-01 9.211068394267771797e-01 8.342007837453535579e-01 7.257290770717685913e-01 8.234402554723861956e-01 7.362347080647019260e-01 8.375476345507270048e-01 7.814757684083806222e-01 8.549230102117126862e-01 6.485957410208023077e-01 9.550547806994895694e-01 7.470279559356119981e-01 7.412496533505454899e-01
3.437500000000000000e-01 7.672289229693086687e-01 6.933801806989323691e-01 6.821039335682768101e-01 7.814981215069088938e-01 7.368621935736145989e-01 5.318684757855579592e-01 6.647203609640092159e-01 6.832449836104943497e-01 8.692201468048659230e-01 5.799206869754880422e-01 3.621873987742135204e-01 6.127029166407633731e-01 7.720849487102328101e-01 4.657226982070115096e-01 4.631965298641868567e-01 8.606075332893939889e-01 2.947173755816401841e-01 9.250923496346810104e-01 8.806454224706223854e-01 7.662108489912889953e-01
3.593750000000000000e-01 5.142081580491505433e-01 6.157768626273558699e-01 4.524551044932028643e-01 5.026040399147376769e-01 5.060766041546962413e-01 2.750029170595945649e-01 6.776184281932013942e-01 7.245953879999117442e-01 7.437163720617968599e-01 4.022154172044611897e-02 4.556423035574349023e-01 5.995399877868758942e-01 7.824227720818086596e-01 1.416066388417675792e-01 3.757647883948129763e-01 8.966284515772474650e-01 2.568494073265313871e-01 8.887597362735500939e-01 7.578538361183395633e-01 7.066595542679315889e-01
3.750000000000000000e-01 2.068926669937476148e-01 5.601680384882592456e-01 5.795336975736706808e-01 1.083753805545915883e-01 6.195400048753945121e-01 7.965053639423309573e-01 6.489669894799766636e-01 6.921800971253271317e-01 3.994465181232622064e-01 4.221407189393601156e-01 7.950997021860320979e-01 5.641539154290634572e-01 6.773405363810325319e-01 3.435347703068398345e-02 1.593863442782747844e-02 7.624543626852154921e-01 5.190583339724916950e-02 7.216679700925817675e-01 2.809572856664829810e-01 6.798651627055520841e-01
3.906250000000000000e-01 1.499311335627234454e-01 2.732811248390971948e-02 5.349281333244415571e-01 2.724755108724620511e-02 4.308599073805849944e-01 7.264561632372619204e-01 3.033690145883793376e-01 3.210337351296322361e-01 1.201593791044992809e-02 4.222963863737505541e-01 4.984464234209690092e-01 2.578179537185862902e-01 5.559760942655065374e-01 7.125115932031807209e-02 1.095738181402972772e-01 7.958874684717262005e-01 2.520254337834988978e-01 7.055508051074775855e-01 2.613245438293230194e-01 4.273847610672255048e-01
4.062500000000000000e-01 1.560834261920913402e-01 8.848293420161845724e-02 3.810547425564237978e-01 1.565185409555170659e-01 4.207272927838665022e-01 4.539709201292866925e-01 3.097996292660176731e-01 1.928351378412981598e-01 6.580435470549211852e-02 5.144539023294780744e-01 4.893313508172214554e-01 1.008188952514118830e-01 1.422424787323461615e-01 1.257631849684393843e-01 3.061816772153916899e-01 4.035070501861410808e-01 1.694857409964444228e-01 4.909326677303665343e-01 1.522944041829519812e-01 3.765834208385180903e-01
4.218750000000000000e-01 1.672736283659106427e-01 1.785653940132509443e-01 3.224251591830857855e-01 4.850837353026746235e-01 3.022808608001332775e-01 2.367276365553878381e-01 3.001768562633760906e-02 2.723965611021785804e-01 2.727849916807452701e-01 6.604512447169283429e-02 2.677364999783430899e-01 1.045286844041640878e-01 1.698319521906707930e-01 8.979715104281136770e-03 1.864963569807292498e-01 1.295253584035278016e-01 3.064097335664215382e-01 5.110286139250198589e-01 3.216160504007748999e-01 2.921680367201995865e-01
4.375000000000000000e-01 1.689443924250395301e-01 5.297202688267840243e-01 4.125899742270143777e-01 3.390527122613599120e-01 9.538682329710086727e-02 1.560550999487033963e-01 1.488868988177182440e-01 1.659885848728272217e-01 2.365006338769149175e-01 1.103937643477677089e-01 7.249134160069060917e-02 5.786117638786663075e-01 3.315075689424373806e-01 1.628544835524211309e-01 2.661220164677067374e-02 2.369995398944877707e-01 2.962608144379426656e-01 4.053279207191634592e-01 2.881298776263696015e-01 3.593775789643314789e-01
4.531250000000000000e-01 4.786027569921262950e-03 8.268500094528720423e-02 3.407298436014359333e-01 2.267770670723162629e-01 1.131065615390982881e-01 7.653542302834245858e-02 1.562022150053075653e-01 7.326145670363354290e-02 8.545824023629187971e-02 3.758680269118430672e-01 1.024414403234658738e-01 4.453274600010290740e-01 1.251982613371395991e-01 2.807271534975397942e-01 4.163981083873801170e-01 4.737951571011369545e-01 2.806941914908307467e-01 8.056333609258538309e-02 1.420334684743848608e-01 2.962382263382126735e-01
4.687500000000000000e-01 7.081564210273556641e-03 2.382443089456111884e-01 4.375027241488016472e-01 1.578686314392338808e-01 7.078049838495366342e-02 3.535393835505883792e-02 9.039499233006294265e-02 1.878708331619096533e-02 1.235061634872492570e-01 1.685797723091486122e-01 1.679575373526567272e-01 4.846573020635517454e-02 7.711416905868180571e-02 1.244132093664413463e-01 4.822968958888337876e-02 2.877604450194583552e-01 2.305280386762311451e-01 7.191318698480839156e-02 2.863734776453795774e-02 2.568074458770854274e-01
4.843750000000000000e-01 2.304685409293021764e-02 7.279911119664529695e-02 2.570328848456308532e-02 3.580408896415968600e-01 1.478136166015811548e-01 8.030581835503377381e-04 3.051724728487922311e-01 3.339214698504006096e-02 2.013656983224857144e-01 2.301056494795719332e-01 5.277391508771089174e-02 1.622584921214158815e-01 1.379482427019547604e-02 7.029466135334495880e-02 2.121070324940100837e-01 3.065623100099971673e-02 9.263845505594332785e-02 1.160969890536429489e-01 9.148639094789805248e-02 7.306104816892237952e-02
5.000000000000000000e-01 8.574678514698109988e-02 1.802662982306119377e-01 4.853237905013956799e-01 2.466319996672360071e-01 3.141360906469225500e-01 4.830183886076393485e-01 2.318527057807338310e-01 2.703200641573567653e-01 1.114810172210112943e-01 3.189896876207938825e-01 5.715739953986600508e-01 1.902905173219266166e-01 4.657098326247630787e-02 2.732816394096646007e-01 4.849264495034340608e-03 9.923119489503441637e-02 2.761821948732794962e-01 2.593460953897419943e-02 3.400438390256341897e-02 1.297763923427146943e-02
5.156250000000000000e-01 3.728581537251411393e-01 2.086656116529539695e-01 2.212585484474057229e-01 1.245292439517795419e-01 3.429950453281840894e-01 6.259566688539803803e-01 3.508329972062589341e-01 1.483547509370514994e-01 2.596315438814212340e-01 3.627229220955426880e-01 3.732291814890892345e-01 4.196029516583412722e-01 3.133881763271584298e-01 1.473664404006613249e-01 4.732913116412719445e-02 4.279010570240079359e-01 2.776889830947236182e-01 5.207792814534880493e-02 3.687120461582997222e-01 1.711236650991551644e-01
5.312500000000000000e-01 4.526229049845358343e-01 3.404326391184014228e-02 3.400215873718914761e-02 1.086467302985886924e-01 1.140288063171411709e-01 4.247984348979321756e-01 2.762166437103892869e-01 2.518238296291736011e-01 1.862660385028237220e-01 2.197221366317299029e-01 2.431433791454693238e-01 3.667188470485839846e-01 2.647993316078486314e-01 2.966340319288528482e-01 3.868799762949578364e-02 1.921903134932208546e-01 4.219029669657357040e-01 2.908893875673232779e-02 3.944086400331476283e-01 4.290690207315642907e-02
5.468750000000000000e-01 2.721666856100304899e-01 6.345097084860165659e-02 4.359655362376869438e-03 3.116123174330480763e-03 2.657869314547842143e-01 1.401167861984791152e-01 1.893107755938777670e-01 2.860159461031247519e-02 1.851377548018285080e-01 1.204453102158862948e-01 2.633810199481191328e-01 1.811834107650178993e-01 5.074439282533110829e-01 1.141959629064779325e-01 6.334567541600574780e-02 2.330797635211523475e-03 3.407446156489586930e-01 1.111757654779388649e-01 3.387409681804314787e-01 1.655723590761907504e-01
5.625000000000000000e-01 1.914064400915351238e-01 3.695121825803542870e-01 5.478105671389473137e-03 3.387249635454696595e-01 9.752988101928149189e-02 1.926119048115774446e-01 2.756054949174201879e-02 1.739863289006235089e-02 1.069659127405575699e-01 7.905584494928090400e-02 1.796637940742793760e-01 1.847141399848844234e-01 8.528997111800282541e-03 2.633201640635049121e-02 1.292948799182805364e-02 8.294222222427392877e-02 1.980500122810593677e-01 5.192762063239164672e-01 3.394934704690708016e-01 6.723135508155126359e-03
5.781250000000000000e-01 7.774756124143947233e-02 1.191267882227306923e-01 9.872253865959712549e-02 2.400873850341190829e-01 8.051478348274875019e-02 8.071184357866387216e-02 2.925600413138034969e-02 9.913805251699329274e-03 9.383015547203799045e-02 4.882845549562684490e-02 1.147070779529239110e-01 9.029223264283860184e-02 1.213898332486294807e-01 1.805634980213793872e-02 1.464133848905003477e-01 5.189861953548069451e-02 1.397773425958122595e-01 2.098939177364675945e-01 1.206707013098007319e-01 1.410874037081836715e-02
5.937500000000000000e-01 1.779346492150613301e-01 9.242678206423607379e-02 6.039122773001531774e-02 1.999936697126126484e-01 9.171003849843185896e-02 2.298532470251391790e-01 1.561992235875788448e-01 4.990155875459153512e-01 8.177797450734310136e-02 1.156832392918194161e-02 5.457352311282364504e-02 3.416952637190409647e-01 1.159001321912615096e-01 1.379666500485481895e-01 1.870076365457592760e-01 1.006858401136918740e-01 2.335371328380652922e-01 1.459512474064207643e-01 2.648566151860201959e-02 4.041679883414525665e-02
6.093750000000000000e-01 8.343768377288786342e-02 3.365415467342349753e-01 2.248181564427010892e-01 1.192444011731303988e-01 1.016792557615893607e-02 1.999447301717753867e-01 5.195493303273943098e-02 1.876111751608471045e-01 1.641185948298687081e-01 7.057763320446421018e-02 2.803514708884509155e-01 1.859788765152415035e-01 8.944949705722303468e-02 2.586730009458985957e-02 4.016558197711196376e-01 2.457361011997263589e-01 8.450377163433589467e-02 3.325112094080867609e-01 2.607545088374043640e-01 1.935753864205546904e-01
6.250000000000000000e-01 3.995076185813578595e-02 3.997122706891345079e-01 7.332458113428100277e-02 1.507250979371373423e-01 1.120191283665318699e-01 1.546820061490670195e-01 9.268985799696628780e-02 1.263567163162515605e-01 2.019892514470524036e-01 1.281759602398853393e-01 3.546483856846077698e-01 4.154830414770949859e-02 6.755430044820753821e-02 1.762915705545640699e-01 7.929426565516861647e-02 2.665444323742831023e-01 5.110831185109538516e-03 4.760730070435028050e-01 5.583728719022162945e-02 5.813779218356166650e-02
6.406250000000000000e-01 1.444150553374945467e-02 3.205721401837047790e-01 2.588305529991136861e-02 8.508214617595327711e-02 1.635997978005570563e-01 7.311671746030293240e-02 1.932789900485127055e-01 3.672522432497032363e-01 4.507729302408243488e-02 2.755098327670830738e-01 2.159591846746345689e-01 1.464454955270486428e-02 6.110139516000002817e-03 1.132007746059365966e-01 4.785306513774573167e-02 1.156124791787732295e-02 1.036510744980929238e-01 4.199202110231736729e-01 3.260543553879221013e-01 3.634027757330378361e-02
6.562500000000000000e-01 1.566119714715985267e-01 2.569690855284849085e-01 7.867752899434553304e-03 1.147579586950174535e-02 5.135323333132985058e-02 2.519924544107006448e-02 1.984565633731903700e-01 2.139588898121712601e-01 4.443930528122962825e-02 1.204046958424730418e-01 1.976799526219032710e-01 7.991000027774024239e-02 1.627663447197659138e-02 3.312709808899286928e-02 5.303102020684844486e-01 2.505734026863183916e-01 9.225690800601141217e-02 5.235736429162010097e-01 2.445769421193696655e-02 1.430664717774624561e-01
6.718750000000000000e-01 1.630256614829060646e-01 2.965863978947800295e-01 3.626737164681336223e-01 4.692664302014486200e-02 2.626646948001814044e-02 4.179694264973785045e-01 7.481450215722726393e-02 3.373642416908800151e-02 1.262494211795859578e-01 5.589548032743605344e-01 7.483311078209717651e-03 3.099509920349478032e-01 4.460001883285041185e-02 1.995698851121331940e-01 2.951129818005912824e-03 1.136252299670797994e-01 1.175379223021261535e-02 7.973823642761906916e-01 2.394997632323269971e-03 1.178973030022867768e-01
6.875000000000000000e-01 1.142090750814312994e-01 3.387031479684964874e-01 9.773837258482043211e-02 1.108190297215331382e-01 6.066560215201397856e-03 1.274418150112502368e-01 3.740218168329785264e-01 2.141161342883278751e-01 3.016856437595876739e-01 5.274408115848877587e-01 2.026364882622531949e-01 4.026580014831679377e-01 2.009964489469475910e-02 2.848422971236819201e-01 2.583119921179590286e-02 8.844902926404964866e-03 4.839999769445217648e-02 6.139758957924258409e-01 2.337931010627736783e-01 4.236338296802289599e-02
7.031250000000000000e-01 7.787771474228946667e-02 3.566642358066500762e-01 8.622928346046197789e-02 6.953520213123705329e-02 5.408994739638915304e-04 9.853874734750760200e-02 2.354106591149870975e-01 2.231783034274332500e-01 2.157176004434056826e-02 1.481435855308517457e-01 1.765692764369141687e-01 4.031996679715736664e-02 2.814627254108932955e-02 7.586466056321838902e-02 2.266977420687729394e-01 2.165807618333128251e-02 7.873140597946179375e-02 1.292725535497050472e-02 2.595378910289922736e-01 5.158189211091888937e-02
7.187500000000000000e-01 6.618807539954561954e-03 3.188888462041375438e-01 1.658844975296305813e-01 3.371857277773532974e-02 2.581403324457399728e-01 4.967387412764229238e-01 1.664697015284359594e-01 1.994588263574791354e-01 3.938879646754870484e-02 2.761542431018240706e-01 4.095140434059961199e-01 3.066663497271001487e-02 7.835298164063506099e-02 6.577149937874336716e-02 8.664471819099314742e-02 8.552856063706927581e-02 6.283321006071085346e-02 5.578596588134151490e-01 3.442371840746513700e-01 6.403846928115383697e-02
7.343750000000000000e-01 1.789259862164117587e-01 2.479459768747104553e-01 1.811260545091148144e-01 4.657541690923620858e-02 4.757239332734136683e-02 3.695064409439823699e-02 3.982213610539446329e-03 8.154720458366374047e-02 4.158239690582927334e-02 1.353347988628205434e-01 3.671524853577946557e-01 5.724656511579155616e-02 4.370221561103901364e-02 1.186891613762044301e-01 2.562387133631221711e-02 1.369092173942547674e-01 7.778198067601253818e-02 4.989272510574901953e-01 4.443569094819052601e-01 5.640626260270240749e-02
7.500000000000000000e-01 1.399837141661553486e-01 2.294240796379010405e-01 1.159268044253744523e-01 3.563953431645061065e-01 8.260136463757884046e-03 1.476920868446514878e-01 2.129435629730428992e-01 1.268748946094495900e-01 4.831882639108927430e-02 1.495603077374243473e-01 1.119656217384657967e-02 1.762944364640486317e-01 3.741142858966967771e-02 1.500535919525637640e-01 1.964162898793384709e-02 9.896058336421664769e-02 1.950933369189205083e-02 4.609654285499084625e-01 1.936006638043706318e-01 3.316035016635639210e-02
7.656250000000000000e-01 3.260412604791056435e-01 1.517183400723929633e-02 1.338766758006590951e-01 1.029468224097911389e-01 8.392958944058188236e-03 1.476303860744637535e-02 2.253445833106774987e-01 1.634955902025112540e-01 1.285663943204695681e-01 6.379823250677301577e-03 1.447574979170859061e-02 7.259649197512413332e-02 1.720446241872694015e-01 1.163099631302044398e-03 3.943243152501191284e-01 1.184882801568394317e-01 8.858181011649490788e-02 2.670792144425601089e-01 1.355924049350521743e-01 2.771285755167967602e-01
7.812500000000000000e-01 1.620379353331998229e-01 2.050804944944043529e-01 1.677746638405962221e-02 1.361891282437029949e-01 3.124824743868054866e-01 6.182362719077674762e-02 2.829981913524134418e-01 2.697578506640158635e-01 9.649918747524288687e-02 1.589921937533554652e-01 1.109480534197447854e-01 3.611125715229941413e-01 6.548210952506229587e-02 3.229426055656907379e-02 2.689962061776287605e-01 8.514326624303644730e-02 9.793290036435307530e-03 7.576891872017214868e-02 2.650756047926419168e-01 9.252700689508143450e-02
7.968750000000000000e-01 2.926929520983145294e-01 1.131542482397119992e-01 1.143050703993256090e-01 2.439972732640070807e-01 4.786717696647955766e-01 5.438063514529377362e-02 4.189347070996707889e-01 7.885247501794234726e-02 8.128530946915683841e-02 4.199682860082989272e-02 1.309693236608853451e-01 2.636569921399954386e-01 3.128101455504742612e-01 1.080792330662656668e-02 4.305005322957533576e-01 9.980757498257056270e-02 6.091609055651869831e-02 1.994126941048338930e-01 2.632321997143230799e-02 9.460256284656212711e-02
8.125000000000000000e-01 2.475010538937927329e-01 4.368623956187666080e-01 2.307699777251576989e-01 1.026145139448764593e-01 3.863551776319156250e-01 3.083983867100116849e-01 1.602104727234752168e-01 3.977061321413693368e-02 8.968607104150855269e-02 3.412655424769931445e-01 3.031493097614803567e-01 9.505060270689562330e-02 3.029773669568155969e-01 6.342265278250151794e-02 5.893190420232916615e-01 1.936244838298152859e-01 2.613011660042040551e-01 2.078710444609035979e-02 4.136460863694109702e-01 1.760037964367468788e-01
8.281250000000000000e-01 1.882093112423207371e-01 6.924270856850048839e-01 5.003187086120383098e-01 4.921989478737045544e-03 1.397831027080089494e-01 1.346725289809015402e-01 4.740830898751341449e-01 1.091000726300044854e-01 1.246080141876462904e-01 4.849544218738110479e-01 1.630601287909936858e-01 2.179348729095413328e-01 1.581847699643048055e-01 8.974070908634107502e-02 9.282273118509587473e-02 1.219531330947079828e-01 6.611514294035687744e-02 4.068867204424126971e-01 8.875413469014271917e-02 2.469705578106077826e-01
8.437500000000000000e-01 2.534440205334820839e-01 6.346373287393065610e-01 7.722676868070610379e-02 5.504093768000282300e-02 2.648494879406388947e-01 7.592767337590010379e-02 5.590135469433220594e-01 2.811476109770498777e-01 2.919591892981318049e-01 2.810483459116553950e-01 2.546025346289130797e-01 1.047031414657498272e-01 2.449804029971534014e-01 1.926336964801879659e-01 2.326033657899326812e-01 1.685894375573267767e-01 1.040129661049176008e-01 4.092190753697888539e-01 5.654418735085296743e-02 2.101155270386103613e-01
8.593750000000000000e-01 3.464734293125675824e-01 4.367417089362148896e-01 9.539806961316998901e-02 2.025061453017168098e-02 2.458862477546020775e-01 1.631035031289455872e-02 3.351958843052271764e-01 1.646412758590947711e-01 3.231300435234690793e-01 7.391528484768840335e-02 5.076368378003489612e-01 2.490078893736462073e-01 2.476205963474469307e-01 2.330647122635116641e-01 2.027423418236342853e-02 2.091808718690679400e-02 3.661291401370753845e-02 6.825579388890679056e-01 2.839745161131121964e-01 9.398520817827396567e-02
8.750000000000000000e-01 3.170705866969036335e-01 2.672672053637012435e-01 8.178928541279530118e-02 2.872922843040137328e-02 3.067405125543327601e-02 4.689992250942240370e-01 2.608378250356835695e-02 6.357219247645560234e-01 4.409487381979753512e-02 2.295657208561089398e-03 2.540361199454832866e-02 2.265704332485866390e-01 8.265328902676916112e-02 1.249548682358655877e-01 1.709379714504031533e-01 2.632997943136859698e-02 3.065891594641018125e-01 6.836017205580353640e-01 1.025248882131449268e-01 3.770744337304847427e-02
8.906250000000000000e-01 2.069117359033356973e-01 2.800839655807258466e-01 2.359798788735386135e-02 8.370844392483145491e-02 1.891874418999613394e-01 2.621087755105916961e-01 3.107905360543468110e-01 4.807207064091569837e-01 5.102350909169749843e-02 2.555148442277552223e-01 1.947308090340704387e-02 1.034148509416061984e-01 1.200607478558293230e-02 2.857563160989053386e-01 2.854026592676094931e-01 1.344449116034466540e-01 1.458519266278610893e-01 6.236941321630649071e-01 3.955119042573081445e-01 1.865712774629970927e-01
9.062500000000000000e-01 2.140130369071010230e-01 1.776359625113963503e-01 8.335900843492510814e-02 2.817850383895922906e-01 1.827254451806430424e-01 2.087105388408947715e-01 3.241185034571868462e-01 2.453841680749898058e-01 3.470998208868084707e-04 3.128651025598849778e-01 3.341572349579149948e-01 6.836583862079945173e-02 1.881910056379902385e-01 1.011558876282707270e-01 8.499349687048658730e-02 2.957264755621148433e-01 5.169473669611193006e-02 4.722337466442791398e-01 4.539691840403579648e-01 4.554253085320191241e-01
9.218750000000000000e-01 2.770270338201992755e-01 6.668972603240065633e-02 1.337888410488313196e-01 5.508267708051957090e-01 8.838751518985769884e-02 3.154673446262976771e-02 9.971240663724933659e-03 5.243333024774794460e-01 5.031346982310540283e-02 5.019238439630886728e-02 4.368841120086822682e-01 1.280441767692298838e-01 6.183872072709582085e-02 1.847622887899419697e-01 4.236665267841013133e-02 1.404060510644198900e-01 3.599515188319943326e-02 7.033565018650654588e-02 3.702874129121730418e-02 4.599167258888382515e-01
9.375000000000000000e-01 1.610497190849973226e-01 2.968521168129880095e-01 2.896236335517441973e-01 2.333536072707244058e-01 5.593238748826165341e-02 7.698298304051598429e-02 2.898546324239452687e-01 2.698251490740571912e-01 6.114239701530819159e-03 2.165517610519150926e-01 2.035882750860991408e-02 5.261635681641900764e-01 2.257610338452775978e-01 3.494979761819522190e-02 5.207855408299345151e-02 3.660750513509858362e-02 1.255667986313257697e-02 1.213772420702667887e-01 3.276746022798075475e-01 5.310762716055326127e-01
9.531250000000000000e-01 1.791045427562496656e-02 4.698545654971799101e-01 1.635513570880007539e-01 2.041041782959046591e-01 1.733552924902334869e-01 1.136014383134975186e-01 2.436983499946728249e-01 4.502951448827349212e-01 1.838427457292226425e-02 1.343091317262433415e-01 1.102162195652702098e-01 2.499606694027786402e-01 1.116634754939992286e-01 1.440910334092090350e-01 3.577774309985632950e-01 9.882252591458744184e-03 9.205872980849079401e-02 8.246313518464987169e-02 4.271677474432671873e-01 3.718441578954377880e-01
9.687500000000000000e-01 1.338474711673612663e-02 5.982138545379631633e-01 2.092611650532786860e-01 8.472377043986219214e-02 6.057148218178472904e-02 5.080507770595146244e-01 4.833366970789572670e-01 2.703052141014889442e-01 4.844886425413482134e-01 1.864359323510722255e-01 5.700156841200004071e-02 4.474005019257906723e-01 3.095266498974862807e-02 1.404464136754418613e-01 4.015606805075964680e-01 1.989587577457916368e-01 1.882828654873125729e-01 2.881115433024150074e-01 4.694057513483571725e-02 9.348102385604617481e-02
9.843750000000000000e-01 1.703442017212130066e-01 6.518992475390174013e-01 1.251526405983678092e-01 6.854766798135669692e-02 1.013158085632273470e-01 1.508571504143868813e-01 4.413682309692613104e-01 8.970008664972564660e-02 3.295755451203479791e-01 1.227141853141040101e-01 1.423970461007736388e-01 4.568734190206911738e-01 9.787846457064493244e-02 3.013678992237263030e-02 2.230927189257849164e-01 2.442292174257384985e-01 1.784664915616440140e-01 9.133431165708139066e-02 4.141098545465080050e-01 6.341713308385918957e-01
1.000000000000000000e+00 2.606412718543199558e-01 5.470075554310657173e-01 1.865476086423351054e-02 1.515804826808308803e-01 1.024729658077196516e-03 1.402908005361259286e-02 4.889658714428392061e-01 6.344230585662036237e-01 1.968120377334712234e-01 1.858494454290431086e-01 3.786240885459232208e-01 3.156170871303833336e-01 1.814136383578853762e-01 9.524064724941791460e-02 6.117919668656487397e-01 1.294157503794404196e-01 8.289682341748629002e-02 4.453237872209189208e-01 2.984211425217034863e-01 3.824359846791781092e-01
1.015625000000000000e+00 1.997200243342569792e-01 6.383747292657077077e-01 2.219502952624121395e-01 1.645240805352346791e-01 7.413831605161387561e-02 2.617341030934731277e-02 5.371970976387135943e-01 2.819144083676061174e-01 1.986387565483652695e-01 1.180188284726591541e-01 5.945318306926526963e-01 1.705744576558383963e-01 7.444947278027802540e-02 8.483932054796139433e-02 2.822716765705024500e-01 1.828332786576012670e-01 6.690127996313087466e-02 2.212098360259112384e-01 2.083965555130009029e-01 3.058223597830728516e-02
1.031250000000000000e+00 2.180513282493005689e-01 6.938470345187746080e-01 1.852026908502412694e-01 1.089752476983039259e-02 1.729476042176331940e-01 4.255014341416105128e-01 4.099248572936837753e-01 1.619814440899675773e-02 1.322917186310996474e-01 7.309035733544311242e-02 1.214285833905139403e-02 4.385771832212078114e-01 2.860360906170079098e-01 9.648311366428739821e-02 3.922079457646561740e-01 2.497317303275605471e-01 3.777997297227537240e-03 2.428566152760897601e-01 1.084816629426073875e-01 9.917968778279018238e-02
1.046875000000000000e+00 3.437101654587056965e-01 6.746550397842271396e-01 3.780734176124171397e-01 7.056980562183780281e-02 8.981555626609154241e-02 5.940372989622333399e-01 2.656314076074708930e-01 1.563981897214647421e-01 1.909586429005334929e-01 1.241019805368557133e-01 2.369662407813868665e-01 3.020702085126989456e-01 1.790745249282258700e-01 9.918088548824505191e-03 7.055511243601488014e-02 1.945355463284399455e-01 1.689443877378219994e-01 2.350702269607696064e-03 3.826853078090178273e-02 3.043402739656399514e-01
1.062500000000000000e+00 2.021870011092609942e-01 4.110713674078669277e-01 2.910505455908246608e-01 4.912861685790961136e-02 7.155322601285425514e-03 2.187402465715587996e-01 2.231382033343473070e-01 3.749753611441619672e-01 1.877675434466376803e-01 2.120324961511064754e-01 5.476803759939641303e-01 8.882061903309951267e-02 2.538006062774973356e-02 5.008394816125517901e-02 1.531736135583172120e-01 8.312937961860253355e-02 2.831677519598642112e-01 3.200875627499440990e-01 2.920181931253372776e-01 1.660592364784348185e-01
1.078125000000000000e+00 7.803534799636099514e-03 1.553847895919120148e-01 2.060467985250354905e-01 1.475767375132313319e-01 1.087439248836924860e-01 5.277646438985005711e-02 1.672681449493572392e-01 4.579245960740007670e-01 3.280911341036784612e-01 3.017818259137171333e-02 5.168441938167558369e-01 2.860170709392195199e-01 7.519382450666763085e-02 1.464737761562701426e-02 1.014087103743371160e-01 5.542109818626166778e-02 2.174085270258526922e-02 1.442191433462693684e-01 1.679142837713337721e-01 1.502533916876621634e-01
1.093750000000000000e+00 2.219282267424843025e-01 2.721957762570592076e-01 9.518635715501529149e-02 2.947915804256624472e-01 9.260672909239857364e-02 3.074893229230252212e-01 4.653888605704417647e-02 2.076500382184071503e-03 4.835959386321804325e-03 1.294779331305414595e-02 1.841694099371898527e-02 1.285767785185389089e-01 8.462187989899559379e-03 5.081874129989488037e-03 8.991291565119566287e-02 7.934343330503465519e-02 2.773309114756128055e-03 6.529358239112953433e-02 9.711659058779152642e-03 2.609665510311963074e-02
1.109375000000000000e+00 3.237172722658985258e-01 3.057666814833913671e-01 4.239236502227349684e-02 1.250594966738039771e-01 1.175138448849452621e-02 2.919723562744171441e-01 1.263552720956510333e-01 7.931085656970021658e-02 4.193444869031311834e-02 4.070836288382510826e-02 1.192458688935162797e-01 3.018796323235902260e-02 4.333307918568302802e-02 6.511004586734181997e-03 1.034535586572860218e-02 1.195429163924229682e-01 5.299599249092031700e-02 4.001776655031765162e-01 4.462350219164533394e-02 1.184334700213490917e-02
1.125000000000000000e+00 1.409232853833631838e-01 4.843569868413402091e-01 1.095258114414098538e-01 7.427573791885876131e-02 2.925081984542370755e-02 1.896758887083150602e-01 3.596444797116792325e-01 1.653420485116033345e-01 2.336476112405215175e-02 2.889734897568894609e-02 2.284338912034322155e-01 9.377997673108144638e-02 2.366042581329923788e-01 6.898219436827617013e-02 1.938640369009897724e-01 1.434930304367025844e-01 2.730333659026742618e-02 4.800214610888347000e-01 3.196786551909529261e-02 4.240989076839024596e-02
1.140625000000000000e+00 3.907480075330754116e-02 6.512813581489264037e-01 2.245747983374681844e-01 3.728346134558775671e-02 7.003992428285042704e-02 1.218647699682015029e-01 1.549831099671864221e-01 8.467663272828825083e-02 1.212525573531852002e-01 1.121033155804407322e-01 5.021865038173619622e-01 8.436156256795676600e-02 2.266600561439487682e-01 1.559598869652583930e-01 3.314017730441006643e-02 1.876083078651288039e-01 4.096215184818102761e-02 1.429301365803514745e-01 1.968619477399031203e-01 8.979671538189626379e-02
1.156250000000000000e+00 3.584907124205539142e-01 7.081269847520552663e-01 3.627969624402616611e-01 5.294336264164752753e-02 2.800095517535536663e-02 6.467099739927473223e-02 6.491270476825329594e-02 1.489689671091072587e-01 1.475726362734843811e-01 3.958161438014096145e-01 3.961450419596020400e-01 1.512783145919043559e-01 7.493594020646975051e-02 2.623908989637181444e-01 1.027282634320321325e-01 6.422809441275019460e-02 4.435852645621375656e-02 9.318014266357312059e-02 4.193325640296295953e-01 2.845961818137922317e-02
1.171875000000000000e+00 3.087635215301160474e-01 6.729229484942744755e-01 4.471666705299285893e-01 1.370897278765913219e-01 3.763167399331174279e-02 1.608519769183772985e-01 9.308793759708330895e-02 2.355684977438853578e-01 2.758102169985346408e-01 2.043020214821757996e-01 1.157977162804699894e-01 1.978884649702769283e-01 1.098368401071268168e-03 2.970944887378976218e-01 5.897991410989164573e-03 5.679655983748160830e-02 3.562587716943816513e-02 2.440882161774765580e-02 4.996986701392490682e-01 2.925029260026103251e-02
1.187500000000000000e+00 3.124318560105057152e-01 7.027430512033538967e-01 2.208091261741738642e-01 9.646516881439647084e-02 2.014638575297593159e-01 8.329699678948565555e-02 2.420895265668794247e-02 1.037867720449087983e-01 7.282442584676588476e-03 8.158929661649894083e-02 2.389881777535670382e-01 2.597884039315062621e-01 1.940031192590393194e-01 1.408858605191758984e-01 9.215776494567662347e-02 5.151385525856438247e-02 2.297425073932741202e-01 2.421447078539696041e-01 7.197111976655435894e-01 2.200806505820910863e-01
1.203125000000000000e+00 3.704238799933378123e-01 7.003148988438805400e-01 1.154140849431788823e-01 1.384706200518788233e-01 1.048347091790262642e-01 2.410830377027680382e-01 2.350342509291563908e-01 5.492691364322416919e-02 1.315671002887996710e-01 3.014288340697742763e-01 1.658200603020671127e-01 5.907871714099575122e-01 2.030359060533623305e-01 3.633870022984998088e-02 4.956657866985094557e-03 2.530454333289386404e-01 6.089617589418633986e-02 9.880249806542948376e-02 4.540643083239603861e-01 7.457964388128240918e-02
1.218750000000000000e+00 2.224423755680875747e-01 6.149049289052229694e-01 1.219884443235103311e-01 2.256308186806678384e-02 4.432351914321096265e-02 4.739728472100224188e-01 2.153448851377986195e-01 8.400812044879957252e-02 3.165527604428892364e-03 2.444970144155131364e-01 1.374042248941481914e-01 1.549534901118436725e-01 8.545948518139601102e-02 2.283701571039615241e-01 2.219756199477090630e-01 2.021257355260938637e-01 4.621062905985680314e-02 1.629510360995045926e-01 1.521837377023877447e-01 1.814445027822920720e-01
1.234375000000000000e+00 6.993467277952895855e-02 2.980319634891980263e-01 8.872700125568390439e-02 9.367154584805986728e-02 6.401865257216947380e-02 1.239384557197540371e-01 8.059738677604733059e-02 6.674518374116714670e-01 6.160846098501197160e-02 1.787162621161087483e-01 2.239506503386547512e-02 1.027019700613816533e-01 1.024450241349046491e-02 1.003299329994089828e-01 2.092071161684897762e-01 5.016289976981051085e-02 1.627303939146992617e-01 1.299776841146857986e-01 2.383659417151264004e-01 2.110393159634884885e-01
1.250000000000000000e+00 5.620664506783479980e-02 6.718721664669783378e-01 2.319806982829388520e-01 8.512341985499156938e-02 6.718812238645954782e-02 5.970279129764576309e-01 1.636957354585167057e-01 6.122793436204316819e-01 2.870711791613025365e-01 1.642034768156294677e-01 1.484476689377702864e-02 7.892496399502182958e-02 6.311690352845290841e-02 2.656563722369008618e-01 1.519782848342315085e-01 2.406541296212224013e-01 1.175539492087503413e-01 1.672788787551190426e-01 4.317652787322704966e-01 4.405144341398126162e-01
1.265625000000000000e+00 1.365665644474006457e-01 6.749046889149220574e-01 3.973365327228465804e-01 1.936370964187029628e-02 2.079417005765796245e-01 1.013554287239533530e-01 1.353402254841859498e-01 6.059956227074526740e-03 8.249129664535954920e-02 1.344579402758057096e-01 1.503010064000879498e-01 6.036079114414052427e-01 5.481761463376673416e-02 1.714264135860469329e-01 3.062808273596300257e-01 1.505908490035428038e-01 2.661839125159721764e-01 3.147490212170801493e-01 6.867257510587909675e-01 9.047067126033499218e-02
1.281250000000000000e+00 3.340287065758982404e-02 8.349968009690375004e-01 2.611351863522181627e-01 3.032308182719249678e-02 2.015668506108272418e-01 2.826682611244153709e-02 4.906735291972663671e-02 6.363175998648501475e-02 3.851892722742105736e-03 1.808006372519495586e-01 1.591378289117046652e-01 2.335699286519834494e-01 6.159972286428497257e-02 9.747743645959364156e-02 1.056138154973065707e-01 1.082244869445701668e-01 2.487495105891729119e-01 7.653747793644213315e-01 6.602475449136696595e-01 1.739835822524803954e-01
1.296875000000000000e+00 2.859806655648158835e-01 5.714036379156467449e-01 2.355133867513195187e-02 9.053373922783104766e-02 2.211616930319970087e-01 4.430516341849612648e-03 1.973091754561191735e-01 6.313660618638293476e-02 2.949677140003571507e-01 7.346786012045516956e-02 8.683021326261487760e-02 2.209144599877350679e-01 1.837125327863833035e-01 1.273532396888621063e-02 3.407254523987799377e-01 2.408228416493709556e-01 1.214231154346942509e-02 1.595485294063138659e-01 2.315415995377536895e-01 1.216487420077004000e-01
1.312500000000000000e+00 1.676817343676846317e-01 4.322758939477328033e-01 2.119528043654501370e-01 5.011785850229642791e-02 2.519721054462710219e-01 3.465886852346122260e-01 1.073079633765604834e-01 6.603212894109813935e-02 2.982772154886093041e-01 1.666834438954190867e-01 1.235469777891386699e-02 4.268481359284034826e-01 1.256338081072174706e-01 2.310440880046778223e-01 6.893827750304593049e-01 6.835399449727948273e-02 8.269917508407715126e-03 1.656936202988991760e-02 3.977353251061575140e-02 1.232440010557240770e-02
1.328125000000000000e+00 4.425107119055187582e-02 7.191866037063826544e-01 2.882976121224030686e-01 9.082176129605923354e-02 1.154855844008976021e-02 2.427766731743420114e-01 3.156609751061303926e-01 1.129164846525686355e-01 7.890444919551428682e-02 1.666372144303244485e-01 5.153070458387857405e-02 5.671529212393030400e-02 1.620795427054625912e-02 1.253507519040428231e-01 5.729427654320516927e-01 9.383744611875718955e-02 6.204252023673333116e-02 2.106366989444407034e-01 9.998846341529388226e-02 2.669358531749578267e-01
1.343750000000000000e+00 4.563008931654133522e-03 4.464479931740255592e-01 7.712504498243488715e-02 1.915872886478833803e-02 6.021395361064182938e-02 1.450960356996452150e-01 5.002776432349954616e-01 2.680004960613163734e-01 1.131935292861754178e-01 1.886807965715430468e-01 3.682488670010269222e-02 4.433691247811503144e-01 4.913748429133272221e-03 1.088668671027842039e-01 1.706303656032691629e-01 2.529853369709968158e-02 9.312193211692368355e-03 7.466032750446185973e-02 3.273342189364145116e-01 4.714333493009084664e-02
1.359375000000000000e+00 1.404423002598399750e-01 3.180579957528033574e-01 1.525322797526821039e-01 1.190545256537045050e-02 3.947684557162092767e-02 2.792962126530826872e-01 2.289701146549888711e-01 2.386057113282043507e-01 1.331333575774523437e-01 1.700844300461371861e-01 1.932085955212420603e-01 1.073834494738294676e-01 4.422366338565137528e-02 1.347314979403528290e-01 1.282772835988331972e-01 3.375806879341001765e-01 1.124452852060423870e-02 1.543569179645437779e-02 3.637733382911644275e-01 2.117012616641927303e-01
1.375000000000000000e+00 2.312545178350088049e-01 1.812774781327240181e-01 1.865189916146480775e-01 1.758853103103007742e-01 1.196963170692594558e-01 7.617840464981405491e-02 1.335020730462452565e-01 3.874625666275788999e-02 1.951369604026498283e-02 7.636099003782957639e-02 6.351911987558294115e-01 1.404701709561316236e-01 6.276933258043650155e-02 2.874414810612321847e-01 8.971593801365249088e-02 9.225838231813315859e-02 6.956070314450496506e-02 1.631142316444186280e-01 4.163247792899353594e-02 3.078516441398895243e-01
1.390625000000000000e+00 1.564061766050376390e-01 2.689134789298403549e-01 7.360521710918799254e-02 1.376509846700108286e-01 2.526282609554890146e-01 5.479482030025405875e-02 3.190341537888483070e-02 3.635595584815637035e-03 7.709192292443357852e-02 7.987916748459576721e-02 1.868299169358425826e-01 2.090557469250177436e-02 1.144434794902255727e-02 2.662882768057136529e-01 2.317167059148442232e-01 9.304359386999737358e-02 7.792805644164353673e-02 2.602314442422994367e-01 2.405474044060335326e-01 2.457588415209550348e-01
1.406250000000000000e+00 1.746130918788482977e-01 3.710623182502770789e-01 5.879603389930659202e-02 1.607426725776495494e-02 9.284952016166275746e-02 2.460195955651738875e-01 1.853407899324411023e-01 2.557255400500053066e-01 2.236679546009679720e-01 3.460831918016621933e-01 4.236453556484729988e-01 2.648691859553808370e-01 5.174545518736297506e-02 9.538314766399640099e-02 4.391657541657047470e-01 4.826650645996845290e-02 7.280421864188316161e-02 6.264099513058299928e-01 2.329244629230660391e-01 2.290652222828842288e-01
1.421875000000000000e+00 8.070387820656342581e-02 2.801935336036727731e-01 7.011297059502569207e-02 1.768464561475902586e-01 8.256486211686984988e-02 4.176084792411708380e-01 5.127126141055750319e-02 3.806303722167404535e-01 2.430070168672312236e-01 2.683140166341229094e-01 1.377493461799670083e-01 4.303548177279498295e-03 5.127126431076370339e-02 5.078819980179009180e-02 3.352049717515466487e-02 1.023707607910905315e-01 7.413372933433141909e-02 3.566381543105530683e-01 6.267698656292147730e-02 8.991024914794190637e-02
1.437500000000000000e+00 2.097845901221377651e-02 1.873642929142995128e-01 2.723563008613839598e-01 1.591453991686865299e-01 1.109997334262972507e-01 4.154472919503508499e-01 4.445400379402770219e-01 1.345018098256062222e-01 2.278698289386640596e-01 2.377433987846546415e-01 3.510101298990433993e-01 2.775926107351588956e-01 5.900064716684361166e-02 1.986260356748478784e-02 2.611945001095809706e-03 2.932329504492738881e-01 5.918225548232802780e-02 8.636148284301053968e-02 2.984698259416752528e-02 3.009366633325336483e-03
1.453125000000000000e+00 1.925291450087409928e-01 3.066281734037402673e-01 2.901795941712649318e-01 3.313128910401246796e-01 2.588336040806367699e-01 3.087490435039154657e-01 1.585828141438787309e-01 4.850871808137327545e-01 1.448023935080179070e-01 1.759862060630017488e-01 6.237997059126708654e-01 3.945160076850304787e-01 1.158149591902436076e-01 2.155679219705630978e-01 4.598419218511848316e-01 2.703218585635613902e-01 7.015167521285196883e-02 1.275369426129552286e-01 3.498522446727502233e-01 1.147336648087063510e-01
1.468750000000000000e+00 2.649592783278406083e-01 3.100651721478780432e-01 1.875758147389876562e-01 1.319697848786792194e-01 4.873603414229012443e-01 1.167188708439554357e-01 1.421807318180343671e-01 3.719167029414962578e-01 8.970685478065039756e-03 2.949149448301699450e-02 8.819528882038983608e-02 2.965379371409548326e-01 5.373559005919308074e-02 5.521261155565130446e-02 3.039490117681937220e-01 2.022365050988879087e-01 1.564787794728100256e-01 1.722064825003460087e-01 3.348335053323885924e-01 2.449750741491580064e-01
1.484375000000000000e+00 2.460494825777145567e-01 6.545905786796184511e-01 2.286672090708533611e-01 1.876228039272955506e-01 2.403609106402788409e-01 3.417962024153443912e-02 2.462044758600517858e-01 2.923327217713549420e-01 1.413602311465045058e-01 8.706500745417179721e-02 6.712950011773179126e-02 1.872726019058421343e-01 8.983232943838191653e-02 1.363194678764110580e-02 7.395901691118106358e-02 1.155940357102199362e-01 1.512677970823137763e-01 2.411609794831358067e-01 3.092379088030377532e-01 1.230076898846787087e-01
1.500000000000000000e+00 4.889520468565094480e-01 4.738261128399949285e-01 1.651085258360335262e-01 5.832917770019938053e-02 2.703094902897963947e-01 4.909029852711644937e-01 2.929012724691771319e-01 3.172727175530874466e-01 2.166551646897535155e-01 1.342667935717600791e-01 3.858254959388575100e-01 4.154911829020728475e-02 1.171795163010701663e-01 1.319028768761820181e-01 3.680734706948341484e-01 2.290711851332981070e-03 2.353254035376833031e-01 2.216498293213671478e-01 4.771804302659789498e-01 2.171973028973140860e-02
1.515625000000000000e+00 3.976704410759020480e-01 3.615673667155330090e-02 1.737606606191325898e-01 2.506971587256731290e-02 2.383299975481408678e-02 3.771067906032057881e-01 7.669727827453281556e-03 4.857679958588401181e-02 7.714754301436305139e-02 1.425588498777474455e-01 3.998608998138253323e-01 9.526301554501305502e-02 3.112590212793258093e-01 1.452178168706328917e-02 3.593127500169258637e-01 1.079730342353336370e-01 1.459184662449077852e-01 1.975654279659847801e-01 4.088795293911280382e-01 1.656132602090919503e-01
1.531250000000000000e+00 2.117197078702821866e-02 1.445850645735630158e-01 2.264072461789966642e-02 5.235756649156644293e-01 3.429780836127937615e-03 1.622054749204066559e-01 1.260960330624030235e-01 7.265443011188058020e-02 5.387790556726267804e-02 3.022013846932029846e-02 1.571098179497173453e-01 5.383289587774752610e-02 2.381534654326780964e-01 1.191197643422857999e-01 8.404081616936669163e-02 3.951772494775194766e-01 4.697903019462702778e-02 1.182257210701433553e-01 1.392458243753337266e-01 2.879276106662081447e-01
1.546875000000000000e+00 1.002240986524375738e-01 1.032778038992816783e-02 4.503939516060050108e-02 2.326216299175683233e-01 1.502474825546157577e-01 2.026777857909580483e-01 1.796955814324656953e-01 1.398775094573981026e-01 1.890061801764351401e-01 1.374084509192510795e-02 5.483681805626598738e-02 1.196072087551446894e-01 5.411476902414232015e-02 1.511989842032691531e-02 1.490361572600885365e-01 4.160129483553218210e-01 1.327430900462395723e-02 2.731639825752160133e-01 1.759144213098981502e-01 4.787406287300818158e-02
1.562500000000000000e+00 4.761080343978014995e-02 3.303870313046977647e-01 1.180185181490015639e-01 7.129378693907736930e-02 1.177364991987396858e-01 2.128739474986829916e-01 8.974487134169928382e-02 4.776251450291696399e-02 3.977880608667364384e-03 2.876572047219377870e-01 1.078730149411740308e-01 4.744028423783009929e-01 1.621317544431629190e-02 1.640946886801604443e-01 9.112038888540950274e-03 1.483333782550424473e-01 1.687864332412064017e-01 1.552757844539287002e-01 1.214455541555547607e-01 2.320204449168248861e-01
1.578125000000000000e+00 7.308002465431172323e-02 2.824184250339862867e-01 1.903795716000058341e-02 1.135801928422523477e-01 1.563423403736001471e-01 1.539336215980485201e-01 5.142584837821109200e-01 4.636755021180839487e-01 1.479707731871955367e-01 2.227965739640708487e-01 5.091124702535180235e-01 2.739284634951260622e-01 9.118287514213016531e-02 1.619837460240248217e-01 7.460650848515495981e-02 1.093957110966201213e-01 2.586844189844789144e-01 3.654144127078295945e-01 2.083517622810696357e-01 4.840018056995092355e-01
1.593750000000000000e+00 2.708186517267062721e-01 3.336397216351922324e-01 4.149641015435839297e-01 2.852443301566530420e-02 4.780321490878415291e-01 9.700098366574019804e-02 3.217337781283339249e-01 4.130812754861324376e-01 5.038434092173895706e-01 3.012380269115363940e-01 5.474325588748145677e-01 1.248534790227464469e-01 2.064047010636994861e-01 3.534958758549650720e-02 2.372715936252622893e-01 5.558880372496818184e-02 1.420203775385328326e-01 1.965246871158305986e-01 1.278464754439921913e-01 1.292621836240685773e-01
1.609375000000000000e+00 2.427872277118278410e-01 2.300117100609574416e-01 2.315774589716980414e-01 5.086860650339220663e-02 3.240280080518357919e-01 3.685982802247347867e-02 2.395523716620841514e-01 2.656859377524139476e-01 1.930146533125980113e-01 1.638934575367071989e-01 3.121667426991734384e-01 3.154150976641657000e-01 2.377246492570073699e-01 1.798587644902148452e-01 2.548261413647410767e-01 1.444353495982436952e-01 1.117254560526714791e-01 2.026726703944197183e-01 3.359854688670883133e-02 5.141575270827319910e-02
1.625000000000000000e+00 1.963110299300832862e-01 1.738683083361171611e-01 8.462901251868838390e-03 3.930150032116114939e-02 1.515707193255199370e-01 2.601681506328646365e-01 5.564432477288233647e-01 3.305808442657076629e-01 4.965200260883416428e-02 1.035427695805310189e-01 3.078477578613774690e-01 2.031216942478392129e-01 8.003382480660449494e-02 4.777347841051281518e-01 2.804061671674836220e-01 2.141611734889090068e-01 3.229646050604977336e-01 1.825466335793104189e-01 1.557041947617412436e-01 7.728293030611113612e-02
1.640625000000000000e+00 3.411990852903788451e-01 2.149221960491610739e-01 3.305387644643185685e-01 1.032685923526558691e-01 2.222183983664646756e-01 5.552848682249874601e-01 3.047854566136513621e-01 6.275882589121060950e-02 4.162240449437307199e-01 3.070068490217626178e-01 2.228738634853055511e-01 3.693844327976740227e-01 1.470212938006499118e-02 2.029409426657480253e-01 1.400371705127178568e-01 5.523751873593367723e-01 2.250241049545531613e-01 6.416278401870789683e-02 1.837151417215467930e-01 1.728062801623924533e-02
1.656250000000000000e+00 3.528598081923482455e-01 1.800786132353551228e-01 2.398438310811205065e-01 1.806482733380628813e-01 5.320388391136668393e-02 3.148790051680248614e-01 1.137730633226257254e-01 6.666187457734965016e-02 3.551889155386729335e-01 1.802015978916451100e-01 2.239395522377853054e-01 2.038041868771840459e-01 8.407457477111435207e-02 2.498640456859388403e-02 1.873454075011165287e-01 1.704813794797071791e-01 1.526190035033518078e-01 2.442460237173157619e-02 1.693197738983074629e-01 5.046885412288895645e-02
1.671875000000000000e+00 2.967139315420238566e-01 4.386425165848744090e-01 1.440988783082371716e-01 2.127140436302124016e-01 1.749472543699188976e-01 3.468326366312181330e-02 1.694263079840415964e-01 1.189685117754345767e-01 1.958962905168322999e-01 1.043035327576183197e-01 1.866210358157549820e-01 3.073350484646029668e-01 2.877701073752053085e-01 4.620267414764162028e-02 5.521808945063677587e-01 5.170158819468694683e-02 1.808344508399687411e-01 6.198508162710091030e-02 1.306333185258593821e-01 4.989086995828821702e-02
1.687500000000000000e+00 3.638426305049293208e-01 3.006584649834498912e-01 3.988456688698555769e-02 8.863888579165152271e-02 2.778961445143705022e-01 8.980196540710297382e-02 3.312355613017152756e-01 3.888050699663503362e-02 3.583207016317219856e-02 2.888995754768286517e-01 3.393937890898560128e-02 1.992646386836360861e-01 1.068440563229008655e-01 5.392450830716784271e-02 2.587378330273498173e-01 8.553301307512066465e-02 4.176157676024210841e-01 2.837570969244281316e-01 9.266783708586347201e-02 3.444763991888456778e-02
1.703125000000000000e+00 7.686412367978841254e-02 1.150139556387920342e-01 2.184073169364783226e-02 1.548348560032823118e-01 8.948034844226447973e-03 8.956816009655787711e-03 1.737643159292576456e-01 1.663924709209837483e-01 1.322640909929562398e-03 9.664884602916405665e-02 8.587224992215518327e-02 1.777731752471072013e-02 1.260319850106493833e-01 1.738275156162049501e-02 1.524029691090969703e-02 5.303266466312149541e-02 4.197865403931262396e-01 1.431652303295630480e-01 7.239775083498088681e-02 1.127446043197526115e-01
1.718750000000000000e+00 3.113160843659526500e-02 3.052252522748829522e-01 1.688925585886281444e-01 1.568765561374758921e-02 5.495854072327840435e-03 1.958060568662116641e-01 1.087900528707353848e-01 1.497614915215473297e-01 9.130070313256776968e-03 1.283499654660435196e-01 3.166398792327080464e-02 5.436352921341731925e-02 6.843672793202011662e-02 3.667917001715964576e-01 4.334812222620676447e-01 4.610498855657410577e-03 2.330167924228801757e-01 9.967091366561388333e-02 5.599591580524323174e-03 9.254288101632018870e-02
1.734375000000000000e+00 1.654800994705356576e-01 6.916625998398491515e-02 6.806456172012856354e-02 2.051120676370516913e-02 7.318157400016789271e-02 1.417126604704453396e-01 1.132130363904327031e-01 1.822240725436656550e-01 8.171485413884516102e-03 1.562640163847105745e-01 5.857279372817658647e-01 1.080716291823205803e-03 1.465152341127299966e-02 2.347606836436637312e-01 1.803165163069774812e-01 1.608926326481139590e-01 2.804928995877024878e-02 2.405508917614317677e-01 3.392415111255256965e-01 2.808926614574895342e-01
1.750000000000000000e+00 3.480930340757636826e-02 1.357179420825632421e-01 6.123914009054020474e-02 5.831782648014920134e-02 4.562695840217020904e-02 2.878286264934714067e-01 1.307006296259335676e-01 2.797781818183631697e-01 3.857198863706128023e-02 4.320100226045492549e-03 1.743045385118034418e-01 3.467974195287300276e-02 1.374043255807085306e-01 1.153635506557330742e-01 2.022271076271575929e-01 6.484478654120495733e-02 8.710176684148635343e-03 6.859656424501270507e-03 3.802703006847026335e-01 1.191209411364900217e-01
1.765625000000000000e+00 3.563313879577546112e-02 9.100374964136798139e-02 7.743234717003442957e-02 1.461100344456285616e-01 6.504751159747099165e-02 3.353663508528922921e-02 4.596468707917519825e-02 2.421555223990626837e-01 1.661460331731556958e-03 2.098385013373093577e-01 2.340010080678613658e-01 3.292659269263603639e-02 7.680621030465660526e-02 6.762262345182702694e-02 5.042747397415736632e-01 2.701112581221143949e-01 5.763229690402999622e-02 1.094971784008686583e-01 2.442831031489351157e-01 4.317512554390014884e-02
1.781250000000000000e+00 1.624466233852388530e-01 5.116618921255147723e-02 4.530937068038987103e-02 2.532806622633936716e-02 2.664636796237647154e-01 1.426493880761237065e-01 1.218161395578939987e-02 5.171162816674013812e-02 2.059245050780420319e-02 1.881813682264887183e-02 2.040502368637227282e-01 3.297845357048095200e-02 1.972754440004798049e-02 5.784347198401342677e-02 1.292334361837913989e-02 1.962340064451363053e-01 2.334172509014891816e-01 7.174375042010447401e-02 6.368956980254125710e-02 5.434396304990352783e-02
1.796875000000000000e+00 1.270815548234516534e-01 1.683943972391806765e-01 2.269901024296185621e-01 5.843519354150310957e-02 3.403572588450761577e-02 2.699468247045416769e-01 2.776951072695824640e-01 1.191450267062361540e-01 3.544367240393898055e-01 1.886109256940531054e-01 4.188141315628311490e-01 6.830456082061061585e-01 3.720365388506547411e-01 2.447513309436184781e-01 2.696566664677075842e-01 2.491997170020355395e-02 2.180755087291936234e-01 1.914270316290079821e-01 1.367246925799985580e-01 1.213166474289679303e-02
1.812500000000000000e+00 2.724178008731730771e-01 3.991805830250424320e-02 3.389122493983313111e-01 2.054107637097415395e-01 1.751564072990077214e-01 9.518104058990578542e-02 5.557232245196075393e-01 5.042579365863768537e-01 1.876267281762637462e-01 2.976850595390156951e-01 3.630417036013626197e-01 1.672603231740486529e-01 9.119814442066639937e-02 2.401275827808534505e-02 2.981547806849921267e-01 7.586402293564077637e-02 1.437365976499159204e-01 6.247173807989622185e-01 2.240088460047641727e-01 3.014849926919603573e-02
1.828125000000000000e+00 4.030477074825514205e-01 2.430460003989605156e-01 6.512227511090726284e-02 1.318392662649673086e-01 6.736550991643079633e-02 4.943330989799625264e-01 2.152797309149248328e-01 2.463816367383171169e-01 2.701789735269805731e-02 3.459725129464492066e-01 1.938134000530114809e-01 1.498130717831973324e-01 5.294796013875334439e-02 2.547642076367737096e-01 1.732441360262492944e-02 6.371938062234920597e-02 7.583047591183955660e-02 4.647865933905124258e-01 3.509570357696878418e-01 1.261670788508379160e-01
1.843750000000000000e+00 2.489560280001543724e-01 1.598282505189073943e-01 5.539297949983149755e-02 8.355472575571502858e-02 5.596270563285545008e-02 8.359092326487456426e-02 6.329994495422720802e-02 3.231546894851014540e-01 9.346950595926934238e-03 2.046949725618018526e-03 9.357469037325073791e-02 1.362241486056686192e-02 8.852448503630830356e-02 7.159506171519224027e-02 1.393943052578496544e-01 9.494786143016893665e-02 1.421240527849683966e-01 1.853530952241152496e-01 1.568600326775672626e-01 1.077173148005212411e-01
1.859375000000000000e+00 5.766999695356532507e-02 1.524430418210465377e-01 5.315632436901696067e-03 9.230312611645720422e-02 2.114653786484334275e-02 3.337025218385186176e-01 1.445730960633221859e-02 8.457007292872882609e-02 1.809368068025264953e-01 4.567224029189634327e-02 5.738513004320786592e-01 9.079683438232438730e-02 4.759045221694968575e-02 4.993043241530025628e-02 7.389837467995827303e-02 2.214972253796982093e-01 1.882560171188627784e-01 1.145030302922849935e-01 2.597277731202373707e-01 5.163721679650055268e-02
1.875000000000000000e+00 9.922500913567984526e-02 1.824651411358029496e-01 3.610708767680866765e-02 2.975295383977993868e-01 6.878289693896459667e-02 1.125918746568447121e-01 1.829473212917201441e-01 2.197633252564349694e-03 2.868507368151031189e-02 2.818748065534992797e-01 2.624115953525468781e-01 7.676746061000762344e-02 1.016872165894724261e-01 3.023980749538758908e-02 1.413731707893246536e-01 1.381549009696379227e-01 3.787849958165653286e-01 2.892307432531092681e-01 1.755074160450434684e-01 1.349391160024598739e-02
1.890625000000000000e+00 8.057416052896269887e-02 7.789611825213380025e-02 4.459086374192876984e-02 2.727642932859792313e-01 4.178577998891102457e-02 2.862426765847929724e-02 7.918330923459999948e-02 1.895219241447401171e-01 2.498758860970117998e-02 1.410347465578199455e-01 2.719991013027757698e-01 6.815395813444891093e-02 2.572624078215720277e-03 2.087928977240700108e-04 1.362396737716190243e-01 3.948837959226588756e-01 4.016324716759668567e-02 2.588841592314046758e-01 8.003841429052334366e-02 1.015629319875990672e-01
1.906250000000000000e+00 1.757640371748079022e-01 3.678730537622879049e-01 9.372232873343502857e-02 1.655605236462065477e-01 5.890980389550784513e-02 1.099032004256532136e-01 4.195980822135182003e-02 6.535091304318346728e-02 5.678703938625810632e-02 4.609799079990498788e-02 3.069503557277561412e-01 2.290762719755276566e-02 3.429456097308748296e-04 1.356848658489232806e-01 3.434057841284992030e-01 1.885321607220578066e-01 5.217450632558268131e-02 3.579209091413661503e-01 8.142319017488579280e-02 3.753556114898377039e-01
1.921875000000000000e+00 1.930253168834712707e-01 4.658251044801044460e-01 6.103317519554702503e-02 9.033164773425801652e-02 1.043072188534911876e-01 1.127195801581053480e-01 1.310290103430137021e-01 1.142395793310266583e-01 2.140745162482652481e-02 7.308830070759438080e-02 3.952101257795287426e-01 2.668940759419846098e-01 2.754389000226082837e-02 6.474750659006048292e-02 2.008966929637966831e-02 6.560557994591048603e-02 5.882020221167841290e-02 1.673276726866731179e-01 2.843253232930348928e-01 9.467474497486302876e-02
1.937500000000000000e+00 1.296074732059134156e-02 3.293436507973235283e-01 1.892701068894980798e-01 6.298391406285872018e-02 6.368235374240979740e-02 1.673758684416877807e-01 3.887014883602739335e-02 8.579508382437447955e-02 5.899506074077381923e-02 4.549265214142267366e-01 3.964449942244601538e-02 1.204046106744093708e-01 9.759603477116599035e-02 4.220055116419411251e-02 9.231823713461201342e-02 2.447404470852777014e-01 2.996993743044933448e-02 7.254168163264423930e-02 2.087570658589678330e-02 1.140181453516785348e-01
1.953125000000000000e+00 2.762851535720374230e-01 3.977484857111149991e-02 2.873033502200886824e-01 1.322051370410901594e-01 1.620603905778281173e-01 2.080337007573438701e-01 3.020359891551981923e-01 2.221723096849108348e-01 7.290321105368320620e-03 3.639113055659153884e-01 4.458756339735635982e-02 3.912001741930444809e-01 8.538945983338969148e-02 1.042182421749467168e-03 6.635475759565087617e-02 1.280000946003202094e-03 4.403214483747885932e-02 1.477464127124225035e-01 1.241450615668855395e-01 2.021887181078771967e-01
1.968750000000000000e+00 1.779516406057314870e-01 6.625593452956135554e-02 2.256650903401178354e-01 1.249416503536638773e-01 7.834772950662159674e-02 1.070182386259598689e-01 6.269896981819835791e-01 2.088534774351518686e-01 2.453103669659501274e-01 2.220284982649695926e-01 2.760800007166767100e-01 8.746940742306799632e-02 2.616352966786296697e-01 1.966575276421043961e-01 2.921611998328824122e-01 7.067990090276855819e-02 2.984525697686249979e-01 4.973225149840335146e-01 9.316407976448350114e-02 1.838561997812510340e-01
1.984375000000000000e+00 7.417373930161930140e-02 2.590387673200252733e-02 4.074596095203446462e-03 7.818376786325084704e-02 8.531519731364028969e-02 4.316730345834607352e-02 3.444059527199068160e-01 3.119787311492466242e-01 1.305069634397504064e-01 4.342925814384644700e-02 6.583298018455559231e-02 1.405711682212097691e-01 5.338490055843104348e-02 2.222487221346664821e-01 2.347776442463701818e-02 2.000692747909440516e-01 4.962781871722040522e-02 4.206024368633112798e-02 3.189292934968743221e-02 6.361214592469290052e-02
2.000000000000000000e+00 2.771510789051940399e-02 3.830419745668914994e-02 3.888764392591381128e-03 9.468039890789594140e-03 2.855692612322445756e-01 9.249837812618606769e-02 8.284745002142959031e-03 1.973092369157279924e-01 1.100193910639660766e-01 1.789613804950010087e-02 8.310877631164274859e-02 1.200352543205226163e-01 3.472080818223916704e-02 8.605697798024104783e-02 1.171967064194355708e-02 1.130723108937024685e-01 1.962438908257825576e-01 4.957283628722244928e-01 2.743219385305139743e-02 1.907036948711379049e-02
