0.000000000000000000e+00 9.566257036576412964e-02 9.585703334438427925e-02 6.828070237283254129e-02 2.033787262679465635e-01 4.160352044562267704e-01 1.607255986357257818e-02 9.843620229174201292e-03 1.599314691952931355e-02 1.678272845821064630e-03 7.234901158328930215e-01 2.388694750334316615e-03 7.570479626373432039e-03 6.191411454603444608e-02 7.884420466250731440e-04 2.747492107216535362e-01 7.482885892207788436e-03 1.100700473634530496e-02 1.434992041475370919e-02 2.908707997114653998e-01 1.511457120161767975e-01
1.562500000000000000e-02 9.376216880879152671e-02 3.350969430976756258e-01 7.528214307498304683e-03 1.602318455695355970e-01 2.237335456754063479e-01 8.341147117356094431e-02 2.920296416005937687e-02 8.065145885965459283e-02 3.806438023849780666e-02 2.939905284493454785e-01 8.099825927026572947e-02 2.820736385371849786e-02 2.571204847579231303e-02 7.302825941319419749e-03 2.115350086218305836e-01 2.904336156783710043e-02 1.250586146398506848e-01 3.027496006516914445e-02 5.647292340354324175e-02 8.051721005988390911e-02
3.125000000000000000e-02 2.176592301447553002e-01 7.090547233693840490e-02 2.786241694731127205e-02 2.256866853665953198e-03 8.557173693088866717e-02 4.837203975505965925e-02 2.238409691856886596e-02 2.106892304179042857e-02 1.263732748227588132e-01 3.278275863425865466e-02 5.220818621054837960e-01 5.543919690237377601e-02 5.332551645400783469e-02 5.832329399396157799e-02 7.544628107244621441e-03 3.718491193297932679e-02 2.397105565045218323e-01 5.762308836653777999e-04 1.042405170987165119e-02 3.315218033824423594e-01
4.687500000000000000e-02 1.354160660008572013e-02 3.792443737045087665e-02 2.835408041760267145e-02 1.174836401933183200e-02 2.449820560853892826e-01 1.734212218078701739e-01 2.642746116862423195e-02 3.778144128548893005e-02 9.030377926611689310e-02 2.598890782503909258e-01 1.828568788464493000e-01 6.628481034852935772e-02 3.416444889673512370e-02 6.144133221066883782e-02 4.704261326963805195e-02 2.752255632738798835e-02 1.287546559919537648e-01 1.537518568131117976e-03 8.649725448912265469e-02 8.894672881592974312e-02
6.250000000000000000e-02 3.147825869617671551e-02 1.624977939241274982e-01 3.855176449236417252e-02 1.838324676739241936e-02 1.041267104093189233e-01 1.881360544448467537e-02 2.282162888498840206e-02 5.120223203171432071e-03 6.719416267628254558e-02 1.184472446303895948e-01 8.732639992149862640e-02 1.140754600023961667e-02 2.976017172676971925e-02 1.567893526003532323e-01 3.929874496252905303e-02 9.082765646677809848e-03 1.706156646413430067e-01 2.936538136556734926e-04 2.824179462095708065e-03 2.411037193518931476e-01
7.812500000000000000e-02 1.454418343329003938e-01 2.006074173466318444e-01 1.555682968201802796e-01 8.207432554256208213e-02 4.904452498785224490e-01 3.559536654169385625e-03 8.020341778324449611e-02 9.540196713482973143e-03 2.183811786162412338e-01 1.372808112100740996e-01 1.831116037498192184e-01 2.900656383213682295e-03 1.688178440241157319e-01 2.010189218866688943e-01 4.059445174209544982e-01 3.374270410788702268e-01 1.986420681974343239e-01 2.006508823768375291e-03 5.077229096634151839e-02 2.609413105627761409e-01
9.375000000000000000e-02 3.016321517890419544e-03 1.316498973275758710e-01 4.021888953743303630e-02 1.868670111278280047e-02 2.094087353021979736e-01 1.058460580405298605e-02 1.153525564368671069e-01 5.509290936529164136e-03 2.184419718602279847e-01 8.214863376605032949e-03 7.775380997313538489e-02 2.389125176757013469e-02 3.218810248839557575e-01 6.132430105622675015e-02 1.876244741738234967e-01 1.393995050561592508e-01 1.030447582425391695e-01 1.145369208320205778e-02 3.824473214114253346e-03 1.504378246329283186e-01
1.093750000000000000e-01 5.162403462291570433e-01 1.451253142454972389e-01 1.103567464578535974e-02 1.068297714363750268e-02 2.398517304657172278e-01 9.468768607475398780e-02 1.441904816647577789e-02 1.107488581677131510e-02 5.505696500195858545e-02 1.959206008759286494e-02 4.619450126799303780e-01 2.898708251849681922e-02 1.067552272328382568e-01 1.543365068317565370e-01 5.388854409182317756e-02 2.919685252695249783e-02 1.945307586047288484e-01 1.216396826528041118e-02 1.227973895569935137e-02 5.673791439861183838e-02
1.250000000000000000e-01 5.584255572885421515e-01 2.110900258826827747e-01 4.434873435025932231e-02 3.052422914521434223e-03 1.250521160751760230e-01 1.118292280185990417e-01 3.059338862695615835e-01 1.764435669401848497e-02 4.088391433475955794e-01 1.781171088800319879e-01 4.152352340581629275e-01 1.007082703068952340e-01 1.221662722113497496e-01 7.086085758432307535e-02 2.481475516613999288e-01 2.227984943767867265e-01 6.869408159661488655e-02 9.892022925492769108e-04 2.209858104716140303e-01 1.810921089022083097e-01
1.406250000000000000e-01 6.322938057635135722e-01 2.517803566103871682e-01 1.028755440720555830e-01 5.653477973765406311e-02 1.839945625735573964e-01 4.250150252119513916e-01 3.238881141664254337e-01 1.011527290337995016e-01 5.594523662536640130e-01 5.248179637445400392e-01 4.099202909474866652e-01 5.622354639556163824e-02 3.477604112355800470e-01 1.915132423772612780e-01 6.589111202349842711e-02 2.431861169886363194e-01 8.456139880214122440e-02 3.665637871825144431e-03 3.041246644160321977e-01 9.881550657725959863e-02
1.562500000000000000e-01 5.706027687572208240e-01 5.027157652330027648e-01 1.847371594334651368e-02 8.380353195473747019e-02 1.262899039566975357e-01 5.014461968977566020e-01 2.886505844058749881e-01 1.448788196666445649e-01 5.469157582312275112e-01 5.681978305204351543e-01 4.206062712622755662e-01 5.596246780278572169e-02 3.338415491430389292e-01 5.047660034789243078e-01 2.011973402962621560e-01 3.771889848639001785e-01 1.568862031452055578e-02 4.526874908990802943e-02 6.803047117170172298e-01 3.225113303122975061e-01
1.718750000000000000e-01 3.961088678569554267e-01 6.586602048528558129e-01 5.949407335172385985e-02 4.964310816193695519e-02 5.971543372958410673e-02 7.241778228474174961e-01 5.290395520902498872e-01 5.097186934488068255e-01 3.749431097303012050e-01 4.935213162575847190e-01 1.379527415421322734e-01 2.415590487127716735e-02 3.609378824572048172e-01 3.892338037605910794e-01 1.166420290894038814e-01 7.911625830570147011e-01 1.663590100121546955e-01 9.666948667234156675e-03 6.202257116760930833e-01 5.118351216559645644e-01
1.875000000000000000e-01 6.589155365398526865e-01 4.335100486927412344e-01 1.265859347335040741e-01 1.194871338459804477e-01 4.115130333658068018e-01 6.448064056611176875e-01 2.892096422144745937e-01 6.263297648132556406e-01 2.228148980043519536e-02 1.985959570924874795e-01 4.128009781150775992e-01 2.190248554193394148e-01 5.499087975811610685e-01 4.106138339022004091e-01 4.113046941043383559e-02 3.227109110602528474e-01 2.302848829065428093e-01 8.226677034081036899e-02 3.948291468708696739e-01 5.497204502807893078e-01
2.031250000000000000e-01 8.323880243332281159e-01 9.859877051594838349e-02 1.614335571161938099e-01 1.277445148057628210e-01 4.220229345936982179e-01 2.666906105771347235e-01 1.574883769223761332e-01 1.636817854039623599e-01 6.364546789070008037e-02 3.576438062242196653e-02 5.717033809437973568e-01 1.120155734260764313e-01 4.003577326132611303e-01 2.373200097226377814e-01 1.033223730232786519e-01 2.577214282736297810e-02 9.966765343993849724e-02 9.462090372694867413e-02 7.762388553729586416e-02 4.608230021236718321e-01
2.187500000000000000e-01 3.920786780460409071e-01 1.036101085928120280e-01 2.839230361936626035e-02 6.095866837578076819e-02 7.697352081427191184e-01 1.521914980530716111e-01 2.094289039901085225e-01 2.870462589463069758e-01 6.107492152294780735e-02 2.587295099717899505e-01 4.711684263756709679e-01 1.053021728713032963e-02 4.107542456478622261e-01 2.899607958493480853e-01 6.853075921775513002e-02 3.356610350983811331e-01 3.337742627569731391e-01 2.694121779266605426e-02 1.116161050611911842e-01 4.245676598055850293e-01
2.343750000000000000e-01 1.415791688776720791e-01 1.148993851343656225e-02 8.110076913173391855e-02 1.708889915291104400e-01 2.023120112534409210e-01 1.590339374319516275e-01 1.159729681169876653e-01 8.797728892412312596e-02 7.215523382491491333e-02 3.691467445133470582e-01 1.911743846202651476e-01 6.284373328156997451e-02 1.308479803446261913e-01 7.861219504079905440e-02 1.723414540728158695e-01 2.833504755015106014e-01 1.391517524262620570e-02 2.015187584302071191e-02 3.034930211545182055e-01 1.951309680459707152e-01
2.500000000000000000e-01 3.525607864106647948e-01 7.272851785195970364e-02 6.383197363051248963e-02 2.752392950817273559e-02 3.453571953595663963e-02 1.593628061342374294e-02 1.388694686255267374e-01 1.453023538807355630e-01 8.722061820019031547e-03 5.589584948146953947e-01 7.544629769132443764e-02 8.848536428583074487e-02 1.569359637799846649e-02 7.798774301407894460e-02 1.236741911779650621e-01 3.947864542212488614e-01 2.360927357375804392e-01 1.059318498496818684e-05 1.569519244456445417e-01 4.110304723027194962e-01
2.656250000000000000e-01 1.662869291847774433e-01 1.263957484846816859e-01 4.203254240577774525e-01 2.446013192245145851e-02 2.531748740181578583e-01 3.477318821660134174e-01 6.380242878876980495e-01 5.846522740864752432e-01 1.798439037917613781e-02 3.277367345237120477e-01 1.239470789209388413e-01 5.514029615625708550e-03 3.560842071705364043e-01 2.470694888612731122e-01 1.313835826873133439e-01 8.434102163802158214e-02 7.481008820919203203e-03 5.948184075148619382e-02 2.023283019592779508e-02 1.064880224485652283e-02
2.812500000000000000e-01 1.336290472049411482e-01 3.278072374312011872e-02 6.286505662122099380e-01 1.044855403905977365e-01 3.430066561425340055e-01 2.476025808958214613e-01 9.972873609329975519e-02 4.154245896405360239e-01 5.227409644382351867e-03 4.694064640417355827e-02 1.781958512720915140e-03 3.600656342608295202e-02 1.035849167828792189e-01 3.448574315103889593e-02 1.878087620400459290e-01 1.635987266571260201e-01 3.494747620964228640e-01 2.724409416290545782e-01 2.105658423658930967e-01 1.494159847998600132e-01
2.968750000000000000e-01 3.452876640729078961e-01 3.819965905298700615e-01 3.479728510165193134e-01 2.472500044060393642e-01 3.428251436644934036e-01 2.612192145721722314e-01 4.675702294485292176e-01 1.258355952518350473e-01 3.476325616784200698e-03 8.416561650447178244e-02 5.397624121255194529e-01 9.847885939240129394e-02 5.303366053128799606e-01 7.410203466398083971e-02 1.448553871312349417e-01 5.126044957050389650e-01 2.399842929063278618e-01 3.544047228295268970e-01 1.142672328638170975e-01 3.680426347119808983e-01
3.125000000000000000e-01 1.946588517657680817e-01 3.108829567513867187e-01 2.482796549764244298e-01 2.440346008468888966e-02 2.234267523248013032e-01 2.605390025134622922e-01 2.254183365023217922e-01 5.351207978886950156e-02 2.647818056924225883e-03 1.501932819957363108e-01 2.758619170693376588e-01 6.007760687009157385e-02 1.741364243059223549e-01 1.055153346969676387e-01 2.901157876429108842e-02 1.531006540062305465e-01 5.486293713202951283e-02 2.263566546418553371e-01 1.033236800701160113e-01 3.605281785647569404e-01
3.281250000000000000e-01 4.325540946778164142e-01 2.905109387533956755e-01 1.809337944186482916e-01 3.717276222524561885e-02 3.573569516051154360e-01 1.040745747635775723e-02 3.765879929507504748e-02 2.440421984620476381e-01 3.061572956928817688e-03 2.966618347596515770e-01 1.963896435399563323e-01 5.866106792613760140e-02 1.982534098056149552e-01 1.974134057681312115e-01 4.065911584128707040e-02 3.859059888109943326e-02 1.850995572989278526e-01 8.753536303733003288e-02 6.818183904157089706e-03 2.249283089921769452e-01
3.437500000000000000e-01 4.125594456591317738e-01 5.788915350311658534e-03 1.122830196299246484e-02 1.531856688847210018e-03 1.327934278028765902e-01 3.173409360111419802e-02 4.476907270788993420e-02 1.334146652422839481e-02 1.372266284943573361e-02 2.651868423792941853e-01 4.627793731819413448e-01 3.166753412435664716e-02 2.579815358888339766e-02 4.218311830346546665e-01 1.398051065211592392e-01 1.292872669442764189e-01 7.085887303017178451e-02 2.163116683571651190e-03 1.370182053925187160e-01 5.204036199805586044e-02
3.593750000000000000e-01 2.614411405235415042e-01 3.491681668104446501e-04 5.170744809730524333e-02 2.653684236407962208e-02 3.787812520554497686e-01 1.763695834600160495e-01 1.187365206935188655e-01 2.578106206813343942e-03 3.239936761662749742e-02 1.240575917633340575e-01 5.261917957641099042e-01 2.780505971639182696e-03 1.829256414857236557e-01 3.075667237728111096e-04 2.399208270078368732e-01 6.861777062194865384e-02 1.166002175288367304e-01 1.924761668930790454e-02 4.277761027052619930e-02 1.556728173393299441e-01
3.750000000000000000e-01 7.029817722681024061e-02 1.358475717094734594e-02 2.509288093497076197e-02 2.911784112423994753e-03 2.298777358113561764e-01 1.937345437039037291e-02 6.414278745428279860e-02 1.411242100975916847e-01 2.200474567051077454e-02 1.264013432421031979e-01 4.841646054511545248e-03 8.311285629907601627e-03 4.659601619268019523e-01 4.725258791210846382e-02 2.063033289590502639e-01 9.563999228448462342e-02 2.119955589736990664e-01 8.382274190119916313e-02 2.060954439867171070e-02 3.111426352087399289e-02
3.906250000000000000e-01 7.436587001634646643e-02 9.934228297568628574e-02 2.157934099519561930e-02 2.735447339305895238e-03 1.289378684460814051e-01 8.661012211670102504e-03 1.096562746346330247e-01 7.981172498602098764e-02 8.856313123328118930e-02 1.842866036730825274e-01 1.799242006765817622e-02 4.425188781854509645e-02 1.572565928005137392e-02 1.029315637461438934e-02 1.135594719273360087e-01 1.503465921550988238e-01 1.005715771898968991e-01 1.192376461505170043e-01 8.721944143716445219e-02 1.834022665267331098e-01
4.062500000000000000e-01 1.847905748825227068e-01 1.944584304716127088e-01 1.536372985084329471e-02 6.170619495574461259e-03 4.554706270440049831e-01 2.612202181883467866e-01 1.490902978724912842e-01 7.441671061732906510e-03 4.788425547897974532e-02 1.028938236015453957e-02 7.512716124072926771e-02 1.313076546848535898e-02 1.881968217217856038e-02 4.835207578055703004e-02 8.850787866291086325e-02 7.351055049207631809e-02 1.228076250769946781e-01 1.571840200095480922e-01 1.817495825490340056e-01 9.507731077966836281e-03
4.218750000000000000e-01 8.379022036290054154e-02 2.178211395364666736e-01 7.049769107075387620e-02 3.723968489139781440e-03 1.474760164364773696e-01 2.006492560065325781e-01 1.697971441824307759e-01 5.271111904560853850e-02 6.049898454809042592e-02 2.343258066966026898e-01 1.818577998188607714e-01 3.086628520456336671e-04 5.758457152439767218e-02 7.486166902190702355e-02 8.648261200878053223e-02 5.208498493273049090e-02 2.004190040947819440e-01 2.276778468362685437e-01 6.237922489575453006e-02 5.105374258233540408e-01
4.375000000000000000e-01 3.050845923165981244e-01 1.307895756784832608e-01 2.734224253126404935e-02 5.105516794716662143e-02 6.259552247818060688e-02 1.186442038425706003e-01 5.485290643587203280e-02 3.170165402824447892e-02 5.262285689374149311e-02 3.787724781649828842e-02 3.118789892450439249e-01 5.100316793248713121e-02 2.198061156049124776e-01 1.213688840478977793e-01 4.734138108858688271e-02 5.909872186100125803e-03 5.181300733978597833e-02 1.425411226050085634e-01 7.264138176811593683e-02 4.978702989715250715e-01
4.531250000000000000e-01 1.467386028300258216e-01 1.000391889623846869e-01 1.839363701793722550e-02 7.195616198573155653e-02 9.951983976572734147e-02 1.681057226049427755e-01 9.119510923915885581e-03 1.409225972412579686e-01 1.454168498940775975e-02 2.299393692596437069e-03 3.567042403454537269e-01 3.818485614433751729e-02 1.318433909869513310e-01 1.169085623778870903e-01 3.259742423670073386e-01 8.749201586504311290e-02 1.481328917065614648e-01 2.427357112132366712e-02 2.650933272881794700e-01 5.515914388077131775e-02
4.687500000000000000e-01 1.538936603813978975e-02 3.893346378883521391e-02 6.635231007574791950e-02 5.409632603174917981e-02 3.968518990088826942e-02 3.566720117028608916e-01 3.207032935760312231e-02 5.978615139889038171e-02 3.506050399752720648e-03 4.255948555112459841e-02 3.817560449176587989e-02 1.637597399810206480e-02 1.288229213002170526e-01 2.898414644832376583e-02 1.886381434351511177e-01 7.438507347161694983e-02 2.793754491971674470e-01 5.571369408396007611e-02 1.959311793548319108e-02 3.515372400319433793e-02
4.843750000000000000e-01 3.156931302133476197e-02 1.654778701252505521e-02 9.396977518395686901e-02 3.974186748092357370e-03 8.786939911272310944e-02 8.047114646834166440e-02 1.633916157854135159e-02 1.114078953554994630e-02 3.819715639110080746e-02 2.302664125131480000e-01 3.034913709785382885e-01 1.306250335318256614e-02 1.736608349839598719e-01 2.583361224037149587e-02 2.372728750695651118e-02 1.262968113742130678e-03 1.566546987686019965e-01 5.009848852118287121e-02 1.405697751047307875e-01 3.273560067979305321e-01
5.000000000000000000e-01 2.340258630119811945e-01 2.979720264289947504e-02 4.192354839686130569e-02 1.046076789233497083e-02 3.503339785796292377e-02 2.326790920866475543e-01 1.688241654656081779e-03 3.650661793200480482e-02 1.763048135878137745e-01 2.783727399907122146e-01 5.417838378310338987e-01 1.363924088303918297e-03 5.258341359642784707e-02 2.589680205435307067e-02 4.338465179124031956e-02 1.924844115192958852e-02 1.140125705402898759e-01 5.893311228759253589e-02 5.950450890859160236e-02 8.801192311424415118e-03
5.156250000000000000e-01 3.296267928632284905e-02 3.389940251635825599e-03 2.494985064537388539e-02 5.399586999334685805e-03 6.935740760195177601e-02 1.337659751347137493e-01 2.481200539106585834e-01 2.997999100975016692e-02 1.469087587802109518e-01 3.944014007839467123e-02 3.037529859476585381e-01 7.730265417044989741e-03 2.412943976809514834e-01 3.586361152804078134e-02 1.768352304141242171e-01 3.315829248509030158e-01 1.768871467018540422e-01 3.066369488251167313e-02 3.600991408155019419e-02 3.048179977256014125e-02
5.312500000000000000e-01 8.380568959914540261e-02 4.852671276973143794e-02 1.892493993649421724e-02 6.459840103671342024e-03 1.452580038501405379e-01 2.426536115140797978e-01 1.002533766653315728e-01 9.491666689190008180e-03 2.626306921535510042e-01 3.284032231051711159e-01 2.102235400181199643e-01 4.254146922183533845e-03 1.034238031606810881e-01 2.691004871277792587e-02 1.589387281944525943e-01 1.411230172509408687e-01 1.172351496170146862e-01 1.220486874367714483e-02 4.595940736293370465e-02 4.275350455511481296e-02
5.468750000000000000e-01 2.755740627477719085e-01 6.668657286831693176e-02 3.158196841315086267e-02 8.857588593993086928e-03 8.749404676618860455e-02 7.939767473173157952e-02 1.237620333162690323e-01 4.744263949834554191e-03 1.047237285217567926e-01 1.517205324183700244e-01 1.438461191939404415e-01 1.007578673118472365e-02 3.693882044335854986e-01 4.898478685202022759e-02 4.057044358976867326e-01 2.493937852502363106e-01 2.228706745989426363e-01 6.912486952498327411e-03 8.485252273491437902e-02 1.395327501784827604e-02
5.625000000000000000e-01 3.509795638681189600e-01 1.194805598268340596e-01 3.968015336774806910e-03 5.034170560070549971e-03 2.417870922818209783e-02 4.996553236252248009e-01 2.389241872755313092e-02 1.307513328498848861e-02 7.999130518539097900e-02 4.970778041147451247e-03 5.476628182558398450e-01 1.847692570439934175e-03 5.962582956619665031e-02 5.762388074401419980e-02 2.515960415513311399e-01 5.713511366941493794e-04 1.642632142992428435e-01 4.852410076621583787e-03 1.121870228890539840e-02 1.261564402930080153e-01
5.781250000000000000e-01 1.133106788642976835e-02 1.321075975880616482e-01 2.197787162962397140e-03 1.607007069636107177e-02 1.066180552597244813e-01 4.223314602654491545e-01 1.512197959011084003e-01 5.160656156467018779e-02 1.022987873993464331e-01 1.296171114650197520e-01 4.330050856703482887e-01 9.681754650693598710e-03 1.231900757672038105e-01 1.718138599589773578e-03 1.412737906961590018e-01 9.611875756241165802e-02 2.114813832412247019e-01 2.315735683634910589e-03 9.007547489897300974e-02 3.476799158017194330e-02
5.937500000000000000e-01 1.535756184560973236e-01 5.935634375086824843e-02 3.496339810240252171e-04 2.573825703354931660e-02 9.414359677256639580e-02 3.779854238609437617e-02 2.741211297992642293e-01 1.868487205593922784e-01 5.927128539584043676e-02 8.425548241390451443e-02 5.812684633580664749e-03 3.087704208547613696e-02 4.095908417561977544e-01 2.271304427828224615e-02 3.719476544304887999e-02 4.091925419230205141e-02 3.069794755994295632e-01 1.064366922862738929e-02 2.112476089698069048e-02 2.113651085956341213e-01
6.093750000000000000e-01 9.487868095854690154e-02 8.302113461253705917e-02 7.976304960913862402e-03 2.258135878335243082e-02 2.161911645194589809e-02 2.786996364793839498e-01 1.071851781088500460e-01 1.361472312135061369e-01 5.160559196752528138e-02 4.461896551403347899e-02 1.312569250827446132e-01 4.560333649030171715e-02 5.727142094584775078e-02 5.992246777537866415e-02 1.064219423023453175e-02 9.498148133248032754e-02 1.209227959554812493e-01 7.864014432261571055e-03 9.942481609955458946e-03 6.505858129271646639e-02
6.250000000000000000e-01 2.322697662146370190e-01 2.183146887425172628e-02 4.970222980181107121e-03 4.329731667475315328e-03 1.028696008673726445e-02 1.857734675863082496e-01 5.545551065982633893e-02 1.552103564032100529e-03 1.805180959271599633e-03 2.384085847669243849e-02 3.091489286760799593e-01 2.298796539279267248e-02 3.149120075516467776e-02 1.737793329172293844e-01 4.094496477660403699e-01 3.097038685488770482e-01 1.692956987822486215e-01 2.263225484883446981e-03 6.339080382333030228e-02 8.377670412516147582e-05
6.406250000000000000e-01 2.022855491848900567e-01 1.000349923442838962e-01 1.137085540597611820e-02 1.495976069767733854e-02 3.720482568070450358e-02 1.999343946586973342e-01 2.213026622009002797e-01 2.358949866998050551e-02 9.944267191860423072e-02 1.211282470708247155e-01 2.293019003184904384e-02 9.928271887104149485e-03 1.859101717204189944e-02 1.364603543701778665e-01 4.848094870474585760e-01 3.577625333171850774e-02 1.748895529603889942e-01 2.001655138347997308e-03 6.431771260906141152e-02 1.961820607602463018e-01
6.562500000000000000e-01 3.539601648027725089e-02 8.673976265391734539e-03 6.192304687754165288e-03 6.025922058958204167e-03 4.731453130972394505e-01 8.886459648142829015e-02 2.603173170899989453e-01 1.394858708677036360e-02 2.243900680751792776e-01 6.822052069624320869e-02 1.595719248115412270e-01 9.265662484832523985e-03 3.061507942161014739e-01 5.154507786123708329e-02 4.336746612372925358e-01 2.260145094161577772e-01 1.531715100414780262e-01 4.224175523729158284e-03 4.391596325737952972e-02 4.374594343909686545e-02
6.718750000000000000e-01 2.103002622967483151e-02 4.587169707495918763e-02 4.809351441734466964e-02 8.651402503320155396e-03 1.189775333793594292e-01 9.388227358947018319e-02 1.099195439267473678e-01 2.298170141930503882e-02 1.616884087939640668e-01 8.674319253881267178e-02 3.349723335285096359e-01 2.193080755536399315e-04 4.658313755451775479e-02 2.508165064204477199e-02 2.830348858089286601e-01 3.616202092374799781e-02 1.139113470525888877e-01 1.494509130901016704e-02 4.542525865337148673e-03 1.178865654244855843e-01
6.875000000000000000e-01 1.022883085291997896e-01 1.332091431956242411e-01 5.014311855187810786e-03 7.914442229831177358e-03 3.626984764056846444e-01 1.751726140018835809e-01 2.079211929998469113e-02 1.352756814977717874e-02 2.207220213956435639e-01 3.228670700355863454e-01 2.162363053575621363e-01 5.152925640601300344e-03 5.417651139352670508e-01 1.684927254485063530e-02 4.287662673232277982e-02 5.110627344028172842e-02 1.484246521595635748e-01 3.271348459176560280e-02 3.699304998930059984e-02 1.960750759690410017e-01
7.031250000000000000e-01 7.761010245005343922e-02 2.627491623739487345e-02 1.121237798232847457e-02 1.675884886012271591e-02 1.957826662644367166e-01 3.153674610290533309e-01 7.865978418580030218e-02 1.402000066608394616e-02 1.209032123618615645e-01 5.152484404085053704e-01 4.621921851375968560e-01 8.706762293311128258e-04 1.966589593373608072e-02 7.630856071716103639e-03 1.062598583793923288e-02 7.285547946112796470e-03 9.076619659121003270e-02 4.514360221130279960e-02 2.118079969877705027e-02 1.838849732686819172e-01
7.187500000000000000e-01 1.592558142546514899e-01 5.925063787210712793e-03 3.712046822366724119e-02 3.124937242000918377e-03 1.251754530212574601e-01 6.281680868727503031e-02 8.263440352613973805e-02 5.137141329704112552e-02 5.597440269460889767e-02 2.773023179198857990e-01 7.589175717710442415e-01 9.897800450239789896e-03 9.256676630068320921e-02 3.604778107561417994e-03 1.961181537809507727e-02 8.810146460056826612e-02 3.298475817968017365e-01 5.724468274049110406e-02 1.066288793061262313e-01 1.993287662449400033e-01
7.343750000000000000e-01 1.151449041168881374e-02 5.362848966483300950e-02 1.230382926558480985e-02 5.680785996133612056e-03 2.579798603338706586e-01 3.027918431087419163e-02 8.972182943076661976e-02 1.004833560820135446e-01 5.325727529676792249e-02 1.181198589817561290e-01 3.232743789987582161e-01 3.099178805606287238e-02 1.308914900647288881e-01 1.139064588311098671e-02 5.687677785166710825e-02 1.296596967255661537e-03 4.180897317592472406e-01 4.288156614589020560e-02 2.262369055976156881e-02 1.744652621853600705e-01
7.500000000000000000e-01 2.829316160684660492e-02 1.034347066716634345e-01 1.791123542203284374e-02 3.555875228914937014e-02 2.303592573245668781e-02 1.307187505252060782e-02 1.233221231468233509e-01 8.657150731478993611e-02 3.363657099327245492e-02 3.599457891061296627e-02 3.283127799563050342e-01 4.117822702186153816e-02 2.622162036768904692e-01 9.211771004926752257e-03 7.175596800709839809e-03 1.331909989156522534e-01 2.073774716063920276e-01 2.463715237125204457e-03 6.278346996031472504e-02 3.919467576266166819e-02
7.656250000000000000e-01 2.875119161096028123e-02 1.087840510075378277e-02 3.789050722626947226e-02 2.164667033195440213e-03 5.389918517005310144e-04 2.265657916030480550e-03 1.275489291623408683e-01 2.677460063852459271e-01 1.070657673957454148e-01 4.465862060481655404e-02 3.464208041633284885e-01 1.615975907092975783e-02 3.161158145903698036e-01 8.096168050004712985e-03 8.496159320968835194e-02 2.477594743873549055e-01 2.748391081410778147e-01 2.678021912880710481e-02 9.264395287442486748e-02 1.628498345186156840e-02
7.812500000000000000e-01 4.388380937239391710e-02 2.738183792153089588e-02 1.309270404602976001e-02 5.015832172869397199e-03 2.697206653455100963e-03 2.773364099875320066e-01 1.251897415363976418e-01 5.048799336127028636e-02 6.528623329296959210e-02 5.314018121129821665e-02 4.067069241062228335e-01 8.547485685813961947e-05 1.771854194972294072e-01 6.323229554115403217e-02 2.457887379400582328e-01 1.953860375904515473e-02 1.166199340168823373e-01 3.260706112343075141e-02 4.150692552241852518e-02 6.572186174361423217e-02
7.968750000000000000e-01 4.868856430759724851e-01 6.560617069729327011e-02 2.959232851179407348e-02 5.921114084730967793e-03 3.447262509291861704e-02 3.635912731041489598e-01 2.099855611418992990e-02 3.651140824808334247e-03 7.393297141371803216e-02 2.695490052870261333e-02 5.663736996796941980e-01 7.623255193515194109e-03 1.713409033219609467e-01 1.065784004637466628e-02 1.089465345231456911e-01 8.574771486929270992e-02 1.731954328709966739e-01 2.572907809917053187e-02 6.912965089530429159e-03 2.259639996910395576e-01
8.125000000000000000e-01 1.399459849545181822e-01 1.154676529989941830e-01 7.672845314090025876e-03 2.520040768047586421e-02 2.611582001822839172e-01 2.452775540366793905e-01 5.694559759914352010e-02 8.261587314196417939e-03 1.743510400458447851e-01 3.790051747031494833e-02 2.927975594323874997e-01 3.341573944558216824e-03 3.918070320013787300e-01 1.860147944916638874e-02 4.650380683546859184e-01 1.248336992987038874e-01 1.818579284708614907e-01 1.614185960004195508e-02 3.153925141194453136e-02 4.073610289603048912e-02
8.281250000000000000e-01 1.121749861953494493e-01 1.531390726963958449e-01 1.253103204158659972e-02 4.715720310424449668e-03 8.486289149302822521e-02 3.011615140851984229e-01 1.289982313416201121e-01 4.674777987637926001e-05 2.088836526626065559e-01 2.371376632745562235e-02 5.222875128329528271e-01 1.616865728359165289e-04 7.448430089189625458e-02 1.724170989691555184e-03 6.269379873019538252e-01 3.858423574457336969e-01 1.312148548247346891e-01 1.033207042336751341e-02 9.649794758533575961e-03 1.898260285260947380e-02
8.437500000000000000e-01 2.183604419926114260e-01 2.576473979979820861e-02 3.744825463180512931e-02 9.494602114755680208e-03 7.444268537631942850e-02 4.684495185270529105e-01 5.829140430686407994e-04 2.567140519140914331e-02 1.769269826948292046e-01 1.435184555919058191e-01 4.800950291291026240e-01 8.036592178829422145e-03 3.932142026971825466e-01 2.161423495397053404e-02 2.495411441736196667e-01 9.474986650902103569e-02 1.092335256269698490e-01 5.251797778005924330e-03 2.568815979375497702e-02 1.248365732492867364e-01
8.593750000000000000e-01 3.165664071025867804e-02 7.209181526980942833e-02 4.646158474725068516e-02 1.056108459590124858e-02 4.951996189920410685e-01 4.349984948100982796e-01 6.577302398749550194e-02 2.790561869500009316e-03 1.214080681497464315e-01 3.032437578590326810e-01 5.062900296076660034e-01 6.301306186981730888e-03 8.252925624288219575e-03 3.513409621967343577e-02 2.877535362916726069e-01 3.137450637579625723e-01 1.479153398786606233e-01 4.024810108936204001e-03 3.643495872425420168e-01 6.714685087362261273e-02
8.750000000000000000e-01 5.171136288876182485e-01 5.301574927972611817e-02 3.574480306156309350e-02 1.141552739649643461e-02 1.439814204183643975e-01 3.861217288675374837e-01 6.775708583492265347e-02 1.994875195354186767e-02 4.459312760459353125e-02 2.894134884305471500e-01 3.247274365083907544e-01 8.928135951532627235e-02 1.199482473545259061e-02 1.111552481824367930e-02 3.606501360124587663e-01 5.977392377112077798e-02 4.969227230197133249e-02 1.477733329621985434e-02 6.719705316613981683e-02 4.335879152736416692e-02
8.906250000000000000e-01 8.210957997279201559e-02 8.015445374183219340e-02 4.860034067603465763e-02 1.563317475686599733e-01 9.456617531461648796e-02 1.550600308256017308e-02 5.156374602744955710e-02 9.829400474285956979e-02 6.854753841098867873e-02 1.332012617138542965e-01 1.939499211757011177e-01 5.117184098275676107e-02 2.029374034419196837e-01 1.205693072666814492e-03 2.987530241712916812e-01 2.605027248328378384e-02 2.118310830656555677e-01 4.078947545838440721e-03 1.571503863297783049e-02 9.976461084181964534e-02
9.062500000000000000e-01 2.884078498618131148e-01 2.002573906769207837e-02 4.453008258976325073e-02 4.853771994037027818e-03 1.185019322840713263e-01 1.764231365473260121e-02 1.833476581823072493e-01 2.762782904520627927e-02 6.845983961531185158e-02 2.334247118427510981e-01 7.963049603646056573e-02 1.931803600715890825e-03 1.448839680894246362e-01 4.825215265456434498e-03 4.483222891109905905e-01 1.468569538532967511e-01 3.532323029616367127e-01 9.651483386291547992e-03 8.958238201648966934e-03 9.036497809547922033e-02
9.218750000000000000e-01 1.357303567538963585e-01 1.042671226549638647e-02 3.899147220867299479e-02 3.847494081075238451e-03 2.988257043008046288e-01 1.427204476851395842e-01 9.138963050178240677e-02 5.380861629041712446e-02 5.470217134274292514e-02 2.953773610632076108e-01 5.412462397361996747e-01 2.570769394497467988e-04 5.968121591893568029e-02 5.919182687860667126e-03 4.267232462730462528e-01 7.455028182471329368e-02 1.581132774049619771e-01 3.215533731283626122e-03 7.777396545309006939e-03 9.122923493992646238e-02
9.375000000000000000e-01 8.204294002115752882e-02 3.515679401077646121e-02 2.259700232068122955e-02 1.517400888370658632e-02 2.929800880217812292e-02 4.776415133239623190e-01 4.396202110515631811e-02 6.591509148310392696e-02 9.032426617980347794e-02 1.707871310756471361e-01 5.581366955615689740e-01 1.893107086973005310e-02 8.035796166439911070e-02 3.079346802198609789e-02 4.059000805729072736e-01 3.877216010967079463e-01 1.617310875551269955e-01 4.347912913473880522e-03 1.357448429164797576e-01 5.658676250002475649e-02
9.531250000000000000e-01 2.427148491202132385e-01 2.395168727381966761e-02 2.096909284218784891e-02 8.916511683016090095e-03 1.117655842279751538e-01 3.685052721038321044e-01 8.091646605372496137e-03 4.408114153966023047e-02 2.087901355082574240e-01 8.665439893163356944e-02 6.140704262900771315e-01 2.189059488907456330e-02 4.484466748514309153e-01 4.129719890526497433e-02 3.561731751516501454e-01 8.503230917840977343e-02 1.875794162864209136e-01 7.251934900778890525e-03 4.164292014545468990e-02 1.183877503237938493e-02
9.687500000000000000e-01 4.164163488953609438e-01 1.056029452566089807e-02 1.936032609736296206e-02 4.909914154072048120e-03 5.911217930654830144e-02 1.985070396426508177e-01 8.851969021813364813e-03 7.483311989235660704e-03 2.309174893944279661e-01 5.659667165490248064e-02 3.133918888684214532e-01 1.256581275252880055e-03 8.373907037065367320e-02 2.013104640534803605e-02 3.149076568844708657e-01 5.630672975888888487e-01 1.008037239151562264e-01 1.520177615909869794e-02 1.983658885365853150e-02 1.223583350906242290e-01
9.843750000000000000e-01 1.840158147334842453e-01 5.321266235700697345e-02 2.548134326035834257e-02 1.749851570645003223e-03 1.716171763729937016e-01 2.248131633903357185e-01 1.357575532887923125e-02 5.154216272724569670e-02 1.822838421658337371e-01 5.887708003106254667e-02 5.925291467897615405e-01 1.225334793408106547e-02 3.553771271539806764e-01 2.016816294533029311e-02 2.010101686416205236e-01 6.188231375892044861e-02 2.419241594936736017e-01 2.104773269996716364e-02 1.694636840599194477e-02 2.181003984618351890e-02
1.000000000000000000e+00 2.643729106224325734e-02 1.820874188836663077e-01 3.912180464944284286e-02 1.231699693863844798e-03 1.469712824622707303e-01 1.579694910681267161e-01 2.361980414714377752e-02 3.605255765784007999e-02 3.573326571153498943e-01 1.632097856824888948e-01 3.528127277150173713e-01 3.358133003142578336e-03 1.342303271237981765e-01 3.624869464609070668e-02 1.320977658026812884e-01 4.604608563123033932e-02 1.620081984824503774e-01 2.154694374722131850e-02 1.294994746473200099e-02 1.816596849111352108e-01
1.015625000000000000e+00 2.758480903746536594e-02 1.012569149838349475e-01 4.591473071290510383e-03 3.299718960561679772e-03 4.342307011449208359e-02 6.803933839584065668e-02 1.360401776710002675e-01 2.025522669221425931e-02 1.048844692474172335e-01 2.184637078758242812e-01 6.357823155038425655e-01 7.186597563743532188e-03 2.643692975988077842e-01 7.326203478343224287e-03 3.597769574845001150e-01 5.922420122372155232e-02 2.106307793432104225e-01 3.957003984184224998e-02 1.861965236521566647e-01 2.858274557181436082e-01
1.031250000000000000e+00 1.765660038962257039e-01 6.520234001584845895e-02 1.679282109176845339e-02 1.673866159407912668e-01 9.915940390154576178e-02 1.010823453274900530e-01 1.759701488103398437e-01 7.759494459049548834e-03 3.555998097118300005e-02 1.633796292012196227e-01 5.966218863550559748e-01 2.163211873347432954e-03 1.516498626301770736e-01 3.276379296587838327e-03 3.269409512258991124e-01 2.055110267484838993e-01 1.340903340810243316e-01 3.458522235784779880e-02 1.337689596726981955e-01 2.252072293412168136e-01
1.046875000000000000e+00 1.339423569188411545e-01 1.734304094088081338e-01 2.779868396087644897e-02 2.893712222987424341e-05 5.300261720030158274e-02 2.916840315534104944e-01 2.749080526206655328e-01 8.618435581642315546e-02 3.734950857759900683e-02 7.715566065216640512e-02 7.258251482148124489e-02 9.162186249692959999e-03 1.306674178859480173e-01 4.519592060570938596e-02 8.462413211825939308e-02 4.839568318262707503e-02 1.718102671907224821e-01 1.614457177446220956e-02 4.380442282135398047e-02 2.192285331215296923e-02
1.062500000000000000e+00 1.237694999095385190e-01 5.641352837774198103e-02 2.614258610164121865e-02 1.074668398811135135e-02 1.143642826480903985e-01 1.966399154603785948e-01 1.011541778143575515e-01 4.232932591327057646e-03 2.383524746906096059e-02 4.070607562668045881e-02 7.122366875312721168e-01 1.315413674833360025e-02 4.429597119057775423e-01 5.877503894602918721e-03 6.385657330616216140e-03 8.779833951360357935e-02 8.865681184022068673e-02 1.868441593942966189e-02 1.309078621441014945e-02 1.661378217902450272e-01
1.078125000000000000e+00 9.125406740956143459e-02 7.243014980104260647e-02 1.552872624050228093e-02 1.758582631832910715e-03 2.767502458413915317e-02 1.999204340555814086e-01 3.156803450942066019e-02 5.334628804193969343e-03 5.581693140222388633e-02 2.585911651057218874e-01 6.452145323461214721e-01 2.078229692175538601e-02 4.526397701280239771e-01 4.971925744142315085e-02 4.209821616337455219e-01 6.293774156839183898e-02 1.705561420979287979e-01 1.258081986232982910e-02 5.405447343830118573e-02 7.058481168974796958e-03
1.093750000000000000e+00 1.150735149846504879e-01 1.171184308102076778e-02 1.482384269345828065e-02 2.173732031702441808e-02 1.121876956798597419e-01 4.867578665307827901e-01 8.186402929372940673e-02 1.617772753770236119e-02 2.212536828930282973e-01 6.743498117143678638e-02 4.448932015850056709e-01 1.316144605231870865e-02 2.632257869382393922e-01 3.010218063075655644e-03 7.058077617365096090e-01 2.488436240547282907e-01 2.081333213007849625e-01 1.733557000505267856e-02 1.027170522340526901e-02 1.236322540328927203e-02
1.109375000000000000e+00 1.231164303289718036e-02 5.301304065775586105e-02 3.184476195397581422e-02 5.095623457030557142e-03 7.308662249867861616e-02 3.659081129150060230e-01 2.193008037177987448e-03 3.653588126768094607e-02 1.335579939543795891e-01 6.932802431237697349e-02 3.563886747187052784e-01 3.408512606816702182e-03 3.020929184847537807e-01 1.898931593632189978e-04 7.375692070885052631e-01 1.103495477623834056e-02 1.130870182563515070e-01 1.650301458066005811e-02 2.737496963179122944e-02 2.092235944442485604e-02
1.125000000000000000e+00 3.709067670375442577e-02 4.814444067808097694e-02 3.738528656151517832e-02 5.596464515628712250e-03 7.686212537434143621e-02 1.717602530719540554e-02 1.529970227327457841e-02 6.921689882058402847e-03 1.554064688949839956e-01 1.135186895250509531e-01 2.084503577196822888e-01 9.539991397234652993e-04 4.597317898162978644e-01 4.426153151409529824e-04 5.776037349189930836e-01 2.062743707809524818e-01 1.773090273421583374e-01 8.193449965598509355e-03 7.853939527482491079e-02 4.187425234829871695e-02
1.140625000000000000e+00 6.183796288836469757e-02 4.123052376266297947e-03 3.514843961153466673e-02 4.167569560879382309e-03 5.540548397244673962e-02 1.415622098937795448e-01 3.328412200950329330e-02 2.227642176044177663e-03 2.246719272555389169e-01 2.699337153375238052e-01 1.288032572252223174e-01 3.855006480173201779e-03 8.755626557818865785e-02 7.440087027650139732e-03 4.791525436801260529e-01 1.594117685175313603e-01 6.884729339925710345e-02 5.683888383531144999e-03 3.775803943387584516e-03 5.477376147416180424e-02
1.156250000000000000e+00 4.093385808788422425e-02 2.139353232824931297e-02 3.203020488982627825e-03 6.549852318497122010e-03 5.821338542667143373e-02 1.179398402236988969e-01 2.556568778251609372e-02 1.385698978807122228e-01 2.652353970877224798e-01 4.309873848659894185e-04 5.285697376798451641e-01 4.700438833428881823e-03 2.089490983643575717e-01 1.580850785662505720e-03 3.095223924841735696e-01 9.860663551759663026e-02 2.566581524075925436e-01 7.892908576443683280e-03 7.958821117591441396e-02 4.371038716364014642e-02
1.171875000000000000e+00 1.677428461148683658e-01 1.130650479536929043e-01 2.932123164870844428e-02 8.980794361610412030e-03 4.127604550462411759e-02 1.798287080204594712e-01 6.715771656720719018e-02 2.758138083847064964e-02 1.882169149480811543e-01 1.683765277606000810e-01 4.634189526003051895e-01 6.874641754864160847e-02 1.107038719745553380e-02 1.341141043810181949e-03 1.431540697566702214e-01 1.441419309647358760e-01 2.970587499432336132e-01 2.126648578654633838e-03 3.554620618053543762e-02 2.165026541405151023e-02
1.187500000000000000e+00 2.036825481756743359e-03 2.310231762174556613e-01 2.008125298512095092e-02 4.627528014331360601e-02 1.980396864730805950e-01 9.875032826677054842e-02 6.652334262380320273e-02 9.238721530995773479e-02 5.003246465345929928e-02 5.499267769787443694e-01 2.506049416256954099e-01 1.276446085994508983e-01 1.756789681177703052e-02 1.296587184895870229e-02 1.645157952884681585e-01 3.409749959921952733e-01 1.764191548755182914e-01 4.599503916201794565e-03 5.730882213142906439e-02 5.391695482718768945e-02
1.203125000000000000e+00 7.140258165459188733e-02 6.941938952705392629e-02 6.444687451757191710e-03 1.600373963951894074e-02 1.181827823183787957e-01 1.856976735500439069e-01 3.418661408371502508e-02 2.869463556121847753e-02 1.127629684010091338e-01 2.725053089127740247e-01 4.292137610010418602e-01 2.572733649471482809e-02 2.894516309450207575e-02 1.216457308954518868e-02 3.125709946380768600e-01 1.976143922557987986e-01 2.959777837540453205e-01 1.214627133762765428e-03 1.376888494447162277e-02 1.506249581308640728e-01
1.218750000000000000e+00 7.483000375185967779e-02 1.172475001775244267e-02 4.359679777992835070e-03 3.995415977577287774e-03 9.962254338114098773e-02 3.323830617403022436e-01 1.775920125929860427e-01 6.915354426907079424e-03 2.808556959529628569e-02 5.173280806089276124e-02 5.333871007421127075e-01 2.600454260021658678e-02 1.192376468442566950e-01 1.165732811324320523e-01 3.939380753267229252e-01 3.066309919537002493e-02 1.351946931853846290e-01 6.452748762928133333e-03 1.221991616097899830e-01 3.155355931247189744e-02
1.234375000000000000e+00 1.892567177605004036e-01 2.969647133644532505e-02 1.729946364332063738e-02 1.334019808128679950e-02 5.064237147799948574e-02 1.964069025452667427e-01 9.810141342767828010e-02 1.906625661423596348e-04 2.468167784339776391e-02 4.368743614442283096e-02 3.050422395617716775e-01 8.536125847468123765e-03 1.691330506551000090e-01 1.678567718561268032e-02 1.283421187439716393e-01 1.858167569177289133e-02 1.374343545596296567e-01 1.097974464649380255e-02 1.432773660314550120e-02 2.398901689204771537e-02
1.250000000000000000e+00 4.428206511987012317e-01 5.049013022154719144e-02 7.327761833738382496e-03 5.565958906299208614e-03 1.622751208053014871e-01 2.686245542514796858e-01 7.362058172316736371e-02 5.374256454709475800e-03 1.544264124480445588e-01 1.506109767860194515e-01 3.982839927355036336e-01 9.677532192625707623e-05 2.987398907058868569e-01 2.929400789247969122e-02 2.592460782880113418e-02 8.001768185581423221e-02 1.456658495454809243e-01 5.360268881031646573e-03 3.593707140873077938e-02 9.131751733003348748e-02
1.265625000000000000e+00 1.738503774322399109e-01 9.861361496247417202e-02 1.217505918521692362e-02 4.432405424616603536e-03 7.941904855865900004e-02 2.905946216758958367e-01 4.940371089428338691e-03 1.660053462505421858e-03 2.513044419705987575e-01 2.262464939842906975e-01 1.354113192471224358e-01 3.466341278472041929e-04 1.452923244294412365e-02 1.443610342835311040e-02 1.311611948787229642e-01 5.244327274900199842e-02 1.675127217494354059e-01 7.012687102428984652e-03 5.770278247715543603e-03 4.810183958930752679e-02
1.281250000000000000e+00 2.127350503480273866e-02 3.202728537511347756e-02 1.699486891239897256e-03 4.950710351376457537e-04 1.858080741458666488e-02 1.097655892530269711e-01 9.999285689948959194e-03 1.287937138102823904e-02 1.360503938879020491e-01 9.832488725011227781e-02 6.017288695774395402e-01 1.196992527646724251e-02 3.653261562406223129e-01 2.052975209520503663e-03 1.953072414184624239e-01 8.683087269001277253e-02 1.310718233603182237e-01 1.776238511545560200e-02 1.339619449859872670e-02 9.274093083016882177e-02
1.296875000000000000e+00 1.975656678253374099e-01 2.382736728627863482e-02 1.157177672643919589e-02 1.658427645362311467e-04 1.327053356641928195e-01 3.423008447957480438e-02 8.368213365726206998e-02 3.694581591213211367e-03 2.681483023038493951e-01 8.947360096360755521e-02 4.019249621300536313e-01 1.308153220566292928e-02 2.593135571448158538e-01 4.507521895556131433e-03 6.227624864139103683e-02 1.208744361696611515e-02 1.852881779452198729e-01 2.655600792592888518e-02 6.150305734174359162e-02 7.962678293801658813e-02
1.312500000000000000e+00 2.627026697223181495e-01 2.244710127324114554e-02 2.521352066711109174e-02 2.856362872325047143e-03 2.278459155541248393e-01 1.880172172522699414e-01 3.770179432323124413e-02 5.049436205390110677e-02 1.652648917773472392e-01 1.639871478457485265e-01 2.688999608483651493e-01 1.908709876642930223e-02 3.721769445918039487e-01 4.419950984321460458e-04 8.062976353271485153e-02 2.904273231091264451e-02 7.048722799125634042e-02 2.904948029882709407e-02 1.313100274493458723e-02 8.555367224081429633e-02
1.328125000000000000e+00 1.384972987030473612e-01 1.335332352221139662e-01 1.044845138343394528e-02 3.100269984627490941e-02 1.545815775294879235e-01 4.000374264689772197e-01 1.986426407584052350e-03 1.949122726334825972e-01 7.138436077251304746e-02 2.224433890710226028e-02 1.271105561008278040e-01 1.266412288517699825e-01 8.838409443338957061e-02 7.634835141699013172e-03 2.405317065181254710e-01 8.992428235224312477e-03 9.798650756461600719e-02 6.220171515222205211e-03 1.465528613892862035e-02 2.326254408432112952e-02
1.343750000000000000e+00 2.684243166125351299e-01 1.144826645679579945e-02 8.991470954577820973e-03 2.932936026742775232e-02 5.036047223084254981e-02 2.357799302085762383e-01 1.838587577148950020e-02 2.669790058667144417e-02 1.953318538355304501e-01 3.282668978421052208e-01 4.195088303689878395e-01 4.915829816124125257e-02 1.699832634344074223e-01 1.187196513817707520e-03 4.996664024167680324e-02 3.127381811572118361e-03 4.461381886497393645e-01 7.523398459290652970e-03 1.179942845306667654e-01 3.602215453005793572e-02
1.359375000000000000e+00 4.732723688412669438e-01 1.136365599886081726e-02 4.027138225316638162e-03 4.620808151451898452e-03 1.106596129880758027e-02 2.420780510251910600e-01 1.287193369775951057e-01 4.159143461393458724e-03 1.436155398788865056e-01 2.073042719733425576e-01 2.284988176786288336e-02 2.457911876946023300e-03 4.123713460954364085e-01 9.637634268293220063e-03 2.515858007684177999e-01 7.646910049665092690e-02 1.360087628202700794e-01 1.432187876418313660e-02 7.436256739226210222e-02 1.188825486501952494e-01
1.375000000000000000e+00 3.045783007241552043e-01 2.820358666557888291e-02 8.657840043646145706e-03 8.149423905801712539e-03 1.282198921460393215e-01 4.744252625358996722e-01 2.607180250290792034e-01 3.981014678109613680e-02 3.722894082740856037e-02 6.774410005667567958e-02 1.139639305507601508e-01 3.675235163562968837e-04 4.574182028209922146e-01 9.182061038713780488e-03 5.727358504849996423e-01 6.989198463358908819e-02 1.734910815541534368e-01 1.551731526125049200e-02 5.492875488304176101e-04 3.305894517043782288e-02
1.390625000000000000e+00 1.698871760359737249e-01 2.217489302718724659e-02 7.990848340195968666e-03 3.348705508151872141e-03 1.022174306635871277e-01 1.965969918381047510e-01 1.855763042364567406e-01 3.539684443947833936e-02 2.875714530961242729e-02 9.803106753748172184e-03 4.945308586379000559e-02 1.880619778800471419e-03 2.570221068075920212e-01 1.181733143449957002e-01 2.207686445867501068e-01 6.450936449298844133e-02 2.109027293493498378e-01 1.422397280816189991e-02 7.543094295009528062e-04 9.087880103639521881e-03
1.406250000000000000e+00 5.616756627781933214e-02 1.228393456078420189e-02 2.562007577733686065e-02 3.604050753736070655e-03 1.212710222354039802e-01 8.507141464949352638e-02 5.355346381072123574e-02 2.129360756675800857e-03 1.704491701369350576e-01 1.134005043256016143e-01 2.277925340894659256e-01 5.830187803714487020e-03 9.998002886019166646e-02 6.805446709242916892e-02 4.249751559466489192e-01 6.317112266608999882e-02 7.975552839079567968e-02 1.353529126328712438e-02 4.278507918412341807e-03 8.879875320717908749e-02
1.421875000000000000e+00 5.900523725345203224e-02 1.060377987874564810e-02 1.250489670865990825e-02 2.718253567969581425e-03 1.597333020940043258e-01 3.654961190453948376e-04 5.054559483284735283e-02 1.185159645499572582e-02 2.780175676446079991e-01 2.339831998943267266e-01 6.775593308995724318e-01 1.140490237161540486e-02 3.420881130202435561e-01 2.435417190713946856e-03 5.225860090426489579e-01 1.434403693825235656e-03 1.861701632609086832e-01 1.143175264948556591e-02 5.231331598226754420e-02 3.253504758599438246e-02
1.437500000000000000e+00 2.324421743693917686e-01 6.539878588939419812e-02 5.141653508795613649e-03 1.220929591706406379e-02 3.404962376223652498e-01 1.802572690054035642e-01 5.267077962437587309e-03 8.504713455758033209e-04 2.098858835261397104e-01 1.323271129945752939e-02 4.540955145319285902e-01 1.131462982234083398e-02 1.333016284251561101e-01 6.480785975425729963e-03 2.828373862517666315e-01 3.048122450954498033e-02 1.468968023010124579e-01 9.247753650026934238e-03 1.180598142824299673e-02 4.393850824032969477e-02
1.453125000000000000e+00 3.278542302625087057e-01 1.074070303679550004e-01 1.783410078558465492e-02 1.025767243734455880e-02 1.339300118338573042e-01 1.816772647374818306e-01 6.642845563985116941e-02 1.014475793764795354e-03 1.002253777273519886e-01 1.061444193002801656e-01 4.343026708331988450e-01 8.504946593583704098e-03 1.551368884598707809e-01 5.006888989285876446e-02 1.100870826745657532e-01 8.873231661634319034e-02 2.085094692547758977e-01 5.933760838496517608e-03 1.524047056441537153e-03 1.586476618468541516e-02
1.468750000000000000e+00 1.586041510646787611e-01 1.604193076384104882e-02 1.360367657935596802e-02 1.109494324701594536e-02 3.969153445128008328e-02 2.607915830651437172e-01 1.062862595447190001e-02 4.589266274017470698e-02 1.595861115190990442e-01 6.382628689124389409e-02 3.794870301116637923e-01 8.450090181724321733e-03 1.357337549951479205e-01 9.056687575445114199e-03 1.129837652958004257e-01 2.945965574045621149e-02 1.876803725714204785e-01 6.349953255151812199e-03 1.436262313441962098e-02 6.191725861719026350e-03
1.484375000000000000e+00 2.003343362386483528e-01 2.730035557377761060e-02 3.440985532113246832e-03 9.653528618072262923e-02 9.129114464687392017e-02 3.579335233416725548e-01 1.196948776827859787e-02 1.585020940346828500e-01 1.035122156219384776e-01 1.011969094467165681e-01 2.648409149252017314e-01 1.332281521229762046e-02 1.445925643128733729e-01 4.897892299646702460e-03 4.389071065972480895e-02 1.101423320303601128e-01 2.189701990852159219e-01 2.339784791358299684e-02 3.694531180215937516e-02 3.714034902930170995e-02
1.500000000000000000e+00 7.561728492929119250e-02 6.642385260492325583e-02 2.932274047337631376e-02 4.541776211278187626e-03 1.491659197820769944e-01 1.565787545253683466e-01 4.440227751347726915e-04 7.436350112764398071e-03 1.499102476126580874e-01 3.738711609654625234e-01 7.251063434004196839e-01 5.147018066474176590e-03 2.991443274259726892e-01 1.363607754777298314e-02 5.226103714365296637e-01 5.502483882106239121e-02 7.816274628855977846e-02 8.706218224757896265e-03 8.258670738987521076e-02 2.612938549509961905e-02
1.515625000000000000e+00 1.369217224816416112e-01 1.122028743159994846e-01 2.748205403251747017e-02 2.391795175894020648e-04 1.316312636235809630e-01 1.128505352699244180e-01 9.045620440177014332e-02 2.832515523630975071e-02 1.771117578232388468e-01 4.418212814338876582e-01 8.366575022579657572e-01 2.221000050339826809e-02 2.261203722009121064e-01 1.229186611109122848e-02 2.271830371183834740e-01 4.601982376999310537e-02 1.589779212674192477e-01 8.334064344638054608e-03 7.987770587146910892e-03 1.510724330337550464e-02
1.531250000000000000e+00 1.881873770284341052e-01 1.599868785372779434e-02 1.490532147423991385e-02 2.634125107712660153e-03 1.003808845216026639e-02 4.150201769551717934e-01 7.311279204143382449e-02 4.214207818818324104e-03 5.609318146135778421e-02 2.256419337530526925e-01 5.144542298418752768e-01 1.594111336491586470e-02 3.364507347769711831e-01 1.505791863975136820e-02 7.862259671653999693e-02 1.139458165108848432e-02 2.210212675939531857e-01 8.875224167971249023e-03 5.736199364775535284e-03 2.071023145109070554e-02
1.546875000000000000e+00 2.411397618058599701e-01 2.241447957859895451e-02 2.157814678898169886e-02 6.898742954183035778e-03 2.131917262478713604e-02 6.282650550828315639e-02 6.405910397969062642e-02 6.173265251689962971e-03 2.352702551534167560e-02 4.865454701997638104e-02 8.154722939263682191e-01 6.584261560852930177e-03 1.986301847615205007e-01 1.523482471857976351e-03 2.175463252464190644e-01 1.447957471757271679e-02 1.116113897291954454e-01 8.189297912342205152e-03 6.130431121459313515e-03 2.143272632163673453e-04
1.562500000000000000e+00 2.768526730157375854e-02 5.906860964677407289e-02 2.694918629371434882e-03 1.482296238753154360e-02 1.927850326102246437e-01 6.439017118253984040e-02 3.363105934387378843e-02 1.184120140689625886e-02 2.002392458334840142e-01 1.637278283336902895e-01 7.483569968091920988e-01 1.455953953046578916e-02 9.260423478201396108e-02 1.309358150419092596e-03 5.376071927552350527e-01 5.009016177145426268e-02 2.160305807549161849e-01 1.046902648699815988e-02 3.911050368633330748e-02 1.917387041711907103e-02
1.578125000000000000e+00 4.597232518185550426e-02 6.640036875072094502e-02 2.508101656110162114e-02 1.680729818592015083e-03 3.478909373367712610e-02 3.132466174083928245e-02 8.454564782030184189e-02 2.464453199079683424e-03 3.065283360031108573e-01 1.820442873010081342e-01 7.963160764178283113e-01 5.871706607119566400e-03 1.884569173677715925e-01 1.018676177872568887e-02 4.474796287001562289e-01 3.222070799884143438e-02 8.238319754378799209e-02 1.585505355769987329e-02 2.630437598261853912e-04 2.894804979205178180e-02
1.593750000000000000e+00 2.125586148439309875e-01 7.406602668783528187e-02 4.466223690638005187e-03 1.345742772386009090e-02 2.769731357256534007e-02 1.141622021055092306e-01 2.687729559428718787e-02 4.915046588293156549e-03 6.842989101231379545e-02 1.020061876110514992e-01 6.528441896547331202e-01 2.218340995187579549e-03 2.043145847630595258e-01 1.794368756186647332e-02 3.668789789277844549e-02 8.143187927387865455e-02 2.065580954074554276e-01 1.684150563966787043e-02 5.421302440788823215e-03 2.398809002914811805e-02
1.609375000000000000e+00 3.171280699191827424e-01 5.828248538866896006e-02 2.427916719275630283e-04 5.471676700758738333e-03 1.500599020893411961e-01 2.822140491225410552e-01 6.042213650481670362e-02 4.678167038689625941e-04 1.167421092067361110e-01 2.329468384882080190e-02 5.766930497424558322e-01 1.075777051534452904e-03 4.441427585373338149e-01 4.527614518054650511e-03 1.137920650326286753e-01 1.253530028247274082e-04 1.890794064813691444e-01 3.012245309865593801e-02 2.622804051909326598e-02 3.012537202842384063e-02
1.625000000000000000e+00 3.497612652327888871e-01 3.598068130239542861e-01 1.562200908575613577e-02 1.364428575029910662e-01 2.591248303296729283e-01 2.877859291465890701e-01 3.584147811545782686e-02 1.230105535857283633e-02 1.139796346768214008e-01 4.099475288650294424e-01 2.276238245943688066e-01 6.388067850015329008e-02 4.827918228625707048e-02 2.972863623004194742e-03 1.800812952426257552e-01 9.916774854835565256e-02 1.552918947343567002e-01 3.884028355921045200e-02 8.275242591506512535e-02 5.638813934191302946e-02
1.640625000000000000e+00 1.508266110608685595e-01 8.149961585484119531e-02 7.049454711368770450e-03 6.244824529429865781e-03 9.812078019126172987e-03 2.884256219810112376e-01 8.048969695046596928e-02 2.563929550078003147e-02 4.876975701923355611e-02 5.750970266317639856e-02 5.336644305835400726e-01 1.496608192637610343e-02 1.638684784262093574e-01 4.319602584630111977e-04 1.312162030233340881e-01 7.110784734865395473e-02 3.234583008956618544e-01 1.628998120219470394e-02 7.136659363395814193e-02 2.689403343735903215e-02
1.656250000000000000e+00 7.059938473173665852e-02 5.339822598260934861e-02 7.112288243205271490e-03 1.862808454010040499e-02 4.487598005155374881e-01 1.624095742954749788e-01 1.085744453404190041e-01 1.517925776367365191e-03 2.742796256465470095e-01 2.779509144465414430e-02 8.060585898025784957e-01 2.154508637192038834e-02 3.755944865148543310e-01 2.347811340064660801e-02 2.314769668091485877e-01 5.825316748156944037e-03 1.615277781688197190e-01 2.623061816335019517e-02 6.431829576128350774e-03 4.779504844752016646e-02
1.671875000000000000e+00 3.317890097924935944e-02 1.224194984853103560e-02 7.937310405460487606e-03 2.610337305774102336e-04 4.388768846124419670e-02 2.215828062981536548e-02 8.601417141340934880e-02 2.774297324111322377e-02 1.517094676246847074e-01 2.574228818783435013e-01 8.359217521680344376e-01 1.370513852791251964e-02 1.771850097283103609e-01 1.437700662093141860e-02 5.094504046573647416e-03 8.694903145449488224e-02 1.386646954236061824e-01 1.065343141896279294e-02 3.271149972069186534e-03 7.879882072173691188e-02
1.687500000000000000e+00 5.010394112254897003e-02 9.835998937121255559e-02 9.364242100179850578e-03 2.775914907743270673e-05 8.977709076646528397e-02 2.684366518332893525e-01 5.130520525710606516e-02 3.176182765273280126e-03 1.592098237596361043e-01 1.020422516192587697e-01 8.146965341293199714e-01 1.110480065794599777e-02 5.049752878091617186e-02 9.436331605707426462e-02 2.419224282731977649e-01 3.458976040363408860e-02 1.607819452432031615e-01 9.895535133510883347e-03 5.883433966381092749e-03 1.816758589835707274e-02
1.703125000000000000e+00 8.986316185061957174e-02 1.229156276054045455e-01 2.490215878085491955e-02 4.110264752671883778e-03 7.920146095379727857e-02 1.969910050423701736e-03 2.948266932943948149e-01 6.396773411989256641e-03 7.271277681588225739e-02 1.699776510494609150e-02 8.227170903775745670e-01 6.906287544003745149e-04 1.729546203035632335e-01 2.302902244956573155e-02 2.333149869593802994e-01 6.270448710440090778e-02 1.494678089225305595e-01 1.281678226619373077e-02 4.176678560017768778e-03 4.315571341756442580e-02
1.718750000000000000e+00 5.930859301969745173e-02 4.867515293325079767e-05 2.753183842053224650e-03 3.929243763449202093e-03 5.383141266010896264e-02 2.043903032125471697e-01 3.206345762623522000e-02 9.436273271236503973e-03 1.447021910745742990e-01 1.659789857750196829e-01 8.309868799306414644e-01 5.807110947447591612e-04 4.153178904259822168e-01 4.539783492659183774e-03 2.175423051547186459e-01 1.160953847794952004e-01 1.423075876840374510e-01 8.439586339112910285e-03 1.283206628281428896e-02 2.079873303842227905e-02
1.734375000000000000e+00 9.427432543283754962e-02 8.921829576327300337e-02 9.475280662047081207e-03 7.240485069267368380e-03 3.579137135837962003e-01 1.261537311044659548e-01 1.807103965899341941e-02 5.241131331801681184e-03 2.596637390948881574e-01 2.290622826819866120e-01 8.754862208589722083e-01 4.259566752080983648e-03 1.801311432682091707e-01 1.335449370474878737e-02 9.592401648494736088e-02 3.505174500793764754e-03 1.969989962357224789e-01 1.275772449943536092e-02 6.916077208480859821e-03 1.828774932582696161e-02
1.750000000000000000e+00 3.438224362261121242e-02 1.852165886314820556e-02 4.212841777139558590e-03 1.536908878253885960e-02 8.102884912178423549e-02 6.866667572008124110e-02 7.165712196272868047e-03 1.212124324123373944e-03 1.453475985749348720e-01 5.848981716315247020e-02 7.546970031710157345e-01 2.458639316248036402e-02 2.206002812472240560e-01 2.514445523935847533e-03 1.445940273293836453e-01 2.573469923686169669e-02 1.076958827814250147e-01 1.862193276356588142e-02 5.624002314061615077e-02 7.957576983132560663e-03
1.765625000000000000e+00 4.674264787657726739e-02 4.687588570181276948e-01 4.962996283019112387e-03 2.427898833217819949e-02 2.745088975919636465e-03 9.313036222848050660e-02 2.770832942994843132e-02 2.336074721787625638e-02 1.571245304156878020e-01 5.956212673901227495e-02 7.012905394894011213e-01 7.804956761027584400e-02 2.499808810684394644e-01 2.074508643321254422e-03 1.820711384077445443e-03 1.708988613419279712e-01 9.875868352282110574e-02 3.785569696868891498e-03 1.181168569996211282e-01 2.751871475355765519e-03
1.781250000000000000e+00 8.018133007072519858e-02 7.413149522875119024e-02 1.019667521622984185e-02 8.625940297260814571e-02 2.304083593698736110e-01 9.246972619067606036e-02 1.497011119363498427e-02 9.262416682958764941e-03 9.883449422640143422e-02 1.915196268352898357e-01 2.521993434131400980e-01 1.493114033196365868e-02 9.939650329694037223e-02 9.706590456169521611e-03 1.146031051840973175e-01 1.628936947012904479e-01 3.527466944463584775e-01 4.414972815168124315e-02 9.466305661421457046e-03 1.932036285986708096e-02
1.796875000000000000e+00 3.857145887431399633e-01 5.473401035671556641e-02 8.877858401567855981e-04 1.835392950131971637e-02 1.498768832040159038e-01 1.282643742645844798e-02 7.017337049845871755e-02 3.564925221795112262e-03 1.586148952686874947e-02 7.804533679416757186e-02 7.247732706730540819e-01 4.496805489980709725e-02 3.220756665225873450e-01 1.236548630003022654e-02 3.979176602382890338e-02 2.592394445786053939e-03 7.627595569654144203e-02 9.515840851520570437e-03 2.575504221044075739e-02 1.672467251751439538e-02
1.812500000000000000e+00 1.359105916125860347e-01 2.446352151801059749e-01 4.837765695931669011e-03 4.467881504980588314e-04 2.053379054754095878e-01 7.551386640437333930e-02 1.375108070447292503e-02 6.747978346105899057e-05 1.680507120085496242e-01 9.854400077474934072e-02 8.995443065588670795e-01 4.137386253515710002e-03 9.194883075618622004e-02 3.945288410732290113e-03 4.168534987760131455e-02 8.735103178034572813e-02 1.684997792965991781e-01 7.413724353656847739e-03 1.503354817285196612e-02 1.918184203826191550e-02
1.828125000000000000e+00 2.349647572273613205e-01 1.038991141454422701e-01 2.230309474777867826e-02 3.935672579608205050e-04 1.087379045788071930e-01 5.119249858770329870e-02 5.520385588052549586e-02 1.504429459988461219e-03 1.841995997507796801e-01 3.464685003304311395e-01 8.604752040635352817e-01 2.272657352161280581e-03 5.648164273421301881e-03 2.284550708066319588e-02 1.228604536126886720e-01 5.261317494252686078e-02 2.310353475211526231e-01 1.301047090145791493e-02 3.784669997571523704e-03 4.478582369910090455e-02
1.843750000000000000e+00 5.577729549644127455e-02 1.639665757968345183e-01 1.654248239708212137e-02 8.794948891781934021e-04 2.354130981588626326e-01 1.318928781825401964e-01 5.236076140615991692e-02 1.147853145562397620e-02 4.570412551138453711e-02 3.575743533929288676e-01 9.125524112081431216e-01 3.192904551311281230e-03 5.232425209281865719e-01 1.491502835702704539e-02 6.003984186525705008e-02 1.262594481352161298e-02 1.064464365547642538e-01 1.029013764520228698e-02 1.793136730193343673e-02 1.389190156305155667e-03
1.859375000000000000e+00 6.911758692859340525e-02 1.037258201849717287e-01 3.204639352302118913e-03 1.769883344399889773e-03 2.837698079237868589e-04 1.388755565702846639e-01 1.343108067843032660e-01 8.207095353644547862e-04 1.622904326249801910e-01 8.831967746146600351e-02 8.817077847271571622e-01 4.980704229233010906e-03 3.667219974309459674e-01 4.842954083371256435e-02 3.101972469351038653e-01 6.615578520658529915e-02 1.590725340799718224e-01 7.162637163626534541e-03 4.052618131606816609e-02 4.344010040245591814e-02
1.875000000000000000e+00 1.811580518346584678e-01 4.662647515070197923e-01 1.210560255237921792e-03 1.091377610246270329e-02 1.317193179452838814e-01 3.872035066809805248e-01 4.870997789227393682e-02 9.746809236322319728e-03 2.377429449863162902e-01 1.326858238258447065e-01 8.816562615007045300e-01 9.870744157195486534e-03 9.736620347135750697e-02 1.540011686935471510e-02 3.602972111767884233e-01 7.380708472481466165e-02 1.596947170427369944e-01 9.870888919924649882e-03 3.928602262778210091e-02 2.078934812989893072e-04
1.890625000000000000e+00 6.124284211610531853e-02 1.827850719572291227e-01 4.774805293937765642e-03 1.206346157367622473e-03 1.201317270725829334e-01 3.272200172636151594e-01 2.321618223407876519e-02 1.952484854244990490e-03 1.697944884137501387e-01 1.623088197389982446e-01 8.150845858336965843e-01 6.521213836967380481e-03 2.049745964161127643e-01 3.439160301294394081e-04 2.115363216344130770e-01 7.820696047799742534e-02 1.876433913846745072e-01 1.721408750923262426e-02 4.794514801486825240e-02 2.596844953785309648e-02
1.906250000000000000e+00 5.019166316947757354e-03 2.944069441502071838e-01 1.247682564362924407e-02 8.813171876313171185e-03 2.316495709424906402e-01 5.385455653507752183e-02 4.063195228442820564e-03 2.311575198838212563e-03 1.733018629734452976e-01 1.014424302591707648e-02 7.596436517598365024e-01 6.618958575867765759e-02 3.345521200083226843e-01 1.553142939742979331e-02 1.974178606216479559e-01 6.130104552991210570e-02 2.148421520781490790e-01 3.025476211220107237e-02 2.931652657877979046e-02 7.300345731869876086e-03
1.921875000000000000e+00 2.818480158189543006e-01 1.082621226949317117e-01 4.232764173505590075e-03 1.581339585104810930e-01 1.454496109018108829e-01 1.272072159674302039e-01 4.357429695523521058e-03 8.420627892065819797e-02 1.855340279324361463e-01 1.958093646444223068e-01 3.855054980621286376e-01 2.536018231614756580e-03 9.676826207687781387e-03 1.114329733127156739e-02 1.109205942401416678e-01 4.656664313686219303e-02 2.757390752177245052e-01 1.190494828210178664e-02 3.925832864883581352e-02 1.451464612474548735e-02
1.937500000000000000e+00 2.553237610795642265e-01 3.685934979655521304e-01 2.623469422706423051e-03 3.306854033991297320e-02 2.983472868925326690e-02 7.441101779941921256e-03 1.592487586901421683e-04 2.493717373320061478e-02 8.833821096026005237e-02 2.570297419499271707e-01 6.355005796703956378e-01 4.449906536253525960e-03 6.754653541779430392e-02 2.109930336371490436e-03 1.845986761091896744e-01 9.075108403407138036e-02 1.485616444450182094e-01 1.468462614405474306e-02 1.270656229049487163e-01 6.571767825604501491e-03
1.953125000000000000e+00 1.631937931841512257e-01 4.598091163163398054e-01 3.374923392482061333e-03 1.079862573974975544e-02 1.513955499765786382e-02 1.261389028601671569e-01 8.977984340652125916e-02 2.398179051475134507e-02 7.526659563372385675e-02 1.572602853815601720e-01 8.260842562776932185e-01 2.274643963329466782e-03 1.563371547181716947e-01 1.929092845034971774e-03 1.563821239754287773e-01 4.619546057748129958e-02 1.385120688572245573e-01 1.546473414651335435e-02 4.901887019342070911e-02 1.355753843101349665e-02
1.968750000000000000e+00 6.043697288815502028e-02 8.561615331230081061e-02 5.519901465264416204e-03 6.528610853734473536e-03 5.629278313992360644e-02 1.277543985180812081e-01 4.476828026095093505e-02 6.871551097614157257e-04 1.095586956088639985e-01 4.575889979187897083e-02 8.678267419142772221e-01 3.868614285054666757e-03 2.498868178924802397e-01 3.045134879423619378e-02 2.211634500443267551e-02 2.931653911635437870e-01 1.843791456267943885e-01 1.379531264411197784e-02 2.641592375706187414e-03 1.073481161683471560e-02
1.984375000000000000e+00 1.483189523703605864e-03 6.513685618771267727e-01 1.188915748387608072e-02 4.391886993067282280e-03 1.013540952495340930e-01 8.398897792524168127e-02 9.739850774366229369e-02 1.541744281793288847e-03 1.180823328372101189e-01 4.392839735544998986e-02 8.940358015393743418e-01 6.473258535974181667e-03 1.753734283172108388e-01 1.064858335747533545e-02 2.811060676430272021e-01 3.447539132350764812e-01 1.117064569138733754e-01 9.896993184685698788e-03 9.215030637735849295e-03 1.566963001789180299e-02
2.000000000000000000e+00 1.464289012504243481e-01 2.507251519003161899e-01 5.104352334200666641e-03 6.978454628272907911e-03 1.816272874619157983e-03 1.695499513971052419e-01 2.115551800915196207e-02 1.495004112347142087e-03 2.130806168827044100e-01 4.181350350833692997e-01 9.208625689013362203e-01 4.108126701923842973e-03 5.160312357013654427e-01 7.136733339504820230e-04 7.490840704394523542e-01 2.210140683916845539e-01 2.190492292472149549e-01 8.496610996758888895e-03 1.040665124419132455e-02 1.133629628058545197e-01
