0.000000000000000000e+00 6.507910438437394252e-01 1.438096885168693995e-01 9.302726870489881617e-02 1.769081929497416314e-02 8.470858004179683542e-02 3.458814341998046049e-01 9.462703768780585459e-03 7.979744634435830264e-01 7.921706639486169460e-03 2.135786867069322248e-01 6.834847109066412296e-02 3.051652512763685168e-02 1.315579828119437800e-01 7.993209951212911779e-01 1.967980393061615485e-01 3.816908960391839772e-02 1.382389720645385307e-03 5.120690110489451996e-01 2.589364260606052612e-02 1.413050414154904538e-02
1.562500000000000000e-02 3.811942161957491138e-01 2.304043621435666531e-02 5.269533028316607942e-02 9.310837815933335759e-02 6.982741937016785361e-01 8.562508229050100339e-02 3.958630763425674548e-01 1.452002464111160074e-01 2.179727470197281164e-02 2.792249268604240359e-02 1.591395435550074511e-01 1.467121359235674105e-01 1.894615683453656774e-01 4.767019426001233851e-01 9.041056560253666816e-03 9.889384905944423321e-02 6.465086892119162321e-02 8.202536653782845077e-02 3.389555505849916467e-02 3.156446293759621741e-02
3.125000000000000000e-02 1.447667467553089560e-01 6.866551610575454380e-04 1.323187218087473055e-02 6.748500518524399583e-01 4.942523825276799454e-01 2.178691446884756522e-01 1.475269810082355804e-01 1.710684751506042489e-01 1.640194724031211471e-01 7.552929884884504973e-03 2.048790729953975653e-01 1.877117213387543559e-01 7.574352570901235482e-02 8.159776825834741398e-02 2.410644544547279125e-02 2.441816465430730887e-01 8.530517457242245416e-02 5.040422140349226643e-02 3.069970313191167088e-01 6.646955338110134559e-02
4.687500000000000000e-02 7.542627427630911596e-02 1.676226164423136877e-01 2.481686127416478024e-02 2.597138490726931259e-01 5.424411079661354274e-01 1.907915297965112333e-01 1.937492305474985688e-01 2.750579498350448904e-01 7.382386751650774070e-02 4.679296412028296354e-02 9.872724269697386035e-02 2.336733049129007672e-02 2.550090040291874000e-02 5.402540708556188842e-02 6.652570850979155903e-02 1.305418160244321557e-01 3.146470619022269377e-02 1.559225562254710866e-02 8.054171795601576533e-03 2.076543556106997396e-02
6.250000000000000000e-02 1.238259698484754645e-01 7.582227408276714931e-02 1.666307986395164642e-01 2.238270091671261952e-01 2.272881611615429065e-01 2.347790776043562899e-01 6.318610894202248973e-01 6.657386459477075691e-02 1.525242420733160520e-01 2.828502863045002091e-01 1.473031182993414789e-01 1.505630085492236925e-01 1.950689561450984211e-01 5.726322052376536798e-02 2.713895591195638612e-01 4.373642986807952937e-01 8.982817985590461907e-02 8.356189184023327804e-03 2.510111842457422582e-01 1.292403767808335269e-01
7.812500000000000000e-02 1.293418023316598997e-01 9.613093998075787627e-02 8.165713672343852259e-02 2.854967780408638328e-02 2.357004694530487332e-01 2.476602238155952429e-01 2.710409367953162119e-01 1.456520676193632201e-02 3.520029542091215879e-02 2.326085178215174798e-01 1.368217153848553802e-01 1.206931756570737285e-01 2.295228972010502841e-02 2.473519067294602802e-01 1.923342997805857491e-01 1.595779793252634637e-01 3.107071568282339033e-03 3.638810654799442667e-03 6.941616846875743596e-02 4.754158598264357494e-01
9.375000000000000000e-02 4.239193368993252053e-02 4.957195393004189266e-02 2.535382775101022723e-01 1.442724051182181777e-01 2.075034723521332058e-01 3.020256156718461593e-01 3.726951083343688076e-01 1.126674587094682878e-01 1.823251134655898623e-02 2.082214991488494926e-01 1.221371515969544713e-01 4.403921369502496186e-02 1.289344860696941542e-01 3.409388977948856758e-01 1.161333974286799658e-02 2.259185379163000107e-01 1.325327944079995046e-01 5.208950675046034040e-02 5.937908561826807374e-02 2.892311961444725688e-01
1.093750000000000000e-01 8.227567014247456900e-02 2.956632744195521467e-01 2.033823612173293327e-01 4.395170216935283952e-02 2.534418689494749022e-01 1.934914518669573202e-01 2.846141571510242274e-01 3.246460368844553135e-02 2.697142503275548053e-01 1.414938711419940487e-01 1.314515418271002545e-01 8.456213412451052402e-02 2.148634416435732733e-02 3.946267463111058360e-01 1.501559226835031194e-02 2.616990501784904888e-01 5.532387514995637003e-03 8.710355682129342081e-03 7.123070689099248592e-03 9.573940290272114906e-02
1.250000000000000000e-01 8.202856978880065930e-02 6.323580703239140011e-01 4.305459695741763460e-01 6.076001402575586380e-02 4.214504710325764347e-01 8.777751001625656857e-02 4.849377770972874147e-01 5.087742650154426505e-01 3.735789390247515329e-01 4.973780360345636531e-01 5.115428483209275567e-01 4.614122580708076432e-02 3.979351741398411968e-01 2.520175787429321246e-01 1.989486469976214575e-02 1.782598969202912054e-01 3.302262798070270122e-01 2.643330113725271824e-01 2.322899290021902263e-01 2.793856477303952590e-01
1.406250000000000000e-01 2.036462346044450034e-01 7.778162208779579867e-01 5.758919040635884778e-01 1.718905559493848767e-01 5.832072337554020658e-01 7.207672676082573782e-01 7.497925410787231737e-01 4.113425761269460246e-01 3.515010644738792989e-01 5.845180387547053158e-01 7.378867720903876659e-01 2.010153929920066029e-01 4.544023322205945625e-01 4.098139934440678811e-01 1.211902477027996944e-01 2.303080103125251799e-01 3.800219052217569948e-01 5.537493780397021448e-01 3.021069726625361662e-01 3.096378784131305628e-01
1.562500000000000000e-01 6.294764269064589968e-01 8.538246343933226790e-01 8.565947295598156375e-01 4.718849384980546291e-01 7.663987771004281413e-01 8.649369243299275256e-01 8.170141515770624752e-01 4.563932813247757458e-01 4.229888556484114326e-01 8.548549689144905317e-01 7.502444022088701203e-01 4.921129703199617622e-01 3.614948467205554294e-01 6.045552837311282124e-01 3.804764078675209604e-01 4.886885048975579404e-01 8.852289511240430953e-01 8.011131983193270356e-01 5.786061074932491444e-01 3.352384646497764686e-01
1.718750000000000000e-01 6.165889688861286855e-01 9.188415478252657254e-01 9.014935450145420415e-01 5.873494203357103594e-01 8.511723754040187995e-01 8.710499932840606307e-01 4.997038402174922012e-01 6.681884026140750832e-01 6.595303299771483330e-01 8.206839024960141948e-01 8.068318365201754272e-01 5.449958040254669900e-01 7.575011363675258069e-01 4.964718319662835833e-01 5.939557399708846885e-01 4.653878308868960034e-01 9.039863043609120963e-01 7.165863495116217008e-01 8.036528364886758036e-01 6.768112214934112192e-01
1.875000000000000000e-01 3.017337609409621590e-01 8.900508111589657823e-01 8.211710424309690559e-01 3.920707248439979642e-01 4.297264318145757045e-01 7.922130525425943315e-01 3.321340093927790948e-01 2.699646598665083608e-01 6.525248639187187782e-01 7.697629904353923136e-01 8.141483760885220855e-01 5.762092893573982355e-01 7.534141579269871825e-01 7.797421259737614685e-01 4.463663945056902116e-01 4.786658143508888408e-01 7.021681400082472324e-01 1.462174031096293569e-01 3.759232212059130940e-01 6.624700939234106079e-01
2.031250000000000000e-01 4.690591440088414110e-01 9.000328516429401127e-01 5.659234558215979760e-01 4.445071740425464712e-01 3.913704567153914460e-01 6.423957694890348735e-01 4.356409775666116868e-01 8.931820962835854139e-02 3.466976525069419002e-01 7.137447258380251736e-01 4.360376445179218741e-01 3.684137569240190646e-01 8.479477112463609245e-01 3.870883131289512002e-01 3.211115747875135651e-01 2.988912801901789651e-01 7.559132019279843906e-01 1.467503035740722050e-01 2.360430929826876079e-01 1.849685061529264818e-01
2.187500000000000000e-01 1.235104357823321730e-01 6.672731162872234112e-01 3.834148524634796718e-01 1.121892864061504180e-01 1.920929813156296018e-01 8.257031989135037442e-01 1.083464210714302559e-02 1.023180744756230220e-01 4.142454758490207722e-02 5.965922522699254049e-01 5.167339122377049287e-01 2.189822510139232126e-01 8.644313625990123207e-01 2.005247736847669549e-01 7.581916582366566848e-01 3.476267592090099834e-01 4.449388001118895763e-01 1.861978425228540124e-01 6.310543742241166987e-01 1.928445476911727907e-01
2.343750000000000000e-01 3.722439250043801939e-01 5.931290493556532484e-01 1.222485754669229950e-02 1.242784030481192820e-02 2.366564338480077190e-01 4.855306569470210221e-01 2.906056914118701831e-02 1.897167347387712644e-01 2.245523420759308331e-01 5.146546530965114830e-01 2.169993669967661964e-01 2.127265204180277536e-01 6.361081223600122403e-01 1.944293807239368954e-01 5.411538355979103043e-01 3.925998933062116447e-01 2.796487608166409178e-01 5.557190668697904734e-02 6.474461319733224585e-01 7.709934116254323067e-02
2.500000000000000000e-01 2.430625727609495024e-01 5.116875178390909440e-01 2.471338711687330048e-01 6.440981142893897893e-02 1.647933610027738083e-01 5.986605528439192803e-01 3.787830846891553915e-01 1.017436410644233097e-01 2.584131741298864027e-01 2.974329523465909508e-01 1.907882150180418568e-01 1.373249363609518880e-01 5.250353503227486174e-01 1.198063342296654399e-01 3.021594738409495440e-01 2.824854316032805457e-01 4.701652861102465497e-01 9.933710662107607392e-02 3.864428981069756297e-01 1.388726405057367774e-01
2.656250000000000000e-01 1.285125128980800779e-01 5.713700664985313926e-01 4.339691289925554640e-01 9.569245821722682788e-02 1.898745620301618420e-01 3.573461445467999709e-01 8.593217639905510741e-02 2.069148930456914393e-01 1.306723803717436683e-01 3.689410255751159745e-02 4.486414026144480705e-01 2.032706158503162497e-01 5.713006871872036152e-01 3.645122080139717169e-01 1.305248512785643633e-01 1.537239225679175869e-01 5.093088856288437993e-01 5.106086931395176914e-02 1.674349860649823885e-01 7.269343714171590254e-02
2.812500000000000000e-01 3.951722747587422813e-01 6.965680263233320346e-01 5.098658066835671798e-01 1.276155013083181688e-01 5.675997489295756537e-01 2.052882401298667669e-01 1.286343543405918909e-02 3.181715090528928758e-01 5.277495882885026995e-02 2.767646548066041157e-02 1.226563209639009236e-02 1.897510691750924627e-01 3.512112427124507996e-01 4.881028963257140196e-01 1.475839072505313043e-01 2.187118039717848850e-01 7.358729823568497252e-01 1.003144163400293692e-01 3.517448701708507652e-01 3.349047249954534844e-01
2.968750000000000000e-01 6.026798977630721810e-01 5.335937859857275978e-01 1.428150242701907713e-01 9.581128150303432067e-02 4.279053134937181868e-01 2.831949702897841870e-01 1.471745491047509943e-02 6.073720938865637686e-01 6.982656232188035050e-02 6.379041780681578289e-02 4.009655446389768230e-01 4.728103067410520111e-01 2.784472861787733455e-01 4.703928686559181171e-01 2.191987084989109602e-01 3.726099800632552417e-01 4.397487817163751034e-01 2.210949951907414945e-01 2.853838408068841703e-01 3.574234111827994109e-01
3.125000000000000000e-01 1.587975396188222310e-01 5.084634726933374704e-01 5.885539994440999179e-01 2.115089673066499198e-01 4.017221008751992173e-01 5.640670761679383166e-02 9.328281279142440485e-02 6.276076836690985816e-01 1.934664324815837388e-01 8.444766291357848342e-02 6.484533690566290920e-01 1.786628560650893871e-01 5.126156030366615379e-01 5.594762716498939970e-01 2.693640754054856257e-01 7.787230513502139961e-02 6.778201906614155225e-01 1.515505066398163680e-01 4.809125765695329568e-01 1.438702697157551169e-01
3.281250000000000000e-01 1.541068052324038595e-01 5.067443028008769002e-01 4.644179271385264762e-01 5.531612843754175612e-01 2.472826945256430820e-01 1.548715208882013028e-01 1.589306222115469402e-01 1.474765355846803794e-01 3.682899902474965348e-01 1.122182511637775243e-01 4.972199381948541053e-01 8.725066343597434604e-02 5.028413772508085744e-01 4.207286059452249316e-01 3.005447739459891632e-01 1.458617729381571707e-02 1.419481905324249116e-01 3.626716721446400782e-01 3.709344333206471278e-01 2.527775604692987232e-01
3.437500000000000000e-01 1.202416155232922251e-01 5.679898363341517875e-01 6.871525714231445370e-02 1.240291054413874272e-01 1.620704345020529229e-03 3.515134854910327289e-01 2.178346062932961236e-01 3.283804154437556383e-02 3.683786749680947881e-01 1.267488571344946580e-01 1.977548972303758146e-01 1.022551366613158041e-01 4.030760556938054462e-01 3.079730553561427775e-01 5.990822141185718763e-01 2.551284934220094391e-01 2.697348346439518707e-01 1.190526556278620612e-01 2.620848941831574810e-02 1.786520109993833261e-01
3.593750000000000000e-01 1.554686776959652780e-02 5.477870740947373696e-01 1.347540106702426466e-01 1.713668498885854152e-01 2.450796980913737266e-02 1.565887913421165067e-01 1.929681956164593370e-01 1.032732029831585768e-01 5.294859363075791192e-01 2.814735180481649501e-01 4.510643999951194916e-01 1.232974583177597200e-01 5.813123013358117985e-01 6.815822255465436852e-02 6.372279884289531182e-01 1.667313382069182393e-01 2.640491361068758591e-01 2.911526175520363080e-01 3.448022307677680032e-01 2.063759240008287699e-01
3.750000000000000000e-01 1.338877330555183209e-01 2.717184040235597342e-01 4.814394126342899649e-02 2.700068911770606150e-02 7.517533486689641220e-02 4.762904255394352637e-02 1.673838079805806955e-01 8.733448788494326193e-05 3.259434614312489153e-01 7.106667842791478118e-02 1.083716921178886489e-01 3.064948646701996515e-01 6.387092218036619640e-01 1.655272641571596537e-02 1.340880340735715881e-01 1.226316028181309720e-01 1.858623431695016759e-01 3.807215844389467696e-01 5.035461004787321615e-01 1.680171644004289366e-01
3.906250000000000000e-01 1.839946169120865727e-01 4.521183864791087359e-01 5.514580408245910448e-01 1.205327475986729124e-01 2.316406582327084629e-01 1.373261045554427517e-01 3.427349072222131698e-01 3.488148248967593013e-02 7.893466100777887795e-02 6.208540767558934359e-02 4.843303048180143122e-01 2.638168655659992590e-01 3.252141020685259676e-01 1.833096442859764169e-02 3.840715009564774629e-01 3.777850915573851553e-01 1.031247401002067937e-01 1.121559971671759887e-01 1.526586488406023456e-01 1.940616640090658263e-01
4.062500000000000000e-01 2.101126817297318539e-01 2.799447729912635796e-01 5.237564598537288729e-01 1.397480399284585506e-01 2.012709716230639267e-01 1.517690481427917681e-02 7.875463324986365157e-03 1.236823085891416707e-01 2.423545108995995845e-01 5.579768931587941738e-02 1.444262758394607507e-02 3.783081724032607424e-02 1.332029854102572408e-01 6.286034168044558890e-02 1.564529575516387105e-01 4.107012174612574840e-01 3.604884447971236638e-01 1.388160255020112407e-02 2.065933937113601793e-01 1.165555486662743917e-01
4.218750000000000000e-01 7.883133463922308015e-02 1.603619452375492083e-01 1.109070341641229807e-01 7.225956347960633963e-02 4.649634093063655105e-02 1.336495108858002101e-01 2.826913248055740735e-01 2.018895694836143340e-01 6.036772913747656677e-02 1.602289669546665962e-01 5.665704266645738181e-03 4.220219871969110165e-02 3.577095605460240413e-01 6.680932349351330346e-02 9.825048623657295366e-02 6.771994170962390008e-03 5.514527025650096947e-02 1.291392234344168888e-01 1.041144200574253831e-01 2.163752200018015381e-01
4.375000000000000000e-01 1.880086773488684193e-01 4.694553721982445797e-04 3.998928958357355623e-01 8.574287096860980228e-02 4.360951981021742307e-01 1.248064422228817999e-01 8.343046350663384236e-02 2.114903066631125539e-01 4.824830517207785024e-02 1.726537271587905154e-01 3.239425180900980528e-01 1.272054392662460842e-01 3.475128491874286407e-01 2.873547408057339214e-02 3.647282436136205924e-02 2.725055378585548166e-02 6.341688967251027376e-02 2.818702838169305225e-01 2.369425036077155156e-01 3.047064382520303649e-01
4.531250000000000000e-01 1.933988835605969792e-01 1.706274098340046508e-01 4.637674110574109554e-02 1.221194612439425869e-01 1.560067004168681215e-01 5.920739366414059200e-03 4.256071125693936669e-02 1.099332518951878918e-01 9.658692000377688824e-02 7.673859217798027765e-02 2.245583334592461677e-01 7.693209438751853757e-03 1.265216268362672758e-01 3.119155396422049198e-02 1.579866504478660838e-01 1.977145024138165785e-01 7.146343421823876663e-02 4.617993906887801203e-01 1.008989937325191627e-01 5.432861817039046776e-02
4.687500000000000000e-01 2.042260092593757570e-02 4.486568431324533535e-02 5.161542280081999994e-04 1.429516909089731114e-01 3.170389700738401872e-02 1.392662699778124125e-01 3.689427446179361358e-01 5.343063641648957418e-01 1.417494070491235325e-01 1.334735691078003939e-01 1.079219900976190610e-01 1.053244606593778249e-01 1.471998920223050594e-02 4.576079917981588918e-02 2.954969523074258905e-02 7.030928635819613803e-02 2.391850357662922977e-01 3.961497157619369158e-01 4.818940974774495178e-02 5.545188197730522434e-02
4.843750000000000000e-01 5.379993473732199577e-02 1.498322709486378523e-01 4.534511020406752080e-02 5.262035505062748891e-02 3.185324804957314071e-01 2.100819973414052577e-01 1.933260566939647429e-01 1.055281549909006522e-01 9.983655337843493072e-02 3.695483298557438595e-02 7.807885754888589658e-02 1.862277880871065494e-01 2.748671005283467306e-01 3.724586532063982932e-03 2.821945112631823460e-01 1.417552013521835262e-02 2.267162339443172525e-01 4.226620956200367873e-02 2.404512605284095939e-01 2.755069049316170582e-01
5.000000000000000000e-01 1.037234898662650201e-01 5.147047819449653699e-02 1.456467686831768305e-01 5.413348432688730449e-02 2.574203249026755028e-02 7.654189181102949435e-02 5.800390391975270704e-02 4.505471767261170352e-02 6.612979663474776171e-01 1.850345990315634681e-01 2.284303320217691280e-02 2.728459436129515581e-01 3.160477148875526221e-02 3.197390274149479183e-01 1.481250404853931835e-01 2.989779453898918082e-01 2.385732296648730433e-01 8.771023818794761173e-02 1.160909722764798396e-01 3.808316839685528254e-01
5.156250000000000000e-01 1.425182761162298306e-01 8.036308292956756763e-03 2.625527047287938842e-01 2.041585305709949505e-01 1.744804721396450153e-01 1.683899213070715606e-01 2.304598859385576237e-01 9.108799636885388934e-03 4.623571274062085457e-01 3.314701669338908641e-01 1.820902538456677100e-01 5.744751932307838593e-02 1.523095108840288037e-01 5.407342567001468536e-01 5.421211316361969346e-02 1.994382265001803656e-01 3.669567911999617182e-01 2.714205647070707661e-01 5.933463648224674980e-01 3.523021783920071148e-01
5.312500000000000000e-01 7.491391644613910883e-02 1.249171525534085309e-02 1.250401766664526737e-01 2.798935484824248698e-01 2.061681586161645818e-01 5.894185976467336552e-02 6.006481140910168576e-02 4.821790987469831008e-02 7.728088179714141283e-03 1.624938963421966032e-01 5.274708643425425614e-02 8.708245179435926409e-02 1.377610138023104558e-01 1.863418779223660060e-01 1.058477947358949789e-01 1.514843282721128892e-01 1.396793626606873673e-01 3.375762040063617214e-02 2.166031959592573664e-02 2.299650124048568667e-01
5.468750000000000000e-01 4.255314402881933168e-03 4.962528715059552620e-01 6.900407438299193709e-03 1.146550214942909235e-01 3.751836635036391310e-01 5.573721562925022105e-02 1.124208530892703041e-02 1.917814978879705257e-01 1.088492906002827970e-01 1.571834162822552949e-01 1.254178494130998578e-01 5.767465494421174232e-02 1.186600282971750214e-01 3.514938278162629132e-02 1.303232881278594824e-01 1.605987185701844289e-01 2.621225864340170353e-01 6.924824717798142536e-03 4.889166550724221016e-01 2.440626970527115247e-01
5.625000000000000000e-01 5.010280020627363301e-02 3.507815867328427650e-01 1.666152321127242208e-01 1.186356382749229194e-01 4.117966117544074461e-02 2.277488232340410812e-01 6.075490496280181590e-02 1.478042441183022582e-01 5.235690056711302109e-02 2.037321081490580665e-01 4.510511730925623880e-02 1.733986888480072708e-01 3.008378031465158142e-01 8.722688053927231400e-02 1.219883465089235119e-01 4.778360512593220477e-01 1.311512373874940823e-02 1.423864481685462868e-01 3.407083613568830383e-01 4.174817351321308961e-02
5.781250000000000000e-01 9.492725920438818688e-02 2.331186421809129938e-01 2.133719601883084238e-01 9.532693441040866744e-02 2.832099242403014472e-01 1.330082129135057648e-02 3.115048771671692363e-01 1.801736620648569931e-01 1.541543362980987751e-03 7.505824327969824739e-02 1.732996307755607923e-01 5.296038720766175212e-01 2.095032955979565237e-01 9.243474572537818679e-02 2.695517560553528646e-01 1.779134925320545180e-01 1.374688284352467219e-02 1.803165308941435258e-02 7.802900513164033602e-02 1.735677588151161854e-01
5.937500000000000000e-01 3.145930635685756371e-01 4.145534879356146951e-01 2.373891797749034388e-02 2.092539862021911279e-01 3.444118945304425194e-01 6.407737262289180113e-03 6.515978751237512523e-02 3.419296584764962982e-02 7.645519443637652235e-02 3.324062426505281203e-03 4.470183952447634446e-01 1.503119786211312703e-01 1.422590053863845017e-01 1.331758723594852756e-01 1.395818327569535999e-01 1.994158495228195160e-01 3.905111957865461392e-01 6.364356860288542493e-03 1.606761376363324278e-01 1.625375945710308689e-01
6.093750000000000000e-01 7.105306091742497054e-02 2.534279715703529612e-01 8.927241821316977965e-02 2.772893323779889729e-01 2.246876711461435194e-01 6.521162004879241247e-02 5.539517056269503692e-02 7.822325651512139488e-02 4.401629268845658194e-01 7.867239513726051459e-02 9.541226205264539961e-02 2.634345342487241001e-03 3.116634030415780382e-02 7.079964630121027280e-02 4.344288151788875951e-01 1.073949433801350273e-01 1.155028049971938003e-01 4.134143075405103396e-01 2.669029472551196977e-02 5.560188549072623936e-03
6.250000000000000000e-01 1.142187302796823269e-02 8.992539650108001548e-02 2.373240615701602621e-02 2.302389164779426178e-01 5.605955047294513063e-03 8.305619804384754834e-02 1.635178075745298276e-01 2.259224028248451588e-01 3.352483512845574332e-01 7.682369324086300855e-02 3.874570524942032301e-02 6.636613274097173665e-02 1.880804096099827627e-01 1.063660280871057823e-01 2.320906824981557592e-01 3.083301864059820319e-01 4.615389835515055356e-02 3.818202768897561161e-01 6.970552797438797632e-02 1.228428193933491369e-01
6.406250000000000000e-01 2.254916485154665473e-01 2.011961905238955975e-02 4.658537352840084328e-02 6.106325513542783245e-02 2.073326254338846708e-01 1.125948036946232845e-03 2.907006860180277319e-01 1.193349101601389739e-01 1.586839659107159087e-02 2.325379706091624810e-01 4.052020707227712432e-02 1.409640741111267137e-01 2.311409184677657158e-01 6.742276449928043258e-02 1.205535415295456575e-01 1.811704211320088187e-01 7.842706065973953367e-02 9.070314946514486387e-02 3.140164271061176016e-01 2.262583838500623890e-01
6.562500000000000000e-01 4.842681630318607794e-02 8.707124150134930643e-03 6.707605560845641968e-02 5.172983506509418183e-02 9.274987254431345945e-03 3.215726488579219167e-01 2.991882960675597281e-02 2.092359104497703293e-01 2.698405177098404106e-01 1.632609674003115408e-01 2.744733475523961075e-01 8.169666788331933494e-02 7.999186237755331885e-02 3.501632228603038244e-02 4.989822383841574505e-02 4.449089399056536248e-02 1.073681137046963857e-01 5.846692317377751719e-02 6.641776494515778950e-02 6.604276965527942911e-02
6.718750000000000000e-01 5.798058639802922132e-02 1.050185922071035088e-01 1.697880346697075993e-01 5.641731147599632346e-02 1.064093575959154832e-02 9.153500656779320344e-02 4.291832211595374147e-02 1.445066758588736122e-01 5.841311808322127708e-02 8.092797688369865461e-02 3.305950589443799603e-01 1.727597835392879755e-01 3.021772802727185764e-02 3.447927018262558069e-02 2.640276211399421036e-01 7.099730641221183025e-02 9.459856016104535581e-02 2.569752603373767069e-02 8.666884441772039482e-02 3.655271075371074180e-02
6.875000000000000000e-01 4.551807668665150408e-02 1.252640437834323661e-01 2.042714026519315551e-01 1.297608208105965610e-01 2.076061054869737244e-01 8.014889939713129227e-03 6.777419870969537963e-02 8.211297298160763480e-02 9.559823239034204168e-02 1.241152189904694558e-01 1.299640210329054135e-01 3.737871746615004098e-01 2.290257096203028586e-01 6.117785275651307919e-02 6.295362904219851952e-02 7.501225087293408866e-02 1.284821479267903022e-01 1.933056490254634815e-02 5.401556815157909641e-01 6.950781703058087936e-03
7.031250000000000000e-01 1.135043468730212489e-03 1.767117923932804147e-01 2.335820901077285683e-01 9.115555007230032036e-02 4.187271823474964655e-02 5.333412243342044307e-02 4.423321179860190133e-01 9.824738716033688812e-02 2.467608738537228896e-01 7.897301774438506006e-02 2.212704026860609907e-01 3.844634403110633314e-01 1.163448382867426564e-02 6.535413546432689014e-02 1.836020549390509626e-01 3.611297255231977772e-03 2.498543287175433725e-02 1.329186855141340495e-01 1.761348813712124498e-02 2.734881629021177971e-02
7.187500000000000000e-01 1.698980895707473404e-02 2.327879144346461926e-01 3.964897629478140312e-02 1.543572333830311727e-01 1.064275439403421925e-01 4.436461167427662722e-01 2.679227425526964357e-01 1.162457761634973774e-01 1.277808805021722338e-01 2.328213630472662776e-01 1.009005694347199916e-01 9.900427757298015108e-02 1.200267436195356641e-01 1.048416906164470613e-01 2.473492508736525181e-02 3.876335804014807707e-02 8.560070069978651698e-04 6.836729223160029241e-03 2.657498660122901701e-01 9.845959442315969923e-02
7.343750000000000000e-01 1.668297292129662657e-01 1.315044391576516702e-01 6.833958565346723302e-02 2.589591136353946443e-01 3.289564969599502176e-01 2.568609436100751098e-01 1.302092964329891744e-01 1.098803927725185009e-01 4.702497765121806395e-01 8.957210387909887717e-02 1.405190882837034083e-01 3.511643619068460787e-02 3.338670840543386809e-02 3.043512898863893201e-01 6.226958601239519775e-02 2.029805297148949139e-01 8.858059467205037230e-02 1.177712603326214469e-01 8.928717479917062938e-02 1.721935927860424320e-01
7.500000000000000000e-01 2.408787508119802911e-01 2.622227580154510296e-01 2.715705297077137259e-01 4.036738715067913347e-02 4.815020395241105811e-01 1.253137818365784861e-01 5.781632186123341482e-02 1.513387800630278390e-01 2.080900673144144286e-01 1.095191617734199568e-01 7.531793315630671941e-03 5.139398829308776395e-02 8.656039585440225559e-02 4.776502386256874511e-01 1.435899778067242175e-03 4.356957575649011982e-01 1.721316275658514583e-01 2.641472124691403578e-01 1.036560628223985037e-01 1.469004554586429978e-01
7.656250000000000000e-01 2.205365115209449722e-01 6.166093348171854810e-02 6.055928335598114165e-01 6.688679775557654361e-02 2.503340759482524103e-01 2.035435435921987835e-01 1.003803977630907639e-02 2.508470440091937759e-01 2.000465032931660614e-01 2.526123678657586913e-01 8.333593389422278008e-02 7.154737879226522046e-02 4.801286973471742270e-01 5.648148462502321568e-03 3.818251836698906276e-03 3.710069994208379379e-02 1.030100017152182912e-01 2.374660517748307387e-01 1.345770191613494260e-01 8.412360512664948664e-02
7.812500000000000000e-01 2.524871804598851494e-02 4.984842406928892133e-01 3.656350231649113103e-01 1.506466010122625987e-01 3.240806483827756712e-01 1.898816322102515608e-01 1.621224631068269029e-01 2.822548305456317186e-01 6.027259712693772836e-02 2.605301195243017176e-01 4.059208852528866096e-01 1.769385470154362719e-02 1.606542514055996629e-01 3.041285985514816104e-01 2.631308690017873653e-02 1.468635789941593051e-01 8.534296535584971755e-02 9.534088067428034274e-02 3.731858833872394032e-01 1.406271589961952673e-01
7.968750000000000000e-01 5.962898609686018842e-02 8.282401014484859492e-03 5.047988300072621393e-02 3.731261909768895380e-01 1.325798559790431486e-01 2.911234536655734825e-02 1.810625914795389590e-01 1.666207189862617746e-02 2.607679282025779366e-01 3.148150515621732370e-02 1.521145834918734563e-01 3.534007677158190752e-02 2.629256846816998006e-01 2.522885946056961926e-01 2.800090172621997123e-02 1.372145726039002978e-01 1.006268715483631983e-02 7.513395912020513767e-02 3.902282391801627504e-01 3.408371059618735960e-02
8.125000000000000000e-01 3.448588994023476378e-02 4.081649965719860718e-02 9.841110151699421216e-02 3.613673252640826616e-01 6.653988452276610177e-02 4.698781445772730603e-01 1.818383293996228556e-01 2.791409403610383561e-02 1.228810903882037037e-01 2.841772149385630164e-01 1.710862766984002151e-02 1.264634467509746785e-01 1.765379244758974175e-01 3.078908290723501862e-02 1.153181202975199632e-01 9.143797953667456846e-02 1.829242764024188450e-01 1.778738823755225407e-01 2.036209367638465717e-01 4.303167082634262036e-02
8.281250000000000000e-01 6.518070039133891380e-02 1.633484059787797260e-02 1.390796930329231407e-01 2.496611989378967611e-01 5.597974110967194467e-02 1.325960025220720429e-01 7.955479102758217236e-02 3.065913796799449309e-01 7.992183448320542075e-03 4.099708207743165134e-01 4.191822877201766516e-03 9.618245429575551786e-02 5.206456344590471019e-01 4.270492577167293580e-01 2.288181749493406747e-01 9.591744641927404946e-02 2.813508425549096983e-02 2.885339422766287631e-01 1.743824080063869630e-01 2.752519823986893099e-01
8.437500000000000000e-01 1.426804402723756138e-01 6.140117541902646858e-02 3.235020347380602734e-01 2.347511765343103171e-02 7.380991455861674044e-02 2.009792644173691648e-02 1.039214236263420743e-01 2.255718561643087205e-01 1.673304601659226024e-02 2.186637550119921170e-01 7.336851086628481955e-02 4.275041703895057221e-01 2.950016276570281010e-02 2.122186299365608209e-01 3.468490627221618161e-02 1.588664677570299222e-01 1.886636845798153328e-01 1.146564408522467160e-01 4.758007500674862889e-01 3.422353618229521111e-01
8.593750000000000000e-01 4.056108821615796167e-02 9.695048943101260142e-02 3.772223668080956771e-01 2.024648255904414329e-01 2.495170425366297906e-01 1.444021132175715150e-01 1.849689484456160452e-02 2.145667694442242313e-01 1.116583200017808586e-01 2.198784947356098030e-01 1.096001846579242461e-01 8.348175131583307484e-02 2.037709237359996151e-01 8.252656199232036305e-02 2.432453143595121603e-01 1.903538743801960406e-02 9.083321320809520372e-02 4.538721067118992036e-02 2.317741246367633345e-01 1.135249366271093990e-01
8.750000000000000000e-01 1.829321389582994062e-01 7.750106648227586548e-02 9.202728133418149048e-02 2.566122383714294908e-01 1.514005820399735858e-01 4.157486849154494457e-02 1.322936935329565578e-01 2.439008509143429648e-01 1.801688126863111306e-01 3.227034195675117321e-03 1.709679476764363326e-01 1.427942634352592499e-01 5.568154119843572204e-03 1.430811150228562811e-01 1.732952241207909583e-01 1.607010772702909818e-01 3.757266096253103482e-02 7.349362476013845957e-02 2.102123087127394027e-02 2.087072436020226684e-01
8.906250000000000000e-01 3.627191711609520537e-03 2.799594817127676327e-01 2.508717097778483396e-01 5.326256891356255518e-02 3.684070105072534407e-02 2.833112659048894495e-03 2.181865264556734907e-01 6.296454300099633972e-02 6.972285433511253572e-02 1.132968113159501661e-01 1.246978550593648288e-01 1.133549441993618873e-01 1.629761962511006856e-01 1.925478497743168121e-02 7.237125679631291851e-03 1.675563454112939110e-01 3.995725307977979895e-02 1.053597355126894772e-02 2.446283077556358487e-01 6.423738919932420188e-02
9.062500000000000000e-01 1.727818704551786766e-02 1.732083620400340640e-01 4.839164009382252579e-02 1.413155299436115730e-01 4.892866456410968068e-01 3.495039201635724568e-01 1.739377909092775509e-01 2.344942840864866701e-04 1.093945079867522131e-02 4.359264620020360248e-02 8.471573610954350950e-03 2.259758510480295579e-01 3.937853515593965903e-01 1.426449521964307521e-01 2.423546615526970538e-01 2.863897203454328078e-01 9.083304085903863567e-02 2.190208206800672575e-01 1.245205801079300734e-01 1.333757145910439146e-01
9.218750000000000000e-01 6.477286799194365008e-02 2.706721882036262072e-01 6.513781997568962590e-02 3.780349148443361285e-02 1.698569010134814705e-01 9.793843061022054763e-02 1.687989433660523064e-01 2.674089328566727625e-02 2.922104734649326463e-02 7.472289729911600620e-02 9.179794830117070370e-02 2.044364394018333975e-01 5.337162988368091693e-02 3.428748133351792321e-02 3.784357641830691787e-01 3.344259679699462251e-01 5.238681253461374004e-02 1.257767361404962536e-01 2.727083033786784627e-01 5.216743777782404390e-01
9.375000000000000000e-01 6.843499230684234325e-02 3.406941127658835722e-01 2.217813199806675795e-01 3.491564624170154230e-01 9.009690292878000384e-02 1.937762818298027490e-01 6.459659874855039341e-02 8.553797766479780129e-02 4.164524115773849539e-02 6.738286911147873745e-03 5.553660666576374152e-03 2.189794816350169870e-01 1.187554171547159157e-02 1.120591384682076141e-01 4.081277617902558108e-02 6.801306027788898978e-02 2.202258455196443379e-03 1.309934689826948787e-02 8.764162725166643741e-02 1.012349027488067127e-01
9.531250000000000000e-01 2.019461499419027486e-02 1.699859122096832043e-02 2.147715211819923586e-01 2.669730752560652842e-01 8.303832146150372240e-02 1.288730155501520980e-01 2.390689527485130028e-01 6.951629252283601790e-02 1.521885521634712586e-03 4.268068899680671491e-02 5.431001058681701743e-02 2.464140419799763504e-01 2.265962681677171908e-01 9.612954249117502611e-03 1.853996164209880670e-01 3.150105982340396793e-02 5.324007171156069224e-02 3.842938474436667362e-01 1.178060915299221495e-01 2.359785356116970989e-01
9.687500000000000000e-01 2.549831319168486821e-01 2.519071090881458974e-01 6.107241270439165565e-02 4.368082303191506838e-02 4.280258554201343130e-02 8.593297696045962275e-02 1.548797894732746594e-01 3.964859161359663570e-02 1.887057027062858661e-01 4.145919666830692046e-02 2.542083918616226956e-01 1.290910379560575583e-01 2.715262911751093605e-02 3.672921702235444896e-01 4.022918885994955507e-01 1.118553774724710959e-01 3.378832099865494709e-01 2.928021883527575087e-01 1.920085928180183948e-02 2.936648564389306992e-01
9.843750000000000000e-01 1.173764522391386178e-01 1.687836651794671350e-01 1.137467748611252910e-01 2.825501833363557869e-01 4.987073386049514084e-02 5.814415744555683635e-02 2.377363691226946213e-02 5.477644610207398762e-02 1.904849775984466531e-01 7.307027672951230124e-02 5.125734319120376359e-01 1.350862474153702031e-01 1.930905849456575341e-01 3.201037159312672964e-01 1.098666268089747156e-01 2.025737955688928279e-03 6.500440050790835811e-02 2.044259423349139779e-02 3.053216124768223239e-01 2.637034686417412746e-02
1.000000000000000000e+00 9.015361450627713824e-02 3.241815557982519191e-01 2.273795036756973142e-01 1.095161448337770571e-01 2.306334659482613680e-01 2.232792604232939349e-01 9.661776412699196737e-02 4.093648458416626612e-01 3.850227285521694576e-01 3.514392364234086852e-01 3.939570327868400362e-02 1.470558780650929043e-01 1.163325844971798001e-01 3.235189107861360935e-02 1.490915522074990340e-01 2.896120592802771398e-02 5.017590481860355611e-01 6.063708801413865424e-02 2.965069172769755346e-01 8.357062653815057474e-02
1.015625000000000000e+00 1.713676707873840743e-01 2.840206599697743250e-01 1.817815821708846091e-01 1.008002189756852657e-01 2.617347912546371114e-01 1.881935109566853503e-01 8.757230191180355450e-02 2.706708647276735991e-01 2.722220374761194495e-01 1.307040726072871972e-01 2.396431173548059790e-01 1.587875859314965832e-01 8.751354272517346267e-02 3.574550064889788770e-01 3.796364595274933501e-02 1.800505568719239780e-01 8.448503089312805851e-04 1.238516085913619197e-02 3.755422777040806626e-01 3.979994925953005969e-01
1.031250000000000000e+00 9.915202569809324074e-02 7.687244712750693210e-02 1.377331329646642455e-01 6.959326761688414686e-01 6.666301226218181164e-02 3.314340442020831216e-03 8.253018520233322552e-02 7.546807220562123941e-02 1.492995950566212704e-01 1.269400163077210875e-01 6.032322214306128361e-01 9.377553459179243517e-03 9.794038935340088070e-02 3.353883834530062558e-01 6.374510420555863643e-02 6.593576362837701155e-02 2.964192100406323055e-02 9.044612924930314768e-02 5.511745413571506047e-02 1.663355783804586485e-01
1.046875000000000000e+00 1.083489118461125784e-02 8.640241665059700260e-02 1.219942185878881841e-01 6.147811846012271042e-01 5.306509616155833872e-03 6.848692281100907109e-02 2.388307497833185578e-01 5.803913306315949816e-02 5.037228323919059614e-01 2.479699898461948035e-02 2.634262498477555822e-02 3.248457513376460520e-02 6.249124697614573398e-02 9.902452157978756941e-02 3.835662345069907470e-02 4.698898094284579413e-02 2.255482189377889385e-02 2.338969534525610072e-01 5.346081486605420985e-02 1.961583664051558262e-01
1.062500000000000000e+00 2.609674579599819289e-03 6.067889042737289323e-02 6.177748854315961990e-02 1.768806869707255924e-01 1.419129012401186551e-01 8.015129034090208437e-02 1.010528406260547407e-01 2.679898141304719664e-02 2.034914380796955247e-01 2.559120513295157218e-02 3.662664242067206199e-01 8.901361125639277450e-02 1.791463186558058251e-01 2.733201007788410020e-01 2.169359792426725497e-01 2.135854015724049648e-01 5.272158980794502958e-02 2.434942377532994806e-01 4.528304307994939215e-01 4.798376629476455713e-02
1.078125000000000000e+00 6.655070135764459263e-04 3.752830534291002884e-01 7.283000828543931271e-02 7.782594108290764867e-02 6.975778911858075693e-02 8.894965353883371728e-02 2.032069839390414911e-01 8.741192963026550578e-02 1.023386887114309529e-01 2.788834314056102322e-03 9.137352683255035857e-02 2.165992305067359625e-01 2.217542320447905835e-01 1.357167431648517442e-01 2.331034592941334804e-01 2.981691316282258919e-01 1.265429336887811118e-01 2.591399970117226337e-01 1.602215907689412411e-01 3.625019236732789363e-01
1.093750000000000000e+00 3.167005087427492843e-02 1.566832561360227138e-01 1.311638185294569936e-01 4.199570173547009788e-02 2.347342135613801617e-01 2.116500033517719759e-01 2.928537801805102259e-01 1.342098640752255323e-01 3.143522528363409951e-02 2.402979015349273120e-02 6.908212156383214397e-02 2.376229837738558504e-01 1.937809226957399877e-01 2.451752853314008995e-01 1.050225551804878504e-01 2.367191315414165498e-01 3.496827477029375575e-01 3.458640693263267951e-02 2.800467654797827999e-01 4.509218963401698810e-01
1.109375000000000000e+00 7.284473530235098526e-02 4.511563324425059140e-01 7.225848708749865734e-02 6.826500634027264647e-02 5.446667602011711837e-03 5.346964080564950983e-01 1.203610638327267252e-01 1.244245776948153248e-01 1.462619657027028341e-03 1.375562842122207523e-02 5.404344497617556975e-01 1.950153025936929851e-01 2.169065545407856677e-01 1.897347381427446356e-01 6.386031413133747177e-03 1.872696570975750097e-01 2.987209454791898144e-01 1.354857064575922532e-01 7.736289000962637274e-02 2.184600057247060578e-01
1.125000000000000000e+00 1.443999480825949588e-01 1.878883886372851586e-01 4.910660355280196260e-02 1.322681032997386971e-02 2.173753126809468694e-01 2.588517617791082359e-01 2.761339256182759536e-02 2.581416062982127557e-01 2.453378164597906641e-02 6.491720151117599813e-02 3.963104053641537394e-01 1.291755353353257751e-01 1.537388908425215417e-01 1.732311990032837368e-01 3.222642411993686951e-02 1.147719839764623079e-01 2.470467363525030366e-02 1.618058887875313268e-01 1.504944606830172782e-01 1.550050347866848213e-02
1.140625000000000000e+00 1.418114846469304968e-01 1.001534995925986854e-01 3.966254665822283032e-02 8.838185925050300040e-02 3.026537207714458805e-02 4.260224008463710937e-02 4.416361867906859473e-02 5.415293047610646449e-01 6.084378608987623532e-02 2.254517782150935665e-02 1.233959123437295552e-01 2.304854444855474194e-01 1.588844345373846834e-01 1.334090188796802912e-01 4.047681726137704328e-02 2.348795908524504983e-01 1.286303757775810463e-01 1.429585653152370961e-01 8.405734971599965188e-02 9.272613317739675579e-03
1.156250000000000000e+00 2.109725259112280593e-01 7.018972031805083278e-02 2.154850548785554321e-01 2.539361930564787984e-01 3.686492855231696814e-02 2.540528217121239551e-01 3.632076811602786420e-02 2.717408135949518910e-01 8.221171696057592848e-02 1.952107167125120279e-01 2.132758339042382933e-02 3.223588432104962376e-01 3.623368940996406218e-02 3.077975034029370449e-01 1.580561346016685631e-01 8.718412282077812880e-02 1.891526365750997030e-01 8.489706793088969139e-02 1.459429798591928007e-01 3.588223676932326689e-01
1.171875000000000000e+00 1.124197164288069650e-01 3.198637068623890606e-02 4.447280187293695813e-02 8.313190823625091208e-02 1.155546758351526371e-01 1.313818683557157474e-01 3.669551878353951579e-01 2.032748212795740805e-01 2.531122405434474976e-01 1.918053755870316734e-01 3.465704568787806444e-02 6.756932327763927326e-02 3.220444731871874300e-01 6.066893582234888366e-02 7.910835924504830419e-02 1.846046755465451938e-01 2.598131339200216994e-01 1.178834955281975877e-01 3.267832030626589557e-01 1.090235646289667293e-01
1.187500000000000000e+00 2.611780701794753634e-01 6.283262437403572265e-02 2.611105460889716623e-01 7.161892066430976256e-02 1.543310429265511430e-01 2.526311404041799435e-01 1.530673185027428551e-02 1.948021299202432610e-01 2.535682126961626426e-01 2.212914686598658753e-01 6.264276497277993135e-03 1.000380289128600109e-01 2.885965909853236422e-01 4.031530461927836928e-01 1.705749020808231542e-01 3.059662184844071375e-01 8.066088262741229198e-02 2.078105421500571759e-01 3.938315831389570948e-02 6.712617625886924122e-02
1.203125000000000000e+00 1.852913696438650004e-01 5.510042447476704019e-02 1.303484532894104986e-01 1.581410780682260264e-01 1.417200981583743857e-01 3.578279599334111549e-01 5.587908889752172398e-02 1.657121050395143208e-02 7.998893947843502272e-02 8.838316638572944750e-02 3.841709876830639442e-02 7.001995827762674818e-02 2.045797280505223525e-01 3.624457871735453640e-01 2.001346967848362246e-01 9.122813149856862092e-02 3.057067838059736586e-01 9.135168659162633265e-02 2.688790596220334145e-02 7.840363094933508687e-04
1.218750000000000000e+00 7.703467055841121958e-02 1.451948749186564858e-01 3.794439108066378630e-01 5.089625298210489479e-01 1.104999120189995576e-01 2.819648971069235177e-01 2.330115059419717582e-01 6.232088420045920132e-03 2.205459728364623784e-01 2.946974017224591180e-01 2.984273425900758198e-02 1.818974937530927760e-01 3.323407548336677619e-01 9.457621016855910501e-02 3.227982361213636592e-03 2.678574520260753461e-02 6.972649649278286899e-02 8.026632625053016501e-02 2.520207901001320083e-01 1.604524549090921570e-01
1.234375000000000000e+00 8.467264394957723164e-03 3.289163099493505049e-01 4.996068851249011455e-01 2.940672494921998115e-01 1.567207849615209932e-03 8.557259056404213637e-02 4.237605134506055582e-01 1.644567753432623139e-02 2.839534813075345054e-01 2.242625358780340472e-01 5.369793575777566386e-02 3.031835334115940972e-01 3.230207165502531064e-01 2.518127554978335514e-01 1.207559804269620236e-02 7.729234578466115391e-02 1.106043917591209153e-01 7.772459180747356977e-02 2.905143076424204773e-01 1.526584538838257898e-01
1.250000000000000000e+00 5.379215213182994559e-02 1.374539150920922603e-01 3.523049699313242078e-01 3.105195247490023513e-01 2.827964143886332535e-02 1.483439838797196708e-01 3.303649567650621122e-01 9.990632059630701056e-02 1.852741806028865568e-01 1.436856160264769755e-01 1.834853010737608073e-03 2.607504327745327477e-01 1.496934977195594485e-01 9.345271369130906877e-03 1.480765037806064562e-02 2.817867499068186787e-01 9.182190933271136557e-02 4.460746871763587168e-02 2.162920037384756522e-01 6.016099134875189242e-02
1.265625000000000000e+00 7.638726639851423084e-02 2.890235205529680940e-01 2.993922089590640989e-01 2.158602608079000229e-01 2.911374301820773280e-01 4.374716585999719465e-01 2.529121559452973123e-01 6.744018953535599326e-02 3.243195195383643398e-02 1.581015433486542832e-01 1.598171078405899725e-01 1.245704868150563083e-01 6.191916668721317296e-02 7.676551031697087524e-02 3.659235579518552162e-01 1.271536751412974120e-01 1.617141375739828690e-01 3.363268053046645778e-01 5.437424499708657516e-02 9.307907392146611003e-02
1.281250000000000000e+00 1.104254917916340090e-01 1.333816939456323181e-01 3.282554898269005039e-01 2.661780178507536926e-02 3.323384822765655389e-01 3.340657019242763703e-01 4.979268831752635405e-02 5.632066228102923511e-02 1.688130701143741169e-02 1.149705348427049363e-02 6.137630386951202499e-02 4.744985832137955939e-02 1.482016322072844151e-02 2.596445300691244129e-01 2.169699127264538285e-01 6.801050498785107812e-02 5.210500744608089624e-02 3.208835124560120988e-01 2.305556299077560767e-01 3.159241435928428904e-02
1.296875000000000000e+00 2.559005642719187068e-01 1.120082526930560596e-01 1.399767660192832441e-01 9.229897332393148524e-02 1.431133928435950331e-01 1.027136855139091226e-01 1.711283431625803056e-02 3.416816779042225471e-01 5.289255683537725794e-01 2.020121627663202524e-01 3.072978531420920631e-02 3.035451342202431513e-01 1.637486881630439289e-02 2.429950441910501691e-01 1.291668408645776922e-01 1.305711684052046073e-01 2.508890027691073124e-02 5.884046838313029826e-02 9.066518133236603494e-02 7.550766307694271873e-02
1.312500000000000000e+00 3.410930379068193297e-01 7.983905675040568750e-02 1.165903959850973781e-01 1.760853047433056373e-01 3.478432298621673274e-02 4.350686454229917843e-01 1.612594856626550222e-01 3.593971942679282106e-01 2.543666441916090926e-01 3.032811296280670255e-01 3.076057671577948904e-02 3.132783360305095299e-01 1.618797462939427778e-01 3.212042795659007105e-02 2.435502765283832638e-02 3.401275973120004847e-01 1.174863172995347163e-03 1.773002711044096083e-02 7.303811081790168025e-02 1.824948765546859086e-02
1.328125000000000000e+00 1.181111065884391381e-01 4.311166777715865622e-02 6.662659661809565426e-02 8.016919185423264371e-02 1.646867370318690071e-02 3.102412507349671666e-01 3.263921001656980986e-02 2.654124069626733196e-01 2.168144714329529321e-01 4.707383912826242772e-02 1.647123234162696515e-01 2.661883256924842955e-01 2.424653225882840435e-01 1.111410720778618494e-01 1.234340490939480478e-01 1.389537029344838637e-01 1.734526527856695421e-01 2.310450357339655647e-01 1.178507788135372131e-01 1.654866601352649735e-01
1.343750000000000000e+00 5.714245941016896091e-02 2.073389902791498152e-01 2.443285411121457196e-01 1.099852274784300366e-01 8.395146582708611083e-02 4.383813249638706111e-01 1.958472292170025664e-01 2.937372430372055532e-01 1.198201404070721870e-01 1.734811935707934738e-01 1.341716189025329020e-01 2.679492003510968168e-01 1.823134845566084516e-01 4.063832010845981890e-01 5.315889623003593190e-02 2.123777358658125169e-01 2.375370290555423036e-02 4.440358943478629056e-02 2.982779284882778881e-01 1.901878352569953134e-01
1.359375000000000000e+00 6.566225523010515985e-02 2.829257277882117338e-01 2.308649668142424560e-01 1.379258093653064066e-01 4.439129712773905445e-01 2.578237746311337064e-01 4.804294690691485875e-02 6.884480669494348615e-02 6.922491000886489554e-02 1.761639815800722653e-01 2.454644420301162755e-01 1.125764991181972541e-02 1.195789608954556105e-02 4.715366986533911509e-01 5.135922604009433845e-02 9.514705560822815655e-02 3.394942024817295539e-02 5.720194701631653444e-02 8.400396941103953352e-02 1.471637807651934582e-01
1.375000000000000000e+00 8.819658875494133798e-02 1.970982388119313922e-01 4.368390865918297256e-02 2.204591665347377123e-03 5.241653939321382766e-02 1.552621500204039162e-02 2.769032881221414888e-01 1.818925471320048948e-01 5.661681928041666090e-02 1.578313836422934324e-01 1.769729939028526211e-01 7.111657744056522346e-02 4.536929965562259796e-03 4.410835132152536309e-01 1.149617049495354065e-01 2.097510060802720011e-01 2.043615125797166865e-01 2.388002812117900886e-01 4.139615638137184028e-01 2.555837628716341459e-01
1.390625000000000000e+00 3.929102245619095490e-02 3.870040342379980070e-01 3.178462468620397996e-02 2.011581732593886174e-01 1.035162239981795088e-02 9.748339972582270585e-02 2.991882559703398226e-01 9.938030166293781997e-02 2.562404589341462161e-02 7.706310142293305680e-03 3.934248715976396693e-01 1.047068072441186826e-01 3.119311024043507422e-02 3.897389103010203693e-01 4.376042381916199209e-01 8.661184782615936883e-02 1.307848112717084343e-01 1.640379156420370410e-01 8.422076865598638884e-01 4.034504738388283718e-02
1.406250000000000000e+00 1.046069181999333547e-01 3.319499141356818672e-01 2.428737133184164509e-01 3.486255491324774525e-01 3.820197037481990604e-02 1.467099187915887337e-01 2.147656451764027863e-01 5.419189189051517447e-02 5.903531506615098540e-02 5.045360992471931150e-02 9.286172063468239868e-02 3.981187947502495272e-01 6.412647030480299326e-02 4.089631224258041126e-02 1.784933705217010280e-01 9.968102677177972937e-02 7.899221160011252185e-02 6.330161158196154214e-02 4.715795088678334523e-01 6.293546047187275061e-01
1.421875000000000000e+00 2.165427098359745395e-01 8.923527072938233773e-02 3.611915704235911795e-01 5.912297526710066364e-01 4.580628568493338992e-01 3.543576439946314327e-01 3.069638443006084683e-01 1.525743026573801731e-03 1.161319055898141078e-01 2.776597245534445993e-02 7.650107990316011575e-02 3.423136878338654543e-01 1.065308442822682222e-01 5.587432946093643521e-02 2.301939788128360975e-01 1.486555030503987351e-01 3.650963426518221144e-01 1.443788304400177580e-01 1.017134736754015667e-01 3.962919213316268285e-01
1.437500000000000000e+00 2.386091715570585747e-01 1.318447972132379131e-01 2.994657691001805788e-01 5.104531774670298949e-01 4.743554020553855111e-01 1.731167358062198069e-02 1.492513656445866310e-01 5.062729530790554405e-02 2.994161251676794727e-02 1.335036627744393412e-01 2.664005896743795732e-01 4.675419696012041507e-03 8.955790112449363988e-03 7.799632589382761438e-02 4.883417900878967571e-02 4.123368745437210742e-02 3.742105980598863790e-01 1.253586407980692985e-01 1.590160342614618250e-01 2.004498789394426050e-01
1.453125000000000000e+00 2.871825621808562490e-01 1.678628542936404511e-01 2.644264383328748247e-01 5.702253906427299235e-01 4.008633972000302248e-01 1.533537635166600799e-01 1.825333145420907251e-03 4.003477324405380761e-02 2.083627030195032148e-01 2.916518123341129906e-02 4.648578176504650911e-02 1.442344132418815483e-01 5.027981109973869156e-01 3.412976832836903118e-02 7.663834440438506423e-02 5.528733166690950052e-01 1.215173367928349818e-01 5.745310893095314370e-02 1.001445828412884584e-02 4.299348156579830410e-03
1.468750000000000000e+00 6.669422234927244175e-02 6.203228428870153494e-02 1.998609120096041525e-01 4.938076557100701813e-01 9.624288871948012691e-02 3.194956087726774641e-02 1.085885956511172673e-02 1.923451483696358988e-01 2.487865225152577353e-01 1.976298389138409217e-01 2.227348913962235721e-01 5.400846874059976876e-01 1.787518851622361682e-01 7.880165166965445722e-02 9.513147272867589210e-02 3.919652213932972584e-01 7.234625631808406544e-03 1.034783487254187367e-01 8.023657305248639571e-02 4.836802678531871430e-02
1.484375000000000000e+00 5.932387822398229454e-02 1.728625181370752051e-01 6.874433881791312817e-02 1.645111789243934863e-01 6.382676079878417397e-02 1.452992801519649869e-03 1.587197848612352802e-01 5.796643196340620086e-02 1.849059753428508035e-01 9.122773353275803743e-02 8.234191972187676622e-02 6.178658520016516720e-02 1.617764793403574375e-01 2.314395053093521171e-01 9.857904729529867738e-03 3.753345947795042048e-01 4.236375024967677094e-02 2.047897253564327225e-01 4.073425033813117546e-02 2.293618973504202851e-01
1.500000000000000000e+00 2.353751889080673843e-01 2.406253453403648102e-01 9.146598007929662710e-02 5.800140658095030710e-02 1.386400963339966437e-02 1.407477984172084695e-01 2.111085755558420318e-01 8.511220706728135632e-02 1.282471202152495604e-01 3.543052580616256053e-01 1.190825906454613947e-01 2.475331927159205025e-02 2.176065886769093863e-02 2.231804264176868308e-02 8.671493249938658221e-02 2.111107872120915330e-02 1.504100089510235216e-01 1.534678792797776990e-02 6.811103328876504104e-02 1.748201753024797023e-01
1.515625000000000000e+00 3.210550664175954028e-02 2.088506084049328304e-01 9.098146291711625699e-02 2.417989868448255919e-01 1.584072474984880019e-01 2.499622167339348722e-01 2.255638955578025961e-01 2.151600752714276366e-01 1.008375071566263853e-01 4.186366423988110430e-01 1.650095376220490559e-02 2.861379957363895457e-02 4.976311259201145892e-02 3.269204933968640758e-01 2.219011099710573309e-01 2.101419284100548499e-02 1.514194595859841563e-01 2.348696606202016826e-02 2.020352383725317752e-02 3.768835195033575225e-01
1.531250000000000000e+00 6.817610124416953465e-02 5.476423332218172124e-02 2.737123060290535051e-02 4.182220906787662007e-01 1.070958215736065866e-01 2.500246340601865180e-02 2.143261160766884998e-02 1.705056012161916268e-01 1.018120291808543021e-01 1.648801045664789466e-01 2.421824744635781360e-02 5.305628395098884592e-02 2.451424823932587538e-01 3.505506497708305025e-02 1.282864942401603092e-01 3.494763650998246041e-01 3.013583322179810842e-01 2.394955275121808114e-01 3.531619791253530205e-01 4.733297625020278787e-02
1.546875000000000000e+00 5.139010910337910715e-02 3.461765505252547559e-01 1.820264615101556682e-01 6.911408046209235184e-04 2.438473832186380252e-01 1.359911474061855086e-01 2.227659666702012653e-01 6.590562175406743106e-02 1.557924556859458243e-01 1.051999501601848241e-01 3.228277925495212641e-01 3.574450356817657215e-01 9.886028407680619301e-02 3.077067381384951394e-02 9.146691978177400040e-02 1.330051289770314560e-01 3.927640403734731223e-01 2.297221832093619340e-02 4.484704772851913490e-01 1.030801730740253663e-01
1.562500000000000000e+00 1.451889943328905364e-01 1.785560851376434555e-02 1.247905020018738459e-01 5.972188299118484645e-02 1.327671498881412560e-01 3.002351040673567617e-01 5.194657224296929388e-02 1.563313195151294632e-01 1.399833036628077287e-01 2.894905704662568448e-03 3.617435919327601467e-03 3.309611902311226928e-01 5.970419967265014893e-01 2.242526450799330051e-02 8.687592971798734076e-02 2.409131082728322576e-02 3.072140444576358376e-01 1.204791189434692850e-01 3.094573060567535339e-01 1.402169081598479139e-01
1.578125000000000000e+00 2.742828069056716944e-01 1.029515899118970262e-01 7.640861648740425449e-02 2.454393521370706044e-01 7.676506394868388983e-02 2.875665351807256132e-01 2.338082486085519933e-04 1.244214944226312153e-01 1.777436366337751816e-01 8.655233227843693589e-02 1.929235598603024349e-01 1.595656209194206143e-01 1.449993077485908222e-01 5.389758497382705210e-02 1.222213889519885299e-01 1.806422342561471717e-01 1.397160410367401795e-01 3.796759344902664313e-01 4.930449421231756363e-02 1.719399222489064460e-01
1.593750000000000000e+00 2.353485849134765717e-01 3.732216647569541190e-01 2.067090741814640031e-01 4.082237889978785339e-01 3.803063866017521444e-01 5.108101730213445713e-01 3.661987702697352270e-02 1.544338724531780782e-01 4.977501176748558298e-02 2.380815466198136776e-01 5.793960750745291016e-02 3.529337994547092350e-02 6.078283398388435038e-02 6.195710648298225626e-02 3.709392320228122042e-02 2.503980641263569007e-01 1.786328483684436197e-01 1.307764261734472300e-01 1.491667274808806676e-01 5.093045769113979659e-01
1.609375000000000000e+00 3.648209579950396630e-01 7.107881337585980619e-02 1.062272097699879236e-01 1.387841794862499367e-01 2.905760747035897595e-01 2.928459382565826719e-01 1.775524613962425891e-01 2.126181433742259097e-01 3.007655671580550805e-01 1.053588143489066035e-02 8.229330819171512545e-02 2.309418219442229137e-01 2.166483894322655812e-01 1.668246553200005422e-01 3.418606973091834617e-02 1.173746714020869678e-02 1.270363393603873847e-01 6.623830237631676832e-02 1.608311574010790057e-01 2.051842773743968451e-01
1.625000000000000000e+00 2.365352274706233882e-01 2.050916971153554126e-03 1.826473865521489048e-01 3.627603205780485784e-01 1.399422492232349213e-01 1.239076015594628849e-01 2.122404709553018520e-01 1.791845511617539966e-01 1.986982988860416521e-01 2.997153932814396460e-01 2.887724238291758949e-01 4.161679369805507123e-02 8.898183289668420981e-02 2.582229682841610807e-01 1.844738431635737849e-02 1.243880909148123021e-01 1.319517005326985015e-01 2.211797428099168406e-01 1.185775139554895996e-01 8.195452297324434809e-03
1.640625000000000000e+00 5.133856076296359344e-02 3.050793441460715807e-02 3.101553903535060330e-01 5.482391105492231409e-01 4.586322071229950725e-02 2.585401757029046760e-02 4.685778552684728010e-02 2.638334068377565234e-01 1.240713158209714589e-01 6.919360289323953084e-02 1.343249914202592765e-01 1.840883103793025943e-01 9.268995662964944759e-02 2.702539690150300433e-02 5.558114121546059438e-02 1.940180505396939814e-01 6.871290562920560896e-02 9.326688554064556380e-02 1.143236295627077653e-01 1.689877481079105070e-01
1.656250000000000000e+00 1.158931409376756927e-01 2.018816033211287900e-02 1.903653911858297909e-01 3.333634979130075116e-01 3.771746751229712591e-02 6.481089284324868804e-02 1.430986226100089409e-01 5.928063542570574662e-02 3.771357858578304467e-02 7.234188483055649377e-02 2.311823237904942485e-01 2.052588293106503148e-01 1.986091750439946402e-01 5.788933501018379141e-02 2.152627448792474585e-01 1.748815896117894009e-01 2.582107276289873354e-01 1.169409852534151334e-02 1.839061215264749596e-02 1.279403588325435381e-01
1.671875000000000000e+00 9.647912303466887884e-02 3.203768175346652369e-02 2.916362270351424701e-01 2.686939947984977595e-01 1.884479227872501786e-02 4.803594973382204619e-02 1.349199713418209878e-01 5.107852475265552139e-02 2.312699291698446236e-01 2.194194783611109201e-01 1.376611942272057965e-01 1.038913674413618204e-01 1.660987084261387192e-01 1.121206373800007344e-01 1.760351474197424104e-01 8.641669059170256628e-02 2.830241899646049886e-01 1.571117310014646662e-01 2.755282855968502198e-01 2.976409674352482534e-02
1.687500000000000000e+00 2.514785411284810313e-02 5.733934905285918010e-02 1.736484616225066890e-01 6.257776578574671955e-01 1.731257256555193969e-01 2.554476106707218586e-01 2.561796667749633230e-02 2.549312103745771663e-01 1.063030874749649156e-02 2.363987362908026579e-01 1.626071143329722510e-02 3.795948536404554485e-02 1.800513346168046702e-01 1.620878684565775218e-01 6.012454764989851735e-02 1.189096679239232957e-01 1.851652619167206970e-01 1.590256918829240085e-01 4.369400557608439928e-01 1.698655605258602153e-01
1.703125000000000000e+00 6.289167701253051135e-02 1.215813158921741771e-01 1.762273868899733587e-01 5.399917309158128731e-01 2.237559347648597138e-02 7.445290369390322738e-02 1.457237784731203745e-01 1.540906655159923477e-01 1.124426944324352640e-01 4.493996387660294245e-02 5.663904592821541323e-02 9.048534232403682154e-02 9.160283968489284223e-02 4.497972084549580751e-01 1.215271470482883788e-02 1.390330946344048302e-01 1.762786952823299294e-02 1.185624015147149768e-01 8.560552488249587588e-01 2.653362115794638543e-01
1.718750000000000000e+00 1.011912050159004262e-01 1.096427636025406327e-01 4.412295141499748136e-02 3.927537591993565669e-01 6.971673991118408631e-02 1.667629294503771009e-01 2.970616293660983676e-01 2.017399818952759008e-02 2.680403381200400226e-01 1.490684692292753299e-01 2.014536900647053985e-01 2.100662360368014125e-01 1.554567826457824500e-02 2.665938964270376244e-01 6.502580613607626681e-02 1.034312954114809668e-01 1.395149229606144070e-01 1.716984536854010979e-01 6.256147532894149599e-01 6.942142143440894683e-03
1.734375000000000000e+00 1.846462428716535153e-01 1.927776648221057043e-01 5.450024443274312583e-03 1.006499479480366631e-02 2.292698992600294278e-02 2.484706678190801987e-01 9.990323380523558061e-02 1.673365378783261970e-01 1.573145970798344173e-01 7.108326019183500155e-02 4.733955014774822445e-02 1.901555544296976430e-01 1.367510079272345747e-01 3.922192691256055908e-02 9.831552030593963820e-02 8.392584256410982879e-02 4.173427870383868837e-02 3.332056806497892265e-01 2.839702834763662698e-01 1.472563976766078642e-01
1.750000000000000000e+00 2.884513421055121540e-01 2.303427336354944011e-01 1.295515139802950189e-01 1.035116393048425704e-01 2.323702654587990191e-01 2.815685693188151317e-01 1.072629011079418021e-01 7.734133321046635090e-02 1.656512278175327202e-01 8.356870298150970156e-02 1.515330732315200990e-02 3.138059351904787936e-02 1.169020048986600148e-02 9.748197542018369188e-02 3.628551326592398957e-02 1.446342306473777928e-01 6.797276772394851563e-02 1.608256168745154091e-01 5.272464172738734051e-02 2.320567764614225037e-01
1.765625000000000000e+00 3.581633809585640926e-01 5.347891458926093966e-01 2.946710390667459656e-01 4.464488107777282722e-02 2.552673192316283202e-01 4.159924821973242093e-01 1.983228308920713112e-01 8.420880774121734802e-02 1.904635614820939238e-01 1.709464975323183589e-01 2.203558679485464189e-01 2.946290655907495004e-02 1.093880400648806622e-01 2.289712043588050250e-01 2.609431008285647419e-02 1.190719728994768523e-01 4.072439770683635718e-01 1.228352168604834871e-01 7.067697543135065090e-03 1.769208333972203673e-01
1.781250000000000000e+00 4.296915838795834497e-01 4.115002822470661958e-01 1.717009395874892763e-01 3.776998663253132438e-02 9.163548154278312874e-02 4.921764199910576565e-01 2.030145262865255262e-01 1.562875941308646266e-01 3.393737993412510034e-01 1.127235205006547059e-01 2.323776339395684232e-01 1.288387816503630372e-02 3.420631070021751818e-01 8.628331600810261459e-02 2.040210370670218418e-02 5.407563973639747945e-02 1.740505646066882461e-01 2.006926917018481416e-01 1.043367149200460642e-01 2.033238879137597155e-01
1.796875000000000000e+00 3.229704102395728471e-01 2.580004011619261295e-01 1.822515168516370965e-01 1.945182363261113156e-01 3.165564072624977299e-01 4.281057395312790059e-01 1.394432509283646815e-01 1.853227112820312883e-01 1.498408720770610936e-01 4.629196221231728914e-01 4.445914126406338429e-01 1.245455549857778926e-01 6.431313186861195574e-02 1.085309601324615097e-01 2.114157068845815349e-02 3.569541787611073443e-03 4.153325379219099250e-02 1.207404845364402381e-02 4.465613053723719306e-01 1.474285493832752370e-01
1.812500000000000000e+00 1.089893568417207997e-01 3.513505792549646845e-02 2.576416570725637567e-01 4.182622389395930229e-01 5.447341742790434010e-02 8.569888496609268796e-03 9.721729110832413867e-02 1.444021819752432378e-01 3.178639110029534143e-01 1.375378811567218029e-01 4.016089224473917696e-02 1.843924414064591552e-02 2.296135551477225811e-01 3.020801077777021670e-01 4.884295100243969678e-03 2.696329111957191937e-01 3.301630877860061569e-02 6.184659112115267060e-02 3.905829448679504212e-02 2.867333414519281781e-02
1.828125000000000000e+00 3.715563836510723389e-02 8.416069099827666600e-02 2.358602253637328838e-01 2.733888895929997287e-01 4.355303210029091987e-02 4.875486597622152168e-02 1.667774878285763207e-01 1.012773718076812463e-01 3.192183612047337637e-02 9.666964223613715157e-02 4.836246048450668772e-02 2.558563766786360952e-02 2.358942196598945440e-02 7.340164475639363029e-02 4.427706398815033778e-02 7.320003367427088681e-02 3.926779526084662741e-01 2.914326018061918488e-01 1.093803389941929299e-01 5.679829528436101949e-02
1.843750000000000000e+00 3.122625935349861853e-02 9.794655788577782268e-03 2.594974201748911358e-01 3.855312442329070222e-01 2.027456107576552369e-01 7.233885159595021541e-02 3.831098659044977067e-02 8.359176734636629413e-02 1.862909457613979858e-01 5.247512117687272437e-02 1.503449807776387898e-02 7.424957418976119161e-02 5.887473822659550909e-02 4.141732949088714616e-02 8.939712576118108434e-02 1.475513640531463458e-02 1.929448968260749075e-01 1.526761334775961210e-01 1.546439535317829517e-01 7.538949998314589673e-02
1.859375000000000000e+00 3.303219891666035746e-02 6.486380486064538542e-02 3.622809489978296993e-01 4.503841962671695232e-01 2.780659354002949779e-02 7.936142832524273327e-02 2.194671883342058372e-01 2.672041620817202090e-01 1.747204877476968843e-01 4.184354468616779399e-01 5.048535669497225542e-02 9.731975659666981804e-02 1.461497202020809599e-02 1.131863454728722351e-01 1.689080090891192237e-02 2.007341276061504198e-02 3.505699579479609057e-02 1.684265388818705356e-01 4.306594691830469279e-01 3.370537608919671468e-02
1.875000000000000000e+00 9.935490086644156726e-02 1.593522503497037390e-01 1.675028062867716938e-01 5.411336025292122764e-01 2.928220293959007403e-01 1.587552647300776165e-01 2.288523287824969221e-01 3.072198205316226116e-01 1.136946067639166280e-01 2.524095579221012353e-01 1.639974439457355937e-01 2.832787753751766502e-01 4.122997532334167492e-02 4.630914339528090229e-02 1.015864897379606252e-01 4.360378166436512659e-02 2.379433732078582997e-01 8.595018735798705400e-02 4.491440512813162367e-01 2.988973981494328358e-01
1.890625000000000000e+00 1.742896729337905515e-01 1.296621883575626577e-01 4.866539232420744043e-02 4.699188762143452491e-01 2.174571242927978987e-01 2.006077210111955333e-01 1.347610988814008093e-01 1.185456679004734948e-01 1.262241346658568020e-01 1.984956926182920856e-02 1.464351729099108712e-01 8.495956244957424131e-02 8.672401885463495996e-02 5.204114616986043468e-02 2.380438263981689978e-02 2.120898013098072073e-03 3.441586415065631677e-01 5.877454764085666278e-02 1.661045519354575339e-01 3.118606674168808990e-01
1.906250000000000000e+00 2.852161363985488141e-01 7.337394538876776395e-02 7.841341802893059265e-02 1.273790649979160139e-01 1.160375903432338089e-02 3.742194789891368223e-01 1.744214698697794663e-01 2.582843645687682085e-02 1.583652952484406184e-01 1.945787613065480259e-01 1.722431243040803417e-01 1.361598498128577597e-02 9.461082783389004880e-02 9.439067541907940340e-02 3.351559448217523995e-02 1.980189056274685722e-01 4.553488638296783464e-02 1.894453117784176965e-01 6.223431992521941125e-02 1.370160873408819702e-01
1.921875000000000000e+00 3.531561098194698767e-01 1.615337261622013521e-01 2.279998457281340873e-01 3.776465176872476071e-01 7.912087447293414399e-02 2.274057135041915659e-02 9.765595971664467467e-02 3.989198296925055426e-02 5.701274794916243172e-02 1.251924715008791711e-01 1.318575995540741119e-01 1.446054416863127579e-01 4.860428039577346926e-01 6.154701817963885435e-02 1.307542068312600447e-01 1.085931276032725407e-01 2.102670473912804094e-01 1.434924366397008211e-01 4.279700824483245736e-02 3.628893255862067346e-01
1.937500000000000000e+00 4.910370243498141662e-01 1.938323395972076646e-01 4.175777670781921636e-02 5.477498609761658477e-01 1.301588064728871619e-01 3.351441493392632309e-01 1.996076394185636038e-01 1.167040196837291766e-01 3.428509243422083741e-01 9.317324385051095614e-02 2.417529756462145907e-01 1.049909879339378793e-01 2.536550315369576758e-01 1.043319315903352279e-01 5.516479562811751891e-02 3.690755079281400897e-01 8.784190710677706668e-03 1.892728177291568004e-01 5.168047285910810223e-02 9.796551202860452612e-02
1.953125000000000000e+00 1.571250624563682863e-01 2.075706294204399116e-01 5.552894214804752343e-02 5.652034333573802138e-01 1.947256443673175408e-01 1.100629296104479321e-01 2.800933230901436755e-01 4.830361803711097357e-02 1.554557048528108221e-01 5.402272833745335595e-02 2.866358702419807281e-01 1.934076483665888579e-01 1.565529206731880452e-01 1.704827247663320833e-01 1.292893714321575842e-02 2.226473956297508536e-02 1.495970426038492895e-01 7.628860841475397503e-02 1.660456175841594217e-01 5.575724084005197895e-02
1.968750000000000000e+00 1.015620348238154280e-01 3.765453926214536867e-02 1.762664996549515584e-01 1.313078022558216151e-01 3.556301769341177477e-01 2.251884770003497252e-02 3.476177045887215988e-01 4.551879202529568458e-02 4.699457390316090777e-01 5.711745671093515497e-02 1.516316777915670266e-01 1.430404418136134725e-01 1.989229032207094280e-02 3.454172889697640358e-03 9.392394232610984384e-02 5.710975719955704161e-02 1.772834316065988458e-01 3.203932418323084397e-01 3.112048131936210882e-01 5.501978893863696679e-02
1.984375000000000000e+00 4.478943440409904192e-02 5.016058467758057748e-01 7.469885646104569565e-02 3.297715925149271449e-02 2.772896708275671696e-01 8.344137591982711663e-05 1.615002227314794037e-01 1.311640202617133516e-02 1.696527087917792387e-01 1.785532460379879449e-02 8.777604284719371652e-02 3.625436893798521243e-02 2.888819178975167157e-01 3.260955950552797411e-01 1.299791548148025444e-01 3.878093401937555973e-02 1.394570967635893888e-01 2.683666952028960773e-01 4.290239529684886088e-01 1.032718543079452767e-01
2.000000000000000000e+00 5.339333493852541079e-02 2.524369922985896242e-01 4.193242513200539506e-02 5.771504177540108700e-03 2.067755125211253805e-03 1.097608521359077875e-02 7.142819439648614432e-01 7.237022939097879394e-03 2.097667442278668137e-02 2.782956282346273069e-02 4.047208715495180520e-02 8.930579145990924506e-02 2.424194249115103894e-02 5.169870892500795234e-01 4.287815918658032834e-03 6.740196488397915374e-03 1.893721111512667310e-01 7.567800227574889016e-02 3.249113433496816361e-01 5.181240727593357461e-07
