0.000000000000000000e+00 2.962613599314223856e-01 3.896834512022628351e-03 3.513367669366389973e-02 2.232550709233422914e-01 1.923343044853225159e-01 2.074905382853283187e-01 1.366300848674837330e-02 3.129739766014151270e-01 7.020603618534143608e-02 2.368976585798284185e-01 8.776392435333927808e-03 4.589439461168303910e-03 3.714663802439638340e-01 4.132627827547408900e-02 6.615556702033054126e-02 3.753556544330714090e-02 2.941453455151533114e-01 5.629235097168832080e-01 5.188739303489066090e-01 4.688173269645747876e-01
1.562500000000000000e-02 1.899998693810592276e-01 9.547147477389585080e-02 2.213788398246821325e-03 5.640115762930731913e-01 1.722215873197110725e-01 4.180493914849934406e-02 4.809327710028677566e-02 2.313591742058177247e-01 1.907490505634424835e-02 5.651019853398063508e-02 2.068840955129935127e-02 1.152424766007369705e-01 1.715041590358706847e-01 5.601458949631047540e-02 1.882723083416456278e-01 2.478097192643937130e-01 3.268016957342214646e-01 2.458099151102923971e-02 4.516243411668180441e-02 1.350789340354637824e-01
3.125000000000000000e-02 1.379091076277083328e-01 8.598776343993798366e-02 6.209234740711119249e-01 8.809159848141993876e-02 3.760994797850513160e-01 7.270997730216861854e-02 2.278743745051623193e-01 6.575354187431976805e-02 2.522193894484148213e-02 7.484050927124857866e-02 3.332956269348961720e-01 4.876604990611086744e-03 1.212335332950767036e-01 4.491711021806633897e-02 1.985016565108157771e-01 2.897188347282658033e-02 4.745162762397300144e-02 9.060940262732779249e-02 1.116888944879893819e-01 3.580456218666109858e-01
4.687500000000000000e-02 9.805709874676989124e-02 7.934285622289767581e-03 5.579299434583819828e-01 2.507610743633451600e-01 1.039873290630816266e-01 3.752989522678028544e-01 1.818394145112114252e-02 1.998262406740822228e-01 8.946232879826056879e-05 1.920178190666670115e-02 8.416387713194292686e-02 2.268893181982454266e-01 2.300979624109319999e-02 2.337153643454470756e-02 1.060503012698878617e-01 4.617134698984287633e-02 1.470653680398467944e-01 9.690517960187855495e-03 7.476650037514931749e-03 1.299928567482751818e-01
6.250000000000000000e-02 3.621291686951697009e-01 9.037501103346481934e-02 9.378528791387680252e-02 1.142321310423055625e-01 1.925385908850546501e-01 4.309533825455355571e-02 6.685505497774733852e-02 1.034363337900913449e-01 1.519809625242974083e-01 7.968995737401599055e-02 2.462964393308447741e-01 9.118655605368401751e-02 1.556261350390449050e-01 2.350306125267271617e-01 1.084862659535098667e-01 3.799455626217688314e-02 1.249542317453854051e-01 2.486980695110333622e-02 1.647083659599938854e-01 1.278323479286208077e-02
7.812500000000000000e-02 1.997925401809332313e-01 3.385614192494094676e-01 1.314968173072634250e-01 8.308828480444371833e-02 2.598375100280859717e-01 7.499818365118680885e-02 1.797330045899846185e-01 1.827068794271982655e-01 1.892295844588672282e-01 3.998130935628059213e-01 4.095022325223470205e-01 2.959289134048486702e-01 2.043288185388940081e-01 7.032801258717569226e-02 2.525638817114480780e-02 9.117649983687819981e-02 1.242462114403850709e-01 3.878565393959179652e-02 3.083646893158629720e-01 1.785339137188359515e-01
9.375000000000000000e-02 2.173066122794304889e-01 4.335549168338919540e-02 9.979161616836845772e-02 9.388904873967732212e-02 9.905310094522678382e-03 1.701357405894162178e-01 1.468742659980304399e-01 1.362219969284326204e-01 1.064874595286867953e-01 1.714168045314180544e-01 5.315437988184321116e-02 1.567483070313934190e-01 1.028987164994395881e-01 7.736585504848658354e-03 3.757449165070244311e-03 3.107891516043087554e-02 3.024842092606078430e-03 2.051432779689823030e-02 2.825946260304648683e-01 2.372388207661429993e-01
1.093750000000000000e-01 2.629290346062146053e-02 2.281815374359897220e-03 3.475022625982300273e-01 8.854337861297962090e-03 4.480591120754862100e-01 1.651202131660377548e-01 6.597047398159924803e-02 2.492900642068280812e-02 1.177014278890681775e-01 2.814259158810852174e-02 3.149385105053904149e-02 5.403152270989307338e-02 9.471873093264283894e-02 1.351852523145944396e-01 1.031895549147626434e-01 3.599440792522450028e-02 2.876847351328855051e-01 4.014831974685412197e-02 2.289883841139441767e-01 5.172465248072678490e-01
1.250000000000000000e-01 2.433347967796813394e-01 2.104188094542618626e-01 6.098064451837678090e-01 2.918162702042663703e-01 1.040364410215845747e-01 1.765119219459507782e-01 1.795838444618917396e-01 4.765839967971460811e-01 1.775656623261009648e-01 6.408903272701553522e-02 1.161251479220642840e-01 7.447329412178162189e-02 3.716186951128106486e-01 9.005100973070073733e-02 3.409479312644830840e-01 3.335493925954094996e-01 3.935437404802679118e-01 2.275011266511705044e-01 3.606822579266967810e-01 1.262562874299958671e-01
1.406250000000000000e-01 3.657317388821660492e-02 3.945522042300727006e-01 4.983505934306339258e-01 6.023174735776489763e-01 5.934032576757513056e-01 4.738571998969240973e-01 5.104007874477264339e-01 4.230956483890465636e-01 1.024334884390669387e-01 2.566178525101824315e-01 2.015514907485694285e-01 4.459349130982503961e-01 5.806104233157983741e-01 1.185496556718115407e-01 5.767872636451867319e-01 4.220514933358149867e-01 4.350856058836111706e-01 6.956705031262497840e-01 2.735530287001618488e-01 3.422973694434280900e-01
1.562500000000000000e-01 2.041388565870826122e-01 3.128769608852679518e-01 1.207531163161799787e-01 5.780668560976114367e-01 4.410521357262336961e-01 4.533479283351851130e-01 5.150435466238482141e-01 6.218216902331726859e-01 1.741882702161719754e-01 5.039461987688218514e-01 3.985038849453575449e-01 4.342953917430162347e-01 5.964111428690853645e-01 3.787129163126236042e-01 6.304391485689934127e-01 4.774735955036012447e-01 3.844730222642686046e-01 4.724850693776231902e-01 6.338143121630476218e-01 2.038751991242125083e-01
1.718750000000000000e-01 5.173648326416123711e-01 3.664618710749121266e-01 7.258550295201737779e-02 4.911539952694276012e-01 4.089618460460336946e-01 4.452386236137436115e-01 1.717186596568261170e-01 7.423261860847142346e-01 5.850388016698254701e-01 3.366185242996832527e-01 5.776943518206710815e-01 3.878502779966279679e-01 6.347428467386619921e-01 7.211598782634760507e-01 4.865832583862772509e-01 5.657839578534756830e-01 5.012199407502925252e-01 2.148528869210237224e-01 7.191310380840578720e-01 4.854245679954339865e-01
1.875000000000000000e-01 1.138108484894904404e-01 7.270585241216417360e-01 2.226882312391490204e-01 5.950690238685131250e-01 5.791867781765093204e-01 4.786483325579856118e-01 1.081283066586604391e-01 5.800298467301663319e-01 3.982896257425174169e-01 2.951945129528575906e-01 3.568911502891877752e-01 4.904607259516249318e-01 2.581084168440349602e-01 6.311407946281432091e-01 3.339387440362431292e-01 5.376071922808886017e-01 6.590022209474238890e-01 2.218869200649658258e-01 7.103859280450246505e-01 6.995586173873337144e-01
2.031250000000000000e-01 7.164923123687964857e-02 3.012998701355839581e-01 6.272363856019343986e-01 2.895754250324362733e-01 2.711032540312980355e-01 3.261140422266235461e-01 1.688611701794754671e-01 6.127872367895160766e-01 8.104540593286925498e-02 5.576592884355449087e-01 6.198717736182009219e-02 1.493882368912065606e-01 1.516341410339208384e-01 2.073448983519309563e-01 2.247074067303565514e-01 2.309393634675805107e-01 5.820087902912087774e-01 4.508769335938952148e-03 5.446581038606458369e-01 4.184101411923818459e-01
2.187500000000000000e-01 1.448869806102124902e-01 4.105491772711773457e-01 5.669703600741621274e-01 3.299521108251261547e-01 1.048959241606850362e-01 4.051331932152757997e-01 2.569402980542407899e-01 1.983033054864350997e-01 1.138269983331841179e-01 5.018217860193899260e-02 1.462488520002469816e-01 3.914174584676430868e-01 7.096413281791805194e-02 2.256385137325536694e-01 2.144470772761338795e-01 3.154954285058326202e-01 1.224425746303989815e-01 1.547295191591503971e-01 2.942162403867281117e-01 4.566618788012400953e-01
2.343750000000000000e-01 5.733094785939254340e-02 1.493217230042661881e-01 1.240454437164726226e-01 2.741237627435248458e-01 8.366144033774514099e-02 1.730369623551704893e-03 1.916663101473212172e-01 2.554157689038277224e-01 2.366706118370235368e-01 1.534419022036666302e-01 8.595018060504421020e-02 6.302079728969862960e-02 1.187143901070057406e-01 3.165397277535309528e-01 3.004486412053251621e-01 5.344176076406974563e-01 1.726897258275723046e-01 2.335623779414233714e-01 2.966703035134947708e-01 2.433308425406071895e-01
2.500000000000000000e-01 1.639909011088007684e-01 1.583562697118485463e-01 3.506560463140365180e-02 2.530647266710718823e-01 2.095391285341211274e-01 1.915243674187284972e-02 5.236614049190793096e-01 4.196592480283193871e-01 2.446842280470536424e-01 5.471979888954748433e-02 1.988107123308394120e-01 2.963678006465255907e-02 2.246739068980382059e-01 3.656434747876561864e-01 2.630553237798114452e-01 7.830143029280290934e-01 1.942756784482370935e-01 1.138560184425371075e-01 2.369868505063177921e-01 1.022225695590849026e-01
2.656250000000000000e-01 3.527447902601996699e-01 1.977172186472347937e-01 1.174907512151274203e-01 9.206655424924868603e-02 2.449559579529758391e-01 1.299436834299727561e-02 4.618615834155967992e-01 3.147546990980139570e-01 3.424278349983614356e-01 3.088511759703104209e-01 4.650200518574916786e-01 6.962379004141414085e-02 4.590076922323246267e-01 2.145445982939646334e-01 8.778151750980464629e-02 4.687276517662279929e-01 3.705377082716271864e-01 1.199391348330584688e-02 6.784044542429644442e-02 6.174026759741531034e-01
2.812500000000000000e-01 5.070079815250012611e-01 8.582321630576626725e-02 1.912047658140524631e-01 3.458294041930472518e-01 3.224926302482944429e-03 2.471245405025238873e-01 2.910379466585353292e-01 2.960343249899691775e-01 3.735043825591352062e-01 6.247328264065782344e-01 5.305350354406566105e-01 2.167030644517567994e-01 1.550587700493598342e-01 1.312203796831683256e-01 9.748586044179628762e-02 3.192851836440858126e-01 7.946985588061434846e-01 7.307194136833515367e-03 7.059365129883966861e-02 4.468291761886762359e-01
2.968750000000000000e-01 7.197395769251385689e-02 2.425311111543579645e-01 2.383138111705603024e-01 1.419149411413149209e-01 6.585272104044029295e-02 3.414172690296985446e-01 1.786677353767195109e-01 4.040541350006778831e-01 6.344813926581517327e-01 6.693714120164431236e-01 6.490575319834092083e-01 5.388146921545255985e-01 5.303245548740435078e-01 4.095259189910800957e-01 1.297671937347867344e-01 1.806450164920524459e-01 2.486027267064158663e-01 4.480758818542536319e-03 9.673587668037909870e-02 1.976852834115445656e-01
3.125000000000000000e-01 1.403718218796004280e-01 2.129510565415167755e-01 6.708456671211214528e-02 1.235310673354125116e-01 8.485410056290346170e-02 8.800908324624800647e-03 1.717923007237914107e-02 3.368746891526324116e-01 3.030031801829107807e-01 5.475131100798614758e-01 5.897451249418284025e-01 1.537932429748737062e-01 3.915230185211728831e-01 4.399048309616289121e-01 2.059016607831573309e-01 2.006343369680134159e-01 8.858516023650936377e-02 1.488899032733060346e-01 8.625686735655764201e-03 2.569539836120436904e-01
3.281250000000000000e-01 2.029283587796027188e-01 1.124216224025695182e-01 1.704363590122555117e-01 1.140291060529979444e-01 3.320799575309800189e-01 1.448550747168420583e-01 1.549930005611909745e-01 1.085348894485021615e-01 1.598727044267757857e-01 3.338344068971856315e-01 6.012288170088351258e-01 1.291408482686821346e-01 5.113856601980799610e-01 1.123795956049103255e-02 3.657156293269583358e-01 2.450651076093759984e-01 2.471734216354966873e-01 3.570204229780313820e-01 2.001028487767010922e-01 2.434085975022056147e-01
3.437500000000000000e-01 8.615084523938092154e-02 1.879391970870590012e-01 3.353731447720763037e-01 7.830140069022596683e-02 1.892523756790467082e-01 4.712804962809834242e-02 5.074340992970511471e-02 2.275748860631942039e-01 2.398439610127448343e-02 1.917126329959950581e-01 8.278925585408120069e-02 2.861641509161191865e-02 1.708932845883745499e-02 2.221464205866321151e-01 2.781704169853261854e-01 8.782743300410270071e-02 2.010451237707346905e-01 3.893265004105900817e-01 3.633600702159805323e-02 1.570661216366577573e-01
3.593750000000000000e-01 7.862380916278019494e-02 1.803658183259445047e-01 1.951796968428728407e-01 1.848794805256761820e-01 6.515376136932940487e-02 3.844787037508547167e-02 9.454556681938357243e-02 6.589365717211556617e-02 3.084278689236294793e-02 4.787419423472825120e-01 3.356398761209735543e-02 3.604714708866112866e-02 3.196500937806013298e-01 2.972315249411786597e-01 1.112328567804844182e-01 2.211220275281412448e-02 1.383102869502548515e-01 5.831636903908368058e-02 3.844546128537081331e-01 1.828669881155569055e-01
3.750000000000000000e-01 4.614325964115623818e-02 2.168816034848925212e-01 5.680472039353047509e-02 2.059114895014745039e-01 2.828071119380282106e-01 2.368291283987840889e-01 5.596191555222965880e-02 1.006318576938044357e-02 2.657751653317792090e-02 3.182503128549961091e-01 2.655028246117763779e-01 1.239276930919609070e-03 2.376757241698230494e-01 7.772449097420151831e-02 2.219999171959017581e-01 2.641480150576499542e-01 1.545228833076528648e-02 2.443128895771105313e-01 3.731588132680321857e-02 7.176382842906839366e-02
3.906250000000000000e-01 2.620868622350193688e-01 2.109645733504754428e-01 3.155309359915629830e-02 7.399163977119427305e-02 2.132875422459576675e-01 4.825970648274823666e-02 2.578049266375171955e-01 5.255627264576154950e-02 1.051450619421323389e-02 2.777973808792510296e-02 4.758198723567592936e-02 2.880357889528473506e-02 3.461459360737446089e-01 1.144966286384546499e-02 3.872233771262131308e-01 8.789152389364071616e-02 2.220701691123760230e-02 9.969932177698787035e-02 4.127597492913875898e-01 3.733407618181896481e-01
4.062500000000000000e-01 3.167216577220455243e-01 2.171183745206282101e-01 2.439328426665730160e-02 9.317277767801042040e-03 2.476537603671198351e-01 1.282666891823356081e-01 3.360676422178393019e-01 6.336899176482385654e-02 7.451578919326349790e-03 5.561208025034165142e-02 3.206241738480314352e-02 3.802667600817895011e-01 2.229510029328562459e-01 7.860982334712000863e-02 4.967254412187436241e-01 2.357596526034602680e-02 2.188444445963366458e-01 1.395128712952861116e-01 4.746155573114032578e-01 3.879588783364075755e-01
4.218750000000000000e-01 5.326080951784288586e-02 8.055637964024076059e-02 1.254715376638491642e-01 4.753087631254636347e-02 1.619260695726663923e-01 9.167659240320875924e-03 2.695225115423325324e-01 3.242214565456662256e-02 1.699038460334832690e-01 7.866236446111468661e-02 3.110750046763183230e-02 1.361961494838936082e-01 1.212497581357223492e-01 3.743472750255452119e-01 6.775541317908082006e-02 2.641850068627894510e-01 2.634288547537746994e-01 8.373499605425435699e-02 2.036871214509562711e-01 1.609754681604567972e-01
4.375000000000000000e-01 1.694055541791461561e-02 1.411682203482820530e-01 1.693311854691283980e-01 1.324929101079308225e-01 1.821303830447597305e-02 2.940744816883653079e-02 4.867567784926107866e-02 7.998601842531674611e-02 6.785237265751713209e-02 7.241389312387177743e-03 1.089169828835751391e-01 3.391278929270108433e-02 3.819992085609812821e-02 2.860365412069919011e-01 2.307757892423339605e-02 1.218934904935307234e-01 2.260487689677032619e-01 1.598466293039790542e-01 1.698431659391895221e-01 2.270056493636269379e-01
4.531250000000000000e-01 2.755378458968600341e-01 5.900895655168474085e-02 2.546722931076822460e-01 4.928781447941432692e-01 2.196237813691098162e-01 2.479682155216728079e-01 1.857461663087179703e-03 1.554889049239135401e-01 2.183894854359753335e-01 4.880655153844787320e-02 4.923815248446825749e-02 3.967314693796771818e-01 3.318016284471918265e-02 8.134563818668309396e-03 4.679814669523126025e-02 4.726750053677973356e-04 2.308628077838112969e-01 5.325682523647196076e-01 4.268398330019674836e-01 2.831422830135445212e-02
4.687500000000000000e-01 2.890380458708291522e-01 1.660992963653123988e-01 6.928030680085077442e-02 8.359008206037535360e-02 1.994562250147812257e-02 3.175677303394720541e-01 1.710509613358570657e-01 1.212164930189009275e-02 2.239744970456809120e-02 7.913467618671678194e-02 2.307060008594834788e-01 3.478175264024734870e-01 1.208669490632980834e-02 1.241868505969011827e-01 4.935008997421031635e-02 9.164081860707318228e-02 4.869416624864765508e-02 3.893943343706582905e-01 2.747352397064030116e-01 4.165749723412041916e-02
4.843750000000000000e-01 4.872280686636526470e-01 1.060506624663646019e-03 4.737660348299606305e-02 2.606172762498541462e-01 6.592129526728070232e-02 2.510610551571192464e-02 3.079866831885647027e-01 2.944694927471670429e-02 3.583111078345498773e-02 3.141308252396774470e-01 1.258718967628990604e-01 6.437314014291056763e-02 1.185229863866352068e-01 9.709430925555623260e-02 1.389511905207682640e-01 5.622249464152288129e-02 1.364113498448834422e-02 2.298225710494681828e-01 7.775941767910551916e-02 2.580346547359567699e-01
5.000000000000000000e-01 9.527049150174526915e-02 1.998721989745026999e-03 3.769899095204632400e-01 2.745280114915220060e-01 8.856611220795802819e-02 6.128939377938090460e-02 1.217862987500030990e-02 3.458284421675397735e-02 1.616115129110702875e-01 2.655794598444801216e-02 3.753663807083300330e-02 3.669056023773439867e-02 1.956342632948094296e-01 1.863710036691448857e-02 1.958796866075836474e-01 2.050354122471498286e-02 3.774312619087085152e-01 7.610074154414392389e-02 1.504932109219067893e-01 3.626803913967283632e-01
5.156250000000000000e-01 3.064490978837097757e-01 3.950986609290482732e-01 9.213096958887624643e-02 2.493506123332357161e-01 4.436474550858366533e-02 1.449275667434708759e-02 1.203124726768051989e-01 3.099162397120141521e-01 7.606956347388097242e-04 2.027560586939129716e-01 6.051094863001605512e-02 1.630567154763329623e-03 1.273349063319583474e-01 4.082241583555694386e-02 5.761683312328023249e-02 1.767135747999422912e-01 3.739485754080515423e-01 5.111422820845884507e-01 3.882748689739691228e-01 1.150406056059561366e-01
5.312500000000000000e-01 2.145134020344938719e-01 2.097571160013086966e-01 1.034369075603922862e-02 4.213561844502179340e-03 3.420162444182869160e-02 1.181241056271160744e-01 1.134977846698163456e-01 4.479142003709449815e-01 1.406444167250194173e-02 8.033532449560863709e-02 3.832838669835971629e-02 5.799614702581992048e-02 1.520807377062470891e-02 1.759324024244774132e-01 6.482890697132965771e-03 1.179247967448873724e-01 2.605146701829123140e-02 4.141015044904433617e-01 1.577286018542518597e-01 6.898820685296304378e-02
5.468750000000000000e-01 1.135807463539180856e-01 4.267262272857322847e-01 2.474283088713023770e-01 7.664245386605693378e-02 2.676643480511558537e-01 1.287426949473620130e-01 9.364869541701587724e-03 6.069036336416155225e-02 8.360408093144043595e-02 8.311374799527701529e-02 4.142992589780688378e-02 1.246896738659776099e-01 3.799106101287029469e-02 8.871293460154962285e-02 4.145429930538103297e-02 4.130137585163027869e-01 2.263612127472387214e-01 3.509232449017415378e-01 1.238972874150265774e-01 2.463091979783763735e-02
5.625000000000000000e-01 6.035430799756331260e-02 7.707375780907131657e-02 6.560795792620000011e-01 3.679592626537946803e-02 3.084776868045657761e-01 5.289451910007451213e-02 7.674029991743669399e-02 4.766348493534994235e-01 1.980982240030464969e-01 9.039112208799315873e-02 2.455177962620875010e-01 1.789342116610452282e-01 2.093315813840053163e-01 2.466939377480881768e-01 2.496716111284780215e-02 6.214692363858516089e-01 1.748818791846328269e-01 3.400589752728522819e-01 4.447496568981917919e-02 1.473141346694622489e-01
5.781250000000000000e-01 1.992975611541537156e-02 5.008524343353446678e-02 7.094362660432751433e-01 5.997995213876437283e-03 1.661154692168739511e-01 7.419588122359428717e-02 5.751712506727173213e-02 1.090334059269765926e-01 1.690506734071113293e-01 1.792672573783343770e-02 1.337423084912727489e-01 7.133604948025246140e-02 1.575951045198068640e-02 1.899221759052121261e-01 6.887598119027435462e-02 8.808516233326885159e-02 1.068006954881173731e-03 1.642985565037496098e-01 3.657140105736167990e-01 5.118090051920977102e-01
5.937500000000000000e-01 1.119746004181850357e-01 5.559888761427586590e-02 1.641399888205132274e-01 3.203577104243812701e-01 5.017593247713440091e-02 2.682493458624111704e-01 6.128690993776292339e-02 6.048487138500066029e-01 4.798799259470541423e-01 4.989885403576201431e-03 2.867720368425950156e-03 1.638256852472612657e-01 1.941146338398627713e-02 5.400808536387197156e-01 6.911112698979214597e-02 7.006145271063576874e-02 5.158776867745335643e-02 1.581110080849451871e-01 3.518287400649418306e-04 2.869492736740129613e-01
6.093750000000000000e-01 1.474094327679768314e-03 7.482592987879412016e-02 1.087158803899834908e-01 3.520581715920229615e-01 8.836803175224823559e-02 1.430355825816774680e-02 2.940741297514071553e-02 1.420013629760461249e-01 1.771440932542406033e-01 2.660153823321535771e-02 1.253894445173892591e-01 2.512076658700415077e-01 8.212793992533538867e-02 6.667017813518606728e-02 2.233989868288623754e-02 4.704236621433928733e-01 1.713598795517361773e-01 6.668060537460518411e-02 4.246077552623517964e-02 9.942234777148274694e-02
6.250000000000000000e-01 5.309292218449090939e-02 3.161032516037516615e-02 1.812876042285435640e-01 2.862873406798365772e-01 3.159950593753819148e-01 1.929814699549490531e-01 3.175669664070585041e-01 1.523371509132812884e-01 1.862575359528712282e-01 2.076648508832369677e-01 5.759670676404341633e-02 1.272720313915937373e-01 5.857855047598168469e-02 9.534545043531164610e-02 4.492428420182183191e-02 1.420675818411413216e-01 1.557189705129452262e-01 6.733664201512340464e-02 2.257926150712952773e-01 9.641644802503945844e-02
6.406250000000000000e-01 2.824853149654813281e-02 2.551821871108324053e-03 1.444358928048267432e-01 1.537160807342954627e-01 3.330947641664614989e-01 7.852098603531060261e-02 2.073235955636757999e-01 4.052511822327099777e-02 1.150396952442760273e-01 4.049750526797028516e-01 3.011540789347353156e-02 3.642382192642633632e-01 6.459208587211505426e-02 6.789634013495247922e-02 1.489009783860199554e-01 9.972791452122499456e-02 4.284057720166267735e-02 9.800138425586629731e-02 3.099897584211211421e-01 3.133407423734680397e-01
6.562500000000000000e-01 6.822351174548017469e-03 6.214994550281661284e-02 3.092132756540776350e-01 8.027406753466959088e-02 4.003487812303074822e-01 7.389858855111579305e-02 3.692089903115561844e-01 4.160710116889668186e-02 9.095409571875720869e-03 1.832938557812307731e-02 1.295496362838309268e-01 1.960290618099074650e-02 1.206624581238519532e-02 1.734956659511233401e-01 2.797715368286307625e-01 1.113592079881579183e-02 1.598750674763354529e-01 3.873892499770018732e-02 1.226743753942676901e-01 1.309505867839295123e-01
6.718750000000000000e-01 4.061924200696392373e-01 1.125081390396596853e-01 2.194002475810162556e-01 3.120650053115407996e-01 1.146543045365805563e-01 7.440230973942305037e-02 2.120925678617437138e-01 5.599215351430675280e-02 8.635782660076725403e-02 2.294341394606471962e-01 2.364833782775097593e-01 5.841755227570372827e-02 3.469997523214118224e-02 1.055651157224740538e-01 2.153302174688751305e-02 1.454871740361368404e-01 5.873446341110098723e-02 1.681608288667454099e-01 1.634666315040456813e-02 6.154440719723264230e-02
6.875000000000000000e-01 4.083282228908721168e-01 9.032908456378577200e-02 6.440812672779314130e-02 2.886664378821576782e-01 1.463413757050719410e-01 6.556708064490271437e-02 1.035471462836509149e-01 2.600459636597087995e-02 1.192194175366219355e-01 2.500076977529052114e-01 3.903066531298484132e-01 1.671968873488984542e-01 1.399463917433877158e-01 1.680554064787740873e-02 8.031616404641565843e-02 5.996763076913036450e-02 2.467736530866881939e-02 3.856716103905321047e-01 2.024938897706537178e-01 3.703764547026475867e-02
7.031250000000000000e-01 1.262702213747133873e-01 3.397673005634810339e-02 2.478359696904915699e-01 1.577797844376145620e-02 1.642038261549749467e-01 1.476783641579653694e-01 1.605110081243890097e-01 1.558064500289668974e-01 5.347185195994520052e-02 2.842726621396333697e-01 2.256454568890585433e-01 1.927177690323406412e-01 4.442283513439112541e-01 9.074539917836052516e-02 1.910248333436344037e-01 3.067895273485610544e-02 3.164180474160158130e-01 4.937981238809318052e-01 4.599139571141626359e-02 1.159488893331973580e-01
7.187500000000000000e-01 2.539144376623192478e-01 2.056677317797410420e-01 1.835240325950661389e-02 3.707627027140138892e-02 1.489929896435554790e-01 1.412086615450522942e-01 9.858473053098160827e-03 2.614193171748041000e-01 5.998842504916337970e-02 5.340262292881810952e-03 8.241651033253934167e-02 3.758560521041051095e-01 2.657030231216054861e-01 5.941303468163053325e-02 4.809549243964544307e-01 3.574372711992636863e-03 5.619537070817182123e-02 5.347920482915253793e-01 2.272244310439752724e-01 8.416027560590305656e-02
7.343750000000000000e-01 2.562691394705626791e-01 5.881901826435136788e-02 1.087936422678970061e-01 7.314593825723861298e-02 2.868305178325923910e-01 1.028460678318486726e-01 1.193883668252638912e-02 6.883781629894970833e-02 4.836109898092779552e-02 3.488751528455120154e-01 3.411273078417479537e-02 1.621771615758868523e-01 1.126838370323063887e-01 5.073245143820092479e-02 1.369630458189668720e-01 1.387683949871139077e-01 1.835452294738223467e-01 4.989050143926057057e-01 5.283356073377107331e-02 9.841303359121218730e-02
7.500000000000000000e-01 4.754417693032900183e-01 3.377260313488988225e-02 9.520721970022064107e-02 1.642293737361025501e-03 1.655258138541358115e-01 1.964701257977819193e-01 1.107409916035712386e-02 1.432994961457146610e-01 2.434079645859402521e-02 2.382421232079375700e-02 5.890398541446228986e-02 1.657749634123667770e-01 3.622300847412369129e-01 2.053417205191700179e-01 5.032307543641301867e-02 3.945850991998595125e-03 9.913813293963072686e-04 6.242244399143461742e-01 1.319354663664144556e-01 6.797420867655279419e-03
7.656250000000000000e-01 3.737792242623225181e-02 1.684677416298601682e-01 9.528450923402347061e-02 9.531911034899470669e-02 2.707671484512347293e-02 4.454411348710669155e-02 1.409520638815823512e-01 3.836387694705081786e-01 1.862356582236624619e-02 6.844998286457114334e-02 4.055077089479293406e-02 2.277882286750719867e-02 9.689725987289750375e-02 5.113555463318843891e-02 1.218779157082918174e-01 1.801300490623182482e-01 5.443530457636255177e-02 7.443945132697787903e-01 8.540734664721455482e-02 2.413043824459571232e-02
7.812500000000000000e-01 1.098627619291023538e-01 7.212923345897694072e-02 3.780868944386289732e-01 6.768350264403927806e-03 7.257161487922318688e-02 1.038148267712100670e-01 1.149230367612985027e-01 3.694397678036959176e-01 1.854650780809641937e-04 1.087306458744971421e-01 6.932029661952926469e-02 6.247773785389528628e-02 3.346135900989465756e-02 1.569793581257234172e-01 4.607509848074443221e-02 6.321413448315628403e-02 1.013484444131179246e-01 5.609862745483458202e-01 2.208618666864279045e-01 3.182567761375712512e-02
7.968750000000000000e-01 1.192411831974320435e-01 2.732125498649740428e-02 2.982033826769785456e-01 1.587578310489016209e-01 2.443850875969075243e-01 1.774346984738454577e-02 1.799122420786220256e-01 3.096534276796829022e-01 7.684764907007660129e-03 1.158080118868436287e-01 2.785482987678435940e-01 6.013188469050633443e-03 2.380086899771429454e-01 1.116408427966117944e-01 1.191693565996271992e-01 2.494484359974123711e-01 8.223121641050969155e-02 3.944451286741783580e-01 3.299582352999839291e-02 1.920573379482983303e-02
8.125000000000000000e-01 4.352226166898150866e-02 5.456319238249968118e-02 4.487600796930429903e-02 1.878698722654516540e-01 3.429921328601825414e-01 2.297531592848387622e-02 4.498259066843670051e-01 3.981384008158156962e-01 3.844270404094320137e-02 1.772857124236534854e-02 6.134813582772823126e-02 5.426332597559264947e-03 3.997623983129949821e-02 3.451760468551309108e-02 1.469845789441734107e-01 1.740415466481222417e-01 2.886344281742689866e-01 4.926841918161072031e-02 1.677265878996722914e-01 6.148231947980212220e-02
8.281250000000000000e-01 3.506424116336533114e-02 2.510016990805217715e-02 2.857000697517544374e-01 6.076685874418851635e-02 2.188005615625176759e-01 1.241074811772130693e-01 4.257442229857655303e-02 2.424380634254108546e-01 1.027174116916391121e-02 1.028974464262658317e-01 4.537279516669086299e-02 3.677357349663539637e-02 8.475423195398862353e-02 1.249114853702212452e-01 1.296591656002395697e-02 3.356424894654138069e-01 1.907965744143516329e-01 4.877456241991995345e-02 9.289331976400472257e-02 1.619787954498578403e-02
8.437500000000000000e-01 3.128516659409749483e-04 3.547076962896950764e-02 3.278695177273915351e-01 1.760400418120681987e-01 1.974772602559489165e-01 2.828931269491988948e-02 1.536418041756733854e-01 1.902866779451337642e-01 7.637241357313247041e-03 7.202758174723086770e-02 6.170398124579169058e-02 6.520462183291970970e-02 3.155549269986812067e-01 1.671415508243189185e-01 4.398938485061512638e-02 2.615462627629724923e-02 1.044230332405067935e-01 9.411327608082792340e-02 4.015400242233087974e-02 5.781167886764728564e-02
8.593750000000000000e-01 4.720834068799178995e-02 1.800287736284739981e-01 2.661624292252853796e-01 3.600332816759679172e-02 1.073556780104912428e-01 1.967572783620974985e-01 3.261004480390825577e-01 1.867055716689217659e-01 7.239937766760869142e-02 9.588544766776069261e-02 5.474979308998025734e-02 3.525550682794635626e-02 1.816967069107757460e-01 1.190625772271509536e-01 4.790310753042604369e-02 1.112420766519787441e-01 3.833781853828648056e-02 5.753086153077188181e-01 8.671892731173627342e-03 2.815989034817580061e-02
8.750000000000000000e-01 1.226608659479673930e-01 1.618966677112080865e-01 3.880383508398655423e-01 4.686280649586904018e-02 8.499011007989878963e-02 2.120301511288503332e-02 2.624750033533528870e-01 2.908572905087041319e-02 2.221271014875665986e-02 4.900167590194243888e-02 1.774537418811877598e-01 1.904452526819086153e-02 1.260271335483952038e-01 1.415612717591707703e-01 8.436293120754219648e-04 3.377657864949264455e-01 1.943144758974479358e-01 4.050024993557017061e-01 3.357268927333676434e-01 5.702726240018744785e-02
8.906250000000000000e-01 1.753932657939903383e-01 2.302871744721059558e-02 1.041414906465558260e-01 1.822104611898450466e-01 1.891941335142195701e-02 1.583105486109659399e-01 2.227647447329887953e-01 2.250504513136623169e-02 4.133831019141001595e-02 1.702800437483033280e-01 2.466768624656023867e-01 4.869893268205256059e-02 3.083072192587326676e-01 1.554994213851186840e-03 2.477407835383051427e-01 4.716094138366885291e-01 3.923129308560467376e-01 1.206512656392946664e-01 7.457761727220577064e-02 6.511979028827717675e-02
9.062500000000000000e-01 3.344689080006184034e-01 3.167000422997746922e-02 2.066464763092892010e-01 6.818189134405026885e-02 8.907005295286277158e-02 9.743895136989762229e-02 2.678832326808690614e-02 2.306980880884177687e-01 1.199526064316701335e-01 1.106219837023371400e-01 8.175910238540097172e-03 8.252340110923432268e-03 1.568701014949109018e-01 6.229172779965102408e-02 1.229295656798152225e-01 3.348356461998385769e-01 7.192072296278538557e-02 3.158392263346793127e-01 8.159387870824610922e-02 2.356061938225014613e-03
9.218750000000000000e-01 4.338088226973352834e-01 1.227151732959153724e-01 3.923798250140930199e-01 1.453765901681863260e-01 1.017497282752450605e-01 1.598139275056909350e-02 2.797915649028732132e-01 1.764430609993046239e-01 2.171379148270715514e-02 4.232839017597164744e-02 4.315575354719167755e-01 3.710438562525986139e-02 3.237837949673944560e-01 7.794100749350764412e-02 1.613159393613802783e-01 1.945531301716849765e-02 9.196902820342241908e-03 1.577599814870077610e-01 1.373513084394905048e-01 1.651361713281729870e-01
9.375000000000000000e-01 3.978179569318185393e-01 1.463318436944542333e-01 2.307815893491515780e-01 2.200156278876272964e-01 2.186284685756757773e-01 1.722071236499650784e-02 6.728810670022151996e-02 6.505953490384976112e-02 1.005072565113387800e-01 1.897609577984258888e-01 3.680155462564028285e-02 2.207437189300831895e-02 2.025726011566302553e-01 2.020924271986904996e-01 4.208219698202206316e-02 3.563146166592953690e-02 1.131439180703613795e-01 8.918269676841510119e-02 1.491135021813868033e-01 1.859818947913097209e-02
9.531250000000000000e-01 4.721537672112406381e-01 3.349065366629551121e-01 1.137555054193959136e-01 1.546847621971997044e-01 1.130749606212119174e-01 2.380498057128828393e-02 1.035055934887559592e-01 2.828126771411648699e-01 3.395008813609460413e-02 1.671889302299955082e-01 1.807395444723123301e-01 1.384212141556067505e-02 3.016877703435239672e-02 6.177405078659361538e-03 7.119885155783935160e-02 1.517219326425306436e-01 1.872125214724046083e-01 8.277000524677367854e-02 8.427422087524824579e-03 4.500386846229455923e-02
9.687500000000000000e-01 3.763941781054090385e-01 2.139838831044397760e-01 7.602869051477248452e-02 1.070692741533402909e-01 5.001034671594978276e-02 2.477387658454919053e-02 7.584951015201590874e-02 4.628102737934172706e-02 9.248686687409531093e-03 1.975766416024343775e-01 9.618229145297751970e-02 1.051727499490148487e-01 1.909909598366367756e-01 4.842098862950357241e-02 8.956715874308943115e-02 9.689912432795258490e-02 2.099698836543656985e-04 1.860808927104463939e-01 1.551845393926104717e-02 2.867914411975704125e-02
9.843750000000000000e-01 1.841091158226878521e-01 2.201996554670992146e-01 3.312352531916510912e-01 9.323274958297322890e-02 1.556981741340531800e-01 1.631283368114085086e-02 8.095053052482657774e-02 1.126017022690260216e-01 1.961861542423930932e-02 3.452800908647780942e-02 2.418691282875158263e-02 7.938527985153481792e-02 2.561478775921332551e-01 1.334771880609292860e-01 6.004249417655754123e-02 1.104628402486265565e-01 1.082823045187421424e-01 3.272636954298312473e-01 3.337707450277205279e-02 4.572585331318609891e-02
1.000000000000000000e+00 2.693259205228362152e-01 1.339392344601590158e-02 3.700554808478789814e-01 1.290871562685806939e-01 1.763294888753423051e-01 5.911678091370605598e-03 3.491205328783570927e-01 7.419874605326030881e-02 1.436489198472909457e-02 3.544918576843131275e-02 3.592242483295281508e-01 1.497114794839868590e-01 3.952001829970101104e-02 8.310751547012168103e-03 5.993391644265220336e-02 1.856771015424232146e-02 7.011003276927563199e-02 2.088520591645177393e-01 2.258099310965632212e-01 3.033315245380103775e-01
1.015625000000000000e+00 1.425734665471862783e-01 9.312992162570023214e-02 1.584438523302728052e-01 1.505460106464640568e-01 3.131430331348739604e-01 1.984032976997479950e-02 2.593758415366027581e-01 7.412245852258440015e-01 1.233848385726661612e-02 9.835416737614303961e-02 7.681792877319275348e-02 1.142270435400980499e-01 8.730518313936154462e-02 9.706370422897502015e-02 3.182069307102626810e-01 6.320324449064256001e-02 6.636773901861743596e-02 4.964628501465786353e-02 8.690641913837972299e-02 1.084828042415834498e-01
1.031250000000000000e+00 1.196084067543538298e-01 6.873093564818079718e-03 8.584404666457817745e-02 4.950660938094967461e-02 3.376179985692611130e-01 1.435472085190878143e-03 1.194939177802925578e-01 2.233075316868481652e-01 1.073703943467394506e-01 2.154651814087007317e-02 1.358968485169080587e-01 2.943319961487929348e-02 1.244153057323005018e-01 3.978747315157350750e-02 2.078325590918150834e-01 3.830351806196479747e-01 1.627504947308374417e-01 8.592998692897260704e-02 2.017176533509532355e-01 1.380435072345220227e-01
1.046875000000000000e+00 3.640549316389630752e-01 2.967026213891938921e-02 3.103690464359350476e-01 3.257087576061915013e-02 8.688476197899691611e-02 9.155892837550862542e-03 5.893365381017390964e-02 1.667729496975617620e-01 4.897325833146739388e-02 1.459699197334186627e-01 2.103600241892330247e-01 4.629535855018887015e-03 7.774547404590829991e-02 1.605486083449299273e-02 4.361677972777019408e-01 1.899772250711618260e-01 3.914014627653596423e-01 1.881938880366503669e-02 3.643629316997777645e-02 1.081409604924251089e-01
1.062500000000000000e+00 1.020639316322140278e-01 2.076439314273286624e-02 1.219265359965468198e-01 1.586339135208251205e-01 1.648124011225664265e-01 8.324966785135149219e-03 2.291818580283135620e-01 2.261623043130399358e-02 1.890351071348490841e-02 1.304171311717160775e-01 1.137000519124065218e-01 1.486402770361002768e-01 5.208730625813130510e-01 5.850464011892094612e-02 7.000949190407242118e-02 2.282709695276313178e-01 5.019562453452811740e-02 1.026989751191832723e-01 1.078262311297567139e-01 1.154465612436384458e-01
1.078125000000000000e+00 1.815752557215128127e-01 1.097228874873253518e-01 1.729784256187513469e-01 1.799103949921233014e-01 2.174695075731827576e-01 1.488099405256844594e-02 1.334687377613384129e-01 1.295009295610375366e-01 1.497128685015617668e-02 3.052239717627561189e-02 5.023717862131746661e-03 1.315591742213156334e-01 6.697608445419979128e-01 1.778907912475370667e-01 9.431159547546388855e-02 1.741705032748643578e-01 1.024893202557334848e-01 2.178466962666854301e-01 2.641289193694356108e-01 4.307040264752928227e-01
1.093750000000000000e+00 9.834311018703298379e-02 4.878385980403517758e-02 2.299424834102433424e-01 1.114270335006989493e-01 3.339592889813317589e-01 3.643144944976325211e-02 3.182799235215131445e-02 2.108008592425947014e-01 8.933902779868486271e-03 3.782459566219385089e-02 2.105299065852307416e-01 2.024323534898746502e-01 3.612065723944019591e-01 6.397124941714304319e-03 1.099048578332553483e-01 2.321353155966302262e-01 1.116659287384958732e-01 6.529505960391928099e-01 1.453621148301006971e-01 6.871725668901487727e-02
1.109375000000000000e+00 2.137485844175803507e-01 1.683866562925311061e-02 4.006630089792240224e-01 6.063326639363550430e-02 1.701077981943565076e-01 1.171920229252663703e-01 2.061946159676952828e-02 8.874433212207605282e-02 1.463432305397104061e-02 2.899845691932904576e-02 6.031903503314122172e-01 1.110875391480322522e-01 9.030852668127610505e-02 6.118713033328898598e-02 2.529548918606839281e-01 8.261801479872220300e-02 4.160283497650443807e-02 6.927068340599737972e-01 3.608999156958162535e-01 4.870221924853195689e-02
1.125000000000000000e+00 3.147565901330824922e-01 7.339805627691899786e-03 7.468913997687951500e-01 4.465061915995134634e-02 3.345330791055540209e-01 7.955595816899213579e-02 1.418112985186605335e-01 1.383732126387644812e-01 5.575974925924209735e-03 1.446534765376635279e-01 2.249954447030020344e-01 4.367887905664859238e-02 3.383756434482853570e-01 4.480392475144106407e-02 8.560635191419507795e-02 1.630299320667974450e-01 8.737250607281590864e-02 3.399855116272496591e-01 1.951782095890441382e-01 4.495533861393016112e-02
1.140625000000000000e+00 4.019358443563227912e-01 7.600084799950881584e-03 5.682621960341405210e-01 3.869358794002328850e-01 1.754674035398683662e-01 3.790312725308706693e-02 2.434226395053346870e-01 3.287361468255511898e-02 1.470199090070297733e-02 1.036931942775526638e-01 5.864930499428548660e-02 5.073392908990057015e-02 1.463427681428569327e-01 1.108123509055349565e-01 4.447189877567722660e-02 2.417060755752958034e-01 2.027405836424195362e-01 4.593771287401622883e-01 2.953251731398223029e-02 1.077525531813574577e-01
1.156250000000000000e+00 3.381202945676977101e-01 2.560536438750952645e-02 3.048973457460449343e-01 2.351336105572649493e-01 8.872466022956611298e-02 7.556980522734043151e-03 1.191317553327530671e-01 3.174612958882118419e-02 2.666288776870934241e-02 7.618917743777152418e-02 2.596647044985649910e-01 1.494860887061865429e-01 1.093427813390656783e-01 8.008124332275406987e-03 7.167010695257935993e-02 3.680185321806374033e-01 6.169869083577812774e-03 6.404372148628856287e-01 1.311451636823810635e-02 1.115761105983199414e-01
1.171875000000000000e+00 6.434589422849019968e-02 3.386396196188933005e-02 3.817215981272410463e-01 2.338612880393771062e-02 6.922377436370125148e-02 1.553953274082106595e-01 8.584983278144119045e-02 5.610072986105210657e-02 5.211831957897256062e-02 1.005739129926529890e-02 1.867450333352223824e-01 2.980004595647004484e-01 3.397108365341364733e-01 2.685771730655952400e-02 4.226746974757265157e-02 3.036065384714732307e-01 2.228170495317504871e-02 2.927206007255701570e-01 8.993492748044740193e-02 1.213317702466767123e-01
1.187500000000000000e+00 1.815012184647424864e-01 3.269595668635527641e-02 2.346852444640910307e-01 1.887816703841609378e-01 3.402711259498929913e-02 1.199585632401860003e-01 3.132956131480213458e-01 3.219447278242072025e-02 2.863538231133075027e-02 2.487343802229796674e-01 4.859148783519112724e-02 1.008334498436052745e-01 2.791053155430042176e-01 1.192068510200612746e-01 2.643547264500445970e-01 3.642875269181495429e-02 1.261244546821490842e-01 3.518432629445673032e-01 1.062593410984621345e-01 1.790505600060395552e-01
1.203125000000000000e+00 4.660250777196964789e-01 9.136478958835851649e-02 6.861034401843290054e-01 1.010259012472189966e-01 1.763036985733563433e-01 1.278500487262986263e-01 1.756971241809004991e-01 2.743835049629032574e-01 4.378367138063012781e-02 8.002643184883506677e-02 2.274550812317299164e-01 4.148216797705542302e-02 4.307239703276132259e-01 8.414737252055011496e-02 2.091424545360918152e-01 2.205662102539139580e-01 8.771120360498772806e-02 6.460443750485109771e-01 7.431225044012561287e-02 9.462174434593781380e-03
1.218750000000000000e+00 1.733542733036645134e-01 9.853507736788855165e-02 3.542370012543142321e-01 1.876670602944225386e-01 1.429023662028726105e-01 1.408084080125344417e-01 1.373279747822579167e-01 2.628393669434828106e-02 6.810511474460562414e-04 2.270005753051710096e-01 2.856033462336125539e-01 2.232678865886510156e-01 5.036263687883428819e-01 1.036329675350538063e-02 3.205242400884236731e-02 3.946733206226558099e-01 2.627459639159291371e-01 6.364171556408150243e-01 4.308652444814638216e-02 1.771331672871917506e-01
1.234375000000000000e+00 2.032494574375524610e-01 1.417896035919640196e-01 3.492470476023012971e-01 9.132374166707711571e-02 1.949203732395553279e-01 1.131090448915186321e-02 1.553886239336720043e-02 8.436883283980577825e-03 1.241982743478975849e-03 1.982908951925833330e-01 3.958015487442108071e-01 3.328391237136691383e-01 4.516558961467598832e-01 3.052433711175572134e-02 2.625593485466045859e-02 2.117235546292741688e-01 5.312128439962936904e-02 2.850985227387718424e-01 1.451014900348478742e-01 1.921001787713448594e-02
1.250000000000000000e+00 2.162252279051073423e-01 2.337855725051334391e-02 2.401691154409574258e-01 1.125602267310240739e-01 1.639482201597240452e-01 5.309800350241019457e-02 3.879661796900156778e-01 1.024519568190944835e-01 1.622219464873830884e-03 9.817939227406513591e-02 5.325403581144950299e-02 3.007340772858182465e-01 9.827795999838079277e-02 4.962109610374636909e-02 7.179577288514699118e-02 1.494122879242730795e-01 1.021926198691841814e-01 4.082072094635321169e-01 2.125717984987741949e-01 1.936395231874899481e-01
1.265625000000000000e+00 2.207004952063280623e-01 1.186709896949599691e-01 7.490606896355193889e-02 2.750863689313250496e-02 2.349848848764046483e-01 1.989762671503470665e-02 4.336457038564547894e-01 2.899574399613077391e-01 6.647814283382792212e-03 1.343289772400517446e-02 3.380140210471364870e-02 3.568037860837974806e-02 1.901074401328481100e-01 1.109656780254846681e-02 2.774402387110455614e-02 1.215929795520813983e-01 4.182689989299671549e-03 1.992509974075069024e-01 3.646028671591901027e-01 1.493174903657574493e-01
1.281250000000000000e+00 2.747989466216614884e-01 2.145209965485941200e-02 2.259501601931373505e-01 6.137023621037472620e-02 2.325178123487403603e-01 6.520313661933521687e-02 1.273797433380067512e-01 9.530704539673678921e-02 2.286439873596940366e-03 1.509954460519982167e-01 3.103171092550170429e-01 4.187553738882485166e-02 9.982134588518831730e-02 1.484977538741278358e-01 2.228853816158973267e-01 1.362218749502540627e-01 1.313723499078945922e-01 3.673264983958322571e-01 1.349643461720872739e-01 4.393277743319676243e-02
1.296875000000000000e+00 9.213083837470734117e-02 1.386967221485462809e-01 1.948514723100667756e-01 1.870706755294638535e-01 1.083125871171334853e-01 6.335869914685134108e-02 9.044658589453709319e-02 2.038320688475820930e-01 4.025450194923920616e-02 8.414812329367978017e-02 9.651130234885940684e-02 1.584878605257841744e-01 2.403787805916127451e-01 1.169671540159274992e-01 2.407866876558997955e-03 1.937809606937993812e-01 5.230753887644681160e-02 3.160604661467484866e-01 3.272153004401768817e-01 4.922839237292521430e-02
1.312500000000000000e+00 4.902027842495807267e-03 4.165533165687444056e-02 2.265167539815636510e-01 1.404443687888890790e-01 3.809519863808196738e-01 7.151363147006176320e-03 4.038068349896287851e-02 2.120313239936589267e-01 2.189874552963587406e-02 6.724472005391599061e-02 1.972809898133074391e-01 2.926164814915485080e-01 2.137810786232890448e-01 1.148354020241818402e-01 3.637361352723991054e-02 8.858643925058634627e-02 1.237286686481915005e-01 4.584224753338232705e-02 1.270302260828188451e-02 6.710291398040003907e-02
1.328125000000000000e+00 3.551243255888360956e-02 1.608341965900552673e-01 1.324197316531587898e-01 4.510355396204442785e-02 5.443017052420555391e-02 5.460266831217806122e-02 8.425089529220814930e-03 3.324961895481420293e-01 9.800765762271800019e-02 8.276484397151546990e-02 3.850245707103482351e-01 1.443954602658171493e-01 8.366287677247505328e-02 1.455851662936057667e-01 3.438891110252771943e-01 5.969804134860865960e-03 2.481240474236308738e-02 1.618584160603687636e-02 2.147249581242563488e-01 5.573781652836787108e-03
1.343750000000000000e+00 2.210251848619928031e-02 6.581270069437220038e-02 4.613640467748987839e-01 4.530374711480283922e-02 1.802584335729451592e-01 1.310394157807844573e-01 2.419282102165642157e-01 3.960932172181955840e-02 1.831999782352523032e-01 2.916164048894007155e-02 3.661730660018358563e-01 1.088923478286383667e-01 7.668913848566427660e-02 1.233342068367282440e-02 5.669193129987591950e-01 3.826637396255547219e-02 3.645614244728614256e-02 2.845928762830982617e-01 4.394811263553079494e-01 3.193747340222275466e-01
1.359375000000000000e+00 4.656381663108334623e-02 1.217663819853351953e-01 4.043767718704100456e-01 2.668860508943805485e-02 2.002368863888304984e-01 1.715004914943154754e-02 6.154263224437836466e-02 3.837408213155574926e-02 4.904098652668772290e-02 9.278994160381119627e-02 2.773389908654025002e-02 2.376043445402991894e-01 2.871394696817008430e-01 2.733879409063270094e-01 2.003550801113887225e-01 4.141169202934699006e-02 2.783837501487045757e-02 4.942234739590866122e-01 1.435681722999812560e-01 5.138550377584381046e-01
1.375000000000000000e+00 3.013216893269269336e-01 5.151724608378810757e-03 2.915161293013898147e-01 2.686760985902589272e-02 6.174693724936815287e-02 3.941174217912109951e-02 1.269416548489854524e-01 1.975326750356196925e-01 2.256926593974654949e-02 2.148856168332811123e-01 1.288386166034456159e-01 1.525566197469802321e-01 6.769965090485480230e-02 7.697737951721490834e-02 1.339942687046888625e-01 1.149430860916184904e-01 1.292384104883323725e-01 2.823925701065567728e-01 2.329612739990285369e-02 3.788348798359549713e-02
1.390625000000000000e+00 7.511952093858983992e-02 2.109180584289727101e-02 3.236775743213968770e-01 1.190446687273108012e-01 1.603935697011744377e-01 5.896281637693813471e-02 1.240313594642430614e-02 1.172093397887389865e-01 3.297634707112302027e-02 4.391798105067119123e-02 1.583143115949006419e-01 1.474087067517955152e-01 1.623737532883910151e-01 1.458055914936755570e-01 7.205302821371560584e-02 1.034365382771235131e-01 6.196527031470638880e-02 3.083675141298200528e-01 1.486658177235512801e-01 4.982791570736614939e-01
1.406250000000000000e+00 2.321080064512398011e-01 1.255505759222776130e-01 5.199546515039799033e-01 5.436736947592638036e-02 6.052318435169081606e-02 5.268050529214117483e-02 2.139042093476108408e-01 4.050425691404753448e-02 1.517766498938704668e-02 1.297186356172478350e-01 3.912254883631173866e-03 4.010266896875241960e-02 4.682171806860774832e-01 8.031569774135344057e-04 2.429895415534322756e-01 6.292924006691236194e-02 5.692936372798092920e-02 2.549121283474787836e-01 7.663079932719933651e-02 8.928079424731640013e-02
1.421875000000000000e+00 1.419771964429213940e-01 1.859551533590305672e-01 6.110302431713020566e-01 1.085218442689414309e-01 2.943255623600293802e-01 2.751512941175818933e-02 2.293439202598016036e-01 1.524722543980499556e-01 1.598288227861465946e-02 3.872304934957307432e-02 1.136432101261625367e-02 1.272345939670016801e-01 1.879866514959589729e-01 5.449850528289322538e-02 1.614907520449045120e-02 2.134177492842329743e-02 5.236848168391733394e-02 4.291097218905166044e-01 6.580126767667011933e-02 1.698121890907058618e-01
1.437500000000000000e+00 1.832117948387688433e-01 1.235130317707074238e-01 1.982196783696948128e-01 9.379689867807444736e-02 3.223449715034951701e-01 5.845466470060323855e-02 4.335085812481179884e-02 3.037682186339968893e-01 4.620874272563113214e-03 1.123822322823604253e-01 2.806852058919614978e-01 1.461554645769243543e-01 2.472707230826926561e-01 4.305201295457808212e-03 1.300716790780617749e-01 2.143003353628545118e-02 5.733488508547502499e-02 4.283506049911118829e-01 4.552601830845225822e-02 8.361253503154915390e-02
1.453125000000000000e+00 2.105685601488946901e-01 5.218645284950858970e-02 1.717226719323653172e-01 2.588131406003432167e-01 1.255549041126826637e-01 1.272684638733487528e-01 1.283023590823928750e-01 2.235942231551836801e-01 1.009988578009972382e-02 3.449191566827889549e-02 2.037752214326880862e-02 1.356506635579756981e-01 3.902860526135585317e-01 3.080668527642031404e-02 3.439197801014512446e-02 1.559969809222406800e-01 5.462480306813286002e-02 4.748755214461213292e-01 1.724746582719415555e-01 1.178425615207456464e-02
1.468750000000000000e+00 2.569881540297677680e-01 1.050398039678364648e-01 2.920581043794105436e-01 8.498948573320196098e-02 1.355937970202624743e-01 3.496984526851866677e-03 4.710858822030467713e-02 3.018281145789828979e-01 8.518265020243506735e-02 1.692261714177072385e-01 1.742595319387349184e-01 2.771464094240532194e-01 2.781537758270021810e-01 3.531889741168493801e-02 1.028436310151070038e-01 5.710439997530331047e-01 1.061818678446250913e-01 2.875710663153724367e-01 8.006763111276618550e-02 1.376686926378078712e-01
1.484375000000000000e+00 2.255012420988461996e-01 4.745600023429209086e-02 9.091346578146486390e-02 8.916423604029462269e-02 3.259344824440399413e-02 3.564521724391616492e-02 3.950359985965544440e-02 5.922289124071602462e-01 5.681896952749991569e-02 1.818042524666790560e-01 3.864011199630192905e-01 1.829290393562142680e-02 3.649520090413412854e-01 2.044258911242131105e-01 6.233139828699085490e-05 4.083966068200819977e-01 2.589145410489169380e-02 1.130969421442320488e-01 2.867187541570479503e-01 3.172743911090348812e-01
1.500000000000000000e+00 6.875119980908285522e-02 2.480815898958836918e-01 4.673000975123244305e-01 6.225627111753136156e-02 3.281039998586893769e-01 1.618562788339798775e-01 1.515781284425970488e-01 1.025978126241559457e-01 1.179754586363468069e-02 7.208195782782118866e-02 8.407458233132376890e-02 9.667098766660173204e-02 3.816086537545506086e-01 3.906302332824403839e-02 2.882289044375628828e-01 2.655387583417678776e-02 4.130950784578279328e-02 4.756780767140301180e-01 7.431069674867094021e-02 7.269314358309833524e-02
1.515625000000000000e+00 1.128919930087478873e-01 1.232886720435349692e-01 3.073632821321491404e-01 3.203783016694776442e-02 2.431503981579798968e-01 1.216529960683998129e-01 3.366849944626767316e-02 3.779275088006373018e-02 1.441959551989733038e-02 8.257498895253266580e-02 5.433038373406584576e-01 1.041961362202246388e-01 3.294386210581695673e-01 4.771535473450701226e-02 2.320845118171696864e-01 1.258216289799451715e-01 2.224448375479450291e-01 5.418741589885390786e-01 1.977741335710979098e-01 3.353563824451780834e-02
1.531250000000000000e+00 2.021483618135006266e-01 4.778085771927626652e-02 3.123097192754569762e-01 8.863080351990491185e-03 2.410713605145736738e-01 2.898300374240438040e-03 1.538871564268066115e-02 2.840817083941226187e-02 1.911326346091682740e-02 4.087158633321458928e-02 2.133205520665244492e-01 6.275655306484785589e-02 4.740341739441246705e-01 1.663666751728497218e-03 1.364691336462305060e-01 3.808987250069950647e-02 1.036758925305906742e-01 5.024265553092890357e-01 1.152323945048870091e-01 7.128083199261064928e-02
1.546875000000000000e+00 3.092547924835706286e-01 8.618240944339684850e-02 3.588277195818582732e-01 9.099418782039743470e-02 1.922711160728095281e-01 2.222672672484888277e-03 2.903152702014776265e-01 1.672407646414957386e-02 8.107051004675623271e-03 6.815624593377563392e-03 9.371394197480539812e-02 1.282729810302413453e-01 2.922631628507657564e-01 3.242250116190152458e-03 1.023486678768469049e-01 1.221863805241918260e-01 5.380220261990512065e-02 6.573984032057078597e-01 1.659482110914314024e-01 8.103705038296470098e-02
1.562500000000000000e+00 1.200148872108970505e-01 2.837495913054715810e-02 2.229078382916998557e-01 1.051421338703736330e-01 2.170712850319464482e-01 9.341449550520408707e-03 1.227076353644920154e-01 5.414500721807348482e-02 1.422293841022266407e-02 1.684404635082449031e-01 7.294860150721754755e-01 5.030179080950560738e-02 8.551246806372668485e-02 6.984977491621208179e-02 1.110164015769624229e-01 7.072339572671960950e-02 1.828646020400335331e-02 5.246329181232568528e-01 4.694945591205281626e-02 1.482833831704739591e-01
1.578125000000000000e+00 2.382815443653969745e-02 7.261787389838760681e-03 4.683644304853389340e-01 6.440734467631185900e-02 2.484441288207265841e-01 5.136908022315794103e-03 1.630883701103510997e-01 4.325966759058302163e-02 2.410033459184542787e-02 4.707225569335310444e-02 1.173640480560866756e-01 1.176055338415944555e-02 9.365575362686479055e-02 3.602946271142210694e-02 1.610587988143447405e-02 6.071896412077959493e-02 2.090600033776914557e-01 3.028980765215731896e-01 8.109180754382069867e-02 3.598202882590398333e-02
1.593750000000000000e+00 1.119185622195680851e-01 4.390714690101842760e-02 4.318511199662369293e-01 9.078924810550469127e-02 1.198222008805155947e-01 3.593369517136243280e-02 3.371517218261113058e-01 2.926909240722915806e-01 2.157104275799966164e-02 1.557384056731543620e-02 8.152110661545659831e-02 1.110121335004992521e-02 3.456697890188913935e-01 4.777407560725687591e-02 1.120051641118752044e-02 3.405214005633958596e-01 1.138806524309707718e-01 3.027323406017048968e-01 2.530087141354999888e-02 2.464524902357388692e-01
1.609375000000000000e+00 1.140424559176414637e-01 2.547203926724754194e-02 3.704041826153535721e-01 1.492041403293621893e-01 1.569157364461730153e-01 3.260323741033278877e-02 3.089680113147752483e-01 2.163973428114621469e-02 6.532529093604061421e-02 1.562404460914922355e-01 1.022840847881431869e-01 1.567306614372823981e-01 1.138127462206409285e-01 1.125791159455649844e-02 9.902373366879503591e-02 2.114966930203565909e-01 2.023206307273621718e-01 9.883784462155169315e-02 8.315241721367214178e-02 8.035666634560099941e-02
1.625000000000000000e+00 5.472466822956172094e-02 1.046310062046504202e-01 1.584008327412768924e-01 3.117375560098617493e-02 1.714390582723661696e-02 5.667250742699863481e-02 6.330181148853318562e-02 1.198277619873319433e-01 6.293895703140375830e-02 3.067948442826795921e-02 7.230685127745337115e-02 9.339342890946483733e-02 1.158143253058748073e-01 9.394716495895119590e-02 6.450545341462415871e-01 2.647790652402428058e-01 3.159716633027526145e-02 1.478998171297047914e-01 7.875036340568823331e-03 2.076086733514060090e-01
1.640625000000000000e+00 7.608767713997630078e-02 6.661785663843297622e-02 2.276096067868699779e-01 3.355789674117991978e-02 2.389245656874317003e-01 3.691113819767836285e-02 1.477743281803436948e-01 7.688923723008617150e-02 2.195031224623614913e-02 9.545808586482903285e-03 3.583251804633670323e-01 1.350091659816793910e-01 2.920932326436173621e-01 3.408360687499402408e-02 2.285422531527938061e-01 1.197491913838635152e-01 2.763304917278192607e-01 8.104392650476476001e-02 9.458736203379079777e-03 1.146641881467064805e-01
1.656250000000000000e+00 2.422330655783833664e-01 3.810747429527846369e-02 2.798884074365451391e-01 5.274369682437866219e-02 1.786528609930030098e-01 3.306874965036490921e-02 3.534573805667080015e-01 1.364134997743640665e-01 6.186521995328850970e-03 8.901166307515269438e-02 1.700390856455377409e-01 5.802213800207909472e-02 1.808620029743862878e-01 1.486741037650121666e-02 2.207158209554074546e-01 3.836010978308510011e-01 1.705282016699340708e-01 4.613206894347106068e-01 1.180213379779144166e-03 4.445585132437526038e-02
1.671875000000000000e+00 1.216739362089052506e-01 3.884117251137628180e-02 4.711160442341528753e-01 1.290088065725889313e-02 1.800524939014398196e-01 1.102810598516831830e-02 2.234140658142132196e-01 3.398182180943035147e-02 4.637358560706917698e-04 4.597903687526536110e-02 6.817050402991622904e-02 3.822378573475002095e-02 3.366595602606881066e-01 8.015816893346465466e-02 4.555698341492266795e-02 9.111133571643101337e-02 4.530137858579752486e-03 3.321153284992148791e-01 1.062880456819684794e-01 3.392947820909577583e-01
1.687500000000000000e+00 1.906114140751507813e-01 1.277317355901032812e-02 3.848498113719717173e-01 5.688309360359581485e-03 2.569435341709685461e-01 1.231758450182074693e-01 3.678915407069269922e-02 7.926646540452329803e-02 7.217310934040312327e-04 3.044045280602925441e-03 1.016315420679231446e-01 2.534186989099996845e-01 1.497448795533770083e-01 9.550532899077791849e-03 5.322984829503639437e-02 1.494707876368359112e-01 7.416278351067454033e-02 6.632399739545437323e-02 2.654944861805061951e-01 2.107454310552541177e-01
1.703125000000000000e+00 5.045227807264945907e-01 1.356226955830161333e-02 4.904919316268806506e-01 1.058055561616778328e-01 2.749208103797249336e-01 4.268729783197573735e-02 9.301244367397301996e-03 3.090667196154584656e-02 2.081331058844314297e-02 9.268408204537756379e-02 1.547772068282177449e-01 2.335850696967077811e-01 1.970596581328874497e-01 5.570517331680093637e-02 2.819511180749062138e-02 1.675655992464341326e-01 3.157075150670203556e-02 1.904454425473221246e-01 1.813463871479577272e-01 9.332362588482562282e-02
1.718750000000000000e+00 4.430018404366845020e-01 3.834223912091664493e-02 4.117950565004120378e-01 3.611294420849129327e-01 3.736167886226887114e-01 5.720843219607622127e-02 7.976354895326419336e-02 1.307946490479318935e-01 2.499386930331944437e-03 5.881124980814054354e-02 6.323188872872706479e-02 2.485295116728582568e-02 2.879019636657678127e-01 1.436707884545922534e-02 6.600581797308459342e-02 1.802619368140337061e-02 4.578384788236466302e-02 5.923901159025576346e-01 4.065545176154106155e-02 1.033534139792587764e-01
1.734375000000000000e+00 2.394023443343523128e-01 3.047605266379667388e-02 1.865172600216881693e-01 1.879426403889262742e-01 1.676714282144320944e-01 3.842365595719148680e-02 1.009813814203527754e-01 1.235781105054020584e-01 2.474592706490900962e-02 1.698118416521171570e-02 2.783948181662431950e-02 5.049133633017260057e-04 2.759136637571431572e-01 5.023690987208525444e-02 3.151166190059534467e-02 5.668517621100917746e-03 1.192531178199487119e-01 6.028405972224786247e-01 1.403035155053375949e-01 4.960943821744630972e-02
1.750000000000000000e+00 4.002105299101226810e-01 3.326784862107864255e-02 4.789993552837689683e-01 1.322775577103668110e-01 1.865563496757574255e-02 2.074171634063130543e-01 1.607544931627099280e-03 2.709641625254254338e-01 1.375128584736591206e-02 2.201627028440998612e-02 2.005701261794472223e-01 4.104419100928104192e-02 1.684465138390647820e-01 1.428748260692539185e-01 1.165969670572770678e-01 2.430406716981759526e-03 1.553115863301170445e-03 3.967706809007484625e-01 4.345248089902527949e-02 2.946831249795791030e-01
1.765625000000000000e+00 2.735999937088167133e-01 5.057373090880841471e-04 4.159351721899550158e-01 2.138994829479664780e-02 1.096469236026705041e-02 1.759506296646579371e-01 3.588536880856625644e-02 1.675852409563243495e-01 1.570461242390609191e-01 7.948541167565627980e-03 1.422506243633664402e-01 1.107380648324095274e-01 1.010370675960943904e-01 2.837283463237663117e-01 4.161570713886310335e-02 2.002448016138890785e-01 9.031595685718488142e-02 2.287206834696315361e-01 7.238350256903074154e-02 5.643486088281065259e-03
1.781250000000000000e+00 1.278486831526695899e-01 1.624893028029345265e-01 1.337979625137575568e-01 4.994583091138354303e-01 6.744451716546662201e-02 9.148746794202156085e-02 6.084049587682937438e-02 1.150559175190460359e-01 5.620161541319543264e-02 3.163048121575135624e-02 9.466136204616326655e-02 1.067103805580502801e-01 1.107374363502662273e-01 1.746835980585724479e-02 2.703070080906169181e-01 7.977585591463462467e-02 1.470416118633956215e-01 1.373022804229926119e-01 2.863351984489072022e-01 6.493232619217973595e-03
1.796875000000000000e+00 6.261730313830270178e-02 7.336356359169972363e-02 3.247335848643224665e-01 2.983835815842482697e-01 1.118181742287903679e-01 1.915450686150821022e-02 1.267654380961492078e-01 3.388250890128762793e-01 1.617734175385160955e-01 1.173610483387779457e-01 1.709585811112373788e-01 3.019074162094164890e-02 6.133399578488300113e-02 2.807078920409042389e-02 2.681945435011312551e-02 7.415282126536493212e-02 1.568397877758303804e-01 2.451749032277611984e-01 1.626254271820236075e-01 5.448107348256069592e-03
1.812500000000000000e+00 7.666879935601603711e-03 1.361693192963906937e-02 2.913624421841498613e-01 4.233346296983231394e-01 8.967399526426753781e-03 7.342188255992954105e-02 2.387136990281511426e-02 1.836891499207771172e-01 7.396848528181809712e-02 6.157294800882044672e-02 2.550038291304589921e-01 1.140337308643006725e-01 5.575081925964878865e-02 2.021946857969983066e-02 3.887997011433615147e-02 6.784952567916954780e-02 7.931512283039048039e-02 2.457054427033812105e-01 8.147540882326465006e-02 3.761076214691779634e-02
1.828125000000000000e+00 9.463658910029458526e-02 2.399893132847197991e-02 4.348950090250398026e-01 5.427885169456620612e-02 6.844941376523620835e-02 7.197647793101863423e-02 2.082422929381555765e-01 1.193043981160333417e-02 1.167525614773424342e-01 7.392078640979073134e-02 1.136868177346889164e-01 2.479861773586996831e-01 8.207325124426950724e-02 1.124617151108792644e-02 8.993749014628021898e-02 7.743541179789835416e-02 2.143441850524206369e-02 2.749239558605186156e-05 3.304979158347429863e-02 1.980671622860596254e-02
1.843750000000000000e+00 1.812373090856471761e-02 5.232428950371717860e-03 4.395646069893754948e-01 9.713854480950662174e-02 6.417540965569025480e-02 3.545698978311037641e-02 2.311844534212972868e-01 5.605713990979591110e-02 3.912827297976093771e-02 1.413555419507977473e-01 1.459123084242343327e-01 1.280957222275463936e-01 4.633479404387823297e-02 8.976911247368279251e-03 2.647647427560424482e-01 1.927473868472684149e-01 2.601857700602509538e-01 2.514347559298966694e-01 1.127532682010467385e-01 2.444938276142540612e-01
1.859375000000000000e+00 1.614635642473975508e-01 4.773787231829831890e-02 3.621879736573584974e-01 1.405173488454579123e-01 1.445717632096812089e-01 4.652923470319561550e-02 1.009505665904313482e-01 1.134153591390181515e-01 1.177588428639896045e-02 3.368079673251671985e-02 1.792952996619210648e-01 3.076351060288146644e-01 2.698332452084522548e-01 9.202327668745017425e-03 2.842605276758576882e-01 1.782955161375929520e-01 1.946813123245215438e-01 1.457795777244616786e-01 2.161974902132655363e-01 2.888866640928082138e-02
1.875000000000000000e+00 1.799230847553982271e-01 6.703768055257786074e-02 6.192511478850041273e-01 1.099183610128823818e-01 1.789785845278615284e-01 8.710428009306586672e-02 4.197290225122791152e-01 8.844185388376304968e-02 2.472127752996427022e-02 9.563564322198830903e-02 9.313984578954577487e-02 5.125824103662311032e-02 2.768080606799622756e-01 1.111940018954708613e-02 7.035598768048179075e-02 1.233628443289085941e-01 5.367044022126067626e-02 3.567830919290434499e-01 3.746172341140023287e-01 2.979948613845415650e-01
1.890625000000000000e+00 3.697354618899040962e-02 1.470972099473787098e-01 3.016335529690941097e-01 1.919055817580517416e-03 8.347297826478884686e-02 5.586436083220790161e-02 7.950105276806289367e-02 3.685796590158192470e-04 1.286559464576114697e-01 7.910549849643445930e-02 5.023169404259580917e-02 7.064078602498949366e-02 1.851826928304355635e-01 2.793379011805182874e-02 2.823522858854451978e-01 5.984739826324699669e-02 1.768325542738318490e-01 3.857238498659123493e-01 2.587351760777472157e-02 1.393270549822860603e-02
1.906250000000000000e+00 1.669418079344471006e-01 6.630217976203107988e-02 2.189973999298983065e-01 4.172728381158245792e-02 2.105360604258493529e-01 2.548943645706766570e-02 1.692997998916934144e-01 4.815538287419301317e-02 2.571267743499130662e-02 5.184688179053564307e-03 1.433316465761020064e-01 1.240923881745016055e-01 4.820176051994045155e-03 1.329860555039038272e-01 1.263636864078092892e-01 3.422593468206706208e-02 4.022243314566378847e-01 3.469336290638115883e-01 2.780605686957117739e-01 1.227718231804871517e-02
1.921875000000000000e+00 8.224804738936342119e-02 4.697928675644306995e-02 3.670206561216838304e-01 2.150754145639132212e-02 1.538595057732824734e-01 1.668984929944514750e-01 3.451978508792164640e-02 4.221563334211930751e-01 1.717735756119203316e-01 3.711530727535299889e-01 1.629753595427307356e-01 2.125722726626060738e-02 2.114149692026030813e-01 9.762661235133039683e-02 3.544572691818695942e-01 4.388486555860540150e-01 1.841956343721549705e-01 7.420865886958814828e-02 2.149204781986283341e-01 3.235626438119428294e-01
1.937500000000000000e+00 2.613721616080642157e-02 1.826672559934762463e-02 3.994641372635700238e-02 9.176470131713515554e-02 2.033044060189823365e-01 1.381445268806975324e-01 3.877788449605438781e-01 3.527765772233357189e-01 2.341786249449277768e-01 1.636216209898551724e-02 4.133533575900624063e-02 2.603300579828859429e-01 1.000749176260553597e-01 4.933305145347093024e-02 1.560425956951193294e-01 3.597310990612687109e-01 2.378425288891347078e-01 3.146624517509133412e-01 4.407456922151026246e-01 6.489342763449300333e-02
1.953125000000000000e+00 2.928203544925836541e-03 2.761950197763885645e-02 2.489794980689152837e-01 7.017235972123622191e-03 2.634618082740747269e-01 9.541177621844339554e-03 1.647005314064974579e-01 1.726382347971107054e-02 1.627467870118683765e-03 1.675633883509828476e-02 3.906583652394146067e-01 3.601483360151087193e-02 1.769881975051778855e-01 6.428782972538632512e-02 1.047137462111889100e-01 1.643192367522592345e-01 1.355500976004946900e-01 6.309744842606288540e-01 1.962834739327529165e-01 1.413562106836501187e-01
1.968750000000000000e+00 7.243400412059668170e-02 1.200985443947449188e-02 8.556605049160070919e-02 1.356152155993952946e-01 2.045390759648934020e-01 7.568983048002313196e-02 4.578503462579974759e-02 1.379806456942272719e-01 7.922703264816015334e-02 5.966789705161198304e-02 6.532798232283891782e-01 9.539872015224246105e-02 1.118294382706220280e-01 2.413995679525676036e-02 7.990422551998807577e-02 1.564088144531252944e-01 2.813726317734941557e-03 5.147395042162546952e-01 8.277864302930633411e-02 2.616434251763336688e-02
1.984375000000000000e+00 4.977079264286837085e-02 2.190197712359683579e-01 3.067750010592414783e-02 2.207353412322064778e-02 1.712705030668679462e-01 1.127504020654494614e-02 1.258447854966488477e-01 4.338746273392399960e-02 3.036603558973900718e-02 4.544116438957080950e-01 2.044338564449867668e-01 1.069033202043073033e-01 1.247480316309668019e-01 1.525914249548528667e-01 2.896845291837984449e-01 1.832798253553592494e-01 2.218531511886288610e-01 1.769663555123439924e-01 1.060382970273145292e-01 1.646367368012709165e-02
2.000000000000000000e+00 9.055448294034949830e-02 1.434271168141760810e-01 1.565413680138790786e-01 7.030018984754853040e-02 4.003065113046312407e-01 4.190242055195719795e-02 4.622391155132372226e-02 2.225499677223076178e-01 2.631376167139215863e-02 1.450014499059580353e-01 3.231795520477319106e-01 2.612964252036570900e-01 9.231279639410622240e-02 1.906906712770164644e-02 2.873066381157041715e-01 9.238364497866238811e-02 1.803096416982553907e-02 3.938562000266912499e-02 2.856877606287355209e-01 2.253224854195503245e-03
