0.000000000000000000e+00 8.624389305534573003e-02 2.813421095840966113e-01 5.118346134205965514e-01 4.198398486524161366e-01 1.935170004618398387e-01 1.080278945004047942e-03 4.450544379156359809e-01 2.860357228063779012e-01 6.519898772367187234e-02 2.655221626723446859e-01 1.815737496979332455e-01 6.149910494101357150e-01 3.821435986386094094e-03 3.895222463757829767e-01 9.694336548366495887e-03 9.290170319929147436e-02 2.188167382405851180e-01 1.964590397640202102e-01 6.374644979181673030e-06 5.003362072619715190e-02
1.562500000000000000e-02 4.481509133521237309e-02 8.807705137329341349e-02 6.559016688869558076e-02 1.171799714657327796e-01 1.694524816790881072e-01 2.391160605609114753e-02 1.380350227842663813e-01 4.059536180284147033e-02 1.781780257583894522e-01 1.884933734021532470e-01 8.656621932530493557e-02 4.948557160498930768e-02 9.676887891399098274e-02 4.764322521157696722e-01 1.683204705790314892e-01 3.785478106546282754e-03 1.183668917901421480e-01 6.491153350779546582e-02 8.216331311994759523e-02 4.205982673388887760e-01
3.125000000000000000e-02 2.051580386405477477e-02 2.243867490981334145e-01 1.113147743775131510e-02 4.088385621593326746e-02 2.502693871050234997e-02 7.267747688625304792e-02 3.113970440723068944e-01 4.691221341903572400e-02 1.096827169907524206e-02 9.094554428062713580e-02 5.309364227274340417e-03 4.192887360253345908e-02 5.642258964707343866e-02 3.182256966672763476e-01 1.166254320997804628e-02 3.239259071596331530e-02 2.259737683756573023e-01 1.685884038637125715e-01 4.183624825492590626e-02 6.021046417511489723e-01
4.687500000000000000e-02 1.136219598154172700e-01 9.833398292867617796e-02 7.057801596231230712e-02 1.329450204282121850e-03 2.649476516535269055e-01 7.983609282049414224e-02 6.246109999875555374e-01 2.457975955221441411e-01 4.990626693106628431e-01 1.416543614041096133e-01 1.341406162014128090e-03 3.995538049276544101e-01 5.869291333759952406e-02 1.205566765991785833e-01 7.645316103958368914e-02 4.275700320986330349e-01 1.661619761304074239e-01 1.027890787736257180e-02 2.647085874736315181e-01 1.072821349700022187e-01
6.250000000000000000e-02 8.718211024320531022e-02 5.148685095686133389e-02 2.424022713845143673e-01 2.037093285106890139e-01 5.084967047321248268e-01 2.371633103834117906e-01 2.098492610556674798e-01 2.371285495956093892e-01 5.746423097391220036e-01 1.365749442554362869e-01 1.266923700515466822e-02 2.111642758535603806e-02 1.668997976882291567e-01 1.418980074558683253e-02 1.696745483006649180e-01 2.889073577164429363e-01 2.720215339900275767e-02 8.169615616129984048e-02 1.572166802383028195e-01 1.038197866789039754e-02
7.812500000000000000e-02 1.520570089127360469e-01 1.811814860825516071e-01 4.945803088698031980e-01 2.719870265755595096e-01 2.125718720668642869e-01 1.713787942414061183e-01 2.486424841969462479e-02 1.303520106327835104e-01 2.263123516487401399e-01 1.296464646447919034e-01 4.895669956536527999e-03 6.486676666124228940e-02 1.914499456346337516e-02 3.250789512983367352e-02 1.155463099869640242e-01 7.592743119205001660e-03 5.601680864707896113e-02 1.577610869312465747e-01 8.509019461304144494e-02 1.027548063105676313e-01
9.375000000000000000e-02 1.015723293349339584e-01 2.472124000749703343e-01 5.156324777778954482e-01 3.406169593240739313e-01 2.874545058290235988e-01 2.678478997531555383e-01 8.446114434321536080e-02 3.223922047626215370e-01 1.331488711357200760e-01 6.340544323301037233e-01 3.401045193287183244e-02 3.596011558694377497e-01 1.792166784127898760e-01 1.219262239167670098e-01 1.286397489290763696e-01 5.577913898839966661e-02 8.517277279204886475e-02 4.707340906039503281e-01 2.125109075138321424e-01 9.027139894387714580e-02
1.093750000000000000e-01 2.471907507675928373e-01 2.856680714823223721e-01 5.350830012441758488e-01 5.264697620370141218e-01 6.644578136679401004e-01 4.546760876346417901e-01 3.549348538984430923e-01 5.584603107997337945e-01 6.521814524526239887e-02 6.622681217263234332e-01 3.787204941066540931e-01 7.717229544647948858e-01 1.420396102869789234e-01 5.310199491659751692e-01 4.422141492628794968e-01 2.996678853901725281e-01 4.023884658780399470e-01 1.716479502214638686e-01 3.546265573791324011e-01 4.519861167270861069e-01
1.250000000000000000e-01 6.017512779114401189e-01 7.058724807810488056e-01 4.877866789380359003e-01 5.138996511377190712e-01 6.987703955992923266e-01 3.104354256421512637e-01 4.737869372984261362e-01 5.453145216517981675e-01 3.334394119402017131e-01 9.242087960296762050e-01 6.828703950350923924e-01 5.347206364864036665e-01 6.927959828978788037e-01 2.865296002326861435e-01 5.144633268712774932e-01 5.084781271097611466e-01 3.984827316739542047e-01 1.198815280657228449e-01 4.687387124978239505e-01 9.196332239207640757e-01
1.406250000000000000e-01 6.020803281144690988e-01 5.472698645804822126e-01 4.180952366619460348e-01 2.732201043522764494e-01 5.954569549046183630e-01 5.565215126104784416e-01 5.067609262080785548e-01 6.081434177403991503e-01 6.313607632510189749e-01 9.519451790571080707e-01 6.598551984878905374e-01 4.947933089518502525e-01 7.025303445350633558e-02 2.660655547533627985e-01 7.473098394727955007e-01 8.103884607128888362e-01 6.423158479033763690e-01 6.354725858212556533e-01 7.678762851584519655e-01 8.573527005204684137e-01
1.562500000000000000e-01 7.583754305539462948e-01 5.794160016810525615e-01 5.211332500790191169e-01 6.224021735056787241e-01 6.807928627729232796e-01 4.576139114788927986e-01 5.567769438664121884e-01 6.508465568277221891e-01 6.561621725716074716e-01 9.555674328020413721e-01 5.518011613050171071e-01 4.677449566548420035e-01 7.438117101611999571e-01 6.940643958732839458e-01 8.672116325185880159e-01 8.010045427851411048e-01 8.915447858616816212e-01 7.149382079527853984e-01 7.830475988145345623e-01 9.078057344144347951e-01
1.718750000000000000e-01 7.000188498560865336e-01 7.409094793547960078e-01 5.211536476868693368e-01 6.806215642970233626e-01 7.964259411917296028e-01 5.785159705660638529e-01 5.546994906151123672e-01 6.058051547290715932e-01 6.746555543552462675e-01 9.779911172095514527e-01 6.462509948748234034e-01 4.611461910102950257e-01 8.751824705252729819e-01 5.416327803291380860e-01 7.515959794630339141e-01 8.529012001142293187e-01 9.394617281420440946e-01 4.626522344981408574e-01 8.665601399474152089e-01 9.349741564286234707e-01
1.875000000000000000e-01 4.503667164774152742e-01 4.319097787108679420e-01 2.647626011944638202e-01 3.159011609945488464e-01 8.500580801381554252e-01 7.571508097481514099e-01 4.558645981998085128e-01 5.587052147345622499e-01 4.234561090536978489e-01 9.483237707006005879e-01 6.490213146101678765e-01 6.294482368884680712e-01 4.475953835271292980e-01 2.513049552307105583e-01 6.566066864719820595e-01 9.364477571071980755e-01 8.791901215837378825e-01 5.492196814138773364e-01 8.152320680504092643e-01 9.143057780503524024e-01
2.031250000000000000e-01 2.574708323189753290e-01 4.585398332270399502e-01 1.528217366540804700e-01 1.114220369164704155e-01 9.412127761376724022e-01 3.816063488334668352e-01 3.889461414031811226e-01 7.143933956762028581e-01 2.475982123032441085e-01 9.192612539383778758e-01 9.216916795865461032e-02 7.511415988676852784e-01 2.788821843921862609e-01 7.474511485665749078e-01 6.309646515685459756e-01 8.740079493463733806e-01 8.323488315637181945e-01 7.049584513115810802e-01 8.627117500766738889e-01 5.848166496297584338e-01
2.187500000000000000e-01 1.270728053621270337e-01 3.068421317487129985e-01 5.410255479994532379e-01 3.393748764823174557e-01 9.296716826639279674e-01 1.809367932033345006e-01 4.837948907770187046e-01 4.909935329149899830e-01 2.146377139983967897e-01 8.582757786157331203e-01 1.399971690513832356e-01 2.175577270699790289e-01 7.597927720329891721e-02 5.093255884612959417e-01 5.260878790579546216e-01 6.248461008851345921e-01 7.547124539687786182e-01 3.836581267777151583e-01 7.465403471876852493e-01 6.893060635115944024e-01
2.343750000000000000e-01 1.466194557158802814e-01 6.345091329748336895e-01 7.684964183674086735e-01 4.790112832298631385e-01 8.675299151266091524e-01 3.734416812687252341e-01 4.876531588101828407e-01 5.413848234099095658e-01 2.230032718657909696e-01 8.818405119513362811e-01 3.115603250588694362e-01 6.230573796722976843e-02 4.576969971255703262e-01 3.586697233806228069e-01 3.507174136087942706e-01 6.192652001517474636e-01 5.775813063517644119e-01 5.523529770404390637e-01 5.908325211857272663e-01 4.948506233785870401e-01
2.500000000000000000e-01 3.370049386654470069e-01 4.861142108636781756e-01 8.082915775263855851e-01 6.954755067733006113e-01 7.900953801611060312e-01 4.741068728331511717e-01 6.831363261468321735e-01 8.281296914385298802e-01 1.323491680776232027e-01 7.050919342047045069e-01 3.691236381439108594e-01 2.375565277438733969e-01 1.643802998547958527e-01 5.474491772100580356e-01 5.465214226647867601e-01 4.077865771999905076e-01 8.138821156508267984e-01 3.848083704602495714e-01 6.502830047197286634e-01 7.278127822965019256e-01
2.656250000000000000e-01 5.369973523148023897e-01 2.737750016418020182e-01 8.944432131326131019e-01 7.121908112023778159e-01 7.262269903422763351e-01 2.978950029357210760e-01 6.080906717831304764e-01 6.350975794527023988e-01 4.239027967959945742e-01 8.046592351894811257e-01 4.823045034696105682e-01 5.999645250656603368e-01 1.663928479656545945e-01 6.067383319992524227e-01 6.162292305084686728e-01 7.232764511859910428e-01 7.497407775940548857e-01 3.975819600247205154e-01 6.706109250551199885e-01 7.761877173541841257e-01
2.812500000000000000e-01 8.066792055551701424e-01 2.160821349972082417e-01 6.494581740716256490e-01 8.138269005411631341e-01 7.749651376159805150e-01 5.166812820351884827e-01 4.499299546865437871e-01 8.204382218095568335e-01 8.131898989200642136e-01 8.271831119144144040e-01 6.339463207360924724e-01 4.447541576113340223e-01 4.029576442353942634e-01 7.278763132013807979e-01 6.042015419082583660e-01 8.219208753657670785e-01 6.976129265456574302e-01 6.525566679887124799e-01 6.875363917505268319e-01 7.082536913624805086e-01
2.968750000000000000e-01 9.078875902412455456e-01 7.241038537030193289e-01 6.148004923887747664e-01 9.078421173279689338e-01 8.424255464039627217e-01 8.880862712961415939e-01 7.613497025124359441e-01 8.004562359576068431e-01 7.930664385360091106e-01 7.742735371310824899e-01 8.875520447376147315e-01 5.942752716117342127e-01 3.877449976263254716e-01 8.804146939006424200e-01 6.740905641200903853e-01 6.703347879777764584e-01 7.188699787664422081e-01 5.136341901533993948e-01 6.578920990594254725e-01 7.798418272167835230e-01
3.125000000000000000e-01 7.083098207701149507e-01 5.505669993421632435e-01 4.118240637979450058e-01 8.155079716911571852e-01 9.226776878717151131e-01 7.355448306504650535e-01 4.300252031811988562e-01 8.473204404664460565e-01 6.037950189004109847e-01 7.276068030488759275e-01 7.992716838926640088e-01 7.639894765552983635e-01 3.814634619467375254e-01 7.495910930530734761e-01 7.582847443929370268e-01 8.361276697585422468e-01 7.352069648989794093e-01 5.536633889309291456e-01 7.684002731945536180e-01 7.852000211171850097e-01
3.281250000000000000e-01 5.358375394704359973e-01 6.042189941376414630e-01 2.296718166105594094e-01 7.218422757260474221e-01 8.739160529484378825e-01 2.512177958265406352e-01 3.741088184622944901e-01 7.495518026539962353e-01 5.611619915000348735e-01 2.698125663323143741e-01 5.341297467436930679e-01 3.978480930815509464e-01 1.885619393762716367e-01 2.113918726610527765e-01 6.262731447794948059e-01 7.959680468763441485e-01 3.120953708020035577e-01 5.745314329288286892e-01 9.173133912055613237e-01 4.292455567872522915e-01
3.437500000000000000e-01 2.582599099316030822e-01 2.629378485339877725e-01 5.185278843500609192e-01 5.150699151144343402e-01 7.207376130834760586e-01 2.855554017628632035e-01 3.994339735032682026e-01 3.908663512057993228e-01 6.659351820051657711e-01 3.199172112017394931e-01 1.158063227738648227e-01 8.950053609707533941e-02 2.891978357992074922e-01 2.814403485616890355e-01 3.075575749189257690e-01 5.168240148236430409e-01 2.972111506568353989e-01 2.213450859031453888e-01 9.030027369431186113e-01 1.652575182829642275e-01
3.593750000000000000e-01 2.671529806518289640e-01 5.021208864323108978e-01 4.982927846281726136e-01 1.800482755883159869e-01 3.895237871839622446e-01 7.834285764109773231e-02 8.666594813447663082e-02 9.938534317854733069e-02 5.842866831678051875e-01 5.196276805788108133e-01 2.066581805779908135e-03 6.408761576359942036e-02 1.751199848401961412e-01 5.672111849839845954e-01 6.459625846451581832e-02 2.880076789632172174e-01 4.062773110007533162e-01 4.317910938087069495e-01 7.910850780742991750e-01 3.419435101146686140e-01
3.750000000000000000e-01 3.266153266928752408e-01 4.760255166685231631e-02 4.022610293352752997e-01 1.617699076529069691e-01 5.901983572041100690e-01 3.515134467687667380e-02 3.224475539851597537e-03 3.418575824768051441e-01 5.630488232277699456e-01 6.307126016931374757e-01 1.868656257375257423e-01 1.070821030428759368e-01 8.660684768210338835e-02 6.743148057920221594e-02 1.217858311360710093e-02 2.264941357208132833e-01 4.003461025823726871e-01 6.493290460039521372e-01 5.641437153525380443e-01 5.087166896312074194e-01
3.906250000000000000e-01 6.004585938442936754e-01 2.418931810567165053e-01 5.096647721239967455e-01 5.740160496450440464e-01 1.964384183533266215e-01 2.999187582093460966e-02 5.312129365298592226e-02 3.569786702098455278e-01 1.693787581535268760e-01 1.522595628537944945e-01 4.986167064768617374e-01 6.443489731377607943e-02 1.166410320367548478e-02 4.879929294643415849e-01 1.234031898800987265e-01 2.694980621678399468e-01 3.018231218220810419e-01 2.663010565997057100e-01 5.228379237915212752e-01 5.513010353170180178e-01
4.062500000000000000e-01 4.465900723368532721e-01 7.467420107929147177e-02 2.651679652464057346e-01 6.685683762955260123e-01 2.724649289350121739e-01 1.360898485513447054e-01 1.812058423992606582e-01 2.813443522754691117e-01 8.853238952679803875e-02 1.674530667128686090e-01 6.206757449703877993e-01 3.872815574650010362e-01 2.934856534373571080e-01 4.426151146292717775e-01 1.318153772568186055e-01 3.792107483402170076e-01 4.915360520470938611e-03 1.696567420329511133e-01 4.706122315893874752e-01 4.608406640878180971e-01
4.218750000000000000e-01 1.758665301652015053e-02 4.352647065340700117e-01 1.405484885839110853e-01 2.168136915164777800e-01 5.812360676895188538e-01 1.477760872324665187e-01 2.554890493778446126e-01 7.872560316998225560e-02 7.212414992351268150e-02 2.053256047152038355e-01 2.063896310339621842e-01 6.050156227060249359e-01 2.873959488019641184e-01 2.023921467630436510e-01 9.128376610702905458e-02 5.435885634393551324e-01 2.047374843475983919e-01 1.989173731261618949e-01 5.535632167713403634e-02 2.724441507890510220e-02
4.375000000000000000e-01 2.302069530297047861e-01 8.486309547846360157e-02 1.889887868243408930e-01 2.732701371645170907e-01 2.422620416310570027e-02 5.658271799968145332e-02 1.118015823089334171e-01 4.103214338560919050e-02 3.586176980442661866e-01 2.628781592722879146e-01 2.490014972437635810e-01 4.473567237787596795e-01 2.422782837776454312e-01 3.601888938381357375e-01 1.005413539978010640e-01 9.242248191050592143e-02 3.198533105472516902e-01 1.043404756230581210e-01 1.539373113350174516e-01 1.374810115306492886e-01
4.531250000000000000e-01 2.496570716908893817e-01 4.341736584750468392e-02 3.742388936355103279e-01 8.495203465688476062e-04 2.948448363283489027e-01 1.088323434315169314e-02 8.252253156121613226e-03 3.883645348395828312e-02 1.478522406628730856e-01 4.174109323192122523e-02 1.341168152413569348e-01 2.560452776295341626e-01 6.645515656195065402e-02 3.541607552521774949e-01 8.231701256493327568e-02 3.213776435882924332e-02 3.562371887496924849e-02 1.696440745194252864e-01 2.250190839281811239e-01 2.693953897336884840e-01
4.687500000000000000e-01 1.228933563086527653e-01 1.187205529981252145e-01 1.762636453613536103e-01 6.825360240923890320e-02 1.846913387574239673e-01 4.389162502954516848e-02 4.016480113967338395e-02 2.673782803602675062e-01 5.305606928903551511e-02 1.155805963927246660e-01 1.030348773234763954e-01 2.809343301108983490e-02 8.162520445742872666e-03 2.072527903585177911e-01 1.091849914721701731e-01 1.149561079125246410e-01 2.898593263939348019e-01 1.541157463964485663e-01 1.146348876625856855e-01 4.150094251066603901e-01
4.843750000000000000e-01 1.656395794899768459e-01 1.367651814979959080e-01 1.314496792946211537e-02 7.605328319662353620e-02 1.612498895888641592e-01 5.456091417385356898e-03 1.167499814679896905e-03 1.123490129994407331e-02 4.139544584029637986e-01 6.579796743698414219e-03 8.995616035562474522e-02 4.265622810404072207e-01 7.775412741482710943e-02 5.758962549907700040e-02 2.036589744255901391e-01 5.612845244805944600e-02 8.167757755852411705e-02 4.339965909604536765e-01 1.700693897008681565e-01 3.976215166066147250e-02
5.000000000000000000e-01 1.243121411435119394e-01 2.045764231978823289e-01 2.528441247609758968e-01 1.602993926172621431e-01 2.737463295109339168e-01 1.721464943054488161e-01 7.624408210763264360e-02 4.800819808792684308e-03 6.587272839384426815e-02 1.884659340853527543e-01 9.383197899720696622e-02 7.745061417881003718e-02 1.180342650495818380e-01 2.185865843288276045e-02 3.567311269088352822e-03 3.021223568429519737e-02 1.314652414215936038e-01 9.797558893168446803e-02 4.721680444778954266e-02 8.253873489458511681e-02
5.156250000000000000e-01 1.375878087095743496e-01 8.910735780490193492e-02 4.329180661374881778e-01 2.096490787650165735e-02 1.790102475526752224e-01 1.741479737893324442e-01 1.202998077847920455e-01 8.225536057363044828e-02 2.893250060206148389e-01 1.053670849557652583e-01 5.026098104688192687e-03 1.075626556195236339e-01 3.786328451892800873e-02 1.375479513682523469e-01 1.808601398452687192e-01 4.304113069346153786e-01 1.080974257561058138e-01 1.849454462974632063e-01 2.341189912265351780e-01 3.828672807017497598e-02
5.312500000000000000e-01 2.901951747299556447e-02 1.595638359614640900e-01 1.058013759885174654e-01 1.019402756769431651e-01 5.954249484948968135e-02 3.162881508733905722e-02 3.672666674071095594e-02 2.626621454188646232e-01 1.211187749257984225e-01 4.434736601846419463e-02 9.435610760161294852e-02 2.393327909576698775e-01 1.989811589895537081e-01 2.933496348505093207e-02 2.669043161510468165e-01 2.275419214841958027e-01 1.109549377428071908e-02 2.206169396345958322e-01 1.954692355164019124e-01 2.132925425709119790e-02
5.468750000000000000e-01 1.346278773543575780e-01 4.782740752175674431e-02 3.826847979411772682e-01 4.242296210704253889e-01 1.043573224267820149e-01 3.627086134794564598e-02 4.756623657412534928e-02 3.611661496084247469e-01 1.404082742334019085e-01 8.289539081678051757e-03 2.475912122147148064e-01 9.789172291414288685e-02 4.461855700681044423e-01 2.187097639758968093e-01 1.000679215722562049e-01 8.970217885318920725e-02 4.557501453529602155e-03 4.569718486687150694e-02 1.016109693526392188e-01 1.568487482294742552e-01
5.625000000000000000e-01 7.490827237598448977e-03 7.316913528591700855e-02 2.962184971813907608e-01 2.703784867193195773e-01 3.412930225169618637e-01 2.507413223242515032e-01 2.910728210886460304e-02 3.113441177969111448e-02 2.674027885125619397e-01 2.062452092114484131e-02 2.088760265210059253e-01 1.006642290541680529e-01 1.403582237661760435e-01 8.295583076092008512e-02 1.748703232962395574e-03 4.332144575037926576e-02 1.153423056861659496e-01 2.077673099148066860e-01 8.024300681152077286e-02 3.964287717709968351e-01
5.781250000000000000e-01 3.788863285242025092e-02 1.517555978059122526e-02 1.147673487067118331e-01 6.789638410423566584e-02 1.178998888085598523e-01 1.653461103704283175e-01 1.465931992150163767e-02 1.915652771152825118e-01 7.233282465545050333e-02 5.226073529097889914e-01 3.359698709195078903e-03 8.687862993544499812e-02 3.061457672738878144e-01 6.587405769948176393e-02 5.479250883848641590e-02 3.423499908557638832e-02 9.279435663118813793e-02 8.407263037926564209e-02 1.469271558966138980e-01 1.530284221782871046e-01
5.937500000000000000e-01 1.743119560353167258e-02 1.084957535519347344e-01 3.217006799511511472e-01 1.913993804716747626e-01 5.296822828451094867e-02 9.873898441308009977e-02 1.091385454082614559e-01 1.031712339756642033e-01 8.801745629854998421e-02 8.904915428439609537e-02 9.676004843057010862e-02 1.254103638233386164e-01 2.671210410041910954e-01 1.709550999166200777e-02 1.039822469596602267e-01 1.532072474648097336e-02 4.211374780872260692e-01 1.288770602892440609e-01 1.859552879324739005e-01 4.150555304536580892e-02
6.093750000000000000e-01 8.632377695457965627e-02 4.249431927134457443e-02 1.325282589404494782e-01 1.246522638456754040e-01 2.162811997154484578e-01 1.045255942651868442e-01 9.658935959067321830e-02 8.555858041784264803e-03 1.011023985206234710e-01 3.623548215850118381e-02 2.231435166935276035e-02 1.134465708274674800e-01 3.069031542963194248e-01 1.509033655384518224e-01 8.639834517132896283e-03 2.746364866386826961e-02 3.029263470404712846e-02 1.042247191293198538e-01 4.598306720009380510e-02 3.560688989947846661e-01
6.250000000000000000e-01 4.762852925425363482e-02 9.713490948235267838e-05 3.522939951631524902e-02 3.628462668940884983e-02 8.537271903229060044e-02 2.460617023522877755e-01 1.030405508277529025e-01 3.630905248191153983e-02 1.070936166734075545e-01 3.003653815357664597e-02 7.619785650949921496e-02 5.514843460465261582e-02 6.507622607309773710e-02 3.708810980371699678e-02 1.233976113504428179e-01 1.047192347800613745e-02 3.165887879918419801e-01 1.000671468194246766e-01 3.170320984087689198e-02 1.388868963376028130e-02
6.406250000000000000e-01 1.061063285211121671e-01 6.316635282772065096e-02 6.235442489992998327e-02 6.569835042103665821e-04 1.418719412474665764e-01 9.518257829996115693e-02 1.470642596908418032e-01 1.570247509766055927e-01 1.299180164077689062e-02 6.438095238398260090e-02 6.226206479209759302e-04 4.312178762856370279e-02 2.771986141200752929e-01 1.146630944786253548e-01 2.092475452234089373e-01 1.216041796800819141e-01 1.066241467802423043e-01 4.359719540796587467e-02 1.678179191265339876e-01 6.426947290427618975e-02
6.562500000000000000e-01 7.713915141119993824e-02 5.450691914223593226e-02 3.305133690058996154e-01 1.953772712600924596e-02 1.448759084762435145e-01 7.074074516459490092e-02 1.111254165028232044e-01 1.476663447132926799e-01 2.687594177961019626e-01 1.310785715172929078e-01 7.667112783010213151e-02 1.095216617099006211e-03 1.861348868449376123e-02 2.635086298296192564e-01 9.063080002236813260e-02 1.541642748064887825e-01 1.888944651261550978e-02 1.727936176380109601e-01 1.551803322164953813e-01 2.183663079816644814e-01
6.718750000000000000e-01 7.449759418443460679e-02 2.171162278800015388e-01 2.137364776204120909e-01 8.324957665215691749e-02 1.667787381629457499e-01 4.527499085657101657e-02 1.278009286097674391e-01 1.419464419649530719e-02 2.103800792708073464e-01 8.437665091347291979e-02 1.365841739972055435e-02 7.446525063947615278e-03 1.825929870350622708e-01 1.129176042066432212e-01 5.552786767278623109e-03 8.596726408713914469e-02 5.169489124455228790e-02 1.531987601128734500e-01 7.626460977543789675e-03 1.385467646405733610e-01
6.875000000000000000e-01 1.151980959209601002e-01 1.223996590000556994e-01 1.719119778743857796e-02 9.649453966975971020e-02 6.932753111706030369e-02 3.695530620760223428e-02 1.396916075374794453e-01 3.336179036815078436e-01 6.165952915055560729e-02 7.476778702727374104e-02 3.675291900663043565e-01 1.129916148291309624e-01 3.510208573222166339e-02 9.724774900693286539e-02 1.131003686893110316e-01 1.824021654328480679e-01 3.518630415078637802e-02 3.258799539847263838e-02 2.054245667533385195e-02 2.918967300088649020e-01
7.031250000000000000e-01 2.151031573038712508e-01 1.810013078226151706e-01 1.207836504478319445e-01 2.651714826162562127e-02 6.696000686971476101e-02 6.439399835803626126e-02 2.572043346158814359e-01 2.849456743279170645e-01 5.226433470043292256e-02 1.591212177221272284e-01 2.054711683003589140e-01 5.454889485281508993e-02 5.502087375235507061e-01 2.191318191293067930e-01 2.531016145984009078e-02 1.075881581443249441e-01 2.263002232824077309e-01 1.034856572715528583e-01 4.447941217186500429e-02 1.281824149508261068e-01
7.187500000000000000e-01 7.540672572658592421e-02 1.229108750747580081e-01 9.231605685905132364e-02 1.164257824862499624e-01 7.650144009457291935e-03 7.771879124948906370e-02 2.401445869094428198e-01 3.490649553166347285e-01 4.380786039740086624e-02 1.399376039464684911e-02 1.466560317065126184e-01 5.518696895610793879e-02 7.688687834746083492e-03 1.276461694702623884e-01 3.138422002316811760e-03 1.630989571252685622e-01 4.322226939576724603e-02 1.209626448523489980e-02 1.794167813771803677e-01 9.541808125182398015e-02
7.343750000000000000e-01 1.570540692477224165e-01 1.356060827661603185e-01 1.387375234350489428e-01 1.653621619615276428e-01 1.224632267368144095e-02 1.142043994588651384e-01 2.212638016425900467e-01 3.410931795108296249e-02 1.317845630451253691e-01 1.202002091618886992e-01 8.969560952938766818e-02 1.348688706614797339e-01 2.722314785394937958e-02 1.076585791197161163e-01 1.291823441692884211e-01 8.737025541261121686e-02 7.005403363622261792e-02 1.618180183046734680e-02 9.914245352836181802e-02 1.346690771824447450e-03
7.500000000000000000e-01 1.687511400066270539e-01 2.415973561202008346e-01 2.155406989074801771e-01 2.402967195306914272e-01 3.923191152171322249e-02 1.195173674449461487e-01 4.503180853275047246e-01 2.186422564874041796e-01 1.060167761289305954e-01 1.728244823841302014e-01 6.282388086773613156e-02 5.610281023952743557e-02 1.545097764688067032e-01 2.673055273952505348e-02 1.435285404980728985e-01 1.455004964528037459e-01 1.137346011269233237e-01 2.290138434350072472e-01 8.624862683500961191e-02 1.085800526300822674e-02
7.656250000000000000e-01 2.182848011152756229e-02 1.498434910105308493e-01 1.619691258591154925e-01 3.435838280993084443e-02 5.215482376400129572e-02 2.669552884080018673e-01 8.048654744736609412e-02 1.145763765184329847e-01 6.823507001759770985e-02 6.680800520652764585e-02 7.556272794353434408e-02 1.658232750767883040e-02 9.755706493918853573e-04 1.654255317188212462e-02 1.721153291237964844e-01 9.037151343690254246e-02 1.068497833251866452e-01 2.935698665643890481e-01 2.874640893828883104e-01 2.975830616170316648e-02
7.812500000000000000e-01 1.162216775171159670e-02 1.426116965170433348e-02 9.213278689373964603e-02 1.571730770162869592e-02 5.817850171686666377e-02 7.163671823379651193e-02 6.910815005278936329e-02 1.281052691048141234e-01 9.293769762207329532e-02 9.053843756771759455e-02 2.430444800094669622e-01 1.699569401965953241e-01 1.236054502092872875e-01 5.505581072273985771e-02 1.848729590559479996e-01 1.262997014940639151e-01 3.284330072628846575e-01 3.019211266736439303e-02 2.515425805108966184e-01 1.183279582490583473e-02
7.968750000000000000e-01 1.386398996919555558e-02 2.825716574067032028e-01 3.509240574419218439e-01 7.498051480620325504e-02 2.249647322049647402e-01 1.065779914979560206e-01 1.859216107538201601e-01 3.474750402965200158e-02 2.325876839938390561e-01 1.684658221529488908e-01 1.227560667243467532e-02 4.307790762188554862e-02 1.191514784895183615e-01 1.089876714785684500e-02 1.989210224522011683e-01 1.505063149097935205e-01 5.673653711850211723e-01 8.976884691821696016e-02 1.153295044786584039e-01 3.762541157376882439e-01
8.125000000000000000e-01 2.175552253288653703e-01 7.762077147998079629e-02 5.018385739789550382e-01 1.581115014354777248e-01 1.550086889725624806e-01 1.551120173400990510e-01 1.428937412587918121e-01 1.354120834821160579e-01 2.834642851354036708e-01 1.790097728479499162e-02 1.310941891141289839e-01 4.632426825976506540e-02 2.985805898462443042e-01 2.279604458773308306e-01 3.492551939916366949e-02 2.676127043422044660e-01 2.051285780589242880e-01 7.147623185630340437e-02 1.514304087696674572e-01 6.204968710235678891e-02
8.281250000000000000e-01 3.314524242985412705e-01 1.391569090788429275e-01 3.402998718325714878e-01 3.087558228439206687e-01 1.865064799331690171e-01 8.338046311628932727e-02 8.325310350087137060e-03 1.930790138822083279e-01 3.272315232002180885e-01 4.225382336910082220e-02 2.200684973515566745e-01 1.945576516463734529e-01 1.414390115182347606e-02 4.995539535495604339e-02 6.554709094070100550e-02 1.168343149396579295e-01 1.029982921900346460e-01 8.508658522033786531e-02 5.911445521395758407e-02 1.768869138915820927e-01
8.437500000000000000e-01 3.569812476174478999e-02 3.086506235092923989e-01 1.994403694287551765e-01 4.292605133303176723e-01 4.142632403655194251e-01 1.813534119670997743e-02 1.300822209693892617e-01 2.885077742549442270e-01 6.392711909320882013e-02 3.561009353189222293e-01 8.267179767135846014e-02 3.187412198604723246e-01 3.233377038891241395e-02 3.239943387991809504e-02 1.527713375751789393e-01 2.081442031329815145e-01 8.277456693271781352e-02 3.130933403099298573e-01 5.633222737453963402e-02 4.281491315165521921e-02
8.593750000000000000e-01 3.662463744652885711e-01 1.577024713844313308e-01 9.256469809195411180e-02 1.465879649436747367e-01 7.190946686762532403e-02 4.372872061224520983e-03 5.416744187332032251e-02 2.176104876127357424e-01 2.879641422686157748e-02 2.389173653457687674e-01 1.746161001097336074e-01 1.493589100312315565e-01 1.639011811393222828e-01 9.282008577435554852e-02 1.286415882690953583e-01 1.983575014349713839e-01 1.122287458781467961e-01 2.933817172569427312e-01 1.842446866309070674e-01 1.571342169934241695e-01
8.750000000000000000e-01 2.986353684512701445e-01 8.167211716050699899e-02 1.784122957990577629e-01 3.956347331705274695e-02 9.663563754935992206e-03 1.115650625525902856e-01 2.497248759785610991e-02 7.141231113785219409e-02 2.335559649001398286e-01 1.637512646974268737e-01 4.510440703135584761e-01 3.142641322818062188e-01 2.396957227665940521e-02 1.989716014604695805e-03 5.964578259340403213e-03 1.473562093615965740e-01 4.870352414111637218e-01 4.326672922908245122e-01 2.459711511309973508e-01 1.036537371100868937e-01
8.906250000000000000e-01 1.063484125097250987e-01 1.660593987285098883e-01 1.389445360535516705e-01 6.230661520315615431e-02 1.275716451617901238e-02 1.165316836729034244e-01 1.465776518709375198e-01 2.961740020866254208e-01 1.772922553871236484e-01 3.796432560984790150e-02 5.774094046121291957e-01 1.434905266349776054e-01 1.503910184223923863e-01 1.683628799018579147e-01 2.545724707161580169e-01 6.730777899852950774e-02 6.886005760266915576e-01 4.209806742486277287e-01 8.902180609921617194e-02 1.721604102000398318e-01
9.062500000000000000e-01 8.736655578601368322e-02 3.518154087785382855e-01 3.327696611475005617e-01 1.499455266633517025e-01 7.037726347011542816e-02 1.568478896392573319e-01 1.090584769268260375e-02 2.899731783226973392e-02 1.079961317334165657e-02 2.487535454655911138e-01 2.457987270207407648e-01 9.298455103447113290e-02 2.925451542784622549e-02 7.387069071988626445e-03 3.221929818681520397e-01 3.478539386060449656e-01 1.066339066627496231e-02 4.459773506578081359e-01 1.266102191235896346e-01 2.527610831684456993e-02
9.218750000000000000e-01 9.777303827721219032e-02 2.401628275162046022e-01 8.838907107401336449e-02 1.443681723617147306e-01 1.397718728192976212e-01 2.578953101810794318e-02 4.882264734932786898e-02 1.110756016978279026e-01 1.435592626832907920e-02 1.551018628895026175e-02 1.016756767109651960e-01 1.091687353003304023e-01 2.235250292268491090e-01 1.502238279551072475e-01 5.987152853555492704e-02 2.962692224954672215e-01 4.120012673200661446e-01 4.243816966664253065e-02 1.863875598163346470e-01 4.354338262251997160e-01
9.375000000000000000e-01 3.109040754519793448e-01 1.809710124742121284e-01 6.967695755882531705e-02 2.262035062783867290e-01 3.223875412706501131e-01 1.427490297421672993e-01 2.864627280868476192e-02 3.347528754388574834e-02 4.277060108401677802e-02 4.094911258700666135e-02 1.078071581149066677e-01 6.873806855108442922e-03 8.871005033631161607e-02 3.668749903788930955e-01 2.570507741131591861e-01 3.472063194302643652e-01 4.466477107726715690e-01 7.446000602768702847e-02 1.474037375063438349e-01 1.550937533147831726e-01
9.531250000000000000e-01 1.860210420838034617e-01 4.119175473358884648e-02 4.604603278214438045e-01 9.703179988482475704e-02 1.043210300058554502e-01 1.164056439877452082e-01 2.768062157944975454e-02 1.384197907450369046e-02 3.222647659283226496e-01 1.604377742653029515e-01 1.586284800420752483e-01 2.350142536093599577e-02 3.505471259224367947e-02 8.725968407864048704e-02 1.844180108322713077e-02 4.063092916917486197e-01 9.485470168975497496e-02 2.908441641014166690e-01 1.426193680518851314e-01 1.779046580647434261e-01
9.687500000000000000e-01 1.792816478928691004e-02 2.117167390942414351e-01 5.419962496264137952e-01 8.565192314101972848e-02 8.568426165504806902e-02 1.361612834520668086e-02 1.315728846589942214e-01 2.012524100755129844e-02 1.894366132615362686e-01 2.760276831405488254e-02 2.592452773655681483e-02 5.849391292287614563e-02 1.628911714691589629e-01 5.966601861799345624e-02 1.455667351126913034e-02 2.306422893831643894e-01 1.056706332880026356e-01 2.447598054567886108e-02 6.087128613403801625e-01 1.462665519453806573e-01
9.843750000000000000e-01 1.553433174843994180e-01 3.404925041170167033e-01 2.505755002228557404e-01 1.862948537622247103e-01 1.389805268225489075e-02 3.531229341801273014e-02 1.358694275401091389e-01 4.918410172774679429e-02 2.506236908440424016e-01 7.978347186891676657e-02 1.655920488610941321e-01 1.189991345322530675e-01 1.975134938015372654e-01 2.125675339735419445e-01 9.958807287669435571e-02 2.733454124960149612e-01 1.527028519431893883e-01 6.337826709577502882e-02 4.726637597190880280e-01 1.656521663396326172e-01
1.000000000000000000e+00 1.334862048990790306e-01 4.513183409961334380e-01 2.903145141961261944e-01 1.544314816284278746e-01 3.549679532246504676e-01 1.875161188067307402e-02 5.481863311360787860e-02 5.443380290730659432e-02 1.072862312461679984e-01 1.886133776043532120e-02 3.070571939067218703e-01 2.693367106204437311e-01 2.716840341615580495e-02 1.968463725189134317e-01 6.432415741425533129e-02 3.483577863321642987e-01 4.974565975585223954e-02 2.516726834348967934e-01 5.185329933306905698e-02 2.430254159942796255e-01
1.015625000000000000e+00 1.530961265644779079e-01 3.185353128721798294e-02 2.525323117949557217e-01 3.207481100037226085e-01 7.312158960207372216e-01 2.382392402790972363e-01 1.208141128794782276e-01 2.118210615883290293e-01 7.320015761126470732e-02 8.548978837002872699e-02 2.400651041048777468e-01 2.536342434912445265e-01 7.805813993029721287e-02 9.152426344780470457e-02 8.969457720185000649e-02 1.166662891304994093e-01 2.473217313673283521e-04 3.984206384760716896e-02 4.294404372447931106e-02 2.677147763933164504e-03
1.031250000000000000e+00 4.258954367998169649e-02 4.645605689713864367e-02 8.747739972494397720e-02 3.081865183342756831e-01 5.083895567727170217e-01 2.324849009120703303e-01 2.459564865168130388e-01 2.277077487068615916e-02 4.009598654793548878e-02 2.956415133568138578e-02 5.063137588355170679e-03 2.494616308495826995e-01 1.264432210281645208e-01 4.130484477716753894e-02 6.450838650383594825e-04 8.042248961309264588e-02 1.582065591419230810e-01 8.252659823478669665e-02 5.122944460701497719e-03 2.907120576239283771e-01
1.046875000000000000e+00 2.836763392474935808e-01 1.442556542158823264e-02 3.627553942499681661e-01 1.403797016911473017e-01 3.878326960269697921e-01 1.831247548497221336e-02 6.080703261609392979e-02 2.086008299456754145e-01 1.546392621547465207e-01 7.909808467269243207e-03 7.140258049242491356e-02 1.852942935169508698e-01 1.179007040374473320e-01 1.410050057357957465e-01 1.461945329910372370e-02 2.584256919530876218e-01 4.679235250131748292e-02 1.473303593917340004e-01 3.069913496061196789e-01 5.076406859650365103e-03
1.062500000000000000e+00 3.356215082348757428e-01 1.150502749435258765e-01 8.285660040644332591e-02 1.068936619080138595e-01 8.923139693631683411e-02 3.809267293581715674e-01 3.805949149819747301e-01 2.621492414449316244e-01 1.626945210285808685e-01 7.198925818094189730e-03 7.526011966797702644e-03 1.870091620893083589e-02 8.851758920576147105e-02 2.291445094399530147e-02 5.905593523977895054e-02 2.302659962678262340e-01 4.960878305312367564e-02 6.240423990161685086e-02 2.234516162124429162e-01 1.241093008959534005e-01
1.078125000000000000e+00 1.702247868074507897e-01 1.553650806827731323e-01 4.425929546595100232e-03 7.064093917555438334e-03 3.689497279053084722e-02 2.096743535639258166e-02 1.349581376027478852e-01 1.032124257177745724e-01 1.643516140412482063e-01 1.071295648981612086e-01 1.195505630458326696e-02 3.874996032650315225e-01 1.604315636765539232e-01 1.035382218645206076e-01 1.326851795906550946e-01 2.015470036101817408e-01 1.396258293432011133e-01 1.669103069294830266e-01 5.009329025389403639e-02 4.837631124208116584e-01
1.093750000000000000e+00 3.160692108408865719e-01 1.957915605474980780e-01 1.598970237274576489e-01 2.933444022223499412e-02 3.771150373029824587e-01 7.111166098863121177e-02 3.166086667156815804e-02 7.374709239127179294e-02 1.450341768389451780e-01 1.981246513468992720e-01 3.624227343574012994e-02 3.167431273290598117e-03 1.776468433151457138e-01 1.852583364547042422e-01 9.556186611249239959e-02 1.032281384142672287e-01 8.059291376638619275e-02 1.643533854022563362e-03 6.123122633308395596e-02 4.428997866021203711e-01
1.109375000000000000e+00 3.227559903367168137e-01 2.328439346074143435e-01 6.213286906905918922e-02 2.554723703605859750e-02 1.750988600636729231e-01 8.012207177029195826e-02 3.304888350235418715e-02 3.885905956485849466e-02 1.637631880502042891e-01 2.717595979077706558e-01 1.395180356481042494e-01 5.673632994124798434e-02 9.089703011209615546e-02 5.529982515388460335e-02 1.665176861374904893e-02 1.907960407729565044e-01 1.099038530706648725e-01 3.086057251634885534e-01 9.842037009095808142e-02 1.147408878658123382e-01
1.125000000000000000e+00 2.710055877333703012e-01 2.927210235770741353e-01 3.165960146081797655e-02 4.377143446893431294e-02 3.209262916363334606e-01 3.505716723720019024e-02 1.430399444828980501e-02 1.920304953375951166e-03 1.408540897103987000e-01 6.478273217646793314e-02 1.157392678504350625e-01 7.810864726599960062e-02 3.328106384502006596e-05 1.523475725358762745e-01 9.303763826338820597e-02 2.205537768851226765e-01 2.795384536286457111e-01 5.596026269830527144e-02 6.881414773655725181e-02 1.311265285158690584e-02
1.140625000000000000e+00 2.783930181167544315e-01 7.752654768635877658e-02 1.355471541366736477e-01 6.028555615508141702e-02 7.337559718439502776e-02 1.190183507158402293e-01 1.689277997480540250e-01 1.501110272690400205e-01 6.181588347436460518e-02 4.859025529396833465e-02 1.107104025311378692e-01 2.121327148423865216e-01 1.509010515323127577e-01 7.808116584656679682e-02 1.561689825239840311e-02 1.378075076676087696e-01 2.848777960648076757e-01 9.282567577039631257e-02 9.813698537710180414e-02 1.971949596678063826e-02
1.156250000000000000e+00 3.005510512015844848e-01 4.321871772225155950e-01 3.744603531569704602e-01 3.201011229423192384e-02 1.735833254954198823e-01 1.218637437317040273e-01 2.690405080177149522e-01 5.048653337549647846e-01 1.398098884555532342e-02 5.435436395839573663e-04 2.163145384267141022e-02 2.174529583588759307e-01 2.163097930470720409e-01 6.043100778502227995e-03 1.311716901258029311e-01 1.416728904880436291e-01 1.462681838687703295e-01 1.153772398721967032e-02 8.653531448818176097e-02 2.558515450034180416e-03
1.171875000000000000e+00 6.161873082720455974e-01 3.192350632268902699e-01 3.807194193674028060e-02 7.432166148380636717e-02 6.999094150299399464e-02 9.993048775527590966e-03 3.214412121095102087e-03 2.352051935654838472e-02 9.101751491775574021e-02 2.451933630069180747e-02 9.639453665981578823e-02 1.644564563325798257e-02 1.312351480522775393e-01 3.571115642829477133e-01 3.891887990539909942e-02 2.161220793814938035e-01 9.686977716287455131e-02 8.716079350679738214e-02 5.739351130968958076e-02 2.636874521168914853e-01
1.187500000000000000e+00 1.583163249038223030e-01 2.848475453872812563e-02 1.528132888243980726e-02 7.720260557604782803e-02 1.322151592504789974e-01 3.217744039366573355e-02 2.094651609266839631e-01 1.569307538945886593e-01 2.472598175765538253e-01 1.207874332792010785e-01 1.685473513087735187e-01 7.748628163893230003e-02 2.736181397750634403e-01 2.645796127984019475e-02 1.893325383803530840e-02 1.519529146986326740e-01 1.090107915871038197e-01 1.021760913380387742e-01 9.155545247295535094e-02 2.162250394806431719e-01
1.203125000000000000e+00 2.950101740541107853e-01 1.520046151754050889e-01 2.502630662502950409e-01 2.168247553367240177e-01 1.144871507476044326e-01 9.405179830966259313e-02 9.627345583615181182e-03 5.384108536550300146e-03 3.066774224481966238e-01 2.812802571014748620e-01 3.747882253949876841e-01 3.838286948064476012e-01 2.017800561024358230e-01 4.808904037982739132e-02 1.276819438059996203e-01 1.780782206040967125e-02 5.216908978713188927e-02 4.160805108598407687e-01 1.272597459802863318e-01 1.687090759322494304e-01
1.218750000000000000e+00 3.172492047254033554e-01 3.311500711207977093e-02 3.144650684828182996e-01 2.599002217642483181e-01 1.155112945772498664e-02 1.790107484437518728e-02 1.055189104858547805e-01 2.034389562387222961e-01 8.259446255469815590e-02 3.238355778329290446e-01 4.078672919023157428e-01 1.294498515485224821e-01 1.286846420521423895e-01 3.616417458164987719e-01 9.188673662333411707e-02 2.318510888328457753e-01 3.196847368319367111e-01 4.420949937674302777e-01 3.449600445061325182e-02 3.741608433151205615e-01
1.234375000000000000e+00 3.354243342522724158e-01 7.020614375138425900e-02 4.465528883933875259e-01 2.010911218967829650e-01 2.170529134453200448e-01 2.457096700716253704e-02 1.401902222122538601e-02 7.123899000624858702e-02 8.011866134440376319e-02 1.645324728329107256e-01 2.511489259515500283e-01 1.533976973984091940e-01 1.933252950128180880e-01 2.804544147201953330e-01 8.075609437512358546e-02 6.170819779385743054e-02 9.735516022662589475e-02 2.050064076160695303e-01 5.471582700715939968e-02 4.488989794546879852e-02
1.250000000000000000e+00 1.001714584210092601e-01 3.570313680185814853e-01 3.491418769601995487e-01 2.291105950009685588e-01 4.136212666038577845e-01 1.621902962992385344e-01 8.190988876066989527e-03 2.063574300496271996e-01 2.241108823939820874e-02 3.943880301549597678e-01 1.234233140065360973e-01 2.128381465355229929e-01 2.881682693920457061e-01 1.209507227909487614e-01 1.486687760706928152e-01 1.914257463180385754e-01 2.496872346872387460e-01 1.093564617850392023e-01 1.045267462056941321e-01 4.193996999363628492e-02
1.265625000000000000e+00 4.190852127137022487e-01 2.200287238326766037e-01 2.744638238749579351e-01 1.985659642550104131e-01 5.658998461354540765e-01 9.506899494406792495e-03 4.135443111992507387e-02 2.734368039693847383e-02 2.882923099774113429e-01 2.605381022390087509e-01 2.318016528297071055e-01 1.002920939264760614e-01 1.238625849734438511e-01 6.711648855127735902e-02 1.338959367885854956e-01 1.852788547183977785e-01 2.712024011199170581e-01 1.375145730431489577e-01 8.901588702024235134e-02 5.903721334605438464e-01
1.281250000000000000e+00 1.765014260162900972e-01 6.896655899003825696e-02 9.131878284102064314e-02 6.419321193465282738e-02 3.495852717316929592e-01 7.182993382009039696e-02 8.526563147877140592e-02 5.876725760108372082e-02 4.286549650049457094e-01 3.185582487898258042e-01 1.440540268791010159e-01 8.831445218705948064e-02 1.398397709795293035e-02 4.928629379951759981e-02 2.011957264112866350e-01 4.091846825989263747e-01 3.719537214318565654e-01 1.818635827783815495e-01 5.963196046660721589e-02 4.618064051695537631e-02
1.296875000000000000e+00 1.402066634310187576e-01 3.359689187798230448e-01 8.005527102283624408e-02 3.550972108049402221e-02 4.390919359297952296e-01 4.369364432560581685e-02 2.960629468756722366e-02 8.640436884034416454e-03 2.088919231948827282e-01 2.265506319852340356e-01 3.086661146700238334e-02 4.568285242528648260e-03 3.171961009462413439e-01 1.742474256459143611e-02 2.623256256403882491e-01 1.521431401244799642e-01 2.125407231312361478e-01 2.905163314028575972e-01 4.892992077415290325e-02 4.926049216468064013e-03
1.312500000000000000e+00 3.189839821587460156e-01 6.963071591454038367e-02 3.028010037270497182e-02 7.330382157742523774e-02 1.032581285096331458e-01 2.352098030063453360e-01 4.922462703976555887e-02 6.489778642573944267e-02 4.709794966187679129e-03 2.885521753280669843e-01 2.066637119669029188e-01 1.252251862828744899e-01 1.556842896581542013e-01 1.740554413162151426e-01 2.307191658905317216e-02 1.349529733359590422e-01 2.132483012741804296e-01 1.257095296545186064e-02 5.633515333293024480e-02 1.620549963142552952e-01
1.328125000000000000e+00 1.199013233417836888e-01 1.020947769297112090e-01 3.376778334194529413e-02 1.993677760563715151e-01 2.069167372480784639e-01 3.719031470730819328e-02 9.483006433142272817e-02 1.167014316174051075e-02 1.719899701167174333e-01 1.467563241777669093e-02 1.634702281127006496e-01 2.795472921077689077e-01 5.268293549511804397e-03 1.283537901659999036e-01 1.505350433363584206e-01 2.045662570977348216e-01 2.150455430250672317e-01 2.209294098258570427e-01 8.765268868304135208e-02 3.800187066181869855e-01
1.343750000000000000e+00 8.887677136875597739e-02 2.975502761121132655e-01 5.231466359904634045e-01 1.050131247616921809e-01 1.500698599236903186e-01 4.095789443999121177e-02 3.796198280523425117e-01 3.039691023087012778e-01 1.532854327334965128e-01 1.553536522743567683e-01 9.812859233605389364e-02 4.081604633144461647e-02 7.487551224694367902e-02 2.443457794408168127e-01 4.221970429964844729e-01 1.318703358072841891e-01 6.445751876742011888e-02 8.789579802285464594e-02 5.945249396584148527e-02 4.850722868527389785e-03
1.359375000000000000e+00 3.717754684824261524e-01 8.368489694295998260e-02 1.591249576486620243e-01 1.691022808592630433e-01 1.544793712353046723e-02 8.847031350024693597e-02 1.266585685387867644e-01 1.544766039119659373e-01 8.211883349963776391e-02 4.433301770837883571e-01 1.500555508666291116e-01 4.667596040873693564e-02 1.043705920934337172e-01 1.810652622941159029e-01 1.328042173117657820e-01 7.805816396793480161e-02 6.166748223940799606e-02 5.453612786246892288e-03 2.816809170520401806e-01 1.401849387435216976e-01
1.375000000000000000e+00 8.114942482084482045e-02 9.547412075476946480e-02 3.123935755552457727e-01 1.291738936625203837e-01 6.125576598844912901e-01 1.002358527680427963e-01 1.342683515500986413e-01 5.898793372416990533e-01 1.341402301408488318e-01 4.842873981820015883e-02 4.204296697921882653e-01 1.821323926739586152e-01 3.518130355828218842e-02 3.361830438231279694e-01 3.979210667939186985e-02 8.712967891931178155e-02 3.031406963507227940e-03 1.812452778463067016e-01 1.286224146283583836e-01 3.526323106605528390e-01
1.390625000000000000e+00 3.938392929037763668e-02 1.454044159090155976e-02 8.075306358749235747e-01 9.760389508652118906e-02 4.326457133573194391e-01 1.578861179906683176e-01 2.761062988715803912e-01 5.133366136527063306e-01 1.274558244735036483e-01 5.518584761885420020e-02 4.298995121013503562e-01 2.719120407533794359e-01 2.645368569285392810e-02 3.461850783453490621e-01 2.708314591492142279e-02 1.810222984420221115e-01 1.230093190869202407e-01 5.625983441610029126e-03 3.840145605057788680e-01 2.103641306979184833e-01
1.406250000000000000e+00 7.741704774848651160e-02 6.510861607555332164e-02 7.059613314500019499e-01 1.913902071336808508e-01 1.341378774778973770e-01 2.838811574875690358e-01 1.375163665337176544e-01 1.369169839149236567e-01 8.146166850223945932e-02 6.917411657301177075e-02 2.981773876685236413e-01 1.952913319608109433e-01 1.869367745341295739e-01 1.000318862700832340e-01 1.409490363918286873e-02 1.219507333553906947e-01 7.918375460745048777e-02 1.201536028094051523e-01 2.935375243103789944e-01 9.185022565546575868e-02
1.421875000000000000e+00 1.628322354906211189e-01 2.437973000424943637e-01 4.380775388726781960e-01 3.011648112911022857e-01 4.583406259410519601e-01 1.441615468428796842e-01 1.152370342252553720e-01 2.896761157804912390e-01 3.982330824741591169e-01 2.195414634110368635e-01 4.211478516140461370e-02 1.962287181037806749e-01 2.630876449377678727e-01 3.009122996689395646e-01 1.180141583835721264e-01 2.115474528642301288e-01 6.625138497055640951e-02 1.423558720029385882e-01 1.790650521556134411e-01 4.910038971496505922e-01
1.437500000000000000e+00 1.136144599046163411e-01 1.154823838981440948e-01 1.151720948173434456e-01 7.574833741739189601e-03 2.535570709822213553e-01 8.618063202095191389e-02 1.407531381284528038e-01 9.756745328309817528e-03 1.165678623032968264e-01 1.436123245270513882e-01 2.150264758390241573e-02 3.038247639777794107e-01 1.561942118559017934e-01 9.386732965175007687e-03 1.833753990829938840e-01 2.346734307465433711e-01 1.765803895627151010e-01 3.221459258034627959e-01 1.047571609706861168e-01 2.554084070102313406e-02
1.453125000000000000e+00 1.170333858474136984e-01 1.604617043025792222e-01 7.025462903375111201e-02 2.031306403955384920e-01 3.996974559549263534e-02 2.694125009589470321e-01 4.334246905432813379e-02 1.020522778404358843e-01 1.209242844799037486e-01 1.580333889872024833e-01 2.151002323499005484e-02 2.748725628815104627e-01 5.235779933817922283e-01 1.161709030066391916e-02 2.941874323543493541e-01 5.420524892402405620e-02 1.011761347157462410e-01 3.823735809949106029e-02 2.327831955014965926e-01 3.186649042961323119e-02
1.468750000000000000e+00 2.401458506321588471e-01 1.293200109675102794e-01 1.943516062500687536e-01 3.734835901066956010e-02 9.254562428390490647e-02 1.875636762922097411e-01 2.179991629071554281e-04 2.326516987676684189e-02 2.059264686542924827e-01 2.731677590712878745e-01 5.987875766281765266e-02 4.804284516532118104e-02 7.895633997308935947e-02 8.095064443031141366e-02 1.469652874975720669e-01 1.615730611174909792e-01 4.567293321822494916e-03 6.149390405777273305e-02 7.032400840486899285e-02 1.031992123566916053e-02
1.484375000000000000e+00 2.352813092316041396e-02 5.251319276596243535e-01 5.384563831174062759e-02 1.604678175864526490e-01 6.579944856922922969e-02 1.513041958539580517e-03 2.132302428685005635e-01 5.199926113488648194e-02 1.893955248037504646e-01 5.854100338434042178e-02 3.862990586623207129e-02 1.792072618091757746e-02 4.712794585275786874e-01 2.825492939545437565e-01 1.240828581913671208e-01 2.336082878327528922e-01 7.898218536843297499e-02 1.191807156524637146e-01 7.708523426909690002e-02 2.837417953473024279e-01
1.500000000000000000e+00 1.689747634257829645e-01 1.453577631776199475e-01 2.154069050786711625e-01 2.356554982707468882e-01 1.292044461729419287e-02 3.976159707867882309e-02 5.970396801204746334e-02 1.975086437014074159e-01 2.483328804193085104e-01 4.771141273466324162e-02 8.819758042562458877e-02 1.489949887941085238e-01 5.171243836214879652e-02 8.108372446087425134e-02 1.137371173636754079e-01 6.289923292813582624e-03 1.242036904742090803e-01 1.071194364272955030e-01 3.898521583921266132e-02 3.199354651421728590e-01
1.515625000000000000e+00 5.492668770032697878e-02 1.402562900641176058e-01 3.707715217421791443e-01 2.194705524270081434e-02 1.667456949708223390e-01 1.050530090333473554e-01 1.053920580397307710e-01 1.757812999648986907e-01 5.127968941405269127e-02 1.269721233051910314e-01 1.565131308533325438e-01 3.138347342991454347e-03 1.323095332682925895e-01 1.243488460278316249e-01 1.166360406145940803e-01 2.314357140316635267e-02 3.848083898819421728e-02 1.052071815566834739e-01 7.963766007828622373e-02 4.058728760536988722e-01
1.531250000000000000e+00 4.310763846503292696e-01 3.081317943187100727e-01 9.452635153967157977e-02 2.359400647612751867e-01 1.272788753836759379e-01 1.956657565804924004e-01 5.896123399791046438e-02 7.586531702277830858e-02 5.733380155691761293e-02 1.287759663300006019e-01 1.163160046025981109e-01 3.065696001786001254e-02 4.520166796239728779e-02 5.437515520151139370e-01 7.679846075699188479e-02 2.225868587307699986e-02 1.562696024661894834e-01 3.489530514585620358e-02 2.264290267888504141e-02 2.826788303774816716e-03
1.546875000000000000e+00 2.362929375802627907e-01 6.072582970586797024e-02 1.494796273415298186e-02 9.231064000188882179e-02 1.968613387793388403e-01 3.316032410707163702e-01 1.048145224755983734e-01 8.342216213153480497e-03 7.204420047373418130e-03 1.657147394322838752e-01 2.010220938882759378e-01 7.617998573679769792e-02 3.391020155241803447e-01 4.666922495255158010e-01 1.310231007926366750e-02 1.980420109981938237e-01 2.825011589693330882e-01 2.702507964288463072e-01 5.034331124532658713e-02 3.862044543144575459e-01
1.562500000000000000e+00 1.021490987075087259e-01 2.539070597460881332e-02 1.024731907405499604e-01 1.445203831238096870e-02 1.437367801242252496e-01 5.534690028058968092e-02 1.573669237824336375e-01 2.693419613728544396e-02 2.166797321672503732e-02 1.361192028726275760e-01 1.423640797966636007e-01 3.024446829477440146e-01 1.970120656422194583e-02 1.355944689823954663e-01 3.134597577709324345e-01 3.386253440833851824e-01 7.197092776511415657e-02 2.038846690497430128e-02 1.431511400004260581e-01 1.456398109672960295e-01
1.578125000000000000e+00 2.300206002952199513e-01 2.978015324028975702e-02 1.493804488723301238e-01 6.892349709621232307e-03 9.555664439931532694e-02 5.029427317281598420e-02 2.376544841455021650e-01 5.924879289438882233e-04 1.436507169453030142e-01 2.986536477076209839e-01 4.600942049390251143e-02 1.383808623608558386e-01 3.253647106920333487e-02 9.787795682327947791e-03 6.893530534098785134e-02 1.649874220867393326e-01 1.320627726790176704e-01 1.806034001776865919e-02 9.561527685351234318e-02 2.453396100901642507e-01
1.593750000000000000e+00 1.672946260854010769e-01 1.280859608286916973e-01 3.252545888614827296e-02 1.264787243905698688e-01 2.079817006148187708e-01 4.381452882798181868e-03 3.908891562777636747e-02 1.292569896919962442e-02 2.726222610563345805e-01 1.299064455448677990e-01 6.336522131330275809e-02 6.257114216215491076e-02 1.404122939940917643e-02 4.003820927979870881e-01 3.540953400715984856e-01 9.691152692738190522e-02 6.329154137320532059e-02 1.680616983935012410e-01 1.134177767258053166e-01 7.679199466400739305e-02
1.609375000000000000e+00 7.818031688334167728e-02 3.324168497631986852e-01 7.334714976463793668e-02 1.922601380403813620e-01 2.504070855303554555e-01 9.201616110194757447e-02 1.747191553359115634e-01 9.910316326137803833e-02 2.950744336707818855e-02 1.944421730289265862e-02 4.205693707606083381e-02 6.390967083314204322e-02 7.339117073248792311e-02 5.490399461926125102e-02 1.985131582518992466e-02 1.217158026459990994e-01 1.550753144459028066e-01 8.489434742028052761e-02 1.043659617134650164e-01 1.322716900894999603e-01
1.625000000000000000e+00 9.477334301782157355e-02 4.588670199544964690e-01 3.557930322082779040e-01 1.809935815740094378e-01 6.033282361323362153e-01 6.905768840614996684e-02 4.615611479879759282e-01 2.383296511394607242e-02 1.227754922565546386e-01 2.376130296531032693e-01 9.518225571166337440e-02 3.226460632571562237e-01 5.923184506724565868e-01 3.458292136044440190e-01 4.947399276815971081e-03 4.680867090716513308e-03 1.856917435790995108e-01 3.680483754333394586e-01 1.432873771847222033e-01 2.983550384283006340e-01
1.640625000000000000e+00 1.191697045496565299e-01 2.905304800858499875e-02 1.290070904752765868e-01 3.574354590312953661e-01 3.718036927003063319e-01 2.533643319326165932e-01 1.864724277681137909e-01 1.812415412350017185e-02 2.686526784543855628e-01 1.097457285865576504e-01 1.179581044064767770e-01 1.833935027828006992e-01 2.323164852375078082e-01 4.616226997029230367e-02 1.621229294250652042e-01 1.410356751825331545e-01 9.007015539948616534e-02 1.290664629306824407e-01 1.488456301770584300e-01 1.002164378715529464e-01
1.656250000000000000e+00 1.170456112600583992e-01 2.640729069814378160e-01 3.208694106084877262e-01 1.946025901988379936e-01 1.710861577144252021e-01 1.888776609727416123e-01 8.810880970028578396e-02 4.776990883518757169e-02 2.330633208625034203e-01 1.115569476634224871e-01 1.188611686497418468e-01 2.195472485397628182e-01 5.242487864668013420e-02 1.666254670682841832e-01 6.425103026665132111e-01 1.524048705825647720e-01 3.483049473421288011e-01 4.410559093919250856e-02 3.044116533733724483e-01 1.941842558702705501e-01
1.671875000000000000e+00 1.424117078136747649e-01 8.323276813146696096e-02 4.368955175004843872e-01 2.266063375537043234e-01 1.288093126905887620e-01 5.139007641684591871e-02 1.436738237556652378e-02 2.302500661627975842e-01 4.858975891253206059e-02 1.140968806193919521e-01 4.325196460744746285e-01 2.409388237518380327e-01 3.497698403478300966e-01 3.654191107735273863e-02 1.521404674644971367e-01 1.281592084961475086e-01 8.116742734788237601e-02 2.247450919206696873e-01 1.530419221062643276e-01 2.516492684443037350e-03
1.687500000000000000e+00 1.547684627472069585e-01 7.882835534764284433e-03 5.035303183762552814e-01 3.138311307171505193e-01 1.130515663161461432e-01 1.695352381754311744e-01 5.582813205666590367e-02 3.700683736489096542e-01 1.448624663272329582e-01 2.996655173513353421e-01 1.167520978006242882e-01 2.959100070434973473e-01 2.059148871490439903e-01 1.030458982966493131e-01 1.326420115558451240e-01 7.694061142624411542e-02 8.947410342100717284e-02 8.576147684054478970e-02 1.653152728434554852e-01 5.512660522817863784e-02
1.703125000000000000e+00 2.841185545080289129e-02 2.594311222236560521e-01 3.270436598940826833e-01 2.463371411240619924e-01 1.289182911351824112e-01 6.778968017835243498e-02 6.976615649754187853e-02 1.801598304084389424e-01 2.585706694172654196e-01 1.320794350985598220e-01 1.756028061169866983e-01 1.900701980267625046e-01 7.105433298403490694e-02 3.437948580322396919e-01 3.568603115194943914e-02 6.231831978328664784e-03 3.033476580733022732e-01 7.465920621843985527e-02 2.101962600692134919e-01 3.334465791046307137e-01
1.718750000000000000e+00 3.749505192145090836e-03 1.217212992535714189e-02 4.166547131747480037e-01 9.971706671758516494e-02 3.496689758622466004e-01 2.772626220129941754e-01 5.808378173372268083e-02 7.338610775171679201e-02 4.104056251020040680e-01 1.019279834535571361e-01 1.276443899622563272e-01 7.802915468662742493e-02 3.769739765339192861e-01 1.486366539916648133e-01 4.591722825140507475e-02 4.978120435654374148e-02 2.693492530047593148e-01 1.192302072170595140e-01 4.892871128376027196e-02 8.745143968484027364e-02
1.734375000000000000e+00 1.940608123533751617e-01 3.500450156579695826e-01 1.821032667369973379e-01 2.183323891609065814e-01 1.309005746038837681e-01 5.814343237512314272e-02 5.578620127903422682e-02 1.464967972741381894e-02 3.860960880363393244e-01 8.940502036210863646e-02 7.696727477535465767e-02 3.368899249713807054e-01 1.455860090337029178e-01 1.871156824011717956e-01 2.007298703288111497e-01 1.574627317650898473e-01 1.384510972604285073e-01 1.636513470583154939e-02 1.117649115053523856e-03 1.209802490298150790e-01
1.750000000000000000e+00 2.772709492939802178e-01 4.854307906371605613e-02 1.179833716770802288e-01 1.650537801222890510e-01 3.600135399795462710e-01 1.303721159174446309e-01 3.472346660591576952e-03 5.384299122641934832e-02 6.958834174893423208e-02 1.801463948817939031e-01 4.022079851893763935e-01 4.887709091772329817e-02 2.569326391286918532e-01 2.227264985879737758e-01 5.827500630092946610e-02 2.900159231650990127e-02 1.005359637786021609e-01 5.696429113719348597e-02 2.852997467206653051e-02 7.347342830461642271e-02
1.765625000000000000e+00 2.123196314912606172e-02 1.540264894027110754e-01 1.046704881651352725e-01 1.918195735543593849e-01 4.587738215777360518e-01 1.340502331136841918e-01 3.878166614266717604e-01 3.004895910346072965e-02 3.557524001269096042e-02 1.765359091435387551e-01 2.555597875139183350e-01 2.086975907712442790e-01 2.431773916849073180e-01 1.010761534695396036e-01 2.092602357650819381e-02 3.298876186387616344e-02 3.502461396626823514e-02 1.162015678976409810e-01 1.072864969953681441e-01 2.519795820426719013e-01
1.781250000000000000e+00 3.244947993987897239e-01 1.166517312146156532e-01 8.763225304033081531e-02 1.341069804849971125e-01 1.787406233291054941e-02 1.510430736107002958e-01 2.080866113244010107e-01 8.335476220228632549e-02 4.938755744219702065e-02 4.134351828189852113e-02 3.197070025866491361e-02 2.956414325305412039e-03 6.948338942611259963e-03 1.025828196920529484e-01 1.959734062882854400e-01 6.568006796169668926e-02 1.245834863518080829e-02 1.344934710231321107e-01 2.017194044492173766e-02 6.471966434246016753e-02
1.796875000000000000e+00 1.498192487171745024e-01 7.457619004805420004e-02 2.803766914608050720e-01 9.074373641848855476e-02 4.952690898647704038e-02 9.010523506528113347e-02 2.286452619541769204e-01 9.569570718821825139e-02 1.061203400905443989e-01 2.697593069315373793e-02 1.124451061616803527e-01 4.790632540613437573e-02 2.043888092056263539e-01 5.458986816284414761e-02 2.132761340064550093e-01 4.736340441735296947e-02 1.833938707004462987e-01 1.519750612357701619e-02 2.562932479456654922e-01 1.654686411477825636e-01
1.812500000000000000e+00 1.923591365244096130e-01 7.862442004522179895e-02 1.564374253916721580e-01 1.120699642043251204e-01 5.806039996167718098e-02 2.397764122702937539e-01 2.457025165336319261e-01 9.113782202468093466e-03 1.532331420203327521e-01 3.254691015203298177e-01 1.728452685452036008e-01 7.032248388054594158e-03 6.663660832529282041e-02 5.998544571569897760e-02 1.797619290114547130e-01 6.861452329832334884e-02 7.243836719839033544e-02 2.647882637347021353e-02 1.690447393666854592e-01 3.321865237615772432e-02
1.828125000000000000e+00 1.022623184161373378e-01 1.319201493157866611e-01 2.294502925462583304e-02 1.048276875139631387e-01 4.603831737397499069e-01 3.578127474724293600e-01 9.912780651557302758e-02 2.548308968923719831e-01 5.948805778007788120e-02 1.946559640086907572e-01 3.293660574974194288e-01 9.408661711908206104e-02 3.085339865730102882e-01 5.976580182475561137e-02 1.144059672815234130e-01 2.522994914300276670e-01 1.474333260255818526e-02 4.624819509108318294e-01 9.922522231854136177e-02 1.800139653456825639e-01
1.843750000000000000e+00 2.370289759762987669e-02 8.471503676047585640e-02 1.119410783006567073e-01 1.541058072488229735e-01 4.238649133572575667e-01 2.432065225719842738e-02 1.680884253117673199e-02 2.278590481427140157e-01 1.630600942964378353e-01 1.603232395119156550e-01 2.088274448210595546e-01 1.041850323705760806e-01 2.187868693330151382e-01 1.973276733785671866e-01 1.850745496561907039e-02 1.730660736946128264e-01 9.058609032534532812e-02 3.486383316324501158e-02 1.537318206436546764e-01 2.535712068051087509e-01
1.859375000000000000e+00 9.700756639831387140e-02 1.420447832652735332e-01 8.454465882164179102e-02 1.578268054076367444e-01 4.201730549638205831e-02 1.930645581047241433e-01 6.751422154095008954e-02 7.170408032775392460e-02 1.833883132473147770e-01 2.537749917684950333e-03 4.627381329912728936e-03 2.312994944497546723e-01 7.163052658893483138e-02 1.838525152785070544e-03 4.815780904459272538e-01 1.609560379000000985e-01 1.759384973834656751e-01 1.806056794179284331e-01 1.829727160575917722e-01 1.124199359736122034e-01
1.875000000000000000e+00 8.176312742737219807e-02 2.190279028516970983e-01 2.038106959915218785e-01 1.905068253559324271e-02 1.983215487719354464e-03 6.971359796836164302e-02 1.682269552439152327e-01 1.364307207300329561e-01 1.814880146158464880e-01 5.870990233240475781e-02 5.031945349147062818e-02 3.633811299125208061e-01 6.187028512610790593e-02 2.395936513157259640e-01 4.114905910935803823e-02 1.736274306928372148e-03 1.959213182281923094e-01 7.242732452663355747e-02 1.413789798673626696e-01 2.819345017467948453e-02
1.890625000000000000e+00 1.801750632855597320e-03 3.390997801881845408e-01 2.011462867283533851e-02 3.126842192852197222e-02 8.115628052945984827e-02 1.470619182974716166e-01 7.282715282716849259e-02 1.059134112587844512e-01 6.652986684433666309e-02 3.960678923641329230e-01 1.468874432201491831e-01 1.049886350610706870e-01 5.881187971495563938e-01 7.288209830019376501e-02 6.779865098326942618e-02 3.900299715883566443e-02 3.721573855478774173e-02 3.897668420480185358e-01 3.711765571494930055e-02 6.176271500884255444e-02
1.906250000000000000e+00 2.265018218349928655e-02 8.969986132850502059e-02 3.333921723259122144e-02 2.238718365008526001e-01 1.342944264656296682e-01 2.431516185164241117e-01 2.603983527080269006e-02 1.636384948586511873e-02 1.733405429521078511e-01 9.800310262045780485e-02 1.042590086801565563e-01 1.637721936234354247e-01 4.098385493721450057e-02 1.838896687503566441e-01 7.377775114723976457e-02 4.038445823175362132e-02 1.529725703572762940e-01 3.435116326464971448e-01 7.489735634843603870e-03 1.207339074287916564e-01
1.921875000000000000e+00 7.696266629762700540e-02 1.112893859218904158e-01 3.444284603238506604e-02 3.892937995119817307e-01 1.940307994381947065e-01 1.176192441067608757e-01 5.569379588826985084e-02 1.642079604886558242e-01 7.237737576730676747e-02 3.010783226899527709e-01 1.242520580429280347e-01 1.559121304950270848e-01 9.046567118587423018e-02 2.031440013360570618e-01 1.501080563178316951e-01 1.133455289045196546e-01 1.373881164426397627e-01 2.118988832800395294e-01 1.500311639228275040e-01 4.529182873836523626e-02
1.937500000000000000e+00 1.993861677682508271e-02 2.231978201696521724e-01 2.253125072743434321e-01 1.233000245138135276e-01 9.997316927023121302e-02 2.189057665244059647e-01 1.356074751175233850e-01 2.161638690377630165e-02 2.461056778740892681e-01 4.227965434714974213e-01 5.602633589448926393e-02 2.020183258329813769e-01 5.378718091575784843e-02 1.719652390780077866e-01 1.106262537024674530e-01 9.425789318476880674e-02 5.270363763213913033e-02 7.689470578051732508e-02 6.433511620017823285e-02 1.417466816544888375e-01
1.953125000000000000e+00 2.194287170313153068e-01 5.962920666673635593e-03 5.990520435869870486e-01 4.816583756067677191e-01 2.947531842514695133e-01 1.647886230479314873e-01 9.899644278918244555e-02 6.403581384636054807e-02 1.921168667886175019e-01 3.936140198242065597e-02 3.705797638042057640e-01 1.440492432552161750e-01 1.219101761868071065e-01 2.351811099525936977e-01 2.672367690402578655e-02 1.495492361054356900e-01 6.939430811932088827e-02 2.326434564198212596e-01 5.547454487839101334e-02 1.022270372531063759e-01
1.968750000000000000e+00 1.627013625064460678e-01 4.107817760903708093e-01 4.338665495021139518e-01 4.084720297280491907e-01 1.353909109174671888e-01 2.206877317503044833e-02 6.484078312898311318e-03 2.676158117555845761e-01 9.764845756940819521e-02 8.762761277416614147e-02 3.894468382832629860e-01 2.165919069499252503e-01 6.674183864697878776e-02 3.685730431794302375e-01 8.049215225426183118e-03 7.040212123951324064e-02 8.742606488459023217e-03 2.330279468603511234e-02 1.104890970850261889e-01 2.471531835311068792e-01
1.984375000000000000e+00 5.271401140634539295e-02 1.553144312020572348e-01 5.997254002157989539e-03 1.720421700802519382e-01 4.969702283163561496e-02 3.911191861970200051e-02 3.296148974847404323e-02 4.991809984271857181e-01 1.870362943486080787e-01 1.191727441807504118e-01 3.531649814304586021e-01 4.134390786104933380e-01 9.265986614433599500e-02 9.637160203520855895e-02 1.931414909219693332e-01 3.781007290129713705e-01 1.327385698101305467e-01 6.677706208224591655e-02 5.806398887741852366e-02 6.387661489138120839e-03
2.000000000000000000e+00 4.283966380831816766e-03 4.825059859374154769e-03 5.537597837387691095e-04 7.187168981707196813e-02 1.265465608727659730e-01 1.780929894695185978e-01 3.163292288827028821e-06 8.875515154041181687e-02 4.685355277210306104e-05 4.056225626736664411e-03 1.060541622590852745e-02 7.930824793286094312e-03 7.894157508344225027e-01 6.086462863105518428e-03 2.427103495913611290e-03 2.488989614134017592e-01 2.860511932888679665e-01 3.635780914275746345e-02 7.293967869785533886e-07 9.173505035542207919e-02
