0.000000000000000000e+00 2.022263790783425386e-01 3.678319683452456745e-01 7.016575717465949220e-03 1.402150270108230290e-01 1.814364925203481582e-01 7.528381540456795251e-02 7.288596070992996168e-02 4.662486976328350519e-01 3.358382245448599535e-01 5.712509492953455129e-03 1.915171673069035463e-01 9.721382688891325174e-02 9.062964043774190959e-02 2.289287931255022668e-02 1.086263194757589728e-01 7.599826839035705994e-02 3.237258296379103787e-03 4.566947323269941045e-02 4.216595393106084000e-01 3.715027410531677732e-01
1.562500000000000000e-02 1.146650474544181897e-01 5.251203758925645504e-01 2.400531296330158174e-02 1.533917984063064288e-01 1.280355821019796558e-01 1.343140769491301678e-01 1.619984809903200068e-02 2.119495571269500445e-01 1.152673380513091067e-02 2.120173182306413565e-02 1.198402017444429313e-01 1.409523407070312206e-01 1.221825107777935737e-01 1.055817228675576258e-01 1.503326858737289440e-01 1.588734992620931957e-02 1.582514089361051479e-01 8.093981215870445223e-02 3.904950459159685083e-01 2.798736212811585577e-01
3.125000000000000000e-02 4.494379621142047809e-01 2.249065604597314527e-01 6.339562020973675896e-03 9.857629432847472839e-02 3.319876538502737340e-01 1.032012016859809936e-02 2.895800134523742742e-01 1.499252058466684634e-01 3.162601907769546083e-01 6.685452950189466753e-03 3.486763388212650860e-01 5.106561457088136524e-02 2.428427219482182098e-01 6.834051507429174388e-02 3.368815258580614147e-01 2.962379417248798275e-01 6.228672446709340726e-02 2.655257269468216941e-01 2.748391192819572004e-01 7.872448958151113951e-02
4.687500000000000000e-02 8.845106990430262606e-02 7.522460894931959179e-03 6.345228714423295328e-03 1.873538370131133321e-03 2.667078896193157966e-01 6.961953169898070504e-02 1.054515210550027449e-01 1.372811622697288070e-01 9.726437396070654676e-03 2.481736691652929316e-01 2.908213178230411589e-01 2.167090557057071293e-02 5.861056044624077949e-02 7.278483503864453807e-02 4.319968885768327160e-01 2.141824486666850380e-01 2.712488388701307374e-01 2.172942085812325230e-01 1.637812607600903081e-01 3.512835219159894939e-01
6.250000000000000000e-02 5.008763887301832529e-01 1.110504396102353526e-02 4.506526024502088140e-02 1.542487570939089780e-02 4.231679476572199755e-02 6.355528063929090365e-02 1.150091218658169656e-02 2.393959107173912471e-01 1.555184364428165156e-02 2.902788262566123600e-02 1.003598181485521879e-01 2.698868555351029985e-01 3.112907851995284914e-02 5.724403027267260802e-02 8.939133987544807536e-02 1.578882334245633734e-01 1.281054443754778283e-01 3.583030429644311343e-02 3.538409207001034229e-01 3.871868042522517983e-02
7.812500000000000000e-02 2.748883750115694857e-01 3.231470955369652315e-02 1.226809173743838299e-01 2.954337718567955906e-01 4.652407577783679304e-01 2.887971380599392915e-02 6.310387324792617915e-03 2.861600023541182036e-01 3.865201546007678013e-02 5.945265679572017681e-02 1.211730114762996080e-01 5.958710305861097956e-01 5.688183302212759807e-02 2.488351876334774782e-01 1.882710559345794066e-01 1.457486703173932474e-01 2.449564967342701127e-01 2.484689681248972160e-01 2.093517301255074237e-01 2.010168169359332901e-01
9.375000000000000000e-02 1.294288838803622221e-01 1.133616221928863688e-01 1.241048325516349166e-01 1.871915184138686628e-01 1.893389606122117541e-01 1.717053954210889799e-02 2.733171565979328546e-02 1.802680957388199112e-01 2.038924079396874436e-02 1.355243297482724811e-02 6.950330327394805933e-03 1.232753735552141912e-02 5.589845726485746097e-02 3.003435253559547102e-02 9.460373884415722301e-02 1.177727116470979329e-01 5.810042596686008087e-01 1.141512744275469948e-01 2.574361812428596075e-01 1.228863985097394390e-01
1.093750000000000000e-01 2.144008842419972416e-01 5.474925295676372761e-01 4.419661412099613051e-01 4.027858964956052001e-01 4.150182939806544291e-01 4.469399843980874087e-01 1.361904551645310157e-01 2.300093131086910214e-01 4.815439580070717263e-01 7.092700444926096637e-01 4.056897750213052101e-01 1.963148878221938065e-01 4.114310511591921515e-01 1.919029340081671309e-01 4.459442843285724711e-01 3.736888737102518898e-01 6.309409164167320005e-01 2.647554514767219702e-01 4.414149618487765991e-01 4.388507464759617838e-01
1.250000000000000000e-01 7.419643640017179465e-01 5.892617482472576329e-01 7.696724872334277379e-01 4.956832565494871945e-01 5.379205814043083178e-01 5.323475442402618718e-01 5.157629010613727916e-01 9.000562513152700339e-02 6.657542350701195488e-01 8.818068258926099467e-01 6.897292566571141537e-01 3.058042695388633603e-01 3.781663051730790315e-01 6.467232295298306344e-01 5.478012127261490116e-01 2.744982854705095843e-01 6.042690715101882715e-01 4.598788634817817522e-01 9.041880026429111039e-01 9.388868672117470782e-01
1.406250000000000000e-01 5.411110697588594753e-01 6.668282123870313827e-01 7.676724492743940420e-01 5.568820804645062683e-01 7.834402024359778949e-01 6.761212125065999556e-01 8.061650139548157679e-01 5.192586365334875831e-01 7.407915165128876600e-01 9.051738947029261961e-01 8.060070677400824612e-01 3.764213190202301274e-01 4.635232629778360813e-01 7.276879499236670323e-01 7.864822489095291136e-01 6.452216679156684842e-01 6.402406109072679152e-01 7.544145575184566521e-01 7.010119097344682526e-01 8.730420173376368664e-01
1.562500000000000000e-01 4.474518560622842700e-01 6.457732464376093606e-01 7.000930893225418838e-01 6.416616990884885796e-01 8.392763901048692077e-01 7.762034582756643930e-01 7.392491184426203121e-01 7.985029126818962153e-01 8.538674859317814114e-01 7.760155507449597589e-01 8.478070666212060846e-01 7.107650826995769444e-01 5.557867964371867586e-01 8.597747714339826208e-01 9.120982965990679370e-01 7.351568515723031494e-01 8.134147417325650053e-01 8.942750478487612176e-01 7.371935145208120543e-01 6.265544359997790025e-01
1.718750000000000000e-01 7.497255408999636828e-01 5.619498005421871278e-01 8.255449364475881957e-01 7.272243357780253659e-01 9.025910627756370541e-01 8.058743110461379366e-01 4.318039487498099294e-01 7.882741734468613481e-01 9.273570494485862126e-01 8.522284275514635521e-01 8.660004215780572334e-01 7.830866092257551259e-01 6.500623277051573723e-01 8.621910547171293127e-01 8.867423798502209742e-01 6.847519221548612478e-01 8.405120383393699379e-01 9.138854268354351662e-01 8.184693333213418631e-01 8.833329298175616184e-01
1.875000000000000000e-01 8.375353052968190770e-01 7.421921544634887402e-01 8.885305580646722934e-01 9.350872508580734266e-01 9.548939841191197431e-01 7.542021624034447314e-01 9.071324922185793893e-01 9.123874625574811548e-01 9.411661985503876338e-01 9.258672260982342417e-01 9.044410648474211500e-01 8.713672849754009464e-01 8.577817542979895293e-01 8.770128927871723157e-01 8.945936927144001460e-01 7.789336284830635782e-01 9.451344994146678724e-01 8.816805068075398433e-01 8.500214253929436747e-01 8.908107397335630617e-01
2.031250000000000000e-01 8.716848167981883222e-01 7.503317985817020697e-01 9.343895245208040379e-01 7.699767668168405743e-01 9.479550787451317406e-01 8.557765194985050838e-01 8.307776493869120094e-01 9.104300125242655861e-01 9.390259008366825810e-01 8.756342676520200152e-01 9.100079397921454483e-01 8.804451562931302488e-01 7.539549047252858127e-01 8.355231116798768065e-01 9.469640672356270938e-01 9.204687792536522251e-01 8.704126964270397782e-01 8.916156820640938063e-01 8.009099306310228927e-01 9.107133010842373144e-01
2.187500000000000000e-01 8.997440582271971632e-01 8.243575234187489054e-01 7.660749377336695254e-01 6.537932976696132492e-01 8.305535785916727809e-01 8.643243565073088774e-01 8.813338565660087109e-01 7.355893642228681362e-01 7.544041909351552055e-01 7.029404023312640915e-01 8.003905151921576477e-01 8.294983948303776833e-01 4.643160631772653146e-01 8.084663222868999632e-01 8.084749241727277047e-01 7.953220272867719265e-01 7.475400864910407561e-01 8.707397998669290651e-01 6.290656630383067993e-01 9.187107112048429336e-01
2.343750000000000000e-01 6.829865541707950127e-01 3.977704776149137422e-01 2.332158062288278710e-01 5.466832592902405308e-01 1.392022391709358820e-01 6.481705511343679449e-01 4.951215839170295951e-01 1.217563367111872408e-01 1.643997667469172808e-01 1.599569304683710613e-01 2.872678530720184156e-02 2.372429671028186970e-01 3.037977318699688900e-01 8.106485755284383865e-01 5.587002797151072730e-01 2.595855380131009138e-01 1.642831869677174317e-01 7.805801443681437135e-02 2.558680989251118643e-01 4.136804512586598759e-01
2.500000000000000000e-01 6.927732786185057945e-01 3.061178465080378608e-01 4.015882076568594861e-01 5.855193059585266369e-01 1.652661766442551083e-01 5.659437668343223482e-01 2.754111337600172460e-01 2.929601575798565505e-01 1.527372317809292945e-01 2.338658939156319783e-01 1.382828558823994136e-01 2.427072890335958966e-01 3.479790278005868709e-01 8.423866537074673477e-01 5.328730791139216771e-01 1.736758734912412505e-01 2.296861329943956642e-01 2.927313858498538091e-01 4.176153743186186151e-01 2.739398198005575935e-01
2.656250000000000000e-01 9.154026366670905412e-01 7.073013194035858708e-01 8.869464356500924573e-01 9.285057917481145395e-01 9.233443455315271109e-01 8.732640198432323198e-01 8.409045655259008711e-01 9.219295871584319846e-01 5.752868147144925004e-01 7.352895809503122715e-01 9.232502783026172999e-01 9.141600540139138698e-01 8.971906464335770437e-01 9.034277970895386867e-01 8.582705180403513712e-01 8.708924999182828808e-01 9.214720253729699051e-01 7.490086620455242983e-01 7.730499242357400380e-01 8.151297405938315865e-01
2.812500000000000000e-01 9.026389126079110703e-01 7.814096650792002885e-01 9.353330657095468847e-01 8.133407178579540320e-01 9.446712394625242926e-01 9.448595260592402845e-01 9.271478500648051568e-01 8.751421024206166299e-01 8.188654825372992940e-01 8.343302739929818745e-01 9.336343892377041431e-01 8.872796659243793460e-01 8.490516910795454786e-01 8.597390622340127520e-01 9.352721010346124464e-01 8.161627960312400898e-01 9.115083366151467414e-01 9.454916169657036074e-01 8.996400571048146499e-01 8.869803930402709868e-01
2.968750000000000000e-01 8.709964084240744420e-01 7.607756933427075596e-01 9.100371003431985129e-01 8.061543261799176685e-01 9.371652633287151923e-01 8.732000738899633463e-01 8.401978550051940609e-01 7.858044140731783589e-01 6.465817876514501350e-01 9.247594183502176879e-01 8.119060607888261005e-01 8.114235556412054962e-01 9.228510992976688421e-01 8.841392596398393033e-01 6.759064086842292429e-01 8.159313073634056890e-01 8.355064225344055462e-01 8.362963712497516466e-01 8.993930747716709639e-01 7.752814154808289615e-01
3.125000000000000000e-01 8.725405555080266717e-01 7.304573380333353461e-01 8.126905663815106040e-01 8.131687482367463415e-01 8.912793381521694203e-01 7.417012586747845360e-01 4.573109736650287638e-01 8.032567236528777022e-01 7.715082433517398419e-01 9.066386673178605804e-01 7.268679766021906019e-01 9.579352130497038598e-01 7.127548944243475848e-01 9.171341507100224666e-01 5.390254959220524000e-01 8.774947181882049030e-01 8.287039397180422373e-01 7.916747536596437929e-01 9.026436078509085803e-01 6.330256568903243064e-01
3.281250000000000000e-01 6.727427815338544725e-01 7.881218365725718433e-01 7.303561640001261512e-01 6.967533041090979706e-01 7.659064358979953413e-01 8.920819099773644734e-01 6.434463546318538452e-01 8.052782196246428548e-01 7.443236507170466476e-01 8.807567845630950298e-01 4.043497178004217263e-01 9.051542835214565486e-01 9.100955694897564507e-01 9.111924525684677034e-01 8.439824016816855901e-01 6.225195176764941607e-01 5.962734451500660837e-01 8.030701668972169971e-01 5.129528319783019930e-01 4.813860423518523945e-01
3.437500000000000000e-01 4.649152126114792227e-01 7.637139393530918419e-01 8.586823794036726465e-01 8.039316709649433346e-01 5.532456006329908860e-01 8.930011080955371217e-01 7.780349368333916438e-01 6.100367865928442157e-01 7.573962895919601479e-01 8.201032030982965404e-01 7.113686299559659476e-01 8.607425009670730542e-01 8.523342546061399849e-01 8.889991253999550702e-01 8.137920486126533071e-01 5.458267160407992424e-01 7.204950816075316178e-01 7.403405541988166139e-01 6.686201057608446296e-01 4.631962228145914962e-01
3.593750000000000000e-01 2.734248298111299769e-01 6.494462890840905223e-01 3.349151708884993695e-01 7.482992500645884171e-01 6.110283844036992207e-01 4.048854188677870058e-01 6.118882157085067108e-01 3.857386160279263621e-01 7.037181429918794029e-01 8.412804805098088590e-01 8.230465798381042530e-01 7.513224143392708276e-01 6.994802462494035256e-01 6.455327234020700189e-01 5.860893250345358130e-01 6.682957400921851754e-01 7.754532009309609286e-01 7.969019874235534484e-01 7.800054900509127975e-01 5.136176831568352030e-01
3.750000000000000000e-01 4.348026114266604347e-01 4.942296197617721543e-01 3.777627814940857087e-01 5.135957924640700556e-01 3.247147017435516592e-01 2.724178655676920413e-01 4.961382284003258425e-01 2.835768841452426803e-01 8.393605649010023040e-01 3.653347671933413476e-01 5.952407014960708898e-01 7.335626542096409519e-01 7.050709176968831260e-01 5.468858520123545119e-01 4.051940631913714119e-01 3.907365498807866544e-01 6.486871081471696776e-01 8.359588162681769186e-01 5.086137980169445072e-01 4.383018994624877651e-01
3.906250000000000000e-01 1.163569429714561843e-01 3.960097137694881808e-01 4.252329705012132532e-02 2.494134791911947480e-01 1.650019489842406983e-01 5.537646897607985119e-01 1.219100932677749487e-02 5.961876702514021242e-02 1.265111190710290212e-01 1.732035558468057179e-01 2.800860084708167372e-02 6.855468031240085081e-01 6.183607007773798958e-02 3.234749190383760797e-02 3.145088248723352797e-01 2.944895200428382029e-02 2.615673179616498922e-01 3.563411478596067994e-01 2.201598485246905879e-01 1.549410130253522089e-01
4.062500000000000000e-01 1.468116391822494315e-01 2.641027853844523099e-01 3.020282340356468809e-01 3.036213818359336791e-01 2.155532655310143930e-01 4.959618089850686973e-01 1.029883180222088412e-01 5.304679076307643876e-02 1.100574140699714237e-01 4.343354169691630573e-01 2.804997598116931168e-01 4.851131631323555848e-01 6.289017092586320599e-03 1.018936112952396195e-02 3.552869109458177688e-01 1.828220340516463743e-03 1.798137040743364723e-01 1.023722496626842254e-01 2.098492055080457275e-01 2.281208493703609230e-01
4.218750000000000000e-01 1.498158698585947968e-01 2.820740608560941970e-02 1.776366388599516510e-01 5.685508102749228243e-01 1.325258434045049893e-01 1.307716665769850239e-01 2.436940772472100114e-02 1.055520244480567804e-02 4.437863976578588221e-01 2.281409081412887341e-01 7.191396198230620707e-02 3.536161498617950150e-01 6.570027754729232394e-02 5.187218819240366208e-02 2.996849523588152042e-01 1.181983251168760990e-01 2.949350745637590032e-01 4.288803401031899415e-02 2.951993104873962270e-01 2.849628975565044464e-01
4.375000000000000000e-01 3.986526397420585011e-01 4.522871995187194294e-02 9.949946341788931670e-02 8.914805329199119999e-02 2.922069935182024514e-01 4.289075360314563712e-01 1.291192336796789242e-01 6.970263812798436391e-04 1.039651844174091788e-01 2.145469196349452656e-01 1.616648520865353322e-01 1.145543591384978743e-01 9.749092189834515296e-03 1.616664110775356267e-01 1.183508557080723417e-01 7.973763055397707633e-02 1.832794481817482668e-01 2.172965472864009928e-01 1.474319806548316236e-01 6.329158344419966165e-02
4.531250000000000000e-01 1.087455590057400390e-01 1.325185752140707607e-01 7.844153768895574530e-02 1.862871031143219572e-02 4.356885324377370305e-01 3.600668011912110389e-01 6.217268251350971386e-02 1.464279128430002463e-01 5.652679004857003031e-02 7.962999677133386633e-02 1.235907771491958490e-01 8.644410494787564680e-02 8.150030795676568851e-02 4.831948196424500769e-02 1.172559270781068363e-01 8.547168462417313595e-03 1.391521031783638784e-01 3.348246013763891971e-01 2.874103311137466976e-01 1.098360885354159738e-01
4.687500000000000000e-01 1.786351608596326371e-02 1.702464001269545224e-01 1.130490696518456628e-01 2.147098213448626891e-01 2.564864455222382045e-02 3.257218365368647062e-02 1.837999519902426826e-01 9.066467646676756864e-02 3.237351041395548079e-01 1.010171351954395821e-02 8.557333255875865935e-03 1.211446455946602746e-01 9.444050565688522081e-02 1.506617916030947579e-01 4.665800687332210400e-02 3.653315769345881203e-01 3.098028346270779165e-01 1.583223718965669213e-01 2.443455776984526928e-01 1.977199875078380076e-01
4.843750000000000000e-01 1.026018561217497682e-01 2.009757040108698378e-01 7.639462174703084973e-02 1.352107944141211771e-01 2.717259388454659752e-01 1.156271129959345195e-01 1.224021405013288877e-01 1.949169693097316525e-01 2.768991329903345844e-01 1.729072526904525120e-01 2.868205065761593800e-02 7.155759663332522669e-02 1.659813770467470084e-01 2.276421076453276904e-01 3.611446380234705628e-02 1.207062297398887041e-01 9.478571047843303843e-02 5.756532717032582930e-02 7.465482865196680640e-02 5.382321604565362683e-02
5.000000000000000000e-01 2.507279595265800576e-01 3.410820347293967714e-02 5.099122471820249913e-02 4.116643016397925764e-02 2.123763845218297197e-01 6.299600198898565838e-03 1.757406405633872015e-01 7.692860034609774744e-02 1.162180510164706054e-01 3.186956449668948976e-01 1.360696661928504914e-01 4.067841135960287985e-02 9.856313055300899850e-02 1.443232950947903603e-01 2.642451675827585666e-01 1.455698312688736840e-01 1.587700007220192444e-01 1.922811755270850964e-01 6.717807295166738912e-02 5.354663112713917705e-01
5.156250000000000000e-01 5.323978635839826667e-01 7.509351097893333937e-02 8.810147508013478623e-02 1.258604248978847755e-02 2.813950042013844133e-01 9.957607087735488582e-02 1.271835156691790425e-01 4.662221859087870568e-01 4.425939659073275800e-01 2.021230813958801165e-01 2.827300659662280724e-01 1.683265640760381668e-02 1.994505394461993930e-01 8.468058380715556832e-02 2.461257616500563683e-01 8.305923018909693034e-03 1.420409043615745714e-01 2.257686912783047062e-01 3.197891888177739061e-01 9.287918054113349087e-02
5.312500000000000000e-01 2.930772045344541832e-01 8.389021309727981088e-03 1.714021628490743354e-01 2.487737962036974393e-01 1.804804085508450451e-01 2.161344968639058728e-01 1.269509631863795784e-01 1.799169359412242097e-01 2.490352078970700656e-01 3.462866198975043941e-02 9.714316233606082318e-02 3.055301125705086468e-02 1.664500276756909480e-01 1.126003372728765078e-01 2.374658353670331401e-01 1.057443649592284957e-01 3.185199053958154836e-01 1.159140035242675615e-01 2.215547452608807866e-01 2.554946645601497979e-01
5.468750000000000000e-01 5.125741054341172859e-02 6.830881579321992914e-02 7.849401083358268846e-03 1.808763549373354658e-03 1.760731779750596415e-01 7.500033211086089280e-02 3.887477367163935660e-02 2.743153994850250355e-01 9.731037200905666776e-03 1.721496505519647391e-01 3.537638012935246934e-01 5.097496821973646064e-02 8.458410041892284320e-03 1.763830160384959878e-01 1.002331122216180981e-01 4.776509300245347645e-02 3.929989348999516907e-01 1.840617906551534344e-01 2.494670354221897313e-01 1.597730580295665392e-01
5.625000000000000000e-01 3.605209350347356873e-02 1.533695635257587009e-01 1.036627672586100252e-01 1.329925128503569309e-01 7.138415497204601834e-02 1.925108125651877056e-01 3.904999686074298038e-01 7.983041435462870372e-02 1.109794708259790458e-02 6.966930077673488819e-01 2.285293754953547918e-01 1.992061920570037115e-01 2.136045914375714339e-02 5.787751598522458685e-02 1.778665341145004575e-01 7.955535598761635796e-02 2.267246863137459267e-02 7.901035390153984816e-02 2.237183614973778031e-02 3.862167195953678522e-01
5.781250000000000000e-01 1.339371890379371377e-01 2.001392363847925571e-01 1.627150244968044168e-01 6.372221374815907440e-03 1.505188932277235414e-03 2.231350742164417700e-01 1.636657646919972842e-01 1.905746664183158856e-01 1.969297094177219209e-02 1.067206808104650545e-01 8.978253623454093835e-02 2.391238403132577295e-01 7.068522244475784755e-02 1.277604695118836897e-01 2.860614983457061139e-02 9.336298675348687903e-02 1.633123599794247122e-02 2.443927777256504896e-02 6.223537300257324378e-02 8.668848128341812009e-02
5.937500000000000000e-01 1.186101834374495290e-01 8.957555199304306770e-02 3.307243730744024446e-01 2.682174546806041435e-02 1.380340668096332879e-01 1.316639158185627274e-02 4.800610022279283573e-02 4.706428447462708275e-01 1.677655935457992298e-01 4.406613005609875261e-02 4.399185806596837556e-01 2.205441879481025436e-01 3.950779016049530967e-01 9.356180852264082970e-02 2.875712080124239733e-01 3.850313927111631562e-02 4.436239354939257307e-02 2.568378806898185540e-01 6.015073814411686648e-02 2.576566866103850023e-02
6.093750000000000000e-01 4.261198928815757014e-01 2.891270237593272091e-02 7.830632287761825350e-02 8.368449736502883707e-02 3.051165343287142173e-01 8.167597554545472094e-02 2.681773228106904550e-01 4.848986318944624174e-01 2.115613372242739487e-01 9.612332755890656832e-02 6.370613958220293638e-01 2.735440160902685713e-02 2.604671485442388024e-01 1.562649935643440069e-01 1.068390025368313873e-01 2.975272029724962408e-01 7.511438620478753936e-02 3.690884543752659952e-01 3.297259671538568804e-01 6.333016581731606975e-02
6.250000000000000000e-01 1.699624775386015252e-01 1.040603570005279276e-02 6.790789792929256830e-02 8.950859104253100496e-02 3.165090959558579040e-03 8.057488575880628057e-02 9.071282369961175540e-02 1.176706576965722284e-01 2.336923339982857339e-01 2.643824853941825412e-02 4.205920783015035802e-01 3.547887018878381066e-02 6.817461275728305126e-02 4.316920708863714595e-01 2.972678876615975629e-01 1.890926403256540933e-01 6.649178888633959505e-02 2.236825792414011971e-01 5.545847838223750825e-01 2.247825674188745071e-01
6.406250000000000000e-01 8.201957723228803232e-02 2.275288518812508889e-02 9.814633495433588983e-02 2.588260065918285627e-02 1.552944332609262727e-02 3.017822803687982280e-01 1.225280765315642922e-01 6.328356167597082305e-02 2.778031650363607663e-02 2.943301496519675764e-01 1.582485953123887457e-01 2.779363415276794175e-02 1.016561764958100016e-02 2.321194032556745113e-01 2.753349502261181678e-02 1.023101240207092144e-01 3.273055862717776099e-02 9.211117192919354713e-02 4.211424453384399746e-01 2.666815628825892071e-01
6.562500000000000000e-01 2.343579464650406841e-01 2.558291649451206462e-01 2.329512045095963324e-01 8.146506727135485737e-02 2.140989800851252622e-01 1.840268214116156653e-01 2.460164603176648746e-03 1.694984698259242514e-02 1.378235090648632644e-01 2.090640676653149899e-01 1.989827980616635725e-02 1.107260766193399193e-02 1.392834776023101941e-02 1.334704642731363300e-01 5.936331734787659853e-01 8.707976566650374450e-02 1.884584229512031306e-01 1.399422332978418268e-02 1.305938484165533875e-01 7.846832812367833532e-02
6.718750000000000000e-01 4.125469772233338883e-01 2.366144643317904805e-01 3.171430889808623393e-02 1.132349968346540031e-01 1.499593971715358354e-01 2.095424082953802059e-01 2.413983592536886671e-02 1.680444881037200522e-02 2.521655683081177601e-01 2.824874023033300402e-02 7.798989690358067162e-02 6.971251064776885775e-02 2.285790193402357715e-02 1.008942487695587975e-01 2.123382064977118455e-01 5.138320671379229543e-01 1.392100580704240254e-01 1.819073290208416196e-02 1.668331161078902558e-01 2.432246530880796329e-02
6.875000000000000000e-01 5.119593156641057824e-02 1.508410442798644169e-01 2.267055699965809731e-02 8.334005760548145181e-02 1.120893581905215153e-01 2.902398554409799103e-01 5.854360974771944531e-02 1.618817040226130932e-02 4.719569579613966392e-02 3.828199451843434242e-01 1.963704238533589552e-01 8.219518898643497773e-02 6.974150432419208220e-03 1.885675620325710511e-01 3.025031859468400516e-02 3.427275803795465925e-01 1.408461732474626249e-01 1.431743584530616002e-02 1.551177926553033541e-02 3.021771597027570477e-01
7.031250000000000000e-01 1.323547148748611436e-02 9.564511816635720351e-03 2.299390613812686834e-01 1.991534990658513360e-01 3.712683158811855982e-02 3.346994806606216621e-01 3.713614739573775081e-01 4.769187512603537994e-03 5.462086232712209249e-02 4.250328229418200432e-01 7.415014282535421775e-02 9.964853220335670447e-02 1.703863178811371171e-02 1.149174735317230467e-01 1.279079544556185610e-01 3.108862008917445130e-01 6.860603376349978799e-02 1.826980624064703518e-01 1.900589835959076435e-01 2.190027571266905115e-01
7.187500000000000000e-01 1.790180932298085226e-01 1.187399357796295324e-01 3.518243379365066925e-01 3.734249186770238066e-02 8.689455484771145544e-02 7.082487446185530000e-02 1.045243153979183090e-03 3.010569214020853979e-01 4.182169110561701625e-03 4.928357044159726863e-01 4.817582665950639886e-02 2.458012654643893999e-02 3.669250405017861483e-01 6.670401043584196776e-02 3.351092590135633098e-01 1.144697042309936880e-01 2.488901169265537658e-02 1.257237416131242423e-02 1.944364439030490388e-01 3.397715011791668793e-02
7.343750000000000000e-01 3.090115522068329068e-02 1.298658579599515916e-01 1.127418914312281056e-01 2.465694998938337545e-01 7.959504323412896348e-03 1.965225937457010588e-02 1.524105576255670169e-02 2.294255490416441112e-01 1.627952040184036178e-02 4.296047425325011937e-01 1.121922730335291919e-02 1.994063796572542457e-01 2.392555544162464770e-02 1.822901476473208215e-01 4.547827496270954728e-01 6.911797558834133215e-02 2.900967318942574424e-01 1.732143554811341538e-02 1.139058561240519421e-02 5.804217204168611310e-01
7.500000000000000000e-01 8.877495631618304017e-02 1.098202937275404856e-01 2.778440750947619997e-01 3.336437535744489757e-01 6.928086870236251082e-02 2.709759519992360199e-01 1.681139243629383440e-01 2.245792302324349232e-01 1.028473985690771947e-01 2.712784937808178087e-01 1.204149047652298687e-01 2.868611274810886069e-01 1.280318539490722385e-01 1.087039017867355017e-01 4.258310371999722288e-01 3.064051594389420943e-02 1.593437511153692199e-01 2.353825808503432274e-02 4.710684130578259021e-02 1.196842548043195453e-01
7.656250000000000000e-01 2.217297510587571407e-01 5.369148984847946920e-02 2.613472131379171448e-01 3.177137266734512133e-01 2.002353072324314712e-02 4.746962063566779848e-03 7.637273412779609950e-03 2.168447934757510367e-02 7.026709066218249367e-02 2.004168726033175030e-01 1.242195017169803045e-01 1.250645335877839937e-01 2.116083223714087802e-01 4.794866000055343913e-01 5.209925092849914535e-02 1.002938275935664342e-02 2.432361260085421639e-01 1.746900475255435681e-01 5.238757001875402747e-02 5.474256908817606154e-02
7.812500000000000000e-01 1.017074245719439968e-01 1.187465907611497534e-01 2.479614463563960536e-01 2.107696544478912248e-01 1.305293114235710206e-01 3.072228860082812374e-02 1.148900999277451956e-01 3.378999974537377771e-01 1.516951611051251536e-01 6.613268859247825593e-02 5.247245497689279753e-02 3.987106503799328627e-02 4.420126589343545409e-01 4.683164265993223184e-03 6.431346428198192466e-02 2.801868227999698702e-01 1.585724974994914827e-02 2.776532840317132503e-02 1.438882241770776116e-01 1.181308942463936279e-01
7.968750000000000000e-01 4.341679010758731777e-02 2.248010304983039803e-02 3.684337296562006370e-01 1.688959532275116360e-01 1.992663491687646504e-01 2.822015843991305950e-02 1.978074303581507654e-01 1.356728990032774473e-01 1.576402125088352812e-01 5.082449902929538771e-02 2.761026842644716539e-01 1.311805077698082744e-01 1.641147912263193065e-01 2.562795649174810508e-01 2.777570381411454542e-02 1.682335765880105527e-01 5.060848035095882186e-02 1.268906738034293602e-01 3.615336554008762304e-01 1.829111783285762918e-02
8.125000000000000000e-01 9.507949029896108073e-02 8.247927508370819782e-02 1.540536331473254562e-02 1.881418966945195559e-01 1.693322788588580152e-01 1.224923523150477610e-02 5.351124475822150589e-02 3.509356511595590478e-01 4.210108828700560163e-02 1.792166376051338708e-03 1.052987904877632219e-01 3.554526658596605659e-01 3.245400985982823533e-02 3.242330477915885134e-01 5.036910464836454743e-02 8.187331701606392897e-02 3.942733936732020217e-01 6.624573460365774935e-02 1.021277788132001069e-01 6.012270876534168279e-02
8.281250000000000000e-01 1.922301629791022676e-02 2.130357905900263221e-02 1.721638721421012430e-01 4.191092987039704565e-01 2.018887956939943162e-01 1.857090559277089006e-02 2.295709952069966975e-01 3.607653579619830853e-02 2.325474905023304506e-02 8.466898447318961518e-02 7.414161792899703896e-02 6.393228525687388863e-02 2.730801700728433534e-01 5.527319833677252908e-02 2.245680462978549494e-02 1.955730728035958987e-01 2.077409499397461431e-03 5.623600746004640827e-02 4.733037635179687119e-01 9.948815475353506299e-02
8.437500000000000000e-01 1.754709974821530571e-01 3.282982300645155560e-02 1.320047208395305205e-01 6.186977869303510874e-03 1.014125815592959411e-02 2.042168733562867711e-01 1.464701254374112249e-01 5.927992011963353208e-02 2.811582323931147848e-02 1.013160150867556918e-02 1.541534087317828622e-02 5.540309718756088186e-02 1.966202989692373559e-01 4.570298667481587085e-02 5.561404486885818121e-02 6.370408765095168790e-02 3.185970022860833140e-02 1.017359036497962749e-01 1.845045635808191808e-01 8.119066789919159033e-02
8.593750000000000000e-01 2.105830303720512831e-02 2.314334442971209896e-02 1.643874868825490054e-01 4.747455041785749175e-01 1.692889801654228268e-02 2.612525998440624053e-01 7.818834183673117888e-02 1.493088381014131931e-02 2.680139190697301138e-02 2.080621941912188036e-02 1.794928876612867097e-01 6.286862091804001906e-02 2.009501848881110053e-01 2.709197892618662173e-01 3.800717056409486788e-02 7.197580598808676899e-02 3.725645185565388661e-03 3.689988638370421681e-01 7.929579198219849356e-02 4.154984039854320993e-02
8.750000000000000000e-01 2.948026700105471284e-02 8.409519892612402070e-02 3.041627241894134109e-02 2.821864192410259986e-01 8.660750178523732301e-02 8.452450996472482547e-02 3.885431094682462172e-02 1.008202432081741762e-01 1.615929866908324131e-01 1.695292689757325610e-01 1.212413717066781332e-01 1.477472450745718757e-01 2.398455444935597702e-01 8.368300796281950837e-02 5.387287674701641410e-02 3.987208511361488641e-03 4.614898246290521228e-02 2.052131374880519776e-01 2.148661386590429434e-02 2.867064146841242778e-01
8.906250000000000000e-01 1.984055636278194423e-01 1.284607015311939847e-02 3.487004631239761995e-03 1.573833648028328397e-02 2.909960675451017317e-02 1.597899529431643928e-01 1.383941603325271885e-01 1.270852013586463436e-01 2.973307452056557776e-01 3.484486507036918534e-01 2.067331556616027743e-01 1.091318607382462114e-01 2.477103052500052027e-01 3.343799734637411536e-01 9.743611404432171719e-02 4.103909489062329552e-02 1.711859492569134111e-01 1.293294948303821690e-01 1.849933754713543321e-01 1.083792380903500774e-01
9.062500000000000000e-01 1.418691517030270244e-01 1.148829994448114511e-01 5.645077700324055425e-02 2.866424429552732467e-01 1.079084878745518450e-01 1.113965197088043341e-01 6.603816374735552164e-02 9.287271445898512279e-02 1.223697706152881842e-01 2.254297190008471841e-01 1.570847253341780547e-01 1.468501068385854799e-02 1.294551964138042910e-01 2.817057184982113549e-01 1.327882108078558832e-01 3.556124365108010998e-01 1.961486583865301170e-01 8.039474065932918079e-02 2.424837378883494821e-01 2.663615235440758289e-01
9.218750000000000000e-01 8.479817776628267856e-02 2.613430055406113298e-02 5.198022908922373189e-03 2.320750793122607625e-01 6.729026572035391729e-02 1.144840529660241524e-01 1.421805622725848435e-02 1.083956577452625629e-02 1.814100756884369156e-02 4.757408507153115806e-02 8.624819793658758393e-02 2.406978719511946793e-02 2.754465477979764487e-01 3.025490006709118454e-02 8.262818770336839355e-03 5.491569171961081623e-03 5.161233693832244229e-02 9.023007532725581259e-02 3.926955173240336272e-01 1.159731048186180974e-01
9.375000000000000000e-01 5.026028599967756472e-02 1.416906643171392255e-01 1.265018416279234392e-01 9.488403029554998147e-02 1.519308933825406771e-01 3.312431074066087694e-02 2.825447403896310522e-02 6.486785047068827081e-02 7.496430675942782063e-02 1.161830150332164024e-01 1.864479834184753215e-01 1.357199114375751137e-01 4.936269486449619270e-01 5.206648877056819363e-02 1.968833268845041756e-02 3.101124539548619566e-02 9.189742534990112677e-02 1.222102228552133379e-01 1.365775370609615402e-01 1.013081921309007087e-02
9.531250000000000000e-01 1.766899415930904271e-01 3.020806094099984795e-01 1.841717082784969511e-03 2.687709007876144529e-01 2.275397237095262981e-01 3.993684983502587826e-02 9.145742971117290510e-02 3.689154632009088164e-02 4.705220326349970200e-02 1.126924509445945133e-01 1.016934955928213702e-01 5.417256558401689105e-03 3.913080108696311010e-02 1.040334080904826430e-01 4.167425138026657760e-02 1.199284303918437961e-01 1.766014305392082373e-01 4.690171830317217683e-02 7.681439132721827601e-02 3.129078830548782247e-02
9.687500000000000000e-01 5.471127788421716737e-02 1.893526993565726735e-01 2.353601693919764593e-01 8.666090433237420843e-02 7.225303043125998192e-02 1.396149076963528191e-01 1.172697492599061447e-01 3.516118007210919383e-01 2.457908537452324974e-02 3.980996653961344639e-02 1.220258064046092494e-01 8.267723022205386574e-02 6.346772790662082164e-02 4.574628274529475395e-03 6.920688388883655673e-02 1.251300680918071284e-01 2.878596089666952268e-02 2.668275324596371470e-02 1.408763843046893505e-01 7.871587013310064884e-02
9.843750000000000000e-01 1.284096332784368244e-01 1.943766879725338792e-01 1.573952371467359779e-01 1.190310558783282402e-01 3.714058048574809395e-02 5.256486642321803737e-01 6.232877039694786903e-02 7.483046628922392085e-02 1.468710168437912245e-01 5.978705988430021816e-03 2.608403242290819324e-01 3.946520257572463941e-02 1.190805779486419219e-01 1.007988471106919387e-01 3.984928842289559014e-02 5.263831984018130933e-02 3.599867899706298835e-01 2.693756846244608344e-02 7.859337622918523281e-02 7.510068376056597272e-02
1.000000000000000000e+00 1.257878997056656109e-02 2.855933599145525290e-02 2.335296487935714649e-01 6.489387799589192707e-02 7.853899674279257725e-02 8.239046319684334430e-02 3.151735818032488923e-02 9.828396230303537706e-02 2.191756079278675273e-01 4.673361610514027709e-02 1.148238230157332534e-01 8.740878925180804726e-02 5.491824889062427856e-02 2.867232054766945537e-01 3.025475634236982070e-01 4.959160136140246256e-02 4.103955164843943459e-03 1.770229089825315349e-01 2.256204775109312832e-01 2.446361118272712479e-02
1.015625000000000000e+00 4.198666129442194528e-01 8.949130462469448433e-02 4.040312020893559175e-02 4.747878943188714729e-01 3.070348791538470706e-02 2.189213108253185713e-01 2.676852114505742231e-01 1.065535465281544636e-02 2.949479842216689088e-02 2.570125790212486327e-01 2.556669204876078558e-02 1.477474946071202222e-01 1.907892485377330957e-02 4.694034114457743545e-01 7.454524490600199227e-02 2.527441512552602854e-01 9.511775210063887209e-02 4.395203055033173462e-02 9.522397093755625985e-02 5.421830568421796004e-01
1.031250000000000000e+00 3.820209430282480167e-01 2.298728896745130465e-02 1.377414240049242358e-02 2.864054037409191067e-01 9.455820387149703465e-02 3.591629198602302314e-02 3.481287717420530337e-01 1.526402395560076397e-01 5.372742873556113352e-02 2.539910164442025775e-01 2.264640856753878384e-01 2.725060582302745935e-02 2.631092189723260172e-02 3.205038047835205295e-01 2.726179554085466084e-01 2.044793837997119224e-02 9.973232409967641710e-03 2.445318131226397462e-01 4.583126123113909905e-02 3.470666919193483024e-01
1.046875000000000000e+00 2.644691925265110766e-02 5.190222623648639219e-03 3.045804526671755386e-01 3.784091127403239052e-01 2.170126522836127447e-01 2.221664242684846802e-01 2.402949369101206600e-01 1.377231361122710218e-01 3.574377442938002358e-02 8.384088932073442690e-02 5.047874832775309240e-02 3.410666555028925018e-01 1.386412848695021960e-01 8.442663329787208903e-02 1.937814969345025562e-01 6.077263688363099270e-02 3.089848466678424624e-02 1.504423963364301675e-01 5.221685981378144242e-02 2.509590626620475384e-01
1.062500000000000000e+00 7.379495506595265542e-02 2.136853741627300907e-02 1.007285831437699543e-02 3.916158413786441361e-01 9.602578027722522003e-02 5.358420284928473026e-02 4.974323099662927850e-01 4.778621313562039091e-02 2.661430707132869666e-02 5.377539880070950767e-02 2.779998993576550739e-02 1.650153095073579324e-01 9.179033723788893040e-03 5.508722058403411198e-02 8.412095257496609180e-04 4.696899104574978751e-02 1.388812257460779187e-01 7.349141013568510905e-02 7.819501726043072420e-02 2.275774364208156889e-02
1.078125000000000000e+00 1.677087716343746981e-01 5.428711345975564817e-02 1.212011608116243949e-01 5.974695293188978518e-01 2.345618586876648537e-01 6.803641724878400909e-02 3.378392179337324497e-01 7.832675526960050649e-02 1.024278162273392495e-01 2.170173973181639682e-01 1.187474903974831408e-01 3.349226153450012011e-02 1.520587709286676248e-01 8.769820504829184404e-02 5.866324509618545818e-02 1.689878967917647634e-01 1.939129854867476799e-01 5.585048877910144677e-02 4.536084503260913725e-01 1.111878024299166046e-01
1.093750000000000000e+00 1.471650669761517425e-03 2.049789508486448558e-02 3.436261067978410022e-01 3.634195887200374342e-01 3.694161780887488256e-01 1.247646804542678345e-01 4.100480762836460347e-01 8.596566693489941791e-02 1.620810119772351232e-01 1.437277071776758008e-01 3.588263322053069637e-01 4.413827164139172247e-03 1.920277240319183953e-01 1.582252568378361979e-01 5.095969353726451656e-01 5.134894051581115337e-02 7.444258386738421274e-02 1.482241306014156768e-01 2.908661614378766913e-01 3.605886841346089278e-01
1.109375000000000000e+00 5.580208728712667682e-02 2.466129896657061338e-02 4.370450079551178868e-02 2.335635300089215771e-01 1.531647480105815216e-02 6.342154816669326456e-02 1.693525461212676275e-01 2.174338891189706302e-01 1.461714376681535164e-02 2.955073767577315325e-01 2.050056114025859966e-01 8.669107385062777005e-02 1.770235696515937707e-01 1.296803815017172901e-01 4.900746589275609688e-01 1.528353774259802178e-01 2.126087129330663239e-01 1.770124235901384671e-03 9.171882181350730912e-02 1.646741985452552792e-01
1.125000000000000000e+00 4.811114876458733036e-01 5.220606569537124958e-02 2.366232266307909393e-01 1.547302842082894092e-01 5.137077352929423843e-03 1.782444348509887658e-02 3.056195661201792646e-01 2.654738781597882902e-01 8.963717256368132491e-02 6.484716967899396833e-02 2.173835887351716345e-01 2.753236204012866617e-01 1.695548494915645743e-01 4.222171555310423319e-01 2.006208312696045604e-01 6.794047103717995584e-02 8.411465620987640390e-02 5.018098165499214336e-02 4.828730356004040658e-01 6.380575329330455403e-02
1.140625000000000000e+00 3.890685689690048105e-02 2.473531488548245671e-01 1.474093721284780167e-01 1.526968387106927665e-02 1.381010033433986428e-01 2.163205306161553876e-01 2.196170763610764964e-01 9.133034055125811845e-02 1.737545328154328772e-01 1.291859763884990187e-01 6.845299523376638037e-03 1.302676047955766969e-01 3.155693011383711461e-03 1.741910037122353649e-01 1.242744832980867409e-01 5.164309000093938312e-02 7.897595167098957203e-02 9.779034494634171459e-02 4.116212280409918267e-01 5.889455988858391389e-02
1.156250000000000000e+00 1.116938464005238184e-02 3.030395280121930823e-01 5.100611334719441503e-01 2.773443370987452999e-02 1.892904567371034297e-01 3.058695798206837596e-03 3.379567218279490026e-01 6.162795497535832057e-02 9.156372418439420735e-02 1.183157694282049033e-01 3.280146645332371325e-01 5.951820575621859233e-02 6.031460919769581625e-02 1.581402303075013227e-01 4.453940063063036581e-01 5.267636731416656254e-02 6.288274226092126218e-02 3.280948407169427816e-01 2.351140574299001584e-01 2.450912511108952752e-01
1.171875000000000000e+00 9.513855132083400001e-02 7.522341780709455861e-02 2.051373674936266545e-01 3.929248255212451357e-01 1.333289052541700159e-01 3.733611462088888555e-02 4.040127501075738842e-02 1.237157634802730083e-01 1.206672961809508206e-02 7.393967654897984354e-02 1.028775991591522887e-01 6.225143671419557795e-02 3.184034869330704121e-01 4.094700024762207291e-01 1.214509008493561970e-01 2.032940749115183521e-02 8.382860916266371420e-02 2.198110846256318140e-01 1.466034593862209079e-01 4.084008034574865970e-02
1.187500000000000000e+00 2.316449949410903653e-01 6.440517406296659975e-02 3.821632554610073229e-01 2.234395405016450786e-01 2.638687070715680510e-02 3.197075833610460438e-01 6.570372630161319498e-03 9.493119412948411440e-02 4.604909133062301541e-02 1.504054959234514544e-01 1.970778195121267173e-01 2.702348136698192183e-01 2.107094364908618511e-01 2.111836768999741654e-01 5.445195163237809277e-02 5.172426812197746665e-02 1.051912766424825396e-01 7.124545405342923299e-02 3.419293177053987498e-01 6.740630963268180731e-02
1.203125000000000000e+00 1.778516747496060313e-01 1.214794863751196725e-02 2.406626966809663759e-01 1.212877121452153872e-01 2.451955096152367772e-03 1.079391255920831155e-01 4.429380165650291523e-02 2.014111851628292982e-01 2.755111365054452310e-01 9.468797226016040236e-02 2.055001735416089187e-02 4.002483289502272168e-01 6.063754048061276158e-01 1.446289461146961774e-01 1.784167046590822980e-01 9.215371360007380656e-04 3.766969869580857333e-01 1.214564523380667477e-01 1.921243307455150207e-01 1.558244267570230990e-01
1.218750000000000000e+00 3.116450040210014816e-01 7.102063547298441415e-02 3.148447109182234138e-01 2.749948454721946600e-01 1.596964975939515682e-02 7.707835091220044399e-02 1.869579891205948655e-02 2.769567410823997045e-01 8.164448095328454003e-02 7.322462564488695091e-02 3.515647911554605626e-02 1.879641066350638823e-01 5.105876736641807856e-01 2.275865443323710491e-01 3.482824105245307944e-01 1.115692564559242483e-02 5.384011320951517104e-02 6.984908007472937809e-03 1.694813079685384416e-01 1.977349117689889413e-01
1.234375000000000000e+00 1.399453761340843372e-01 2.165428929865629865e-03 1.587164038404211552e-01 5.432073593717270388e-01 1.345200569264019819e-01 7.797845454112163534e-04 5.270553516043185310e-02 2.584235163329021701e-01 4.527733291979119633e-03 7.086297448385039943e-02 1.676025497912629614e-02 8.125389735327781526e-02 5.840830726671223383e-01 3.930428505190829980e-01 3.759334452966676676e-01 3.024974185316294320e-02 1.273795637590108276e-01 2.834261253472729059e-01 2.157702932588947617e-02 5.190143762463071686e-02
1.250000000000000000e+00 1.346638956161692047e-01 5.953943565724666154e-02 3.025637795045190148e-01 1.520613260875039729e-01 1.028882179891416337e-01 1.133022986630537188e-01 6.063716473701028647e-02 6.194589260040372913e-02 9.956355193162904141e-03 7.894240528840366922e-02 3.515433816839035053e-02 1.210343475579153394e-01 1.666115158551786379e-01 1.732792605561541133e-01 1.884117470100666325e-01 2.372093425006325251e-01 7.431180730912201327e-02 1.048586105428702536e-01 4.394245566682425386e-02 5.358153993816469618e-02
1.265625000000000000e+00 2.773058711393457942e-01 5.935954836777324528e-04 8.368084689891305827e-02 1.942171007252706250e-01 1.398853862734002473e-01 7.869473005795936393e-02 8.700686319500387789e-02 1.150194049732742585e-01 1.423666918002202894e-02 4.193081660889667189e-02 3.580333617426514209e-02 4.940703424184259701e-02 1.927404908067158196e-02 1.859262020317962449e-01 1.795415049126791729e-01 2.002448231171648496e-01 7.373691943639265611e-02 9.390734816129196749e-02 2.352631972936360116e-01 7.616602094638467990e-02
1.281250000000000000e+00 1.686881427490243557e-01 1.242776272436291463e-01 8.978090556977553691e-03 4.904294913363645148e-02 7.175787527161328616e-02 1.424175496179233003e-01 8.372887381218145630e-02 1.079929727713057758e-01 5.464188440406476666e-01 3.349054693712841257e-01 4.512187160986658868e-02 3.896292825762778800e-01 7.225639257511132230e-02 1.912883103594784084e-01 3.682898014116339769e-01 1.309109733291052291e-01 3.014482210856165301e-01 7.146925778709507793e-02 1.951678712844014951e-01 2.822742886528967210e-02
1.296875000000000000e+00 2.310136195571286244e-01 1.421291666455110903e-01 7.772387244080855573e-02 8.249666495786185660e-02 2.038124668709590318e-02 2.352802200046663628e-01 7.111443221801989900e-02 1.815485795132439637e-03 3.817179312361543980e-02 3.538633800533920459e-02 8.090989893262705290e-02 2.354102040095276960e-01 5.454555669390720452e-02 6.876600150697988190e-02 2.648753699767369962e-01 1.785553182391880558e-02 1.292991175992097286e-01 3.268127776406636875e-01 1.578417514118696241e-01 2.633788463998015805e-01
1.312500000000000000e+00 4.355903860886578549e-03 2.738502248325372368e-01 1.901232413312428648e-02 5.630249785579522631e-02 1.196087446399036608e-01 2.399841574096257119e-02 1.049523644165642061e-01 2.463569699809224287e-02 4.237078320962220368e-02 1.056599324382109378e-01 5.671095525049688751e-02 1.412289615886414829e-01 5.708592011499432489e-02 3.584494482196296516e-01 2.598103654324801504e-01 4.669798964875260805e-01 2.399218585593195785e-01 5.886712330339677335e-01 1.229078816408495506e-01 1.724757977034002687e-01
1.328125000000000000e+00 1.133954004052119546e-01 1.764583072402217678e-01 4.188801771602952001e-02 1.312803810695755691e-01 1.219786938304033702e-01 5.423183397572514663e-02 3.040742883264082042e-01 4.868143493590385007e-02 1.852942282938432536e-02 1.064206777075149372e-02 5.153132798805567377e-02 2.872390783054582508e-01 5.267778642113373627e-02 5.591405433126793723e-01 2.338326886522756054e-01 1.750322040185970929e-01 5.368506605716482083e-01 4.184006312997023969e-01 5.600264092843411090e-01 2.139755634429931982e-02
1.343750000000000000e+00 1.642788953127366780e-01 4.336427862931090810e-02 2.263945246765587671e-01 1.567658757908181877e-01 1.714251684140555287e-01 1.241311863758666617e-01 2.122853790415343833e-01 3.248065903900332341e-02 1.041782884760823411e-02 2.231251146621915371e-02 5.811634266224408041e-01 2.551090231553124199e-01 4.606443742543082573e-03 1.720952651369956343e-01 8.992570146561992828e-02 1.555263528005692841e-01 5.008186814608456272e-01 2.960714206836259632e-02 2.944464711539920287e-01 1.946772303601951304e-01
1.359375000000000000e+00 2.163762153852368253e-01 2.268424448118097278e-02 1.224621660722167160e-01 2.440571430814170162e-01 6.779211594295268817e-02 1.343540041401364571e-01 3.027198344365307769e-01 1.365987363036207380e-01 6.075652674944023723e-02 8.322403737616132502e-02 5.064804876971372716e-01 2.881605156470485873e-01 5.467491097439663300e-02 7.880160960810220216e-03 1.175083141040324797e-01 6.315272729010984465e-02 8.096971669215476120e-03 3.031083547717445814e-01 1.178561024497305765e-01 4.728571257830961883e-01
1.375000000000000000e+00 9.532450444600620854e-02 8.924786892588827680e-02 1.973872908376000379e-01 3.700790316348004372e-02 1.190194102600615339e-01 2.309040861194612826e-01 2.453248566668628505e-01 1.732100004061914722e-01 3.078005020360647381e-01 7.750619488511233113e-02 2.079380829398568553e-01 8.258145955637036240e-02 5.794313635325470946e-02 1.353143527803961632e-01 6.854194996426479607e-03 6.307843377436464505e-02 1.185002331976623031e-02 3.738050519946526928e-01 1.061660098910120406e-02 6.797217188571152979e-02
1.390625000000000000e+00 3.876712613246708489e-02 1.002151348285666016e-02 6.862754430199546896e-02 5.514831373488097294e-02 9.760649162128612333e-02 1.684931531210993316e-01 6.939568227556769386e-02 2.917659863907384743e-01 2.418897023889615694e-01 1.898596181169014963e-01 1.388085462500065759e-01 5.007911044471381745e-02 1.085674443231373770e-01 4.746583447853752191e-01 5.525456010457075080e-03 1.330699890826486098e-01 2.937577479317385887e-01 4.119252462126304359e-01 1.909383376487899520e-01 2.708135317703068146e-01
1.406250000000000000e+00 7.245330320664554458e-02 4.706592715770831908e-02 4.025583002356757784e-02 4.965727370178409789e-02 6.763615304745970724e-02 7.502117415481608306e-03 1.166150825271759783e-01 4.004735769805614631e-02 1.191310296334656682e-01 3.874106165227809151e-01 3.201514734542588170e-01 2.207542729149175043e-01 2.854607090095422905e-01 9.914025784830024501e-02 1.842674952572039351e-02 3.766091254469308702e-02 3.131229052525532630e-01 2.103790276548968274e-01 2.560349527670212066e-01 1.149080729289303493e-02
1.421875000000000000e+00 8.608172157778415379e-02 1.562537528238136797e-01 3.355113854966425557e-01 1.818591403111527449e-01 5.410668929952039408e-02 9.177584881249491178e-02 2.282018159461052242e-01 4.012553671103620545e-02 3.256976165919951427e-01 6.145832706127676293e-01 2.503313143169392796e-01 9.543313490858906789e-02 7.900759908143889509e-02 1.268530820151798078e-01 7.266277361291750836e-02 4.480588073112881653e-02 3.736447492929587111e-01 2.298366709594463764e-01 4.276600634531219081e-01 1.076892068048534122e-02
1.437500000000000000e+00 4.035774126848847287e-01 1.029574401528484257e-01 4.366930172462560322e-01 5.028829007344425284e-01 4.299776228840136022e-02 5.473964704454609143e-02 8.425058966761356238e-02 5.905567220217056851e-02 9.241903350935980893e-03 2.585187964181671072e-01 1.088490369795994395e-01 1.832322427383633323e-01 4.893916506699472896e-02 5.938931215697292043e-02 2.261527849426379216e-02 2.555028467771579964e-02 1.766514091814165854e-01 3.253049815482924600e-01 2.918978346851004990e-01 3.664503940570110890e-02
1.453125000000000000e+00 6.527591924233951126e-02 3.296321334398389508e-02 3.539063055580510819e-01 1.726085627990760207e-01 2.276888831292362553e-02 3.119353634686184915e-02 1.659862536473296624e-01 3.651562227307816183e-02 4.243722079939885733e-02 2.843516085899211454e-01 1.187030228085006189e-01 3.152575331568149841e-01 1.577244941136456136e-01 6.290454917516585809e-02 1.314062253195336614e-02 3.738533003299236018e-02 1.682431761079429544e-01 3.069674873584812835e-01 3.561398044320964740e-01 2.507889519310241289e-01
1.468750000000000000e+00 1.150025765820873319e-01 2.981726056478977913e-02 1.474024907046158628e-01 3.051986542574304240e-01 5.638887050559798948e-03 9.674204300799553458e-02 8.685123282510133491e-02 6.719716606124805092e-02 5.037038460779490190e-02 3.149386854339548958e-02 2.434809968665640756e-01 1.645741105542824212e-01 1.687602313464257597e-01 2.209197600774149839e-01 8.190051586516418347e-02 2.990352039728368799e-02 2.931358516146346377e-02 2.215776688926919535e-01 2.299383601415155021e-01 2.766501121688473286e-01
1.484375000000000000e+00 8.832987662104584137e-02 1.220353913678197399e-02 5.715492729329606919e-02 2.150984887788605637e-01 1.200488279892052979e-01 6.768237156337263138e-02 2.309865293936110842e-01 6.051140623080052405e-01 2.012055250112267102e-01 6.936114289548026002e-02 1.469716651951605280e-01 1.566006896625897205e-01 1.877601264511383761e-01 4.392423794236968715e-01 2.265653789899797210e-01 9.064829606965355002e-02 1.780311312612471372e-02 1.025107511791984727e-01 2.336266554694966802e-01 3.114978284224417249e-01
1.500000000000000000e+00 1.048223470382639855e-01 3.494541451923684483e-01 1.176219029296754204e-01 2.702600330364529069e-01 1.252609123093740597e-02 3.946073890069073942e-01 1.730496105214804348e-01 1.654632280515912490e-01 6.492859783912946492e-02 1.709438067793817573e-01 9.982646325777380300e-03 2.778003328203733358e-02 1.818378819989044659e-01 2.703004696070500645e-01 1.340058293842704140e-01 3.714502871151459384e-02 1.280255867449785478e-01 6.366858415231033130e-02 9.585116749465920349e-02 3.294970900384687762e-01
1.515625000000000000e+00 4.475558028709572533e-02 1.062452657477324647e-01 6.624389202815932076e-02 1.487874272771641136e-03 1.319753329836037374e-02 1.914543945648462253e-01 1.307357001053709167e-01 4.073995263770084641e-02 7.045753664474369016e-02 9.678249443055388090e-02 2.654810861599865568e-02 1.052029719984800410e-01 9.236360375016051949e-02 4.850900446143978362e-02 8.671320047230977879e-02 6.204077552509951882e-02 9.849888857038063827e-02 6.573443403243711680e-02 1.778342971366959121e-03 2.403500452959752565e-01
1.531250000000000000e+00 1.110559316029244431e-01 2.249442252053097946e-02 5.580980171429721776e-02 2.283479217390783633e-01 4.191629238266500468e-02 1.381369144691814710e-01 6.033841893862435662e-02 1.448237091945408506e-01 4.287112163621397548e-02 1.454678795583560225e-01 9.833886066644802540e-03 2.414629972979125683e-01 1.757658843570033824e-01 1.617375936368654066e-01 1.261137227906900526e-01 3.541825148482068142e-02 1.468736329058838719e-01 6.418204616697127662e-02 1.017868367144679070e-01 6.576203697551351313e-02
1.546875000000000000e+00 1.128428843796518664e-03 9.232367344811916871e-03 7.206773930695362096e-02 4.488670474908978414e-01 5.332370600609741551e-01 2.031483145839574345e-02 1.047010202063271972e-01 6.061427245094567345e-02 2.088163038596309307e-02 2.406181497313613082e-01 1.085025294866472229e-01 1.118517006038010630e-01 5.034126428559874272e-02 2.648764120441547409e-01 1.846802813722174808e-01 2.702432455445726717e-02 2.706862100762650325e-01 1.814923403456940865e-01 1.904372028165459418e-01 5.467715522721575128e-02
1.562500000000000000e+00 2.597363776598892240e-02 3.501120950215416139e-01 3.559046238358515857e-01 4.863468121256132037e-01 1.453956122504285464e-01 3.799471496122883707e-01 1.036634243864335281e-01 7.240609504880256286e-02 3.542723103702698564e-03 1.445681862514927307e-01 2.862930038316165993e-01 1.422363429066729745e-01 1.772716946488797352e-01 1.521032227993483754e-01 3.991298088826786272e-01 1.150066998192832562e-01 2.405451559811292161e-01 1.444320282930405819e-01 2.657454190727824850e-01 1.792632741981632291e-02
1.578125000000000000e+00 2.982411774188060694e-01 2.204253687665097827e-01 5.901879658753068636e-01 1.594653539317860413e-01 1.308188235091945102e-02 1.372284077061094315e-02 8.395114626921711121e-02 6.022981665010096464e-02 3.687077995115179557e-02 1.797153401208541681e-02 1.462326178754779493e-01 2.475018941739275113e-02 1.743778896988099902e-01 5.899542155285042444e-02 1.313163147610795778e-01 3.506025317061088886e-01 2.188635773393791950e-01 3.674978971534802186e-02 1.745449869567629042e-01 3.109100968066453446e-02
1.593750000000000000e+00 3.794304168080885331e-01 4.184466922585961673e-02 2.348293628276617306e-01 1.013627879670110990e-02 3.386785467049777815e-02 4.171093526970587884e-01 1.505083390635648943e-02 5.143211032705768612e-04 1.911639081331184889e-02 2.825869895849990598e-01 4.209325021781176734e-01 3.903744756816572570e-02 1.664172533853616742e-01 1.791548966468802656e-02 9.749362915188452064e-03 2.150873177178351248e-01 8.801965909100270546e-02 2.704122500856928069e-01 4.046289609559312606e-01 2.265141191718369473e-01
1.609375000000000000e+00 3.398937420663060427e-02 1.661084272066693304e-02 4.165882782845263532e-02 3.711528994134256215e-02 2.277011255530400277e-02 1.733019264736355147e-01 1.058731196083356335e-01 8.196997861791439910e-02 2.351635470736436473e-02 4.628574982849432140e-01 4.093826695083118694e-01 3.735583577744793771e-01 1.200479715427075628e-01 1.166588442968326950e-01 1.444107191595483675e-01 1.794152047294888530e-01 9.307286138121957653e-02 8.089387180064538940e-02 3.547520311926974923e-01 7.496887924909699519e-02
1.625000000000000000e+00 2.373761285137290095e-02 2.574946763298172764e-02 1.465176579837216553e-01 3.453242757166682247e-02 1.935630148274742335e-01 7.806559243805766268e-02 1.339506027472941486e-02 5.469703456081335263e-03 4.145685589003665628e-02 3.994880208789082787e-01 6.263722933093011924e-02 9.714351740020865655e-02 3.191798924341463645e-03 1.706483821298609149e-01 8.736857779784150402e-02 3.454985473506831939e-01 2.529023933124332005e-02 5.264932213702377267e-02 1.547315951759673791e-01 2.548174050293594561e-01
1.640625000000000000e+00 4.239200788941510645e-02 8.832275187693933854e-03 1.764752594386214193e-02 9.065671787321291641e-02 2.559244049377643604e-01 2.859334356302195568e-02 1.393811474062119637e-01 3.198784350069628912e-01 4.855160742618427200e-02 1.577754613605474865e-01 9.251327749581080007e-02 9.903066120299165720e-02 4.796356425395828516e-01 3.769135005735591015e-01 1.124958171688272140e-01 2.517752509934535476e-01 6.243694034037511331e-01 8.197421800286626425e-02 1.164156292039715546e-01 4.829839428520716904e-01
1.656250000000000000e+00 6.661933121169680283e-02 7.213313400216447846e-02 1.929115600864174940e-01 3.316323485329670251e-01 2.242000740095277111e-01 5.759475855994530269e-01 1.518882690684298098e-01 4.410501396354853387e-01 2.802691799196436739e-01 2.038752163823880775e-02 3.443934628959926525e-01 2.332597251314743603e-01 3.725640643859270268e-02 1.087708298536640555e-01 1.029931263562738619e-01 1.966162346085561369e-02 1.744539265269600403e-01 8.767070465583264027e-02 9.647585521204227188e-02 2.226484006420769574e-02
1.671875000000000000e+00 9.619302088909899295e-02 1.648176931775424958e-01 1.176664122388186989e-01 1.296361401630131693e-01 6.045130163461582065e-03 1.656504611760839796e-01 9.797306991418941458e-02 1.517581297890943925e-01 2.970104727232800723e-01 9.969558268215557295e-03 8.811910584905061072e-02 2.347357467689526259e-02 3.991248339826567598e-02 2.374792634464687260e-02 1.356625938790463094e-02 2.405285860839594808e-02 3.684342245525412118e-01 4.294581326320161541e-01 3.169949559690301427e-02 1.203541504212119334e-01
1.687500000000000000e+00 4.619934940340083597e-03 1.852303376469559282e-01 2.390632699783289822e-02 1.383651557395519927e-01 4.083589371585456818e-02 1.563294911805338805e-01 1.169514020446824482e-01 1.394000866924028498e-03 9.069865858366125966e-02 1.948562160165552837e-01 8.539783748620724535e-02 1.807404775084187065e-01 1.340589378081977756e-01 2.573119906624507514e-01 3.173285591340210821e-02 6.342661793563274253e-02 5.973463961734552796e-02 1.024263671372241391e-01 3.449934678587585068e-01 2.847533338016698945e-01
1.703125000000000000e+00 3.094097713770965763e-01 1.050262182871949945e-02 6.865810569390076723e-02 1.645331458568014271e-01 6.743076745489312573e-02 9.304442681462823939e-02 2.342273082628142655e-01 2.035603654144894567e-02 9.022527838235980258e-02 1.674499472727134786e-01 2.947306288106346737e-03 1.740646760733783049e-01 1.239149337124175465e-01 3.739769446240355233e-01 1.814930733375162142e-01 1.455635129070625804e-02 8.422823622964772938e-04 2.503470548786544403e-01 4.143567052970458797e-01 4.746165148893494168e-01
1.718750000000000000e+00 1.784255401124678064e-01 1.081262927779790134e-01 2.214474698384513440e-01 1.513358266304874744e-01 9.447608861014039280e-03 4.628018700669236374e-01 1.434939521605975710e-01 3.186267424250853464e-02 7.335827158731164643e-02 2.995259063882153572e-01 2.857086257216602254e-01 1.835039126658706554e-01 7.058120741461293424e-02 1.472474536376733867e-01 4.035235497135344213e-02 1.078557846892573974e-01 7.428627944286801676e-02 3.845558289401829200e-01 2.193372898408380567e-01 3.775360864359289526e-01
1.734375000000000000e+00 2.237373419461625157e-01 8.900907489122808491e-02 2.989184459931470417e-01 1.141173658659804663e-01 4.181026364278118967e-02 2.450878529977135734e-01 2.018296450744075377e-01 3.302681485204738698e-01 6.325067980479751051e-02 2.649057418594348290e-01 1.469796043963697008e-01 8.737350692604337055e-02 4.152104632194533046e-02 4.568468707058492839e-02 8.629326225868819839e-03 4.955681778247004315e-02 3.897534407750918861e-02 1.876289376040229107e-01 1.646833610537735970e-01 6.483119235612637421e-02
1.750000000000000000e+00 1.806607918996273598e-01 1.617715400310608953e-01 2.057187984345017207e-01 4.430244439892803282e-02 3.158624016428419612e-01 3.044341460491245197e-02 1.371806258228288299e-02 1.107959985401819059e-01 3.701054366194106438e-02 1.247031398152508713e-01 1.851680857525620644e-02 2.348741211951625163e-01 1.008461608019642087e-04 1.095208226627638615e-01 1.134377292993881126e-01 1.119596011018850479e-01 2.551046160628235929e-02 5.503382519133315220e-02 4.230689302856432965e-02 4.491204317403987845e-02
1.765625000000000000e+00 1.624222409832195291e-01 8.381535991323597889e-02 1.929913662477551195e-01 3.310008775405822168e-01 7.961217506035836097e-03 1.032254305967160446e-02 6.811722009687612434e-02 1.973477212790594390e-02 2.158650434997123196e-02 1.751965964136655701e-02 2.075260957863688249e-01 3.434646826533027664e-01 2.972832129992297734e-02 1.774239087061312004e-01 2.450646468505642689e-02 1.904170432341269481e-01 5.604414758273107422e-02 1.578553165427964422e-01 9.509922125443005803e-02 1.661385893772010514e-01
1.781250000000000000e+00 3.888071954000198865e-02 9.437766838384143570e-03 2.846431766930948570e-01 1.500627848137076337e-01 5.483493890111707653e-02 1.742456998382220512e-01 2.930064439544394911e-02 2.075975298368726851e-01 1.416603774368810631e-01 8.746093922661213327e-02 5.601057923153508755e-02 1.069747254525097446e-01 1.106757572783562682e-01 1.711654842856957237e-01 1.263785234758565967e-01 3.878473481421501612e-01 7.716971401973572037e-03 1.848038866692398863e-01 1.621136492543310270e-01 4.340832920629956182e-01
1.796875000000000000e+00 1.326842933104603606e-01 5.551564118918252827e-02 2.000003436031086157e-01 1.023695129457060093e-01 2.052983413460882783e-02 1.513570668342613668e-01 2.232176880593251533e-01 1.240433622034964739e-01 8.319583838047155122e-02 1.138310179127562383e-01 1.116551020280737022e-01 3.925430937976593371e-01 9.782703559686230232e-02 3.922604208653074909e-01 2.192065405740758477e-01 1.808915767955876774e-01 2.648172303990855778e-02 4.005606531834230571e-02 4.190084208212900840e-01 1.763420607039792865e-01
1.812500000000000000e+00 5.552375718792784687e-02 5.106115206554595609e-02 5.543315225725133771e-02 7.502459813956295631e-02 3.769036724096221785e-02 4.346096558284680972e-02 2.648100351652843062e-02 6.294302841933743231e-01 1.437390473044185095e-02 4.715537696524992883e-01 7.105361390994270610e-02 5.031025010240411932e-01 1.479154077320954108e-01 4.185324152360782313e-02 3.533193911220004479e-01 2.085049209689665006e-01 8.937031590499744382e-03 8.427252606433018045e-02 2.064065202881845418e-01 8.373018814315924888e-03
1.828125000000000000e+00 3.780056053416175343e-02 2.388807155414677807e-01 2.414178247600036187e-01 7.406553579810658261e-02 1.329847983581444737e-01 2.575473091949537219e-01 8.825671138135365856e-02 2.694452107730363477e-01 1.223668704162437088e-01 3.216474259147210635e-01 1.610633972361344424e-01 3.137913628704808722e-01 9.342109332787831844e-02 1.839832949573999010e-01 2.819968726628536704e-01 8.334703058987535940e-02 3.769691839246001874e-02 5.191264606034410312e-01 6.177240450019972490e-02 4.452722734392462745e-02
1.843750000000000000e+00 6.249069605499574243e-02 3.880933434499421724e-03 5.368730170869391305e-01 4.190251216628421704e-01 2.545998995663601439e-01 9.357921399616847546e-02 2.417790303018825873e-02 2.587870831159077567e-01 1.701651992488165399e-01 3.158164193324915492e-01 9.918703850981372416e-02 4.413641275161051536e-01 1.034300617627131463e-01 1.103199759962560089e-01 6.763191356298832446e-02 7.144500017008374726e-02 1.976654503065735369e-01 2.580217548877680386e-02 7.580288200805171406e-02 2.646137648713553503e-01
1.859375000000000000e+00 8.942703875572256388e-04 7.052592272248310590e-02 1.319139635922544629e-01 4.029985506457300914e-01 1.616457452502322867e-01 9.751849793501216057e-02 7.941316775300679906e-03 3.292521421716331637e-02 5.322094831591482611e-02 1.093656123936000146e-01 8.482497638617992122e-03 4.137077193437853628e-01 2.069210228247096439e-01 3.544069036629118874e-01 2.682080225774145510e-01 1.258288309165314298e-02 9.427544455081622934e-03 4.531355610958775690e-03 1.290934202657888774e-01 8.753483997711699119e-03
1.875000000000000000e+00 4.863872431798846319e-02 1.094019654301762318e-02 2.233624502336576112e-01 3.347067105840116352e-01 9.810752329451589981e-03 2.202883755661204923e-01 2.878629182194588493e-02 8.465789367884335448e-03 2.596476764857668425e-03 1.063689009622287435e-01 3.549211277420104976e-02 3.443740766122476704e-01 3.494836151531870855e-02 3.992863914147329885e-01 3.001256588959498317e-01 1.656060283413872403e-01 6.831694957754660957e-02 5.263970894755699154e-02 1.903998640101395579e-01 3.281617673677536540e-01
1.890625000000000000e+00 7.300885542419131846e-02 2.252043570488793112e-01 3.286751036744932075e-01 1.377388469223884138e-01 6.710793329434926180e-02 2.049865471783205162e-01 6.009488369193152074e-02 4.033131969979744658e-02 2.427073479151289209e-02 2.028121575031689716e-01 4.234205864095562377e-02 6.368566721976397227e-02 4.959306854772373152e-02 3.731767160252346532e-02 1.297069469824096433e-01 3.240941160644523755e-01 2.881575527506836654e-01 6.719142727849293506e-02 2.711093861848338227e-01 3.173075372962134988e-02
1.906250000000000000e+00 7.058906230576855734e-02 3.413096101271848037e-01 1.644960060358734710e-01 2.146829596595793699e-01 9.878590083580984782e-02 1.150297417115465765e-01 8.206515211396689380e-03 5.862018520817174894e-02 4.641643332165728934e-03 2.413714320266939772e-01 9.381070281444348069e-02 1.490233385719046426e-03 9.448851751178597921e-03 1.689908417785414285e-01 6.418133553035305916e-02 4.830866712981692762e-02 2.458473181086564263e-01 3.573661373911383166e-01 2.965013722669678775e-01 4.966964584184423159e-02
1.921875000000000000e+00 1.356921502374929256e-01 9.192101852704517850e-02 1.125170701831073872e-01 7.450745762178919741e-03 7.125642816647131950e-02 2.253435422436896474e-03 7.639760297955384971e-02 4.707254414024970579e-01 7.623147311563654993e-02 2.784827573496733710e-01 1.879412510665476321e-01 6.325288498061072684e-02 9.903235883614462665e-02 1.523666874214939793e-01 1.535970509713226462e-01 2.763011058720882818e-01 3.008251045201598139e-01 2.433971372588198123e-01 3.820246054743815095e-02 7.372012393055432005e-04
1.937500000000000000e+00 1.755855805675380632e-01 8.352618515108120589e-02 2.088992811239540892e-01 1.853941713690827886e-01 4.994645499623329710e-01 2.242226592301415494e-02 3.543902691426086687e-02 3.688477234283808470e-01 2.165981535163157834e-01 1.287476987063005118e-01 3.577471335086821469e-01 1.158386429641373727e-01 5.460427855619533893e-02 2.550993887014634809e-01 2.553803221217738062e-01 4.512539674146036628e-01 2.253127024325486394e-01 1.051709946698181908e-01 1.360375117418660684e-01 1.109502488983427626e-01
1.953125000000000000e+00 3.285133206324581390e-01 6.282569444411226570e-03 1.377172696791698903e-01 3.449466117589276154e-02 1.780118621812378787e-01 1.084750545057981130e-01 1.928701587832006570e-01 1.224778617570433242e-01 1.744903794641906314e-01 3.788190986565068835e-02 1.676011769488842673e-01 1.109084873797987619e-01 1.055126982207940829e-02 4.017036367384977380e-01 6.110505326868719000e-02 5.263107165594002601e-02 4.756717962875821326e-02 2.418724237686692979e-01 3.276936560883636496e-01 3.724125922225763885e-01
1.968750000000000000e+00 4.980861798281237957e-02 2.498104345208787547e-02 7.204718003412387273e-02 1.382678180652047173e-01 1.482715651061793927e-01 2.102242921918007212e-02 1.159134839073629603e-01 3.025786426153569408e-01 2.930185379685495972e-02 7.426483699633341928e-02 4.827559666414953793e-02 1.671866253348762432e-01 3.545990582380675327e-01 2.489537839892065271e-02 9.414775923245689848e-02 4.600070375509632964e-02 3.641059236466700350e-02 1.806114622794178365e-02 3.258185207698340718e-02 1.873590502427877058e-01
1.984375000000000000e+00 1.716102519248971503e-01 5.127842933290359395e-02 9.810973659652062751e-02 1.147752204616726557e-01 2.857064667514323461e-02 6.388054845035763540e-02 4.727592589169667819e-02 4.782496449550770190e-02 1.399182991660395670e-01 1.358154225939707249e-01 2.078699828533522032e-01 3.543470299295895520e-01 2.229466096128784602e-01 5.437398175022004621e-01 2.706494899934664203e-02 2.101291359603432163e-01 8.691675569383944255e-02 6.572552773581268049e-02 2.183595318917654071e-02 3.461244407491895214e-01
2.000000000000000000e+00 4.647227920162609605e-03 1.808576340002967520e-01 3.347675339488218743e-02 2.468775159055776880e-01 1.449318224518686693e-01 5.440689083381617941e-01 3.234883202968096699e-02 8.483945525606383098e-02 2.873208150138412686e-01 6.589522144307193583e-04 2.399589337641920561e-01 5.096276368061493367e-02 1.129837070997710968e-01 6.036394244256679809e-01 1.237728024712846618e-02 1.716865942392310496e-01 1.027878072835290285e-01 2.796961375057603616e-03 8.988490975197344773e-03 1.343762467513918701e-01
