0.000000000000000000e+00 2.650863392148982561e-02 1.440282499680747008e-01 3.049088395493527170e-01 4.205586754763359649e-04 3.376666350582203935e-02 6.475673442018469173e-01 1.679829659743202822e-02 1.100878212467967937e-01 6.961165326680807119e-01 7.533467732437675035e-02 1.401601054724442019e-01 7.529303019379950113e-02 8.303659402153588942e-02 3.829644187954721057e-01 5.231517550006663242e-02 2.019844317935766964e-01 2.108159592080329492e-01 1.315196929327849817e-02 2.026235571233858668e-01 7.529432134303177815e-01
1.562500000000000000e-02 4.796940839319325384e-02 3.555632722518330124e-02 2.072043558384619177e-01 6.658405882933983444e-02 2.292943639557658564e-01 4.070359319192792813e-01 4.494312087010208234e-01 1.222598458597980858e-01 1.823138481633809205e-01 7.055425001156603870e-02 3.482040646219209390e-01 1.749863872538443277e-01 1.252140190469254732e-01 3.092997722668688887e-01 1.359582097502942677e-01 5.115139620418520522e-02 1.844012955373176554e-01 1.058624398428076145e-02 5.605577947505925585e-02 1.644683672177013334e-01
3.125000000000000000e-02 1.476764870339097313e-01 3.897603377471119124e-02 1.418511609952547992e-01 1.085227941521234862e-01 5.048930111040466073e-01 2.850500820410974412e-01 1.183337328146432527e-01 1.116199225840713155e-01 4.592571649216142804e-01 6.912043308400650510e-02 1.412410262797239302e-01 4.246727960804390634e-01 3.102784362657781125e-01 8.694440705996842045e-02 3.332897733044788702e-02 7.451595164895179419e-04 1.421898222196518995e-03 2.390416885197705135e-02 3.787061543104624506e-01 8.423835056435050039e-02
4.687500000000000000e-02 1.119264643987068486e-01 4.881324675750144393e-01 3.860843613578068823e-02 3.524647891693046264e-01 1.511318568929372330e-01 2.871404585820072075e-01 3.793244361711645696e-01 1.357321180368780966e-01 1.943378902368338434e-01 1.140665306594947775e-01 4.620931920952126015e-01 2.463824710868827428e-01 5.789688657198960309e-02 9.350971924438795935e-02 4.807721717015640828e-02 3.051358235589131038e-02 2.511659207835529317e-01 2.430769161463617045e-01 8.132041466248993156e-02 6.152597655641117713e-02
6.250000000000000000e-02 2.163629142108182413e-01 1.374134335745980928e-01 2.923589227593556550e-02 2.701952233157249861e-01 1.063721589575690740e-01 5.245333452280862008e-02 1.790652496075062772e-01 1.406980527583997775e-01 1.788225135884176920e-01 2.007736875109655539e-01 6.608163112794865346e-02 9.906082055228609962e-02 3.983919875274388386e-03 7.181488338658338633e-02 4.408647759792772708e-02 3.780289763891236943e-02 1.461695434572137797e-01 3.705983180176096181e-01 1.500048381512735507e-01 2.494604494317061993e-01
7.812500000000000000e-02 2.230983884984877041e-01 4.162411166942768803e-01 1.393240096837599085e-01 1.953815450252747443e-01 2.555753883413553473e-01 6.685641022841452841e-02 4.304113866071649364e-01 4.634496157961845997e-01 1.616028683622529327e-01 4.099293320627714343e-01 4.928807422536908289e-01 3.443170299261151535e-02 1.795033982021081165e-01 7.650567611154853766e-03 7.993127662874538464e-02 3.226157300667124583e-01 1.463154866445501301e-01 2.653998046185809465e-02 2.531724398528744646e-01 2.803442215279243199e-01
9.375000000000000000e-02 5.059288892806053095e-01 2.433226403319281583e-01 8.436968259994481745e-02 3.180040695420029984e-01 2.015853420081747949e-02 3.465463184570848898e-01 3.437726163672230606e-01 2.804073705376390335e-01 1.082412216524129694e-01 3.576680243064535997e-02 4.141273007310992266e-02 8.888914743616213587e-02 6.010303389806223584e-03 1.311014052474726022e-01 3.075323878417868251e-02 3.419779550655170919e-01 4.493442208541448962e-02 1.399497780393646473e-01 9.926237366302138876e-02 3.669406713693529332e-02
1.093750000000000000e-01 2.298954289634795589e-01 6.501606557207798565e-01 7.237278528022979274e-03 1.228783386482719744e-02 2.636354577309913405e-01 3.895188930604647770e-01 7.688213063701268557e-02 3.552450689375137582e-02 8.200522983258834442e-02 1.557950324371366324e-01 1.598943638337962103e-01 1.803315895710403960e-01 4.157843124263830292e-01 3.116183113501795332e-01 1.052026533186950774e-01 1.296483467000308643e-01 3.245766486134857992e-02 8.706769911567691089e-02 7.921405531062861508e-03 3.212677177764981518e-01
1.250000000000000000e-01 4.167486087243623682e-01 5.316035540429436823e-01 1.091341089128686909e-01 4.497430916678042401e-01 3.514391981993952169e-02 2.386579792181475479e-01 4.810782719524122619e-01 3.472628031571258767e-01 4.894440990439376249e-02 3.197038261266575421e-01 3.374616961925367420e-01 5.215718293015364840e-04 3.175238240591052308e-01 1.369011114757285319e-01 7.907908625834458860e-02 2.488062786880925262e-02 4.532614212583866223e-03 1.485562759594851179e-01 1.009394436525043320e-01 3.633753888341871296e-01
1.406250000000000000e-01 6.359265702638419171e-01 4.458113904127645188e-01 7.021677026520267706e-02 5.845430320066307139e-01 2.593142828351344686e-01 7.478534050422862289e-03 3.080635173040660590e-01 4.023448180438135569e-01 1.253190731170185090e-01 9.041697169135054502e-02 5.479140697096475110e-01 6.512553261816507455e-02 2.306746616335836053e-01 1.027579912606857576e-01 3.482904016292277527e-01 2.955197378208950232e-01 1.375163683731134567e-01 3.551914300073399366e-01 1.563205162690768646e-01 3.611718107689586010e-01
1.562500000000000000e-01 4.448750069740122215e-01 2.490147511689730642e-01 8.128341542500433503e-02 5.735487668264918071e-01 1.189259368368637132e-01 1.887925836537474866e-01 7.810115452002801273e-02 3.816128735359565205e-01 1.742522413829276362e-01 1.107283392730534430e-02 4.038377715467379447e-01 5.632348416064240915e-02 1.797678289244983296e-01 2.846548659842021087e-02 2.413868308225668724e-01 5.482798482631633386e-01 3.082650365273442716e-01 3.177638105347222464e-01 8.214492790777742914e-02 6.951400123378658202e-01
1.718750000000000000e-01 3.665851026329250972e-01 2.058413553400397222e-01 1.172902414565866192e-01 3.149116688771501638e-01 2.834337477218622503e-01 1.955018000836020453e-01 1.711155421570962065e-01 5.523942636120469096e-01 3.950269308876639407e-01 1.492722790539745270e-01 5.203622342656593069e-01 4.263442939423448680e-02 1.559295767990070136e-01 2.234122793858496769e-01 3.413664313740791822e-01 6.814100405953572581e-01 3.778194596538012040e-01 2.013786594338872749e-01 2.772117014125590750e-01 6.317241188802816820e-01
1.875000000000000000e-01 7.972693911118530208e-01 4.520053164898179543e-01 3.854596859149057031e-01 5.657168938136025726e-01 5.653013596572044053e-01 1.710307349545329980e-01 3.593603617018724106e-01 5.330103162553168072e-01 3.326722258272560295e-01 5.139595476397732510e-01 2.315556780678364734e-01 4.727611323075449623e-01 2.400076396197886874e-01 2.303317397421985047e-01 2.660817798455522021e-01 5.561142649000314631e-01 4.210341199709116133e-01 3.655187448083172530e-01 4.890990733110207600e-01 7.016591905619052882e-01
2.031250000000000000e-01 6.319828328589517374e-01 5.028269975374678458e-01 3.287862198472272235e-01 8.910444168433288015e-01 8.121669007118736960e-01 3.565560240685570204e-01 1.871458559501393004e-01 7.512616595446808265e-01 4.058779005299248954e-01 3.404731705648775253e-01 4.074665547542031252e-01 3.146632087961993007e-01 6.889301821677985549e-01 6.373211180473483672e-01 5.545656599590638169e-01 3.520884626777880388e-01 5.797307418902191145e-01 4.887166567502320147e-01 4.567514661457061087e-01 4.550729593857137933e-01
2.187500000000000000e-01 3.616436162691675782e-01 3.239994334910505369e-01 5.639608780288594136e-01 6.827259507912110115e-01 7.103666829016761497e-01 6.475950731447769337e-01 4.492601903035693400e-01 6.411840346589555706e-01 4.731223405565741502e-01 4.512342806931600725e-01 5.082067866166625203e-01 6.364883749516198064e-01 6.865658337299552771e-01 7.221111871622492018e-01 7.602152082542151801e-01 5.924119816485705625e-01 3.215056464675951076e-01 2.097569213151552203e-01 7.716795804548456372e-01 6.723409767182909613e-01
2.343750000000000000e-01 3.370031728289892836e-01 4.934398377835677585e-01 6.587565916067703586e-01 2.171490062842584279e-01 3.026694601437633914e-01 2.017229304214066821e-01 5.746818881562795189e-01 8.969164993428295485e-02 4.122604565511687191e-01 5.435344911800565892e-01 1.673064940877658502e-01 2.514418452613980115e-01 7.385905893053514859e-01 1.110346840667713192e-01 2.930247466536629597e-01 4.873245316671859229e-01 4.733012888805188667e-01 8.651209841215666552e-02 6.536957773503400126e-01 1.298387193614254365e-01
2.500000000000000000e-01 5.393041641145193132e-01 5.014985509389839891e-01 6.612018141891593537e-01 5.976631042245251768e-01 2.730233920752228594e-01 1.776545300324719745e-01 5.827644211221076898e-01 7.712368485156063935e-02 5.661716432311829639e-01 7.023643085796309471e-01 4.476834380039775296e-01 1.771364754565036559e-01 8.483142264668197541e-01 2.220703209576129766e-01 3.812173876305752218e-01 4.960763228247343504e-01 5.438618149993647011e-01 2.235224475159779955e-01 6.349659336864719172e-01 2.220642539946726113e-01
2.656250000000000000e-01 6.633523527623408356e-01 4.560711440806212713e-01 3.904548052755312804e-01 6.476414132481645991e-01 6.420213730160149179e-01 5.019738291733637503e-01 6.775931655608935511e-01 6.411617287133252185e-01 8.167274493656190293e-01 6.559914133620118326e-01 7.126709287490582412e-01 6.911389690689772047e-01 7.162795268512553992e-01 4.850958459255721444e-01 6.798687590164020911e-01 5.352804290458440528e-01 4.902806968588089842e-01 4.422916338709993456e-01 5.097231205172844115e-01 5.807650163953540501e-01
2.812500000000000000e-01 3.737234299800709647e-01 4.886638834450733881e-01 3.318452273291532251e-01 6.207898120185353363e-01 4.927629913519323002e-01 6.780247336435125671e-01 6.212017770971357544e-01 5.780931626815980495e-01 7.848334349407811716e-01 7.731806463415400454e-01 2.757936918659650849e-01 7.113587888835772866e-01 3.051590697043742306e-01 4.782112941789071203e-01 6.431381402699907213e-01 2.069009102032205727e-01 5.576607677061100610e-01 5.677534251782857533e-01 1.562575541766801357e-01 6.342574402458299732e-01
2.968750000000000000e-01 4.136843928118991154e-02 6.462264613090196175e-02 4.540256468572094195e-01 7.705682016498369702e-01 3.779225357768477567e-01 7.288038735193772544e-01 2.755371217152456365e-01 5.820383039132991376e-01 6.172212837419437381e-01 7.556493134185939820e-01 1.189654947909886407e-01 7.679987382716273459e-01 2.483053149416821759e-01 1.557965438117732970e-01 3.150567484889215120e-01 1.054320724923782232e-01 7.581508126884276555e-01 4.508534187449747543e-01 1.810687036586295928e-01 5.467838172483938664e-01
3.125000000000000000e-01 7.035818688910025487e-02 3.037648562624709614e-01 2.574065541921777833e-01 4.142012104638424508e-01 5.920035739498140659e-01 7.516659364759582518e-01 6.527457086471248893e-01 6.429378822264004700e-01 4.939858195722757750e-01 6.772850808708881232e-01 2.253220325617570907e-01 5.403192731159528472e-01 2.850775449745161505e-01 4.996651334930100608e-01 5.637848937893067403e-01 2.157849995342857596e-01 5.898866263064451720e-01 3.550550270897169236e-01 5.967103986949560124e-01 6.671961489779152377e-01
3.281250000000000000e-01 4.054201320897259375e-01 2.445036534914296622e-01 6.291728372615319476e-01 3.056975610814582356e-01 8.111055944152821828e-01 6.081442812011350618e-01 3.792929073579697219e-01 6.892974287858993909e-01 1.879951515378837923e-01 5.132301330146850082e-01 4.566962487030446494e-01 6.101339849577870345e-01 5.006077237276964631e-01 5.383867989337818294e-01 4.098956154566211763e-01 4.234136259162260552e-01 3.786237827043567039e-01 2.913778561229248276e-01 3.716158605911200619e-01 7.215671237613798805e-01
3.437500000000000000e-01 5.392946582334734451e-01 1.268127852051011660e-02 6.130926470066069278e-01 1.294540752536066097e-01 3.223944113188574878e-01 3.600438065350091699e-01 3.363809665803531579e-01 6.399967188122219763e-01 8.274764211241693035e-01 1.174464779859258623e-01 4.864066431643085386e-01 6.176535029243648278e-01 6.032044099296387518e-01 2.932794764008120891e-01 9.712840101478531496e-02 4.383155311129403042e-01 3.619775409798588472e-01 2.229396314824652059e-01 2.233564889894333327e-01 3.335427637046907701e-01
3.593750000000000000e-01 6.801716120574360369e-01 6.082691088282937003e-02 5.416504777905145618e-01 4.620827728889117525e-01 1.143037708994433382e-01 1.304077220815483273e-01 5.697632859588861454e-01 5.212159128016700116e-01 5.864102354122768812e-01 4.080125008206854087e-01 2.901155557666228457e-01 1.642598558094955363e-01 1.602068435534663160e-01 4.722341454501558511e-01 1.414511893838615586e-01 3.817778160716886471e-01 3.033704308724756715e-01 3.645722315242345690e-01 3.065444111621890566e-01 1.642659020315039853e-01
3.750000000000000000e-01 2.626278273607502989e-01 2.803972515977044000e-01 1.506080683319710456e-01 2.449693982209724397e-01 1.426273387275899529e-01 1.466514585257848169e-01 4.759715213814215140e-01 4.946085877686127730e-01 1.911971832934134252e-01 6.690086446339617021e-01 1.681595920359914842e-01 6.817469840782027779e-01 2.090436076391263553e-01 1.127081160623684131e-01 1.453253338385775834e-02 1.144580689132236179e-01 2.306173830150912707e-01 2.690396801644024394e-01 4.441771797045135917e-01 4.621612258446787247e-01
3.906250000000000000e-01 1.036341215822211281e-01 8.527913683197560490e-02 2.900529976430062454e-02 2.697518433548661831e-01 7.153337529344759582e-02 3.981092024735087553e-02 6.004104679537929368e-01 3.517575856421371883e-02 8.145319330387440493e-02 7.704894202014564430e-02 2.957385244692315451e-01 2.260291385258952346e-01 1.156869451828054091e-01 6.636661671552743225e-02 1.744631169808562310e-01 6.006678853792218886e-02 1.635845920396211406e-01 1.231882687403937637e-01 1.540116296266950680e-01 3.724041571832598096e-02
4.062500000000000000e-01 4.306818374497053264e-02 8.854210272033465057e-02 4.370128079094396517e-02 4.365183714818944849e-01 2.801126962200314874e-01 2.485172641597612753e-01 6.388064689890875503e-01 4.501716544258311387e-02 1.293982492377039328e-01 1.253209081946690673e-01 6.191910680852986681e-01 2.200486750581302220e-01 1.983783178495347188e-01 5.282428158700709642e-02 7.689312468367100195e-02 2.351974578238063551e-01 5.330409846855148626e-01 3.897810039327723186e-03 1.682544336336114221e-01 3.825558335381310515e-01
4.218750000000000000e-01 6.830150518848494834e-02 1.562919645139149716e-01 2.718335555380972934e-01 2.373535826269474736e-01 1.126413762308233965e-02 2.636078031559680457e-01 1.972670730348103085e-01 1.639009275743978644e-01 8.259299408567230549e-02 3.065325104778988119e-01 1.929259554817800981e-01 1.228462635154244781e-02 2.629170281990005353e-01 1.048814088328946514e-01 1.550384864894256698e-01 1.332232439073652019e-01 2.337106138019506563e-01 8.493087838746884999e-02 4.466023566426868818e-01 1.517128655481871091e-01
4.375000000000000000e-01 8.915414652678711402e-03 1.132119141136063156e-01 9.528561695443081569e-02 1.360020628123874142e-01 7.839820790235456360e-02 1.965362060496428365e-01 3.189701903883020162e-02 3.040967851364921939e-02 2.441526906971231564e-02 4.265057305633477847e-01 2.146147222001783261e-02 5.207267106313104819e-03 1.554042820011907189e-01 2.806114315195668563e-01 7.666044901780165455e-02 6.394486913575099518e-02 4.849621044053631369e-02 1.127874438297295778e-01 2.670737251465065132e-01 3.619300265540263961e-01
4.531250000000000000e-01 2.958796008768201742e-04 5.081552047088401525e-02 1.934638035376444187e-01 2.315732472239447060e-01 6.536012979291078162e-02 1.980021398318040082e-01 1.190414719950929484e-01 6.808426839191879243e-02 4.860792294868437891e-02 1.662919789185462738e-01 4.062484052420715225e-02 1.065922983243432071e-01 2.229753779117249757e-01 2.839217807382056757e-01 5.712476331522770706e-02 8.492136717507374477e-02 1.831533687265838317e-01 1.094397273916979940e-01 1.055511200963829832e-01 1.913887862064024004e-01
4.687500000000000000e-01 1.841616762232550081e-02 1.191497385206183035e-01 2.996971442692943355e-01 4.877316729342660862e-02 3.080106563849637769e-01 8.767599792886388022e-02 8.428713373588962721e-02 5.063298120902857274e-02 5.733609273125451350e-02 1.146059759186697502e-01 5.767478943032046390e-02 4.744488288105123269e-02 4.016901598940055829e-01 2.550213091193970771e-01 2.138009860530407924e-01 3.553304241399740659e-03 2.182053522481517405e-01 6.758478020994998503e-02 8.071808057782189905e-02 6.694839582679801282e-02
4.843750000000000000e-01 3.192101371017808109e-02 3.420037080628761661e-01 3.459168548689527389e-01 1.867461473794405635e-01 2.060453293841324474e-01 1.915531499940673066e-01 3.519154759291021756e-02 2.331251293378913403e-01 1.243386778811691046e-01 2.803884934591852618e-01 2.307786166035177486e-02 2.067147479227035567e-01 3.015153599444710952e-01 2.035841304564976195e-01 2.470183909636197161e-01 2.151022053779114429e-01 2.804614753344478184e-01 2.719254911248921228e-02 2.699670243569789532e-02 9.643466967753422381e-02
5.000000000000000000e-01 4.016586075291523478e-02 6.639717566932074044e-02 1.213734417075335997e-01 3.253311491938590955e-02 3.377695280020956425e-01 8.401439882461671227e-02 1.639532453246143329e-01 1.914785958143726263e-02 2.356513086996993023e-01 5.484719232179358084e-01 3.099349746732946859e-02 1.700020119732480739e-01 1.098104161482930663e-01 1.228248368968287707e-01 4.492712095486135759e-02 1.389360609974311100e-01 1.574467868587788380e-02 1.809720990849458160e-03 3.296470337073736934e-02 4.161529193949102812e-01
5.156250000000000000e-01 1.572230173645370807e-02 2.084220087885483436e-02 2.091310438493846069e-01 1.845145054993527489e-01 3.522693193016655094e-02 3.709130184271510755e-01 8.228002101178320815e-02 1.599488668396462920e-01 2.302925008825299491e-01 2.516214791976497112e-01 2.018660388006245088e-02 7.082859025820270778e-03 1.888173002691696245e-01 1.110498433927249590e-01 1.473653433501825004e-02 9.634051998975544373e-02 3.306362560825201746e-01 1.413609756991822952e-01 2.353103849653972179e-01 2.205579592250400400e-01
5.312500000000000000e-01 2.653078176898468477e-02 9.118220810823100819e-02 5.763187446266864605e-02 8.328369841143837271e-02 1.483899821161207833e-01 6.616045280996007147e-04 3.327874032968030082e-01 3.153744305901904910e-01 6.106740804370543174e-02 3.834501322684960578e-02 2.426872688733619221e-01 1.971998727941113860e-01 1.674193098845574157e-01 3.835404674617017701e-02 6.955267338676195121e-02 4.309102430048064591e-02 6.492333438390678058e-02 4.181852106590171481e-01 1.229614457816811668e-01 5.034303950455319698e-02
5.468750000000000000e-01 2.015917660109546941e-02 8.489902813816600780e-02 5.910247566435630068e-02 5.820038311507692158e-02 2.232503391177369234e-01 7.170107031658246033e-02 1.103549607748449263e-01 1.258309329981678604e-02 1.765707844767955281e-01 3.891548002887255248e-02 4.282806876482560532e-01 1.203037328766101699e-01 4.686854129755698220e-03 4.206004088633966131e-01 7.064500338955786995e-02 4.091838052231247524e-02 4.836926502109510639e-02 1.790254409835634608e-01 8.046450535935867343e-02 3.759204395099866730e-02
5.625000000000000000e-01 1.404862017636532567e-01 4.741747074022791830e-01 2.005687760076228440e-02 1.376146251397081244e-02 2.337794723108823636e-01 3.364962841109316732e-02 1.367605326293995227e-01 8.631194917768951480e-02 5.518686419323001191e-01 1.354677793469641171e-02 5.850013331512043946e-01 2.076341695002218227e-02 2.752756740709128708e-02 4.641835457404009935e-01 1.109274041853946097e-01 6.221698860417336496e-02 5.793136946402838161e-02 4.865617549352539428e-01 4.141209843659659495e-01 3.492346351278061145e-01
5.781250000000000000e-01 2.118127148069019472e-01 4.523424453206701390e-01 1.314476035044393441e-02 5.673275397555603561e-02 1.634277723573841073e-02 2.403601680764120285e-01 5.788148580226176732e-01 8.465145948287457547e-03 1.948574825963400037e-01 1.468212903157097293e-01 9.077978039777172270e-02 6.231098011392735003e-01 3.043037561748062128e-02 2.025918877504654936e-01 2.298568057171658519e-02 4.096194100734197943e-03 2.196780101502218141e-01 9.915376510900664273e-04 1.744131513627375785e-01 4.494582925702865495e-02
5.937500000000000000e-01 2.949914506313494056e-01 3.229527677298453248e-01 6.175443887999505083e-02 4.562692157864091658e-01 5.372857225816661531e-02 4.012378906470468465e-01 8.179478416264689827e-03 1.084343916367451824e-02 2.885765922949830586e-01 1.018533093566224845e-02 1.262533438081154258e-01 6.769627960789293963e-01 1.356921940513254876e-01 2.409576464319242439e-01 1.168390174991445624e-01 2.638281299745507402e-01 2.266194159074162162e-01 5.355973492415241344e-01 8.672111817290613367e-02 3.941535320142278837e-02
6.093750000000000000e-01 6.080990748223054354e-02 3.700836641173356478e-03 6.871305209344040488e-02 6.955716200557272855e-02 1.553095770808305687e-01 4.048166063701957307e-01 2.675179134731487385e-01 3.616686542604288096e-02 1.115819479184632229e-01 1.952143709608938071e-01 3.370253383727483953e-02 5.069490676643282345e-01 1.353161566940274951e-01 2.904533766093272407e-01 7.552048662986902972e-02 5.185904791223809873e-01 2.314783832919324047e-01 2.553142925058518586e-01 1.077781163635612533e-03 1.083345176886048658e-02
6.250000000000000000e-01 4.512171475265071806e-03 1.827597545247313660e-01 7.173074434963305768e-02 4.488487001012873151e-02 2.032387124401188183e-01 1.951482184853487734e-01 2.703612952698823957e-01 2.009074957554992102e-01 1.826369871784139787e-01 4.507691298809034935e-02 5.024563759303137672e-02 3.268917075913649883e-01 1.563746245702932539e-02 2.361297425696003704e-01 2.045670073371753939e-02 1.250154564946878155e-01 2.899975948010656834e-01 1.063412006766214363e-01 3.154073072155068047e-01 1.554134421844137193e-01
6.406250000000000000e-01 4.945892286555698784e-03 4.955343374913888099e-01 2.215762113203469941e-01 1.427034470174428082e-01 1.667905885510681807e-01 1.295909694909415377e-01 4.859039457709720677e-01 8.918455855564104418e-02 2.078432236598384830e-01 4.068617161862241316e-01 1.423669991767949339e-01 3.630136280996660442e-02 5.128802924982363287e-02 7.612001721608697979e-02 8.519913150642875743e-02 1.580207082026963417e-01 4.974852534317975028e-01 1.849700200883895307e-01 3.520257652243992119e-01 1.935145906616691225e-01
6.562500000000000000e-01 4.980111544170281318e-02 2.552607235249583217e-01 1.681517829595962077e-01 1.430270037566186148e-01 7.985706032939442200e-02 1.168874966792502468e-01 1.851594934126648551e-01 2.771868381732538536e-02 9.516018726390561289e-02 6.173767852054176664e-02 2.789059026122350793e-01 5.020034160156264941e-02 9.731492284355833244e-02 2.394440040268743519e-01 1.315395149539218822e-01 2.978989269678354312e-01 3.530461670616346637e-01 7.749599145579867676e-02 3.888091708854797823e-01 5.256040293485274573e-01
6.718750000000000000e-01 1.263993706486500057e-01 3.102005040768485156e-01 6.820403194964468063e-02 5.950237565497858844e-02 5.535378145749856454e-02 3.194642410377613873e-01 5.670667199662550451e-02 1.511696417072445064e-01 3.836029360569246371e-01 1.024378356367838111e-02 2.406560279689786211e-02 1.614499019675021130e-01 1.401785169580722357e-01 2.807181411853257313e-01 1.837044621508782394e-01 1.657811937645458922e-01 1.977207026012985439e-02 1.227967600767846390e-01 1.957809870436256761e-01 2.607605980224846354e-01
6.875000000000000000e-01 1.216161144952707801e-01 3.254498829341674893e-01 2.186705875548808700e-02 1.370172702204323634e-01 1.469984749081463919e-02 2.582892260673541052e-01 2.660065625187063576e-01 5.188084284409697489e-01 3.360731502517564362e-01 3.932739842796376117e-02 3.757770851084772934e-01 1.327806421028388251e-01 1.227785012466989234e-02 1.216378905975741831e-01 1.091327890077361650e-03 1.285239252174551761e-01 2.214917252511803825e-01 3.510660078557566871e-02 2.832090124851390223e-01 2.809448353890011130e-01
7.031250000000000000e-01 3.546970174061067627e-02 5.374849191491753997e-02 1.640968044903205053e-02 4.877862231626680506e-02 2.807619684193427348e-02 1.540434852080951045e-01 1.177995752862459750e-01 1.659669685614658385e-01 1.712151847277285921e-01 1.939650665762682191e-02 7.407239024596815047e-02 3.466880297361337598e-02 3.674894473662140837e-01 5.481497689652428673e-02 6.090452051884939072e-02 3.028178430968254120e-01 5.466895083217572504e-02 3.022772876718825275e-02 1.486668578425946186e-01 2.945091206954892904e-01
7.187500000000000000e-01 2.667108618666712283e-02 1.244534632093202559e-01 8.266218161705948808e-02 3.715494962408032870e-02 2.265877832896120436e-01 1.994640978483103524e-02 1.141331869082062300e-01 7.780150105967642560e-02 5.832919628666167755e-01 1.439485209847990721e-01 1.196143785522949532e-01 1.623354599381150037e-02 3.590248076102876551e-01 4.881868621834515448e-03 1.026370146609869305e-01 2.366781485840757995e-02 1.376471517797588084e-01 2.402216367920709250e-01 1.674586847707567050e-01 8.337245656235510449e-02
7.343750000000000000e-01 1.616300431206723620e-01 1.414269188865598381e-01 3.162033287919614466e-01 1.552114566626004166e-01 5.791040673568859445e-03 4.084088918755549025e-01 1.038685560428733862e-01 9.683030604897267801e-02 2.600612206112061786e-01 6.595074901067538020e-02 1.716950001933386372e-01 1.196304692317890217e-01 1.733336493137092316e-01 3.117029091832308751e-02 2.034073878806054100e-02 1.039582485111012131e-02 1.216415330071614481e-01 1.951684288393137345e-01 2.367498807461740351e-01 1.120392832238228248e-01
7.500000000000000000e-01 2.489596334006840064e-02 1.486379826786532743e-01 1.181845708944275104e-02 4.514658393930154334e-02 6.117492537294004495e-02 1.818941427510768760e-01 2.437859440954406043e-01 2.646203273901118758e-01 4.279568650536129115e-01 1.548177903386722121e-01 3.118277261697369740e-01 3.627751793870847008e-01 9.652386508436860968e-02 1.253411058816487067e-01 5.685705537444760843e-02 1.517156840934299478e-01 1.846426397576435069e-03 1.393120068221729291e-01 2.748583172325362936e-03 1.456923337516695394e-01
7.656250000000000000e-01 6.159962209471542272e-02 5.370965365169493022e-02 1.262761959680117341e-01 1.511385594026693271e-02 1.411561957041110038e-01 2.661744895948897627e-01 8.923672939417223726e-02 1.236444667262968054e-02 1.360613508501746505e-01 1.349563149760641401e-01 1.419018017351794114e-01 5.823715267118049349e-02 3.078125537268659381e-02 4.649165989014342887e-02 6.748410727786067348e-03 2.902036258880185196e-02 1.494903670183118649e-01 1.756859830545954015e-01 4.513975302820848884e-02 1.009119467182284929e-01
7.812500000000000000e-01 2.942446374880108850e-01 1.073408847315695525e-01 1.909554067276963973e-01 1.199880540668858513e-02 3.135386244731820193e-04 2.253743365558850131e-01 5.540223199297472992e-03 7.105403669688838131e-02 2.275457433946188601e-01 4.150790485652283701e-02 2.011456783150400163e-01 1.775661828190234770e-01 5.975439863078385594e-02 1.103100125373736029e-01 2.936848182098100724e-01 5.082233372762888501e-03 3.677844470426013257e-01 2.275955950632355465e-02 8.476888219868294883e-02 3.045643753507680240e-01
7.968750000000000000e-01 8.132181902277639540e-02 2.980621599171442634e-03 1.522968192754489414e-01 1.882438160974459762e-01 6.010128425169933286e-02 9.615737376572593142e-02 3.911018092495393422e-02 5.533356318506955918e-02 1.099333960427293921e-01 1.346181163718407070e-01 2.290672456584407629e-02 2.547502233050538134e-01 5.194257508781843086e-02 9.271596708006793475e-02 4.965538583133946582e-02 1.665276635053558885e-01 2.586108641777249122e-03 2.130763561605736045e-01 4.428029803054674973e-01 1.751026587943847468e-01
8.125000000000000000e-01 9.888384684513122636e-02 5.283646271089306734e-02 2.528298372109745729e-01 1.000311163897795730e-01 2.895072936786964313e-01 6.851360495968477141e-03 1.064062763047387977e-01 3.994635278113538301e-02 9.423404394435818884e-03 3.474598649335096101e-01 1.160844412332307507e-01 1.129491626464880771e-01 1.176873750958219722e-01 2.068654798999123579e-01 1.523995066351527261e-01 9.129784424316506053e-02 5.785778770616142180e-02 2.596664554383427137e-01 4.218314022331802748e-01 1.829903497360997056e-01
8.281250000000000000e-01 5.099663680471945293e-01 2.486613092940057057e-01 2.241046852747856644e-01 1.382846637554662750e-01 1.362617121064906289e-01 2.799155019816365608e-01 1.008222716588565507e-02 3.892220938513313300e-01 7.666804241635390149e-02 5.214674164121250177e-01 2.141731929453771222e-01 1.573772789266237870e-01 4.273772356759046598e-02 5.333144007660445274e-01 1.541822333570709580e-01 2.377919618385614664e-01 1.702458090394191881e-01 4.993156067506752116e-01 3.196369663490303270e-01 4.653941929843260356e-02
8.437500000000000000e-01 1.315608457754689764e-01 1.187759194292707307e-02 1.546638546669403258e-01 3.866385528715960973e-01 2.137716886249598214e-01 2.004769508875818840e-01 4.984998945728261188e-02 2.653586018978498773e-01 1.832472372221185392e-02 1.567887541828275888e-01 1.051867234774482157e-01 8.544444587823536719e-02 1.658710763701071872e-02 1.932593038625933790e-01 2.736568000613004981e-01 1.045408785615292296e-01 2.011973932938531662e-01 1.983083750622854358e-01 4.325255367927079431e-01 2.654071538206482228e-01
8.593750000000000000e-01 6.928772110855001276e-02 9.531362506022898751e-02 2.392133910114075113e-01 3.292419327723488109e-01 1.750200342004610277e-01 2.361480838187985654e-01 1.052722469652195569e-01 2.051892588212069490e-01 7.022679212189510134e-02 3.810555882888988499e-02 1.127374955245469129e-01 4.394649071730324374e-01 5.074046971722596944e-03 1.304686713069913295e-01 6.923743543356727925e-02 1.661929878061076116e-02 1.431138528636324847e-01 3.698849266107971656e-02 8.617170308356889019e-02 9.671484237967406528e-02
8.750000000000000000e-01 2.684313556723521565e-01 5.833047245586027441e-02 3.003325139105864072e-01 8.884606877272663294e-02 9.282874902207202683e-02 5.322546280363665838e-02 9.907440173009364470e-02 1.213338130497160633e-01 4.210604359578277722e-01 2.624769046445614706e-01 6.837829337070634728e-02 2.550907232843973027e-01 1.039834455639401939e-01 1.823111530519049284e-01 5.348991311983908314e-02 1.261733182886007054e-01 3.509969379527683175e-02 4.712892755564068725e-01 2.058057777674107691e-01 6.406964508767101774e-02
8.906250000000000000e-01 4.921066945659460790e-01 3.074832924223028230e-01 4.846830032984308922e-01 3.168784094013153418e-01 6.820022610595091739e-02 3.099084421609211715e-01 2.132104381743508414e-01 2.781561813898366098e-01 9.902226085543217038e-02 3.454066522443326875e-02 9.729085912006388281e-02 2.925788728046377005e-02 2.660097867772622249e-01 2.077769240398293638e-01 5.211506467462971581e-02 2.890034768183957770e-01 3.306047708907092764e-01 4.522482892478472682e-01 7.301938778607826308e-02 6.453226201424668018e-02
9.062500000000000000e-01 1.427784193490510833e-01 3.278964440758600496e-01 1.302590909896524374e-01 3.045422879788539650e-01 1.112384827145938421e-01 4.893591444972613114e-01 9.220325171219588556e-02 2.755662341124777148e-01 5.395590274317395990e-02 3.010805252256671949e-01 2.947140337506559682e-01 2.059006188821065342e-01 1.728546274392244592e-02 2.512898870135900631e-01 1.339920860267550641e-03 5.659545297750997322e-02 2.400779196694854678e-01 8.424108987889698807e-02 4.161545200171051784e-01 1.587621135871994382e-01
9.218750000000000000e-01 2.846135765052996702e-01 3.361482586373839565e-01 1.521614277254436653e-01 3.096840816756240011e-01 7.757781271433843162e-02 2.458058779581046571e-01 8.944244791989619525e-02 5.252113448439196808e-02 6.005791871781673147e-02 3.686286663534816405e-02 2.251129733553952905e-01 2.043374364877035831e-01 6.587225403861581702e-03 9.783917201418688980e-02 4.181576904352780899e-02 2.247525472378902045e-01 8.956576202429857025e-02 2.020526309470366266e-01 1.470145075784546895e-01 3.246662828424197733e-01
9.375000000000000000e-01 1.294155381483226737e-02 1.422897842690695469e-01 1.650853508357230937e-01 3.711901138063113809e-02 1.099153759766301197e-02 2.285361982412908444e-01 2.005801719255414783e-01 1.567855408384579135e-03 6.320965382739431732e-03 1.102288962216923240e-01 1.923929996540469506e-03 2.878959267642814401e-01 1.552840561557181642e-01 2.424893252980594299e-02 6.324270822851170426e-02 9.629570895584078916e-02 8.165492783449786185e-02 3.463627290843580148e-02 1.289507877850487767e-02 1.851469240441129815e-01
9.531250000000000000e-01 2.319140156453095014e-01 2.089122907922185413e-01 3.642775229395522202e-02 4.095997546929049105e-02 6.157759857027806510e-02 1.445809810961049546e-01 1.108767263998398506e-01 4.946722596643082087e-02 6.767879218550186537e-02 3.957473243343806457e-01 2.049434461190696027e-02 9.742897202611155993e-02 1.417876942342940171e-02 2.593405731423538696e-01 1.149129197713286421e-01 9.302001772984869188e-02 1.794925034031424893e-01 1.634893232959376275e-01 4.656741119055295836e-02 5.731238410140471889e-02
9.687500000000000000e-01 9.925612797251925912e-02 1.361402932162601997e-01 8.144736796821484826e-02 2.645879360426134363e-01 3.282092921270801655e-01 9.336501333495412364e-03 1.923633706555688549e-01 4.792624824635213776e-02 1.864660098338960861e-02 1.376695412012153008e-01 1.393747644836217103e-01 1.528128670255597676e-01 9.778567968684635792e-02 2.043035875950948710e-01 1.427369331138859387e-01 1.376257512488608947e-01 2.121423528233003508e-01 3.454161975217213965e-02 9.687228665228750368e-02 3.637219701251160481e-02
9.843750000000000000e-01 5.434239567439389657e-02 2.888308885967060258e-01 2.904078700620814635e-01 4.741299412621041709e-02 4.105732763689022846e-01 1.170205924374089282e-02 2.348523622566136837e-01 1.636527609701427799e-01 7.316238348595559271e-02 4.653008143937564789e-02 1.289762434390721302e-01 2.848526202583853140e-01 3.433085214959395726e-02 4.238808006880821766e-02 1.306363249117391268e-01 1.950341593022505704e-01 2.519035770054694479e-01 1.635989678653511914e-01 9.617839649605617117e-03 9.788358896275271837e-02
1.000000000000000000e+00 3.633049999572020294e-02 4.485376287705822827e-03 4.902004778154746972e-02 3.165385655192396452e-01 3.856612350705872494e-01 1.766021178862169916e-01 1.934924509721686614e-01 1.621015155749764569e-01 7.877263864495043233e-02 6.498438582533214158e-02 2.033436378396604460e-01 6.468649780837067154e-02 6.204935667219881740e-02 4.624833277352802252e-02 9.154555332457227357e-02 3.483834971938271075e-02 6.657895460040981483e-02 2.880386413956625632e-02 2.339988697580367566e-02 3.336252568969331755e-01
1.015625000000000000e+00 1.613878622499615723e-01 7.970167788074314363e-02 2.796336252987713638e-03 9.966063601028973817e-02 1.723711099262076052e-01 3.890124738030403123e-02 4.019539581361916691e-01 1.216616317653664431e-01 6.333004503282579911e-02 6.221160948923779715e-02 1.548874975672051846e-01 4.510348030089436112e-03 1.430453894518673719e-01 1.548853841199024084e-01 2.807434902453095904e-02 8.302873814056289936e-02 3.096830198389863287e-01 3.376449009873105922e-01 1.036223542743712756e-01 3.090660510159892183e-01
1.031250000000000000e+00 3.572195969117807901e-01 3.497342581132247691e-02 1.578900896372608664e-01 1.932011322171360568e-01 1.663827031928769573e-01 3.478899947862910680e-01 1.139459967081662833e-01 3.321635731146553305e-01 1.302341716819576944e-01 7.740093002327086413e-02 3.461957640400137315e-01 2.384780776652608569e-01 9.883775437948984222e-02 7.661099142409412421e-02 7.232241867625423259e-02 1.586198709167488952e-01 1.773757975277110432e-01 2.323273511954075943e-01 2.077942505435856346e-01 6.470369363169561905e-02
1.046875000000000000e+00 4.947565321318087572e-01 1.560856244087106826e-01 3.888146673519843888e-01 2.342954220662351594e-01 5.788723747894760838e-03 1.953146119504042544e-01 4.642824951974378750e-02 2.001778245178379156e-01 5.495435073841703488e-02 6.674130835511903059e-03 1.948535352747287341e-01 1.102896770204012389e-01 1.759855000346654819e-01 1.702216619002562270e-01 6.712108395592383120e-03 6.703043462933540309e-02 1.841345629444900156e-01 1.748229434742289423e-01 6.635712247158262467e-02 1.490276487869301447e-01
1.062500000000000000e+00 1.844782225111244178e-01 1.649513002233704007e-01 2.142419834420950797e-01 4.819695833129402085e-01 1.494734780199401258e-01 3.924767913496445271e-01 4.992338125323290271e-02 3.057790904699599910e-01 1.277340385201974071e-01 2.139683093498735422e-01 1.771857207238836940e-01 5.233984273294138845e-01 2.118252565719986880e-01 3.600621916549914814e-01 8.340995988951775686e-02 2.549104206996557487e-01 3.798478578616668599e-01 7.864506483191724406e-01 2.159008119722438390e-01 8.314399133622653315e-02
1.078125000000000000e+00 1.114679080628336177e-01 2.686379028022476897e-02 8.299173953311252128e-02 3.045491471435134989e-01 1.456270614465670320e-02 1.116900514816489276e-01 1.185276171062121520e-01 7.795338050591199552e-02 2.307090687893987024e-01 1.109776928426804560e-01 1.462834421069328719e-02 3.230451388619133279e-01 4.903144881866806221e-02 2.280203829805106941e-01 5.165564401081323281e-02 1.959094822253312496e-01 6.830892179797331404e-03 1.897668196774342231e-01 6.010444684094941314e-02 1.058449820808989583e-01
1.093750000000000000e+00 3.899967964543418070e-02 4.732893000520454335e-02 3.342611238878937657e-02 8.825627128100616003e-02 6.975397441345139449e-02 6.257982748620377102e-03 9.440705653622658011e-02 3.543422953792271235e-01 2.803572406242277326e-01 3.183250739928090156e-01 9.108536639486512765e-02 4.495936736545709800e-01 1.275768621132189300e-02 9.339856988074095312e-02 2.899503013126812287e-02 2.235386109108352670e-01 2.919873159569473797e-01 2.043648811404823740e-01 3.816607796068400282e-01 2.692474389768914067e-01
1.109375000000000000e+00 5.384802270193925905e-02 4.252284249812404715e-02 4.821953660701272515e-02 1.250986493152593006e-02 1.765306647508578519e-02 7.985137242877967528e-03 3.599115401854454527e-02 8.827011858530359190e-02 1.172534704912528286e-01 1.381394157432218328e-01 8.063090062872962926e-02 5.595534960503506516e-01 1.595037102718151190e-01 3.067379637909486423e-01 4.734545067886289371e-02 1.370004320136190556e-01 2.069622361263636634e-01 1.083349283221181174e-02 3.249100958048821708e-01 9.613848097899804768e-02
1.125000000000000000e+00 1.387079957736553626e-01 1.494038842916823318e-01 2.902569888365029091e-02 1.016283127089392391e-01 4.465220119913514835e-02 1.245648558503430620e-01 3.638436253391316016e-02 2.187802828866295402e-01 1.115203739081633942e-02 1.231217566539841851e-01 9.146769016316458334e-02 1.569655540812134320e-02 2.823175312111778079e-01 5.260685185002381692e-01 1.079705085931301732e-02 5.646448534407660230e-02 1.717653383645161014e-01 1.156198992736832548e-01 6.646283235005345791e-01 1.247375538254540811e-01
1.140625000000000000e+00 2.660325737839032145e-01 1.631886495611417354e-01 6.800143917209451432e-03 2.407443892513107531e-01 6.899730845312046501e-02 2.956390611196038631e-01 1.791517318471992359e-01 1.054871525468359661e-01 1.719604559293748947e-01 4.201593902529100477e-01 2.755050501671905613e-02 1.331739152422181938e-01 2.030407401008873236e-01 5.111391612845328503e-01 1.262095933422719418e-01 1.276834098874266854e-01 1.375308000107894335e-01 8.453971918417252374e-02 1.976609476131619206e-02 3.429938385616642105e-01
1.156250000000000000e+00 8.402174328340110410e-02 2.631923051514344358e-01 1.322910474861680175e-01 4.392298093991769264e-02 1.452924736385414750e-01 2.545107472580880326e-01 2.105183680807591051e-01 2.783616511177431849e-02 1.737143947160404434e-01 7.576269112279043760e-02 7.714664292817988156e-02 1.133921253880689206e-01 2.152309055373894109e-01 3.019610084648555737e-01 4.082440906577408657e-02 1.447121522895910284e-01 4.808703337486189971e-02 1.569017374905676554e-01 1.797186902527472541e-01 9.855514890255897761e-03
1.171875000000000000e+00 3.068356078780100082e-01 9.812505419788060401e-02 1.187466313478359285e-02 1.867043090995373078e-01 4.799831191417473081e-02 6.679124884842466137e-02 1.591791329760762486e-02 1.468518988688345961e-01 2.509783314733279314e-01 8.797768518370970015e-02 1.497586236754681610e-01 8.640972948951644583e-02 2.058428060948587768e-01 9.552939556499846774e-02 9.446392526353276572e-03 8.841013556562866971e-02 7.908168532759737857e-02 8.911892898520677730e-02 1.820928656447784177e-01 1.774136569869564917e-01
1.187500000000000000e+00 1.478584373151357323e-01 3.144914576371176523e-02 9.689976659939461903e-03 8.264422965645358554e-02 1.237739384805726511e-01 1.001729385387847976e-01 1.430173141666153114e-01 3.072466085207570252e-01 1.719891853044875352e-01 3.250363282807528509e-01 1.373221663956755156e-01 3.117810972727399696e-02 2.178217453932174696e-01 7.060656093034917147e-02 2.377432949939324580e-01 2.026805128384070662e-02 1.242545642454480487e-01 1.594883865019452659e-02 1.483159126346866585e-01 6.171092084019925983e-02
1.203125000000000000e+00 1.000969051983404690e-01 7.738027959576593284e-02 4.230102959599646439e-01 1.292699117055447385e-02 3.239601795738982215e-01 8.454727729660129615e-03 9.037418061452706652e-02 1.466763592853667086e-01 2.308922522433928537e-01 2.238426833449340403e-01 1.318311743417908688e-01 1.256528084830340480e-03 1.263311468975760465e-01 1.070928479984659121e-01 4.062674317655035061e-02 2.237761907261411332e-01 4.232157961787513245e-01 2.460386546721409218e-01 9.938572803233915176e-02 2.030118719270686267e-01
1.218750000000000000e+00 9.165974116531711707e-03 1.563465139585792640e-01 6.089410925611468128e-01 4.805487729944792064e-02 3.065784661949981782e-01 4.450175579283020648e-03 2.829973160638113994e-01 2.319664520943628960e-01 6.968498395498223807e-02 2.947717138362940248e-01 8.879384127125043713e-02 4.626166569743162538e-01 1.361842079775613112e-01 1.726329512416447942e-01 1.246960215256486260e-01 4.916284923843439181e-03 4.296445768524421172e-01 3.288122670134505793e-02 3.257583738306102927e-01 9.987331999763067458e-02
1.234375000000000000e+00 7.425052449594457538e-02 1.055807488083598117e-01 2.810936788463995750e-01 2.972794316644105511e-02 5.076507268461427635e-02 1.505038919151673593e-01 2.486633283980702325e-01 4.215244850349104677e-01 4.041140155588946598e-02 1.264485540498789806e-01 1.909442760798115424e-01 1.779034732581362965e-01 2.891821739939296615e-02 1.215885975376290867e-01 4.080544860590461925e-02 6.747679436315186241e-02 1.429741519660220339e-01 7.426313696039074652e-02 1.912861105430186948e-01 1.428426364587949693e-01
1.250000000000000000e+00 7.644648844991058442e-03 3.426864392309311030e-02 1.347786451635599458e-01 1.446275710940836123e-01 1.340812860288363717e-02 1.424894847450164648e-01 1.444964797162671954e-01 3.042371217205703249e-01 9.185349148234567274e-02 1.972113382035499130e-01 1.120741793937078505e-02 2.729162551196734343e-02 1.216818472433508075e-01 1.187651800630119998e-02 4.040621323729849390e-01 7.470049245944700156e-02 5.577253211391579313e-02 1.040055986006027250e-01 1.932765946149782310e-02 1.325338803764035955e-01
1.265625000000000000e+00 9.799918771069379697e-02 9.128521202467103357e-02 3.010269623564661989e-01 5.078765141964170643e-02 4.009311249808871769e-01 2.018061644976485922e-02 3.086532088584354599e-02 1.750199645578576768e-01 5.520009541552384907e-02 2.158405501580567820e-01 1.498051249043322666e-02 3.055820669051038108e-01 8.610660040948658542e-03 1.771280796524203061e-01 3.756802633143465492e-02 4.211859220947612031e-02 1.314281927203385103e-01 1.151385730147719277e-02 1.879730071374802886e-02 5.417920687356991144e-02
1.281250000000000000e+00 5.210633050597157645e-02 5.196848304755558728e-02 1.122486094644535304e-01 5.754827305801659548e-02 2.466131877426645247e-01 2.744010910009305609e-02 1.066185253596568239e-01 4.571686187923877376e-01 4.622929811454775523e-02 1.563299382168363838e-01 3.434799690398518401e-02 3.320287267555437349e-01 7.936189029206819345e-02 7.037449903962841521e-03 3.654308567067515723e-01 1.125300370292668800e-01 2.222306153608576140e-01 1.862494230661809469e-01 8.536533535232176950e-02 1.872862459442414113e-02
1.296875000000000000e+00 1.453687483350155074e-01 1.677410965806894472e-01 2.618816837054726565e-01 4.334703785114853158e-02 2.815222933992786447e-01 1.404895958105064069e-01 1.361063298808766475e-01 7.532726509533926862e-02 5.019735814067098623e-02 2.252641382956243332e-01 1.105882514162781910e-01 1.741463675439190728e-01 2.475040975697465062e-01 1.063848093435542097e-01 2.563845164818680938e-02 6.991289606032452530e-02 1.777185222814997856e-01 1.179518579136697998e-01 6.705069104102158450e-03 2.740519972865005857e-02
1.312500000000000000e+00 2.140268297864455216e-01 1.004684389291557040e-01 1.071866272101711925e-01 6.371620329906478586e-02 2.646915658618957390e-01 1.581039616230115602e-02 4.296924225594993957e-02 1.130795179863086503e-01 2.459483461074788158e-01 5.324871870111725497e-02 4.499836184357839004e-03 4.033277087974889152e-01 2.191840793930505960e-01 3.176302981665288239e-02 1.537428635926741394e-01 2.172022498722292749e-01 1.888074174702744357e-01 1.166810950511683043e-01 9.267687408925096015e-02 2.515350319724555042e-02
1.328125000000000000e+00 3.741251445489006400e-02 3.442380878833398161e-02 2.565603490043485285e-02 1.170677076859523019e-01 6.251090059100228302e-02 9.253896726665074290e-02 1.512233580165922922e-02 1.351967241084500448e-01 2.163817738968062399e-01 7.081534340085154922e-02 3.059969357802786449e-01 8.254155685578561108e-02 5.483365434810767713e-02 1.589489004083473322e-01 1.486648346166666024e-01 3.877083882267224890e-01 2.154736092809007506e-02 1.418360576260034867e-01 3.381440856177413967e-01 2.950916344239198907e-01
1.343750000000000000e+00 3.648727689643108812e-02 4.411542256219665170e-02 7.916600353181504901e-02 3.621955284879953968e-02 1.292660678846657418e-01 2.998209981686080772e-01 3.310611946512459491e-02 6.104976767115188885e-02 3.449726047465104251e-01 1.343893778076724749e-02 3.159876409752866988e-01 8.663027304095530234e-02 7.172345718286542160e-02 1.812446229255628427e-01 8.600534012526488484e-03 3.123724762557009149e-01 6.091714187336779579e-02 1.622608830363186094e-01 9.599968991214517799e-02 4.108599748952741493e-01
1.359375000000000000e+00 3.046016555050864993e-01 3.078522911222362213e-01 4.637677696936595012e-02 3.328988193694704806e-02 5.199190867268517653e-03 1.736999145607485417e-01 2.825494358564752395e-01 2.258563731691266840e-01 1.951059351713693713e-01 4.372038951916622229e-02 5.655119163422291789e-02 4.903451159082720598e-03 1.575502578093468109e-01 1.890168042999491593e-01 1.098547812294568687e-01 1.748080500222669031e-01 5.886154340902122889e-02 2.305467740729964798e-01 3.168276161111760469e-01 6.077927020034726985e-02
1.375000000000000000e+00 1.254248480282087463e-01 3.522663536089234437e-01 1.293010649548037294e-01 5.636789627785816492e-01 1.114901863403104237e-01 2.577491833745224059e-02 1.880553359168901650e-01 6.328286935106150479e-02 1.769226476324014252e-01 1.840784663276742728e-01 1.300646034494636893e-01 2.876551513950211802e-01 3.682474550166268262e-02 2.155609674746557236e-01 5.323892372031468340e-03 2.693783757784359301e-01 5.614017128713398586e-02 4.982395695578612504e-01 2.611671692561981506e-01 2.112614086600298202e-01
1.390625000000000000e+00 1.102785418617444474e-01 1.257448328601405707e-01 1.354508287109577325e-01 1.479419264740200121e-02 3.362343322322160211e-02 2.033301355533390364e-01 4.040132041646281313e-02 1.485941388381032680e-01 8.955598341282083874e-02 2.835414363749382827e-01 1.735396002820775163e-01 2.029169375491839955e-01 1.748551879992141581e-02 4.614857276870639180e-01 9.400532415188220248e-04 8.777693420611097641e-02 2.280046915869793078e-01 4.752418166354368534e-01 1.363740101639366042e-01 3.869309747547106659e-01
1.406250000000000000e+00 4.083453887952995763e-03 3.023672212060558515e-02 7.043657817811846931e-03 6.627445176578404540e-02 4.713368005911264258e-01 1.919407367796313298e-03 5.919021639588289887e-04 4.807487766868562828e-01 1.802345316801970132e-01 1.678241475799552018e-01 1.018675607744986417e-01 5.718722972811252081e-02 5.316207971118740161e-02 1.864005688704467034e-01 8.383614381317690267e-03 2.013618992176150965e-02 1.598012093819936030e-01 4.700485731236290765e-01 1.816129407537760490e-02 4.143935997382268144e-01
1.421875000000000000e+00 1.314294460998199077e-01 1.277321563333389531e-01 7.034763104749115759e-02 1.106264240253731213e-01 1.349557962825697066e-01 7.253365476626974506e-02 1.041447547554622162e-02 1.801864762679102339e-01 2.194030095849837103e-01 6.281162613927883387e-02 1.850382278721402762e-01 2.425381024101165017e-01 1.895182339319257669e-01 7.153845319878672504e-02 1.013121193139235321e-02 2.089152274167853027e-02 7.243279232799688938e-02 7.376605648711688501e-02 1.036053743454320025e-01 1.871206928845036144e-01
1.437500000000000000e+00 3.543286122721711617e-02 6.645466087905016472e-02 3.278428765429237668e-01 9.908702038223501929e-02 2.520122152482238698e-01 3.061006543187717518e-02 4.690090158952584659e-02 2.153986428594770186e-02 6.287736223126369484e-02 2.226609889596721514e-01 1.669258571397326529e-01 3.082355930090251994e-01 3.502804262091032128e-01 7.254253796298323897e-02 1.006290452668903573e-01 6.306881823906597406e-02 3.341959955889463596e-01 4.048444754204132134e-02 6.299459253490209687e-02 3.690156060874371508e-02
1.453125000000000000e+00 1.903896983609631721e-01 7.721608106634575419e-02 4.443281794527267348e-01 1.490399435667447148e-01 1.562486848439061798e-02 3.578902496319248394e-01 2.758830081646950205e-01 1.562256388387068817e-01 5.761145981463005467e-02 3.329387940333541351e-01 3.599060820792024384e-01 8.910162761497324169e-02 2.993731990331287007e-01 1.005337705166582940e-01 1.163707578150912636e-01 1.964776491253371338e-01 3.913544585998041114e-01 1.634129008646138526e-01 1.410992226364617998e-02 1.496908718016356499e-01
1.468750000000000000e+00 3.888031765217623281e-01 5.801008657862554152e-01 9.590037215865791775e-02 7.581480044805963270e-02 1.849291766159333883e-01 4.302176492969046057e-02 1.810504626113798310e-01 2.965050918894391457e-02 2.611583154544298499e-02 1.171694762146701374e-01 6.853066901955304768e-01 1.386109002976703974e-01 8.016401553802328384e-02 1.377829687447514918e-02 2.869309849023104434e-03 9.152379846389839535e-02 2.517809877381725903e-01 1.223954954936315453e-01 3.041370674346714487e-01 1.452225448696483623e-01
1.484375000000000000e+00 2.181431424614874715e-01 1.420582642050531030e-01 1.612081483596617196e-02 8.065799741827256453e-02 1.268409233599056551e-01 1.711058899248961984e-01 1.116453973955580242e-01 4.074104472216739936e-02 1.541070427867283557e-02 1.681423684540531427e-01 1.754094103175878883e-01 1.221345736698387779e-02 3.811161756968770575e-01 1.216145489446213146e-01 5.291152510412486069e-03 1.064847005369669031e-01 7.227373564589589794e-02 2.067766891182834244e-01 1.482472749596002726e-01 2.534604148477928032e-01
1.500000000000000000e+00 8.222446350940457171e-02 8.975418754465984417e-02 3.081597745701621371e-01 4.453931839898712247e-02 3.953146621138273198e-02 9.726809972281501293e-03 6.898762886150967832e-02 8.460789804984378271e-02 9.679907261517904649e-02 1.881820439244997201e-01 4.434609676198700834e-01 2.360204690290496898e-01 1.847226467652889892e-01 3.806064201196024399e-01 3.859446353072933794e-02 6.704981602161218246e-02 6.287333288044111290e-02 1.901285229491674056e-01 2.985650999018963359e-01 5.050767865036918103e-01
1.515625000000000000e+00 1.625671193834683781e-01 4.318873670070288301e-02 1.881813146767844780e-01 6.098194584597278756e-02 4.978534502540244572e-02 1.424162863454454808e-02 2.974567647955915148e-02 2.208138259014073013e-01 1.723466256640935820e-03 5.706990248572932356e-02 6.379157779686148722e-01 2.793630093306324613e-01 1.613734261085554011e-01 3.613662928668220364e-01 5.300603651629340329e-02 1.929454186785137249e-01 7.431832834607242366e-02 6.366867258163648458e-02 7.991603953086978684e-02 5.107281304862761745e-03
1.531250000000000000e+00 9.878201836825090121e-02 2.045560178267403703e-02 7.020393560419697834e-04 3.603100277652595412e-02 1.839375377251078747e-01 8.575025367121960618e-02 3.479173409107221698e-02 7.061865823802038200e-02 1.607687786816400510e-01 7.824634689664639042e-02 4.126806342174191289e-01 1.152431455931945820e-01 3.158509742985664004e-01 1.529647104149336190e-01 6.630233882266479972e-02 1.111740421459128519e-01 2.030106723682476022e-01 2.097428010960000755e-02 1.468858698980015920e-01 2.044107043380254118e-02
1.546875000000000000e+00 2.998208700384491499e-02 5.815989948481554983e-02 2.580608076783590388e-01 1.839217146162631586e-02 1.637909090355283148e-01 3.689046176253311937e-02 2.821929716087598003e-02 1.029386618029797112e-01 2.102629344515474230e-01 8.168731160115656753e-02 1.511639220307469111e-01 3.516178620988960613e-01 8.870222245535946959e-02 1.346252542642441818e-01 1.238391657966286113e-01 2.331457336788944276e-02 1.606661564579464907e-01 1.981191601930990254e-01 2.649006544037109667e-01 3.637707469353074208e-03
1.562500000000000000e+00 5.072337947518214610e-03 1.581625535416336659e-01 1.069376485280955635e-01 6.450557583199677258e-02 3.307114023749750942e-01 1.905472516783741632e-01 6.183107761122839247e-02 6.099123117078580902e-03 1.687908932727588129e-01 2.370611346520863083e-01 2.193726225426885779e-01 3.090685546506115669e-02 1.223533292935711364e-01 3.778715681083997247e-01 2.561698633350815713e-01 1.744826314808038681e-02 8.452275554478284880e-02 3.779217959939233373e-01 1.565127136225257787e-01 1.465636788962565162e-01
1.578125000000000000e+00 2.343541833677800779e-02 4.131632295693130064e-01 1.062666906721026067e-01 1.750310914298787435e-01 3.132744748491084752e-01 3.677295352171349729e-01 4.612675575533478622e-02 9.237175120137343376e-02 1.812026489063918097e-02 1.651214357214987882e-01 6.862291675032499150e-01 1.149165327305331774e-01 3.673595891312126521e-02 2.917584128515663955e-01 7.496501553633808101e-02 1.593452774726142052e-01 1.485941208482891573e-01 5.068195118733698212e-01 7.248020757297475580e-02 2.837722450245509093e-02
1.593750000000000000e+00 1.831776482802593697e-01 1.716967659226636689e-01 1.036434490084044424e-01 1.109955859510247944e-01 7.971994848477489959e-02 3.943338995317280382e-02 1.222740426319518514e-01 6.292791597123391645e-01 1.613673083556159404e-01 4.573626771309226291e-02 1.745606512166189006e-01 2.119564232549941141e-01 1.575109155277449602e-01 1.335423260729427519e-01 6.567343923563725983e-02 9.794845432104672123e-02 2.764709199197229808e-02 1.794714164880251150e-01 1.969540250814451054e-01 2.176135244393155588e-02
1.609375000000000000e+00 3.513934331090889929e-02 3.715561849963314733e-01 1.009671098790939220e-01 7.626749224474094202e-02 9.991398782362702347e-02 4.988108798821513923e-02 1.007743402397233007e-01 7.367848158035293638e-02 1.069516340084613742e-01 6.603741718864795593e-03 3.739930950097800078e-01 5.026017636887133433e-01 1.344223349841723592e-01 1.242163812383081656e-01 5.841285718330473109e-02 1.379337347419071214e-01 8.688939613291811470e-02 1.189715044106801206e-01 4.138150840396880858e-01 1.226320670079086711e-01
1.625000000000000000e+00 2.339904620359592180e-01 2.535408043622685015e-01 1.541631751181985199e-01 2.153442213006729056e-01 8.050773766343748139e-02 2.401781853276261161e-02 4.848480446533520033e-02 2.109589969278233973e-02 2.252059861461087192e-02 2.206100593216101316e-02 1.262817457195563320e-01 5.873401032821770062e-01 2.193076869372720672e-01 2.228931283973478450e-01 1.523412435080056249e-01 6.235841077697434898e-01 3.150589473637946392e-01 5.632135478335404538e-02 6.121216951612918900e-01 1.345551334970107316e-01
1.640625000000000000e+00 1.380053927588419382e-01 1.076921399286006054e-01 1.977621075114509575e-01 3.433875964095694372e-02 6.280101912879022807e-02 9.162888122380095923e-02 2.620837331018180741e-02 2.253998919683060098e-01 2.239714946100797993e-02 7.652805126055677032e-02 4.244068546261245412e-02 1.449220203728396050e-01 2.047583692757283871e-02 2.134659471073699910e-01 2.669808957464797627e-01 2.955984946792346579e-01 6.846897017512469652e-02 1.346045240037827551e-01 2.704053456412897072e-02 9.100663210115171597e-02
1.656250000000000000e+00 4.027327223579749149e-02 5.807138675731305516e-02 3.987197726233469852e-02 3.269356639436349909e-01 1.689950696537544095e-01 1.652293257563002826e-01 8.894284042234677778e-02 4.922013845402167798e-02 1.367503919734493478e-01 6.170754448226113686e-02 2.578464517192696152e-03 5.219534504438950728e-01 4.812047944421406903e-02 3.248429675913932502e-01 5.322950725097885111e-02 1.099987067784278794e-01 9.840985303823553132e-03 1.555108959777367142e-02 4.473862740617627343e-01 8.365629584069793345e-02
1.671875000000000000e+00 1.906332869334083011e-02 1.564081763431404426e-01 8.759333823359476134e-02 6.341065505003001812e-02 1.495363877563485044e-01 1.275821752484847769e-02 8.873210828705693776e-02 5.264737330889227712e-02 2.310904643595061425e-01 8.953825884991070336e-03 5.616822594490746001e-02 6.017935244895549207e-01 6.285552093311819188e-02 3.302612498127256990e-01 1.583152077061085183e-01 3.077074547243571767e-02 4.667687498142627511e-01 1.625019167946260001e-01 1.264774368212190081e-01 7.274870361477532577e-02
1.687500000000000000e+00 5.433884182699368764e-02 7.214434185083128115e-02 4.920085602307849859e-02 3.677330290904498589e-01 3.518475295400556174e-02 1.436726679402814955e-01 6.106061476049909342e-02 8.530262972410884714e-02 6.233677122940351444e-03 2.660504082345777066e-02 2.162493423258881331e-01 1.002397853703087677e-01 1.342498612484649412e-01 2.285580908246252207e-01 6.822706470824156655e-02 6.706232861380852228e-02 3.424817009980732907e-01 9.736296022273202566e-03 2.780599090468497542e-02 3.678228272295661072e-01
1.703125000000000000e+00 6.835631298080956618e-03 2.634129549019855188e-01 1.063171036674763204e-01 5.492775372282667767e-01 4.596584317959079291e-02 2.679304143068170219e-01 5.620149636094202983e-02 4.027678448704166136e-01 9.070758518248239755e-02 1.282794074310882326e-01 4.948234033716814029e-02 2.838394768751202890e-01 1.803645361819661563e-01 1.927832006092934369e-01 1.537592843079195193e-01 1.974091560583813021e-01 3.535911605827963822e-01 1.303404184340926086e-01 2.956624903428458628e-01 6.545781753994461827e-02
1.718750000000000000e+00 4.871695384400146489e-01 6.853339198356723366e-03 2.452239209074075776e-01 9.431180177667548847e-02 4.845267034214501001e-01 2.726554467120819725e-01 1.442680292180437973e-01 3.141724848107696477e-01 1.045279197812009064e-01 2.252185251168773439e-01 1.859545107980607737e-01 2.340166938288892884e-01 1.380971509372442563e-01 5.286508741117392773e-01 2.554291208774684407e-01 4.971162070391350052e-01 3.543362823440733278e-01 3.509548476917669080e-02 5.527840097731989699e-01 9.516212374916684091e-02
1.734375000000000000e+00 1.950197488570329651e-01 1.141630776828371080e-01 1.457728898715225652e-02 9.730716645243388252e-02 1.668014690200835537e-01 1.328200955494510394e-01 4.148505399840196617e-01 2.536640064002036454e-01 2.406284707678132961e-01 2.589516946364164851e-01 2.621430086052694008e-01 3.091288587173567914e-01 8.334736776373394274e-02 1.677148824229753310e-01 1.127568588008501377e-01 1.290237409018075154e-01 4.902020214406435095e-01 1.637918503245161250e-01 4.889346470979740733e-01 2.708217813493599482e-03
1.750000000000000000e+00 4.396936828084292703e-02 2.316697982161599889e-01 1.794592582047672136e-01 7.401896426482987290e-02 2.036161537669394783e-01 2.909818843303655922e-01 8.596657810631938915e-03 3.944389825157684770e-01 4.063870887711177327e-01 8.889859792753362910e-02 4.561349241810280786e-01 3.262962561809400475e-01 9.762839094775836724e-02 1.891261714902764957e-01 5.541894194986123068e-03 2.331650045384707770e-01 4.709702942291188466e-01 1.682384679569338126e-01 1.160990544961796322e-01 5.912561019334044987e-04
1.765625000000000000e+00 3.847133677336578989e-02 6.337377649054607744e-03 6.590738389031329525e-02 7.615413031351525586e-02 3.320326374736565223e-01 4.677625574154175569e-01 1.005841809835966161e-01 4.972032543265367810e-01 9.975078593766571744e-02 1.083932177580047979e-01 6.215355120578382013e-03 1.559268180691798233e-01 1.223741577118967888e-01 3.969233516566059161e-02 4.001668318086216147e-01 1.283030692681301210e-01 1.748655335822991153e-01 4.400804520818221155e-01 3.531944151886627636e-02 3.050582114668325406e-01
1.781250000000000000e+00 7.676655692436794298e-02 1.120627364957944433e-01 4.982597245056692714e-02 1.026856514624752276e-01 1.016964366623222399e-01 2.469115993253294949e-01 8.736952600855602338e-03 4.363147867426701576e-01 1.119025118513633232e-01 7.819911166400286828e-02 4.872213426296435196e-02 3.319010324704114168e-01 2.498621810088271777e-01 4.772537748307100619e-02 3.696303915231617665e-03 1.447171348637836807e-01 1.828347707235977171e-01 3.702375147779674580e-01 8.362742844049685098e-02 7.514117355180233160e-02
1.796875000000000000e+00 4.125598223031837902e-02 4.299073016979810258e-01 9.253193833004678959e-02 6.023234322487227600e-03 1.780206709517705710e-01 3.250155508770505297e-02 1.745093122240649886e-01 5.065372523146803863e-01 1.342171483362765982e-01 1.589278074866866119e-01 2.378575439007764303e-02 3.758447982645115593e-01 1.290689447762050357e-01 4.886277398689042178e-02 1.340621372323199945e-01 4.261422679495057396e-03 1.325339563622631722e-01 9.192379793330028581e-02 8.095821318894937807e-03 1.160425467529936500e-01
1.812500000000000000e+00 5.077997247187336916e-01 3.399223556643768407e-01 1.961942729504879968e-01 7.495596857671434077e-02 2.008853223220664341e-01 8.107429825908639420e-02 7.099043014830268283e-02 9.203976558549278875e-02 1.369938248307284723e-01 2.716162990341306482e-01 8.161760039990265114e-02 1.460418980229144237e-01 7.461254826852704858e-02 1.340338811758362003e-01 1.084758406009552895e-01 3.686568573989355141e-02 7.721699970410229874e-02 8.466297808440699513e-02 1.120318275803435654e-01 1.503623763814585512e-01
1.828125000000000000e+00 8.284973927622267531e-02 5.924248050603932864e-02 1.771669634200337962e-01 1.002055963356480311e-02 2.150153811000162507e-01 3.485399527817799603e-01 3.533476759091207925e-02 4.392559692720201386e-02 1.211663904168779199e-01 6.931085350913981924e-02 4.909458218415759662e-02 4.168274551291100694e-01 2.186595856054813491e-01 9.232514255858551011e-02 4.361782726857162812e-02 2.318787357426133899e-01 4.091236464440074772e-02 1.214319692562603054e-01 5.789041792877767760e-03 2.002219764199061336e-01
1.843750000000000000e+00 4.725266609002146123e-02 1.621897850215353321e-01 1.511065745876715438e-01 1.447412242552169048e-01 1.319587058352874112e-02 5.767639962934380249e-02 2.256820168535581261e-01 1.035433650177116846e-02 1.081804062272769817e-01 1.050968201313360051e-01 8.939558487293055092e-03 3.727530054230692169e-01 2.978739747051057374e-01 2.379669599057093188e-01 2.211143631579187696e-02 3.015357018629429842e-01 5.081652555458368581e-02 2.125303244760042565e-01 5.456431811048640008e-03 5.599136589993236601e-02
1.859375000000000000e+00 1.289240776066709164e-02 4.632219777685147970e-03 7.387756515977579597e-02 1.174367149903838142e-01 7.241618377203958012e-02 1.282201294994772811e-01 2.792391037454530212e-01 2.260121131546794504e-01 6.749413073200030699e-02 1.321387855952121763e-02 9.636663805068816646e-02 1.117896400198235274e-01 1.607974543247643884e-01 3.100753208889614476e-01 1.192575885621437182e-01 9.029205264227362082e-02 1.003851559530296172e-01 3.348007234352118888e-01 1.899593058947525448e-01 9.326257194697784580e-02
1.875000000000000000e+00 2.231534570834833586e-01 1.897080542835495320e-01 7.643456304126623746e-02 2.140619899530291428e-02 2.749253749454773077e-01 3.167185583626028755e-01 3.664449550866908517e-02 6.149705445061743637e-03 1.399136213748176094e-01 3.791876677355957709e-02 2.072924913456903467e-02 1.893233182439486850e-02 1.823167400267755589e-02 3.226455514931421131e-01 1.775832409154915192e-01 2.721810863607687092e-01 2.253108585506722328e-01 1.461337694799880182e-01 6.905267628944569691e-03 3.430422850126206846e-01
1.890625000000000000e+00 3.414994587484597721e-01 2.497175938670008824e-02 7.046815408019947713e-02 3.086091919159199004e-01 1.372214769307425995e-02 2.454770446327727007e-01 1.059878899228918897e-01 2.041902689529885018e-01 3.476229440604570466e-04 2.381363311283202222e-01 1.166335092938579482e-01 2.924335747833021193e-01 1.194267874529871855e-03 1.961660943398677859e-01 1.614712297626392512e-01 1.421164048243171718e-01 6.494676764910545068e-03 1.708563001896469813e-01 8.965986430116544559e-02 8.922211323126212623e-02
1.906250000000000000e+00 2.380303731605166659e-02 1.520731963429343414e-01 1.237952094628735067e-01 8.977236511425104593e-02 1.446969745751354453e-01 1.201767303501389966e-01 1.276492840441240673e-01 4.130571327016575867e-02 1.536549853199897231e-01 1.983834343931343558e-01 2.589014039646549969e-01 5.319013311052687154e-01 4.599525803981622391e-02 2.443043445858480156e-01 4.289115424808382926e-01 6.833378672654295306e-03 5.643340435477867123e-02 1.265623409333392103e-02 1.317421973978590011e-01 2.615723394522144821e-02
1.921875000000000000e+00 2.200021278959899962e-01 3.284531303577127859e-01 1.500596152983804665e-01 2.976456948121161683e-01 1.723852442482551595e-01 2.755026700903024858e-02 4.024716655645623614e-02 3.087794830055846096e-01 2.379614310801435317e-01 5.104528624768939205e-02 3.578659276365037112e-01 3.620040832271033127e-01 5.129050343300518150e-02 2.025889038563421368e-02 3.877279258258832240e-01 1.520268106264904655e-02 3.447534762536466624e-02 3.115680262658550304e-02 8.999230391886187119e-02 2.205602976570090329e-02
1.937500000000000000e+00 2.799973850380149121e-01 6.714367695033263139e-02 1.504003439689854081e-02 1.846386520355473293e-01 1.203956584365397098e-01 6.520015235907457296e-02 3.864035626054212469e-01 1.221877875946745101e-01 1.518952606290136786e-01 1.262990437194532745e-01 6.345969375958072645e-01 4.348838893520443616e-01 2.261592197809829119e-01 1.333513977831521646e-01 3.655672219211970192e-02 9.176803384035435440e-02 1.247752400773443765e-01 1.229594326906933571e-01 3.856908784729451423e-01 4.904305369635932749e-02
1.953125000000000000e+00 1.730194190660839237e-01 2.473250012987501020e-03 1.761181707312209077e-01 6.657043458692232796e-02 6.782687469424526772e-02 3.384025933742725034e-02 2.157146161627067626e-01 4.397508412250035748e-01 1.142611448135576746e-01 3.302849126024446913e-01 4.715853401819466995e-02 3.081789972075504314e-01 1.119458228703785752e-01 2.203545186616202300e-01 5.666822947589050807e-01 7.575425705854774150e-02 3.577743374061818638e-01 1.002511732357583146e-01 1.997107218167039344e-01 2.378233011293726801e-02
1.968750000000000000e+00 9.870630526254965675e-02 8.165971480018810458e-02 1.207217507813372476e-01 9.570480922284038683e-02 3.573013211583211252e-02 8.109410305989507572e-02 1.337684926106939287e-01 1.335994727745848376e-01 4.227108236927534096e-02 1.510870833202244967e-01 7.557999688126606185e-03 3.346400834005503477e-01 1.044349373636738326e-01 7.930373337785937005e-02 1.410581861932531933e-01 2.066627200496458025e-02 4.047421712949798578e-01 3.460976530613294605e-02 2.654088468670476667e-02 1.159525782703736962e-01
1.984375000000000000e+00 3.344815045977564405e-02 3.770812435066516199e-01 3.920412542015550006e-02 3.101179562245237609e-01 1.024591546929556340e-01 1.099161402571936230e-01 2.975639342122496714e-02 8.701286890137800711e-02 9.524865972418135318e-02 1.049361791439550606e-01 1.791102718392789117e-01 1.427329925756231910e-01 2.841228123790189020e-02 4.528674150483651129e-02 3.053797754068224291e-01 4.542770525202321531e-03 3.117926940580130202e-01 6.787784335633556543e-02 3.420049258698452110e-01 2.405922745844553678e-01
2.000000000000000000e+00 6.459291562561308390e-05 1.931070288050388273e-01 9.629116126562316247e-03 1.298619736980988204e-01 3.423658434915639037e-01 1.391571508327293927e-01 9.969004075652278772e-04 2.657620502530083084e-01 9.909323706109847418e-02 1.157083648019164718e-01 5.131863980055482166e-01 6.289213490076170712e-03 5.573364325029171729e-02 1.858361830973587030e-03 5.689267572853219310e-03 2.816964523883494671e-03 1.134234608335528026e-03 3.724853235346250926e-03 2.484851692027970627e-01 1.339576156927163864e-01
