0.000000000000000000e+00 4.275660270094493176e-02 1.434890875853512826e-01 3.047365793279743218e-01 2.771726373857484327e-01 4.333859831993238654e-01 9.366504570128393603e-03 2.738607847427420583e-01 4.773666463012528616e-01 6.801768359439450684e-01 1.984674712330537511e-03 1.259054281587070750e-02 4.857342463952910028e-01 2.541825455712504894e-04 1.601355581661452823e-02 2.006652967937342658e-01 2.617021002063670831e-01 5.763774006126018978e-01 1.389632480121910131e-02 4.684650650873994349e-01 6.068926844580297721e-03
1.562500000000000000e-02 1.600507169825506615e-01 1.769371559225663415e-01 1.125339603028516905e-01 1.683195806011746065e-01 4.303168773545028303e-02 1.284270142882161514e-01 1.546413501682490921e-01 1.835152868213004718e-01 2.379471541859365380e-01 1.795305809238838812e-01 1.314492485692320134e-03 2.375688449638335142e-01 8.555692144826733403e-02 1.032896507847371748e-01 1.554815574850718085e-01 8.474803748429726724e-02 3.382294100317558838e-01 6.698652859519937247e-03 1.524791084018254084e-01 3.192543750735349350e-01
3.125000000000000000e-02 7.653096568120272558e-02 1.925255110453913746e-02 1.987540411095824466e-01 3.281455308306068137e-03 2.129313458817125859e-01 6.538889100555239642e-02 4.047293155213889382e-02 1.631074144146523186e-01 9.938742749096161899e-02 3.725591678749057833e-01 3.444875276803760922e-03 1.547425243254883787e-01 1.545100626255110632e-01 2.491749773111898714e-01 2.063696767145091482e-02 6.665494716715361645e-02 1.398545847383418916e-01 2.341883676574608164e-01 3.863856129674228534e-01 1.939773684603115222e-01
4.687500000000000000e-02 3.115790747352494700e-02 6.752221759715699989e-02 1.918011987598684243e-01 1.782201335540243778e-02 1.379644963916383527e-01 4.471322615243229076e-02 5.046574551913902973e-02 2.323615292064888926e-01 1.464301494475139520e-01 8.427264226972386307e-02 2.359516527404571101e-02 2.641605465987205692e-01 1.530873189908476539e-01 1.356767249017848120e-01 2.996915947314192710e-02 2.727697318583859332e-01 4.906183667139029092e-01 3.000719988588588794e-01 1.713241921192995287e-01 2.547168326208004707e-01
6.250000000000000000e-02 1.020344381451802618e-01 1.049503140960624387e-01 2.322538636973872361e-01 2.397319884557241598e-01 1.524372022057185472e-01 4.422683069854214943e-02 7.365216272446067913e-02 2.251723517389723761e-01 6.032994886961309811e-02 1.619833115065405851e-02 7.425816462022508113e-02 6.234163719064660797e-02 8.439616490099612067e-02 3.304772363697769388e-01 2.108976014054151082e-01 1.318806608536181868e-01 1.390540372790991241e-01 6.885886653942578928e-01 1.770988783486307228e-01 4.105254391379620227e-01
7.812500000000000000e-02 4.379582487398140378e-01 1.613002350669515139e-01 1.363754590502435082e-01 5.293565263213610983e-01 1.443806086037128199e-02 1.553556242075250227e-01 2.256033105898530844e-01 4.028747188415970903e-01 6.953394540900159626e-02 1.703536286783659814e-01 1.050779560552774911e-01 2.741512796192446255e-01 2.077233904150560528e-02 1.211268808108688505e-01 9.235139829068571282e-02 1.706018926363539467e-01 1.871972016595359611e-01 3.416659298071222373e-01 2.898855571790278640e-01 3.353774595198489861e-01
9.375000000000000000e-02 9.487910101088027626e-02 1.556751440698203072e-02 3.750009894856124459e-01 9.042036950320277156e-02 2.207546769867579084e-01 4.496259016355758642e-01 2.803352746744944834e-01 4.545747043410551247e-01 1.962487001979645596e-01 3.051527817157250744e-01 2.283402248325941131e-01 4.012484339367568265e-02 3.310303956175106310e-02 1.203376832744861152e-01 5.371653589425064157e-02 4.539908319522101832e-01 2.927390498595905943e-01 3.619777313393601204e-01 1.111127444335793801e-01 1.320528193436862618e-01
1.093750000000000000e-01 4.924084240227529219e-01 1.990582870581955599e-02 5.186349145891000489e-03 9.373438142113119098e-02 7.326927472003184894e-02 1.155231333732668203e-01 3.344838820903316134e-02 2.016750719776348733e-01 1.492391080857361201e-03 2.286378911153303661e-01 1.778692484240408656e-01 5.955145416377437273e-02 2.366776105201349734e-01 4.376087223483880045e-02 5.756917558372386806e-02 1.996409437880342919e-01 1.036500262384103671e-01 4.286124094916026750e-01 7.928134998800261124e-03 3.973939366010117991e-01
1.250000000000000000e-01 2.865977273811296522e-01 3.022699516388193119e-01 4.090490399991400516e-01 3.202349397246422730e-02 4.909991248473285358e-02 1.703146845493897291e-02 3.088080316844387108e-01 4.885550350569814460e-01 4.459904749908861349e-02 4.433903606017348953e-02 2.298026440307623097e-01 4.811491927447708594e-02 1.609908711891672173e-01 1.713767204160897006e-01 6.369998186589681533e-02 1.136004005560592167e-01 2.014611710497131170e-01 4.295254306251392040e-01 3.337117497808348432e-01 8.602425284474660705e-01
1.406250000000000000e-01 3.612221254362777967e-01 3.235935250598426932e-02 3.856179833258245315e-01 1.218449762970431893e-02 5.085747140590733961e-01 1.102084650298473800e-01 3.324722604488029032e-01 3.660577093106768820e-01 2.242202472974821059e-01 2.356463807100204338e-02 2.660333727605435072e-01 9.815835153549227338e-03 3.134473287426328691e-01 1.331473115124338635e-01 5.424880090618322548e-01 1.699064696934619312e-01 2.141362353658513851e-01 4.233736890834345901e-01 3.448922789237621189e-01 6.062182771262930592e-01
1.562500000000000000e-01 8.616991233044094534e-01 7.814776985792962205e-02 6.433325224587671531e-01 1.800765997953448494e-01 6.406850744470804493e-01 8.357287606850261064e-02 3.977786468841227330e-01 4.772861796383185973e-01 5.439149692376198386e-01 1.637952662637000845e-01 9.419970549690305506e-02 1.643566899652716407e-01 4.008844901045647835e-01 3.162752219930079489e-01 6.606011017321558043e-01 6.309036463274844131e-01 4.924966539464612492e-01 4.417893363907868798e-01 3.339477449791372621e-01 3.339369974485595916e-01
1.718750000000000000e-01 7.066967713288171415e-01 4.698828841899787001e-01 2.458821521968160839e-01 5.403153721965532341e-01 7.589871824577519854e-01 5.569168815508970249e-01 3.651940339484523457e-01 6.185502160741475075e-01 7.955385678744266720e-01 7.523363085619636514e-01 4.522649774264186351e-01 5.621898460650881502e-01 3.144209724908504366e-01 4.911114584948493289e-01 6.740119655118730346e-01 8.593885184840506231e-01 8.189745395217513657e-01 6.075949316595619099e-01 6.829261453449193553e-01 8.201027282261339479e-01
1.875000000000000000e-01 8.506482778916030218e-01 2.567464350892211256e-01 1.447737777024484251e-01 7.554601817384662965e-01 7.620655186074990484e-01 5.899766343066591423e-01 4.709431392331259181e-01 7.237247244359198417e-01 7.833701379581869961e-01 7.479441953250304254e-01 3.346656761668828639e-01 6.043909254498920358e-01 4.826852696842123813e-01 4.924354980399850978e-01 6.949784302002250946e-01 8.643633254493003903e-01 6.931307423541679391e-01 6.863183302784304773e-01 8.609650536602269089e-01 7.990909651154022297e-01
2.031250000000000000e-01 8.570847005784040240e-01 8.261462329820288275e-01 6.330184420666582490e-01 8.102756141010528657e-01 8.989749777446953694e-01 4.524694733118070911e-01 7.237757045171572257e-01 4.948995568186393967e-01 8.849988406529577523e-01 6.591219847467604254e-01 5.554232932646361309e-01 7.913854866664710164e-01 8.268520352683133012e-01 5.186265302238001196e-01 7.504845557381051302e-01 6.103523457687031195e-01 7.798949738964717771e-01 6.765221520665977151e-01 7.665896338737760995e-01 8.634647893613144332e-01
2.187500000000000000e-01 8.672911218922002563e-01 8.669655484470122353e-01 7.690801213791007562e-01 8.073821915149642647e-01 8.433152065058271418e-01 7.610714311360929907e-01 8.680921882309855508e-01 7.425954701971875238e-01 8.954299711010442753e-01 7.274623786527618652e-01 6.101351777603470916e-01 6.440868350977548840e-01 8.641863262338647100e-01 5.453427457827139113e-01 7.561303054008542412e-01 7.386509349099468213e-01 7.465380905085035046e-01 5.746761460114336861e-01 3.372300001842401529e-01 8.820522998550306415e-01
2.343750000000000000e-01 6.896026071818056602e-01 7.964931351069296506e-01 9.121568209649351111e-01 7.797186880529323183e-01 7.219538923253681073e-01 6.639276515765437647e-01 6.628321131151657664e-01 8.865039620323097447e-01 7.999783865441321140e-01 8.503636234420390849e-01 6.158081131665154029e-01 6.167008827352122857e-01 8.161554295376068913e-01 6.905264151747380064e-01 8.710833731039708816e-01 8.502641934217408659e-01 7.189881300246888651e-01 8.000048717330286996e-01 9.479057149255065706e-02 7.653737363910624314e-01
2.500000000000000000e-01 6.604539582723103486e-01 8.428202383305712919e-01 9.263349745829398962e-01 8.267997262003649039e-01 7.022554553267368327e-01 5.166666806519266686e-01 7.931176984321465229e-01 9.252424428137222545e-01 7.180618716316703454e-01 6.920661711405176053e-01 6.971658258368493843e-01 5.898083136210926503e-01 7.844990297248219946e-01 8.632514862573282821e-01 9.227704822239559679e-01 8.507314864917764341e-01 6.392129648431925659e-01 8.650063024363374709e-01 2.654030110102434392e-01 8.627368149573695355e-01
2.656250000000000000e-01 7.157591063121254704e-01 8.099945501369741896e-01 7.894122024615726207e-01 7.810454173178891235e-01 7.482085471225401463e-01 5.270648269633372296e-01 3.950634078435292240e-01 8.806361628519498996e-01 7.375757973692117497e-01 7.885972281443698328e-01 6.814257571396996616e-01 4.992379093754054642e-01 5.871157676966791694e-01 6.646716509743449963e-01 8.972869066812856342e-01 8.570620358722452758e-01 7.562547039671316806e-01 9.216904549211766273e-01 5.805081401207805580e-01 5.459531916448364663e-01
2.812500000000000000e-01 6.176356176574487877e-01 7.939602889002431718e-01 7.715818590597834925e-01 2.410632751898092174e-01 7.213126536519589571e-01 5.016532600749571413e-01 7.295811250126693626e-01 8.224777160017372468e-01 7.793045413152208667e-01 6.517536883900639788e-01 6.220766911267314736e-01 8.199899886005028726e-01 7.266758950910908732e-01 5.388078181154437596e-01 8.942819686611864771e-01 7.170883229604101405e-01 6.083904903287041810e-01 8.687806931529731269e-01 6.311690725676935010e-01 2.531933416298334794e-01
2.968750000000000000e-01 7.106586730108130912e-01 7.337047034965145098e-01 8.347962535520341287e-01 7.894768938050232832e-01 6.920923290617574386e-01 2.156567883007795561e-01 7.811771510245074657e-01 8.002785952086560739e-01 6.658731744566805943e-01 7.726289273985527117e-01 7.088474783531486523e-01 7.940655493845096835e-01 6.021237768312495131e-01 3.595397518766952349e-01 8.409515913515146490e-01 6.628417364265920542e-01 4.465550271333927346e-01 7.504476140505916826e-01 7.319863743550535373e-01 4.241505908965986782e-01
3.125000000000000000e-01 6.421880438024962778e-01 5.961187476902712890e-01 8.503372526021382161e-01 8.636065315697974976e-01 6.556775137139216891e-01 2.387924987311860203e-01 6.865112611323807013e-01 8.318771799802443523e-01 6.334681932015495676e-01 7.597546058173576533e-01 6.593731263133617571e-01 5.166790935235915372e-01 5.529347599646999845e-01 3.726225514634907698e-01 8.980326782926694174e-01 8.587654700877971337e-01 6.680935223686917945e-01 5.642317290383750406e-01 7.248993850254836779e-01 2.480966834334640270e-01
3.281250000000000000e-01 5.928227221275095271e-01 6.346893794647772147e-01 8.431358093430300071e-01 5.413017030670403962e-01 6.389813254215391813e-01 5.320544644623314001e-01 6.963152272194491621e-01 6.873342234668065043e-01 4.872199790441553158e-01 6.057103350012275067e-01 4.219887290338789620e-01 5.009761762693717424e-01 4.905253350512258081e-01 2.655916203887914162e-01 8.375622123122683504e-01 6.333968120772338617e-01 5.215657980440421282e-01 4.692543997924665256e-01 5.980062619490750242e-01 1.168105211668753057e-01
3.437500000000000000e-01 4.255734419265843615e-01 6.673291777662527791e-01 7.727675266026849954e-01 3.677726793124113103e-01 4.815586462647906685e-01 4.473985162764327339e-01 8.033557440911039960e-01 3.446669670320969825e-01 3.118575605700456554e-01 7.187908216737044498e-01 1.239247253714305524e-01 4.002424766744536733e-01 6.135331729908187759e-01 1.064782419106625189e-01 5.978740479118471729e-01 3.256929614810796236e-01 4.365051155546353923e-01 4.030383508848975338e-01 4.682730248891894820e-01 5.370244087307585179e-01
3.593750000000000000e-01 5.930293942155712150e-01 3.206519869827105240e-01 5.990071724967340611e-02 5.707350347921095191e-01 4.472300522487751562e-01 4.995029105509926626e-01 5.114613849796068035e-01 5.437572001819779288e-01 3.213434710297956021e-01 6.238811871233371775e-01 1.923849976751447199e-01 4.975219364507616482e-01 2.316837738288226312e-01 3.036290606465664177e-01 5.860860509740115631e-01 1.183059436137772896e-01 4.594207521102220415e-01 3.206861239793663554e-01 6.554066640576517999e-01 4.967202369338563073e-01
3.750000000000000000e-01 6.311041178991815270e-01 2.571780806094041139e-01 3.610427357304693221e-05 5.623502636433208579e-01 3.826585262536729704e-01 2.082318368594797409e-01 6.139723586322426430e-01 7.089704466959108053e-01 2.963707003174292920e-01 5.144798251884111773e-01 6.323874367234607607e-01 3.491990178613104678e-01 8.366640840493091980e-02 1.086258640098192313e-01 6.151922301464197718e-01 6.624354518201414077e-02 4.783916179432839422e-01 7.402650545885713917e-01 1.785548765640327384e-01 4.577971289768349439e-01
3.906250000000000000e-01 3.769345702370313078e-01 4.629997336634691374e-01 4.769969944120701077e-01 4.668632748260113652e-01 7.325385701728795440e-02 1.044118309998183919e-01 4.210908280969191675e-01 4.083436629581875255e-01 1.519015977955850416e-01 1.486788502842322224e-01 4.151466973690349782e-01 3.770035786745892237e-01 2.800448049038635201e-01 1.846411944952766060e-01 1.887695479628283546e-01 1.339344484017440107e-01 4.218188131002313934e-01 5.831223114693561138e-01 9.866101906953479717e-02 4.390821484371116856e-01
4.062500000000000000e-01 8.687101513300866940e-02 1.055348818538699995e-01 4.398845719540040999e-01 8.775127119001635556e-02 1.327654257220783722e-02 5.100205325670261608e-03 2.346309888431293011e-01 4.455773129707956137e-01 7.279241954885617982e-02 2.445087200096733859e-01 2.378404762430531283e-01 1.992578891044786190e-03 7.943934086322210208e-02 2.509874110356485194e-02 4.229496959630280051e-02 1.590478840535346494e-01 4.369230802504446842e-01 1.493661657272011833e-01 2.781668789156187538e-01 3.111477855880902532e-01
4.218750000000000000e-01 2.560787847765668909e-02 1.989855121556619588e-01 5.357006633180745603e-02 2.035100491797557642e-01 1.629261297658237545e-02 8.031447128938695376e-03 1.214277905192744506e-01 2.715574995356573873e-01 2.034676981192176104e-01 2.786397534894979877e-02 3.424924930623971520e-01 1.869466523291717364e-01 2.364775501498756760e-01 1.600250959698089337e-02 4.220310882099087557e-02 6.300780725631477397e-02 8.490448067823680445e-02 1.428253750971976953e-02 5.803461170993948759e-01 3.433249887485708696e-01
4.375000000000000000e-01 8.865518366568932163e-02 1.890365919719288190e-01 3.701245259311727875e-01 1.727826394194944062e-02 9.520207497859646886e-03 7.969038531415016668e-02 9.883833465095270832e-02 3.307673958276435844e-01 8.026094049763760063e-02 5.670552944492407432e-02 1.645297333172857646e-01 2.009464047920477558e-01 3.690496546649132958e-01 1.097185818856478146e-01 2.139965181654807092e-01 1.606370466129315375e-02 3.673638328596077196e-01 1.632205317191183502e-01 1.604460506175649226e-01 4.287605835558912920e-02
4.531250000000000000e-01 8.952177093333393842e-02 1.146932270506275386e-01 2.423065495299051852e-01 8.659738864744050135e-02 7.190069167924062477e-02 4.570677346666714852e-02 5.483112461383926606e-02 1.528104627316472508e-01 6.160432962483770591e-01 3.797798592861198475e-01 2.927841872069340545e-01 3.274944952039965940e-01 3.243545253371009629e-01 1.424284465747346351e-01 2.351938541684119380e-02 1.405862239061331509e-01 5.201654910430598272e-02 2.175289468155490458e-02 1.075486943021323194e-01 2.518185973308927419e-02
4.687500000000000000e-01 2.819084846810392397e-01 1.816436202197755645e-01 3.362749474939814159e-02 1.065708486490364176e-01 1.096391635435977827e-02 1.452330428566013347e-02 4.898601975239715300e-01 3.003221903310461238e-01 5.362850988013579956e-01 5.603055568109821527e-01 2.344129788891506083e-01 1.347520852287758530e-01 4.152228881113739223e-01 1.493116349309785429e-01 4.031196218032107731e-02 9.403407924839504717e-02 8.275325943779321403e-02 2.411823035695144779e-01 1.034766982990905498e-02 6.853470403687993151e-02
4.843750000000000000e-01 1.256047936502794338e-01 6.883851231260150645e-03 2.248864069047960268e-01 1.733136121569888721e-01 1.021618975673334456e-01 7.065874794907153755e-02 6.292997981127088636e-01 5.850264625101989080e-02 3.413767338409668395e-01 8.681329948484860226e-02 8.134127595717334513e-02 3.009183985631257441e-01 3.420628431311619755e-01 6.014892153095715427e-02 1.261959902767189889e-01 3.480047618982688024e-02 2.771836997808681535e-01 1.604477795319262934e-01 7.798288630060914994e-02 2.267702922601064555e-02
5.000000000000000000e-01 4.948969502157845035e-01 6.225624496353227705e-02 1.135162071032182751e-01 1.718768819032568396e-01 2.731947658687243208e-01 1.897600961802279468e-02 9.833872078341147904e-02 1.584008626415813470e-01 1.111967445836950785e-01 1.760887410704945200e-01 1.430854745321283872e-01 2.744918766885745542e-01 2.697082895707322292e-01 1.330828007080161191e-01 2.731242191013634468e-02 7.196718158440199714e-03 6.389596511611089769e-02 4.598942736171200696e-02 2.640461353605870476e-03 1.088398142491089210e-01
5.156250000000000000e-01 2.250425275934322400e-01 5.256825062181532671e-01 1.854550611034800622e-01 2.187526269012997349e-01 5.646355943791622201e-01 1.139271098195683146e-01 1.529007970698335883e-01 2.369681022066216225e-01 3.431564427173225407e-02 5.384737314457815893e-02 2.973531106724853768e-01 3.993064507338684593e-02 1.802181709505310675e-02 4.331317575635049710e-01 5.397943284344072085e-02 1.119712176195556824e-01 2.715283724802819432e-01 1.869584732478144773e-01 1.035456958302214542e-01 8.012627382079340332e-02
5.312500000000000000e-01 6.945108576089127628e-02 1.598205926810899319e-02 2.868887850369463213e-02 2.138975773739371367e-01 6.855461213017537137e-02 7.523612627311367096e-02 5.465211053319888462e-02 1.411591222783273869e-01 9.702514259551892756e-03 7.636599815168282346e-02 8.369798261371301507e-02 2.543699627543423436e-02 4.254266268000845425e-02 2.323652246695702417e-01 5.695919830348341109e-03 5.696886406688671939e-02 4.842950432202701716e-01 1.842251555209625802e-01 1.766652895928725597e-01 6.576757589430974604e-02
5.468750000000000000e-01 3.069890212990346659e-02 4.358273528263524876e-01 2.724670747351903843e-01 1.070545490924914162e-01 5.137914245468437613e-02 2.599882689434630523e-01 2.187623183230511525e-01 3.534140352696566595e-02 5.827194114557157079e-01 1.763109767040121553e-02 1.693363216287255002e-01 1.664413466036407940e-01 4.967328322599662976e-02 7.534907454472702937e-02 3.251043159463406496e-01 1.922025760405607075e-01 5.227566679061208532e-01 9.463181862129994848e-02 4.729643822748838197e-03 5.993429412999255745e-02
5.625000000000000000e-01 2.777670903733877039e-01 5.492915495899283046e-02 1.704661102938979378e-01 9.049494351205205483e-03 9.253649579622882926e-02 3.200938988908432759e-01 1.377318556807476946e-01 3.679746303310460487e-01 8.509478716587791369e-02 1.044194928488299673e-01 3.557946507383100143e-01 3.066513255558322992e-01 8.277186140915596124e-02 2.188278108040599690e-01 2.207455586272333570e-01 2.638467084009004857e-02 2.552521461389023472e-01 2.054391150878090155e-01 3.198336369380215538e-02 1.749184265376852593e-02
5.781250000000000000e-01 1.353762922487666831e-01 2.097858956723563650e-01 2.647001432206593230e-01 5.027730812971049901e-02 2.031320249025298300e-03 3.017658562969191549e-01 4.257284563465797977e-01 7.878538724022378370e-02 9.215755951814738611e-02 3.710332152089357294e-02 1.657392341318015827e-01 1.206415453212947436e-01 1.899587736012349759e-01 4.296739330379981125e-01 3.840839762835157600e-01 1.205665233706507272e-01 5.810620411063225493e-02 1.036549922840697274e-01 1.456246135995801771e-01 2.423404750183555389e-01
5.937500000000000000e-01 7.182206114267544739e-02 1.434370524159772897e-01 1.612862573835988772e-02 1.469193957035121179e-01 2.527157046554263653e-01 3.478269830032126309e-01 2.563345946634650319e-01 8.684931139242663134e-02 1.495115633703569535e-01 1.464558973716697243e-01 3.283521876414113860e-02 3.822456080452088512e-02 4.105222661040075494e-01 3.153469417713904849e-02 2.780415618550547557e-02 1.011367478035902073e-01 4.073060683328989517e-01 1.305410382384822598e-01 3.605862200850165067e-01 3.615028993251642730e-02
6.093750000000000000e-01 3.829377425220913123e-02 7.060732843016037652e-02 8.208672352731939681e-02 1.955413105769293891e-01 2.438977684651300881e-01 2.173647074839897275e-01 2.710691052962174719e-01 1.136087095967894950e-01 2.215026192491138801e-01 1.828954371118840516e-01 2.029060233612519151e-02 3.983675721774777162e-02 2.051589202188445760e-01 8.733240731820500480e-02 8.854795999821309452e-03 3.448135532804125214e-02 2.152256021771876693e-01 1.575296780523755547e-01 6.582799978395437179e-02 1.121095620099035600e-01
6.250000000000000000e-01 1.451104359461077298e-01 9.621294401088094361e-02 3.720226974464852510e-01 8.046688469250157238e-02 1.723801574608871123e-01 5.232190809755986605e-01 3.750002169550697984e-01 7.316650765076181118e-02 1.923073481834011167e-01 2.815871048185172865e-01 1.168559068552948998e-01 2.014221095859752148e-02 1.021603666317874859e-01 1.506376604972313737e-01 2.000600534936164687e-01 1.570977482859802765e-01 1.224676510533740798e-01 9.373879136748462793e-02 6.800240637150996303e-02 3.652130267021835852e-02
6.406250000000000000e-01 3.150913082334352855e-02 2.157336011947378340e-01 4.185372671509358655e-01 1.183016538405512186e-01 1.677589258033251596e-01 7.088155269075396836e-01 3.426506904186178981e-01 1.114821659295444495e-01 8.982696871371971536e-02 2.848268738591582250e-01 2.370100134093995614e-01 3.591488130466517492e-01 1.698513518951654810e-01 3.526531249181961980e-02 3.000613822408625397e-01 2.937996007783226782e-01 5.937358105327571189e-02 1.606943048712680677e-01 6.983945364062310590e-02 1.617194043612223964e-01
6.562500000000000000e-01 2.206445468305318347e-01 1.142192647441361425e-01 1.112526953987516137e-01 2.793196109306788077e-01 2.258289392453767530e-02 3.068579467084847079e-01 3.377658081575523469e-02 2.678947423486612300e-01 2.838050719028290328e-02 2.142409612653016840e-02 7.082114186828121494e-02 5.320789173304028008e-01 5.713091452422864452e-02 2.271290740485578663e-01 1.315940609670615824e-01 6.853260922545911793e-02 5.846666954954293088e-02 4.730087209766387774e-02 5.749776913541276152e-02 4.147223047307610488e-01
6.718750000000000000e-01 2.467656207747150332e-01 8.208842632855571642e-02 1.140532720385806359e-01 5.512535571428217075e-03 5.530315862688284234e-02 1.030745642891423564e-01 9.373114483018448254e-03 2.293242126057372654e-01 7.527468058537874207e-02 7.215742808595168069e-03 3.727198449081797066e-02 1.443356547080071051e-01 1.444355135032910492e-02 1.577159212263028465e-01 2.006064366504006768e-01 1.035288285515047341e-01 9.508286604868380898e-02 1.552284898253902812e-01 2.005006480215767717e-01 4.746674366381863353e-01
6.875000000000000000e-01 7.161916496960026024e-02 1.471648819503707795e-01 6.922894404670947022e-02 2.914882354504860426e-02 1.318382581927548536e-01 5.188899330930066972e-02 5.935214390597087948e-04 7.635984746808378854e-02 1.668060536562808727e-01 1.869672108595877291e-01 4.286288784745211355e-01 7.711565330250196026e-02 1.348717443369900071e-01 1.975725408207304988e-03 4.190795745471579542e-02 1.722677111976136100e-01 1.412095186651170405e-02 9.215378900125623107e-02 8.851953170982963803e-02 6.372580365904841060e-02
7.031250000000000000e-01 1.906941315723152952e-01 1.924138434210483639e-01 4.235104826209249440e-01 3.542123371255724851e-01 1.818835311062792226e-01 3.376811661095682066e-02 5.776400956674000720e-02 1.119581350543460418e-01 5.588864178791618648e-02 4.184590355178085530e-01 2.520162208174712704e-01 3.879794621749388939e-01 4.716089694478479977e-02 5.163010575025403157e-03 3.196475798737153928e-01 1.473400492568708586e-01 8.417760712040275525e-03 1.255579713343071835e-01 3.928801285665423776e-02 1.527808447048798202e-01
7.187500000000000000e-01 2.618180857209365456e-02 4.736688948014059798e-03 4.320412827107837916e-01 1.153656465916663015e-01 1.857653164770228099e-02 1.048238533710996040e-01 2.302338181453549362e-02 2.127028801107863354e-01 2.622667182655964990e-01 1.073555076127924966e-02 7.671676236990477259e-03 1.792622776392383821e-01 2.459247509905308215e-01 1.165033003556504576e-01 1.431022519496781380e-02 2.661236983840962744e-01 2.966449268980465570e-01 1.102891250088221531e-01 5.483684291505916408e-02 3.453933773174502897e-01
7.343750000000000000e-01 1.118556872433133786e-01 6.227893658523990517e-03 3.903687726326100504e-01 2.197249673095744149e-01 1.874769201607581204e-01 1.754545944769811960e-01 4.865958205454868485e-02 3.609376475505719079e-02 3.534870252354505582e-01 3.238324482694661111e-01 5.219159571372212342e-02 3.074651758838976567e-01 7.927269737479988865e-02 2.672888504010574318e-01 3.142945947946810259e-01 2.262425117447005030e-01 2.617029318414071937e-01 8.228713929557888995e-02 3.110655907902688533e-01 5.273653289823654333e-01
7.500000000000000000e-01 1.829785586619898097e-01 1.690132927041293198e-01 2.662431679009083507e-01 2.019238979192737315e-01 3.099523786820886362e-01 1.178288648804485805e-01 2.574291722254137271e-01 5.508813075288008371e-02 4.870870852623818692e-01 2.454861935471426282e-01 8.298013179256376326e-02 1.553518062254413135e-01 2.111313600407062341e-01 1.287932149596994758e-01 3.354446794399876947e-02 2.371503764160477479e-01 4.562316947254439065e-02 7.898271488423802555e-02 5.958651680634077102e-02 5.225059261195127425e-01
7.656250000000000000e-01 1.437231504890960077e-01 3.637865099555054414e-03 9.226187836457271779e-03 7.548962243796678365e-03 1.244634281236611933e-01 4.344340188661043045e-02 1.001939303208946447e-01 1.999461413493326678e-01 4.887981689290240433e-02 2.265689317926179447e-01 4.132891024426378623e-02 1.433308459887943087e-01 4.464212169347463871e-02 5.861310538497908895e-02 1.922625148198789935e-01 6.476445043803680246e-02 2.045011808185942873e-02 1.445793066775667712e-01 1.800180969565104705e-01 2.931856680351470346e-02
7.812500000000000000e-01 4.197522370535571867e-01 2.007948077235411077e-01 2.082578311887262057e-02 1.832157693643585716e-01 7.878197850982135431e-03 9.410410421699562378e-02 2.494326425778615464e-01 2.675144511924179014e-01 6.329259270487493094e-02 1.935480885047414223e-01 1.141456822468707027e-01 6.399055686919535857e-02 2.229462159059652226e-01 1.537084394715302615e-01 2.556085987996926656e-01 6.642619587965296890e-02 3.481686626432335396e-01 9.842190654487406598e-02 1.803205730693680509e-01 4.367694816435109539e-02
7.968750000000000000e-01 2.396298262237376783e-02 2.896834488513270744e-01 2.859923734754764024e-01 4.075585745309522334e-01 2.192824543943356908e-01 5.361688521103195881e-02 1.168087731315759770e-01 1.075342710234061284e-02 4.705633363932255897e-02 2.000806696307433075e-01 2.510018153161763244e-01 2.530248347483302629e-01 5.495796326912270185e-02 3.583301738936830461e-01 1.098252079418859939e-01 9.944837276075296773e-02 2.722355592790514645e-01 8.138600945431502531e-02 1.714317218580315161e-01 2.756751409094413546e-02
8.125000000000000000e-01 8.737211230697045083e-02 5.716993644926852275e-02 2.830251431348601021e-01 3.694697295689477468e-01 3.823541261808787728e-01 1.871860715887262439e-01 1.622662541720470974e-02 1.291663922886361893e-01 5.802429404069699842e-02 2.305169077069191552e-01 1.960786930899672750e-02 4.517974914370895267e-02 6.191069221522400856e-02 3.395259229370131693e-02 1.564057194092801362e-01 1.448886927955318760e-01 1.523558623822428293e-01 3.688877885262020762e-02 1.893481526728360009e-01 1.394397681902587727e-01
8.281250000000000000e-01 2.130532300829490466e-01 9.995768708974148153e-02 8.630603477529719125e-02 9.939868789023117990e-02 2.339965124021733955e-02 3.113998522610099684e-01 1.372034193562040039e-01 6.611229650071109853e-02 1.821341597474306073e-01 6.578264694017905978e-02 3.740677995389209975e-01 3.719345584991829573e-02 5.994178211400355560e-02 2.944972009405804059e-01 6.444976732446014434e-02 1.317544095965474463e-02 4.399765254854474950e-02 1.797370452414686071e-01 3.687528456957982984e-03 7.926760581078136358e-02
8.437500000000000000e-01 3.757310994842067431e-01 7.864381262374334214e-02 5.814779686438674433e-02 1.036329178904324133e-01 1.273936892565412093e-01 4.785932616787463151e-02 1.054342090957390426e-01 1.239452331992962481e-01 2.475828997349702743e-01 5.264588858990650044e-02 3.122345848497722898e-01 4.555083426902243326e-01 2.451787636339835055e-02 4.896894594181366300e-01 5.488828602506344578e-02 1.415118131644314825e-01 1.829704888695415921e-01 5.255647168420134185e-02 1.189301728269752945e-01 4.366383578578146574e-02
8.593750000000000000e-01 4.458847907491529372e-01 4.500375997404158779e-02 1.293980973471686897e-02 1.195088812174441642e-02 4.282080554163297456e-03 3.974583158289465845e-01 1.744487518510604712e-02 1.277112552957826719e-01 2.135588885789676400e-02 1.208260819781700052e-01 1.252249224250773507e-01 2.658179732770857839e-01 2.446430880938911534e-01 2.843153559469248637e-01 2.462657694940021888e-02 4.088483473734814272e-02 5.056359700594500323e-02 1.493174089124481019e-01 1.709470756705687711e-01 2.328180912975147954e-01
8.750000000000000000e-01 1.132251780322070245e-01 2.388999646021078629e-02 4.357185877520551587e-02 8.983401383360922754e-02 9.066116675105569470e-03 6.581469447115232407e-01 1.163407374299238878e-01 2.586323678184031527e-01 3.735136008018545839e-01 1.540228116304071838e-02 2.319397266274394187e-01 3.264910645037428227e-01 6.328330935348398800e-02 1.328561940521193474e-01 3.352122733459990123e-01 1.615442333107476591e-02 6.160235037471555319e-01 2.781390514650952106e-01 1.594081947755154327e-01 9.982125720111399703e-02
8.906250000000000000e-01 1.955449419606297146e-01 6.579088113693788709e-02 2.417087510428645447e-01 1.781446044429450537e-01 2.021565104217027953e-01 2.793797631101330864e-02 1.525463043539541375e-01 3.495047427166109860e-02 1.289120853695074898e-02 4.250843801200462901e-01 1.164661858301471453e-01 2.047836202551174822e-01 1.152902679109453904e-01 5.656041052466661417e-02 1.583348321246866031e-01 2.719333558029599085e-01 9.779560126779711371e-02 4.506642235680305419e-01 9.795279037902229757e-02 6.812288873927700716e-02
9.062500000000000000e-01 5.040151538419409410e-02 1.552346371886959564e-01 5.201080589478673799e-01 3.648890117668922017e-01 3.043918097830915909e-02 1.544459712430732989e-01 9.970263432633096057e-02 1.016961166704902393e-02 4.270579575627195812e-01 1.486744942274124959e-01 4.469472556213346937e-02 2.730383774417330031e-02 7.788869722231323012e-02 2.292955014754917767e-02 3.180785879659373538e-01 4.248406016306362221e-02 1.204769937073406211e-01 6.939166813794975242e-02 2.677920752022424633e-01 4.114178316488240061e-02
9.218750000000000000e-01 2.587654549974179735e-02 6.247382723000772797e-01 1.074991612914514699e-01 2.936337699733146955e-01 1.786836276597838580e-03 1.819361564372735940e-01 2.992612373535772155e-02 1.735379533554563120e-02 2.739744796895270951e-01 6.435541885393449013e-02 3.481490340970938568e-01 1.164430082680100592e-01 1.545852105564763102e-01 1.458274037846153115e-01 2.827362312685288356e-02 8.011092781682273289e-02 1.823974156503664623e-01 1.927598779702111020e-02 2.090470384453551600e-01 4.306585489439953424e-02
9.375000000000000000e-01 2.548896569430380427e-02 2.419710871864311774e-01 4.509269894992891103e-01 1.563512054697106801e-01 1.673782598699130597e-01 1.292994868152831933e-01 1.180273065361828050e-01 1.301488302431567379e-01 3.411841891614250111e-01 6.559523980444198488e-02 8.997943238656391785e-02 4.506110232608484534e-02 2.012015953861657214e-01 5.804298653274326397e-03 7.290802821841428638e-02 1.858479509198810720e-01 3.848721081663345617e-02 2.226739458194618854e-02 4.811480173061457588e-01 9.824273381991299736e-02
9.531250000000000000e-01 1.602367764320409005e-01 9.538577605300115059e-02 2.569114837434269827e-01 5.569051570842716015e-02 2.189986838156816606e-01 3.289076302173309929e-01 2.078829206949644459e-01 6.578908907086570418e-03 1.420332841627527376e-01 1.817041962081044071e-01 7.056651954516986007e-03 1.183229309424847636e-01 1.585320871975846591e-01 3.089471102957103699e-01 2.809472502291633991e-02 2.489369570147885805e-02 2.765640577845565259e-02 6.675375958600530436e-03 7.106628618224428151e-02 3.293832260125390682e-02
9.687500000000000000e-01 2.186958713698782253e-01 1.533783830589681152e-01 2.812493766211316970e-01 1.522992877454937277e-01 2.939222567479822246e-01 2.711986051765655562e-02 2.137810007884817787e-01 9.494379832617616533e-02 1.155513372912989056e-01 2.109571862382061611e-02 2.761682438007746487e-01 2.927083248301982563e-02 2.331868100716512696e-02 4.638796840393119569e-02 3.671341176812679269e-02 5.224344752230189459e-02 5.537849612607273486e-02 2.450104115906070676e-02 2.025876224307112117e-01 1.347827149714750095e-01
9.843750000000000000e-01 2.297078176546933637e-01 6.895859275391076626e-02 3.182524838319358285e-01 3.407711625769326846e-01 1.787843930676795701e-01 9.078262895785296771e-02 2.692524847855561412e-02 1.450397066777734945e-01 1.864300698092561659e-01 4.396270237910557439e-03 3.664901071173221059e-01 2.455340027952012533e-02 1.015004763453449671e-01 9.574581712661905941e-02 1.977257964152823178e-02 1.009497674083063498e-03 1.173638353873614898e-01 1.593390337259711909e-01 3.292457869950664584e-01 3.008450407770925095e-01
1.000000000000000000e+00 4.119512848469619043e-02 4.713744928331407846e-02 1.303333779376498504e-02 3.298794525422592550e-01 1.709212548221904771e-01 5.722642971461594508e-02 5.243810907022755652e-02 2.263500637261816051e-01 2.223338230297904894e-01 8.108983601419757214e-02 1.392268075698556984e-01 6.470687803019441187e-02 3.357647957077339752e-03 1.144651012497655412e-01 9.762071514489602253e-02 4.551800230284006044e-02 2.793241270443617696e-01 1.288447586434631476e-01 3.985794512106847765e-01 1.070605168630022058e-01
1.015625000000000000e+00 7.874830446133568654e-03 1.383478013858618072e-01 2.746443737219670944e-01 8.585510449473662820e-02 5.713717128852425775e-01 3.014218888773297512e-03 1.355323438064117980e-01 1.238314738016701999e-01 4.734176670889137309e-03 2.503643142245894904e-01 7.300863556592786241e-02 1.427508986727592244e-01 8.417502911757003548e-03 7.802662575984693760e-02 7.412406107510493419e-03 5.204466055362281379e-02 1.476535366412309314e-01 8.435941273306951649e-02 1.341302789988096933e-01 6.528394129309766925e-02
1.031250000000000000e+00 2.828996868025808187e-01 1.631995555089666705e-01 1.605263973853189030e-01 1.202528515603586839e-01 6.235510594280335717e-02 1.018227982909380575e-01 5.344075031869729986e-02 3.048638158026991118e-01 1.037991961017436238e-01 3.357655631479032621e-02 3.272198655166893011e-01 5.893902065845205707e-01 2.047699486663505375e-01 4.519075470795012178e-02 7.092163362571240678e-03 2.052175965098199974e-03 6.105064272891914945e-02 2.107221684611222390e-01 1.169003543310679835e-02 2.417318902321425045e-01
1.046875000000000000e+00 1.064173117039223931e-01 9.458803030020451752e-02 6.391361501606622475e-02 5.133763015497935789e-02 4.828549388395252800e-02 8.986280559389206099e-03 4.004429978083929309e-01 1.410310290107900065e-02 2.635048594324122528e-01 1.280201127310695852e-01 8.457261078830570489e-02 2.264359959433067948e-01 1.097180218116195621e-01 4.999408888871055556e-02 2.356845012375375359e-01 1.302070520003131004e-01 4.514467492791857973e-03 1.433347623947868466e-01 1.386682440466948663e-01 2.275017862991307871e-01
1.062500000000000000e+00 2.092543028577662501e-01 2.266651764286862353e-02 1.777959117495284125e-01 1.283516699059011057e-01 1.208134508808903357e-01 5.434399903433010520e-02 7.192639068531836433e-02 3.838294389340463075e-02 3.038643391774018682e-02 5.513053493247530024e-02 3.251906192435026210e-01 1.013280770406076725e-01 7.065264459861619883e-02 2.142565904435286550e-01 9.081788629856092643e-02 6.286411526769720703e-01 6.552905721846603859e-02 1.242199781565525296e-01 1.084519678743623983e-01 1.353391703826961057e-01
1.078125000000000000e+00 1.125171221821638229e-01 1.304767813833020984e-01 5.350852164623395163e-02 1.010200558606584448e-01 9.923517961365059536e-02 3.903265702325647291e-01 8.386457443584612124e-04 1.223697850117667074e-01 2.886495414910639212e-02 3.965526157715345557e-01 2.112459528893749217e-01 1.307226825104437773e-01 3.673491535763810378e-01 4.692209473012143861e-01 1.026451056734792033e-01 1.966863693805677160e-01 2.456264682324874604e-01 2.299330080058227532e-01 2.472503647954716333e-01 1.096523028140880263e-01
1.093750000000000000e+00 1.142260731973501336e-01 1.826497842711307384e-01 1.356613097437437687e-01 6.285501293531320366e-02 2.180438826294145704e-01 4.194682468867925312e-02 2.321200558599915975e-01 9.688094204686403810e-02 6.076317417970537177e-02 2.611852285306324739e-01 5.848389954961442233e-03 1.199016433913107221e-01 3.590586634987476544e-01 3.369505657671549581e-02 1.515858469895424721e-01 5.055791743868695010e-01 7.309294227571330738e-02 6.850672655668244015e-02 8.345684589536947473e-02 1.395902989034761288e-01
1.109375000000000000e+00 1.863304966581341357e-02 3.072140623777247156e-02 3.467118989430132969e-01 6.494754053174302266e-02 1.151021108244899144e-01 8.042813732474127231e-02 1.374764591374542100e-01 3.753794989488275224e-02 1.070247786713676291e-01 1.699489473223241010e-01 3.430066666094521710e-01 2.550621276893538097e-02 1.131039708134958521e-01 3.744037321155458536e-02 1.361282494106455798e-01 1.216568021283362250e-01 5.589623012578132100e-02 3.578935402688491196e-01 2.600931359534623954e-01 8.652515905311658484e-02
1.125000000000000000e+00 2.137517613328198951e-01 3.680035121134119652e-02 2.046169794696237054e-01 1.288475078848365096e-01 3.983987644593125002e-03 2.865205500018472642e-02 3.059764270433091293e-01 5.927076396497002464e-02 1.205809298080944419e-01 1.101593258915705420e-01 1.510282647054753402e-01 3.304693655898106597e-01 4.264686170094804663e-01 1.704191625133115173e-01 6.360954751590144896e-02 1.699227849876724650e-01 2.083626259087099572e-02 1.051127987408042308e-01 5.780254343355309965e-01 1.908225174158806881e-01
1.140625000000000000e+00 2.311042227127963200e-01 1.068999164362119531e-01 1.176761499732502797e-01 8.679968823720704552e-02 2.715515903343979423e-02 3.834829418530961292e-02 1.833585041359440393e-01 1.121946288861623425e-01 1.998885981939270418e-01 1.613386523564487585e-01 7.504254723086956069e-02 8.659150957515421299e-02 1.689148893221071035e-01 4.446275358400637173e-02 4.003397041508940379e-01 5.864465690171443563e-02 3.645115547896253805e-01 7.643951454560643510e-02 5.830228690402348146e-01 4.683228868118220478e-01
1.156250000000000000e+00 2.180131472925810332e-01 8.820431825822405572e-04 2.301351699655636990e-02 1.164666682203037845e-01 1.915086703097861609e-01 3.075289599766570930e-02 5.624835919217673237e-03 2.455588166230403269e-01 6.472846478957046401e-02 8.483128772146618368e-02 2.860690855570588442e-01 3.796826437395775522e-01 4.046414974619695348e-01 1.026869696908634388e-01 1.522325728976952619e-01 5.974022582870394671e-02 1.744364582939295083e-01 7.458968427849097145e-03 2.010678862166349612e-01 1.126695245196543821e-01
1.171875000000000000e+00 5.213316725774828075e-01 4.738502896947804216e-02 9.665602075521036174e-02 1.209133841148936628e-01 2.069022094708082224e-02 7.613875642951592471e-02 2.112018730541241895e-01 3.335570888032846071e-02 6.573348482141121163e-02 1.569364641201833332e-01 2.607900345164438360e-01 1.449840447177014324e-01 3.888231132738202422e-01 1.206678529988099852e-02 3.957062806415968803e-02 5.396472668898884967e-02 2.099844276190100945e-01 1.832725755142595447e-01 3.078172310524504574e-01 1.741300657415681061e-02
1.187500000000000000e+00 2.765959228925605196e-01 1.171148061862060386e-01 1.338138450884460706e-01 2.037901184068892646e-01 4.891383537837470930e-02 1.987792888173576036e-02 1.486313610607278013e-01 8.081346956529586456e-02 5.202025099263883623e-02 5.166808603442942655e-02 1.382143958344888013e-01 9.404799244364668576e-02 2.715262499938309038e-01 4.922799209027826223e-02 1.926748025250343832e-02 2.879772071018258939e-01 4.161382944580495069e-01 1.507992270573797200e-01 1.408700202736843377e-01 4.844621283629293312e-02
1.203125000000000000e+00 3.902366599304180061e-02 9.964533860026301287e-03 2.775451494283839859e-01 3.059780631952349617e-01 5.808661290439942615e-01 1.786751130575810753e-01 4.658219632469079441e-01 2.164491506258744147e-01 8.243648597637391606e-02 1.340154848613651362e-01 9.766999418088287421e-02 1.967708457480166762e-01 5.584820321387484049e-02 2.132739744715682687e-02 3.447243751952785984e-02 1.232232409658740035e-01 1.174910567381347998e-01 1.683585875355276262e-01 9.792969256357458852e-02 6.505440426625033745e-02
1.218750000000000000e+00 1.252488119029978864e-01 1.864634627892278185e-01 2.367279963692229539e-01 8.867080386317316432e-02 3.226852307617461002e-01 1.084494924295121079e-02 3.999533956771759158e-01 4.482129085403862567e-01 2.110450819552178031e-02 3.113076125664619442e-01 1.072961179823071938e-02 4.330481126896815747e-01 2.642988570683554306e-01 5.022401364376048727e-02 8.209062417197612871e-02 3.390422142104981829e-01 8.677641131955578235e-02 3.134394653572652317e-02 1.377141619953340668e-01 1.398947828484768952e-01
1.234375000000000000e+00 2.798064120256517628e-01 5.652049904086898779e-01 2.179081264470807966e-01 5.313116214045503216e-02 7.397199165491334660e-02 1.413122314826747994e-02 2.449710128039163382e-01 2.121097819441481735e-01 3.988345605151087658e-02 8.694767079269211107e-02 7.897759460908947149e-02 3.926846703359799240e-01 1.100149149170153856e-01 6.130704945962989205e-02 1.560590459341569813e-01 8.091503272321934337e-02 5.275829454121960804e-01 6.232175608311773390e-02 2.297052134247329069e-01 1.237592303369215857e-01
1.250000000000000000e+00 2.176715716372095433e-01 4.718828697658855598e-01 1.472851185360949389e-01 5.303582915398830089e-02 2.230732425493720805e-01 1.901386945086581681e-01 4.965283664317510920e-02 1.995647638812611448e-04 1.317674772557932417e-01 9.911449510622294401e-02 1.873882479727932426e-01 3.821784296022084915e-02 1.435113910420969530e-01 1.503688389652319546e-01 1.043909037915128624e-01 1.233626384417150015e-02 2.666861169316230851e-01 3.451447992890520518e-03 1.745456164876657210e-02 2.369324347684279852e-01
1.265625000000000000e+00 2.930538044533362134e-03 1.433747324901499809e-01 2.681045684896951053e-01 2.490489299266630818e-01 2.197309653983815225e-01 1.459627978221759437e-01 2.174335289898020329e-02 7.098899572501003730e-02 4.086875539552450864e-02 1.818890489805956301e-01 1.646025760384364767e-01 1.036361941762320993e-01 8.469517356024004739e-02 6.465191173880704967e-02 1.143974141398481498e-01 7.481978385995863290e-02 1.612290427304947371e-01 3.079907395274376555e-02 1.395698205800136316e-01 1.218268045313747328e-01
1.281250000000000000e+00 1.808095397866266510e-02 7.164931040638314319e-02 2.015756254302553951e-01 1.407035296587930695e-01 1.832861962415423540e-01 8.949208221392869478e-03 7.157477037948026255e-02 8.156229799140575845e-03 2.797198221725173961e-01 2.189335013722131795e-01 1.953938057843855880e-01 3.537835293580745555e-01 5.896622798161024748e-02 4.003687381466920769e-02 4.058929965632031012e-01 2.086412932062229053e-01 2.486539689966027825e-02 1.823290205001267539e-01 4.605443598917825787e-02 2.581050216005444445e-02
1.296875000000000000e+00 2.208725687433855597e-02 3.815917670790083815e-02 2.615804651253319513e-01 5.091243904441382362e-02 5.698027294384046260e-02 2.903281699570203767e-01 1.053579908985553260e-01 3.979712434113021058e-02 1.934709467953553072e-02 7.907046575611191563e-02 4.036196069781856077e-01 8.321668720111509432e-02 1.629305231971649726e-01 2.039945347460110081e-01 1.312678260794541973e-01 6.937847530406655860e-02 1.392978503955408787e-01 3.316804600679858495e-01 3.091436720269714611e-01 8.974290856510841463e-02
1.312500000000000000e+00 7.951824744135575773e-03 5.009748314751147902e-01 1.793798623349346921e-01 2.234305151302150849e-01 1.102590619249955856e-01 2.662111711939746383e-01 6.076398684883912993e-02 8.982203242137552779e-02 9.010210494706925866e-02 8.598524420227415810e-02 2.619184595854470721e-01 1.449136568080746090e-01 2.703362811068012461e-01 5.858662006947237266e-01 9.165934235460521107e-02 3.642265557441518725e-02 4.196797281588268008e-02 2.583040090648487941e-01 1.498739043251904601e-01 1.150164327457756513e-01
1.328125000000000000e+00 1.225452694005945975e-01 1.956263279328002980e-01 6.262138101904677345e-01 1.152569929548975108e-01 1.487124559922455569e-01 8.952613186028079983e-02 4.254522900923718987e-01 4.049839645326373111e-02 2.465161365423100825e-01 1.018035112559087935e-01 3.571134677242087524e-02 2.280518605003823418e-01 3.689265452672012002e-01 3.805055369952233257e-01 3.994515770235347318e-01 8.150371076232976186e-02 8.619284903990034885e-02 2.923450591405439211e-02 1.094962105754918452e-01 6.993570149828430838e-01
1.343750000000000000e+00 7.945853464119874421e-02 4.964577693143185089e-02 4.066024612091244661e-01 2.116714880631799245e-01 4.845767986233978641e-01 2.749949716490719953e-01 1.456516564050117368e-01 1.730474685253456379e-01 5.639852860726689288e-02 1.754437957347727145e-02 8.598587665635214206e-02 1.645039387297848876e-01 1.740926076962543145e-01 1.607873807365950425e-01 3.829146503458751294e-01 1.428821394458283378e-01 1.616605554998808980e-01 9.578683393450407313e-02 3.348138753133095835e-01 4.330918804236837949e-01
1.359375000000000000e+00 2.331414584891273456e-01 1.138537954433072319e-01 3.062358786498083352e-01 4.637754402868544956e-02 3.170747447733867075e-01 2.521031501783808082e-01 2.373174238748625986e-01 4.363416070637307631e-01 3.926029844084986259e-02 1.749780017305336832e-01 2.618411495827983049e-01 1.491393310550391260e-01 2.609539302479734202e-01 2.529839540257548119e-02 1.800668601533534363e-01 3.062384006889217192e-01 3.658880379999140398e-01 8.662160217446678023e-02 4.847739753503334248e-02 8.560227779317526597e-02
1.375000000000000000e+00 4.666481886522130113e-03 5.333800300575934905e-01 5.329211212889735094e-01 1.798236545159438426e-01 7.202129282964461754e-02 3.872569427356418320e-02 4.134945818771584292e-01 7.470431198566507280e-02 2.332358806600754453e-01 1.847092574283615285e-01 2.667295905446719906e-01 5.878226494343846698e-02 3.013458481822567717e-02 3.695408781572886991e-01 1.530962272758275566e-01 4.773037186659080666e-02 2.645732693300006586e-02 7.040472461049332442e-02 5.811421804337223163e-02 3.891387935621450356e-01
1.390625000000000000e+00 2.231975562486389342e-01 1.604153321923273146e-01 3.758830972654157720e-02 3.351778748729108363e-03 2.086251621951991375e-02 4.055508161754126789e-02 1.229550100203121166e-01 3.135325203113302206e-01 1.479077149953527681e-01 2.523667028133001408e-03 3.826573286692736692e-02 1.553814555339155246e-01 1.185939038858395828e-01 2.859811112583950099e-02 5.880646388766479910e-02 8.238972054559227931e-02 1.014335056465868745e-01 1.762221631586332327e-01 2.437883190357291729e-01 2.297460361976395860e-01
1.406250000000000000e+00 2.224312908126740707e-01 9.635331821545427278e-02 2.217680159307809304e-02 1.613398773061533453e-01 1.969924101577755493e-01 3.629013804298438645e-02 1.059865484559453647e-01 1.142180398476810160e-01 4.908177143293523664e-06 8.674927602024806728e-02 2.800281996385364236e-01 2.164322553477490349e-02 7.715299246487596074e-03 2.419943652322364969e-01 7.209352774318127446e-03 2.588860529476733757e-02 2.666004032760969644e-01 1.795607629642761160e-01 5.667758272614227266e-01 1.917894527797912585e-01
1.421875000000000000e+00 2.385374759347371962e-02 1.935176827813042399e-01 1.267174663501460796e-01 2.826409897684343808e-01 2.181975440806378785e-02 1.458779414813008712e-01 7.232773226883749962e-02 1.415507113010832374e-01 9.787217437804630882e-02 1.165057576125763800e-01 1.704298926717228574e-02 8.801331212868917717e-03 1.296886124527812760e-02 3.540917317411694798e-01 5.796528052148185867e-02 9.291239413813491554e-02 4.122756078904799004e-01 1.247897305903435949e-01 2.562216935780706750e-01 4.139960004477691996e-02
1.437500000000000000e+00 2.958814553115417523e-01 3.296840171288919485e-01 2.272946253215833989e-01 3.585150754624791963e-02 2.247948108130597422e-01 1.281272954392776442e-01 4.844607406927682602e-02 4.350767892499448480e-02 9.698613576610478140e-03 2.381102719857177419e-01 4.078494817747696510e-02 1.238152762153000158e-01 1.179912758216423996e-01 1.775898576696875383e-02 8.700587643014798256e-02 4.114445403590108810e-03 5.367070948493191107e-01 2.298127420904426399e-01 3.693715483970250180e-02 5.337070714593685622e-02
1.453125000000000000e+00 2.815590698730907615e-01 1.050228818212436688e-01 3.129226664277883208e-01 2.782650291337884219e-01 8.791758942913403818e-02 1.405580204328489013e-01 7.516974972476833661e-02 2.586191057418117667e-02 1.837699380912614644e-01 1.368508574486515805e-01 6.121412403396588736e-02 2.846400247189491139e-01 1.851410016015254609e-02 2.099988605926866037e-01 1.052103932551798487e-01 5.475791506127662689e-02 4.980977345999978989e-01 3.631886989082249162e-01 7.446115370138924883e-01 8.565948538084160180e-02
1.468750000000000000e+00 9.044105831312809762e-02 1.690412279785713512e-01 1.496565918428511277e-01 3.773209194278494549e-01 2.842387411686780330e-01 1.980108533165711171e-01 7.997132113467499137e-02 6.222994339239927737e-03 4.845171323673395924e-02 6.780657849864629716e-02 2.467228923024200327e-01 5.799880561509048738e-01 6.841199439479923872e-02 5.170270073689890999e-01 1.286248003008250984e-01 5.296604684797347889e-02 5.346057415137653313e-02 5.129656686926170606e-02 8.253816669144259377e-02 1.416183063914655538e-01
1.484375000000000000e+00 9.343771182207577519e-02 1.025884948706656530e-01 1.139161085574314988e-02 9.809899149065970034e-03 2.087569833361996308e-01 1.199745858579335557e-02 3.905649653482346634e-02 1.768610764035958016e-01 1.954273554307221078e-02 2.438216101503890704e-02 3.458444276878489543e-01 3.300167084148211694e-01 4.843794444821111211e-01 5.139460843742720275e-01 7.864954706640524262e-02 2.711612662438158683e-01 4.023058723087363092e-02 1.524316006153459135e-01 2.553829147642081715e-02 5.440953619004916444e-04
1.500000000000000000e+00 4.769357353855434578e-01 3.361126306623609117e-01 1.787412013118165055e-01 4.829159474107645456e-01 1.934257496418777811e-01 6.096903483684635444e-02 7.187708757062170883e-02 7.559484026916522825e-02 8.681579364996211412e-02 2.899444056515525919e-02 3.984971787318072195e-02 2.000232427478645658e-01 8.907682672995237763e-03 3.218497052779092371e-01 3.914084715783395230e-01 1.863797534382677368e-01 6.315010608206388099e-02 5.643953278625486042e-02 1.167758062432730920e-01 3.583054458999898606e-01
1.515625000000000000e+00 4.699911227634908095e-01 4.429598400921342521e-02 3.091309351578345188e-01 6.691450332399299927e-02 2.144141855414436748e-01 7.527584995704834914e-02 2.033534112925725612e-01 3.460179201508124525e-01 6.818429968015195242e-02 1.367023306496497129e-02 2.571422468423342211e-01 6.247640167325162197e-02 1.956156163970168838e-01 1.712357905958600268e-01 6.349577105122226894e-02 4.950230440866754816e-02 1.499116104133849936e-01 1.266506094674045113e-04 2.184682300310956393e-01 1.912648719348255394e-02
1.531250000000000000e+00 5.145414854666506554e-02 1.396974336849264031e-01 1.512063081402675035e-01 2.668482479856917888e-01 9.181492308476857378e-02 3.433928418753857126e-01 2.239711449707574020e-01 5.616905726685874484e-02 1.355961474722608695e-01 3.424896446326553545e-01 1.748406220551505519e-01 1.232679927346787135e-01 2.678406020752482353e-01 1.356107784002512362e-02 5.562542868997689266e-02 1.924839221537369069e-02 9.926048638110998579e-02 9.711765510956561764e-02 2.587148954221885622e-01 8.304839950233200430e-02
1.546875000000000000e+00 9.036515890891058667e-02 3.616274877416529240e-03 8.865632310152662954e-02 3.034883112810078387e-01 4.896939454638195299e-02 3.669730341947688435e-01 7.168156597254919660e-02 1.038470553842356647e-01 4.642416966349919433e-02 8.395555400998923334e-02 3.725214643233001333e-01 1.389782003833792926e-04 3.246346720351380721e-01 5.854908025471216096e-03 3.550649973941136794e-01 5.203964457708041766e-03 1.859290122509517085e-01 9.433147469828818965e-02 9.832545933809312688e-02 1.628571721285168028e-01
1.562500000000000000e+00 1.634467419875744454e-01 1.800681372201894115e-01 2.158735997442284837e-02 2.163208203031304622e-01 1.091203336163474452e-02 5.665475536264624745e-01 1.245940787897706868e-02 6.996543404109005493e-02 3.515849905909325390e-02 1.839125859122138218e-01 2.309641988658280021e-01 3.888809861139916335e-01 4.675784823921945166e-01 2.082056343695935230e-01 6.396162320477011276e-02 6.948547268081677053e-02 2.500631916657298226e-01 1.857080861834705665e-01 5.179783867969765809e-02 4.242879498119368764e-02
1.578125000000000000e+00 6.124017485920490306e-02 3.072491204858561198e-01 3.958107085138104671e-03 4.031942353601018075e-02 5.654528591973647517e-02 2.365901352840304450e-01 1.788216824359717128e-01 2.217180999713326550e-01 5.394798169542392580e-02 8.665003917483250773e-02 4.501685457031726623e-01 2.088876425233847922e-01 3.296363177464737837e-01 1.846574125044427028e-01 2.074010046021739981e-02 1.029785203378029423e-01 1.860822054747893750e-01 1.583264604377958296e-02 5.985210998100145424e-03 2.152430876594754738e-02
1.593750000000000000e+00 1.827417992041301988e-03 1.149062391786751514e-01 1.185118878533586578e-01 3.485365454298002263e-01 1.393868177204795333e-01 2.870124045270198154e-01 1.448488655403328274e-01 2.227965816087906781e-01 1.145052017732211824e-01 1.034000088127828981e-01 1.373738524693879637e-01 9.621760263698135585e-02 1.315908468132525877e-01 4.630209528680928610e-02 3.437710471574669246e-01 1.927959089683627461e-02 8.208782244392420768e-02 7.001283884588614670e-02 4.034404338700486869e-02 2.300896504259616546e-02
1.609375000000000000e+00 1.153586974385031605e-01 1.006093067492172671e-01 3.694838507868692945e-01 2.200348153439697640e-01 4.857219395736216833e-02 1.339056307365228959e-01 1.965633948282203836e-01 4.974598528398057468e-02 4.027401932163057197e-01 1.786343626076925262e-01 3.649326999019378848e-01 1.000735106834817062e-01 4.326386752967913418e-01 5.501326768505897247e-02 3.661204461695135581e-01 8.500679056583502341e-03 4.330039833326702059e-01 3.095537423436148794e-01 5.786252160832464769e-02 1.526385956541761457e-01
1.625000000000000000e+00 1.445381092552431024e-01 3.249403626710460347e-01 1.723103009808235608e-01 1.647277406633158511e-02 9.124790078577707519e-02 1.043606959178323690e-01 3.733025110031337745e-01 3.990276524071451614e-01 2.118943912860591638e-01 1.955192769929125773e-01 1.886475574498470975e-01 2.507390386740435684e-01 6.981017208487805270e-01 2.318003959636186773e-01 1.033052616089488313e-01 2.731025895972319373e-01 6.562637109390224710e-01 4.388996962341955577e-01 2.826986109606047237e-02 4.012767423445026682e-01
1.640625000000000000e+00 3.282286819728022498e-01 3.911874529170374371e-01 2.918962972907663267e-01 2.429104696660501495e-01 1.955502877111235938e-01 4.856295153646417867e-02 1.427687664184208727e-01 1.508647894190194294e-01 1.378790527437129786e-02 1.285709622474314195e-01 4.644340225536181151e-03 1.820251053556973253e-01 3.708388737470293406e-01 9.951254822310687254e-02 3.577798259311792961e-02 3.002287147209799500e-01 9.026103847872969654e-02 1.864302803880849013e-01 9.581357362986961390e-02 1.265300154298860391e-01
1.656250000000000000e+00 1.070862628140247380e-01 2.903755378027705336e-01 2.680955640577021293e-01 2.412429615832153706e-01 2.707176564171330513e-02 3.101807127345340698e-01 3.355043746603805221e-01 3.185664662954011406e-01 1.105365890380246019e-01 1.174348106803471264e-01 3.805802226422770884e-01 2.542824583609150091e-01 2.519165737640691738e-01 3.682232922332501213e-01 1.841328824147422105e-01 1.573107678715766553e-02 4.560592891350224998e-03 5.373171651977019098e-02 4.078944846517822131e-02 5.259158355016708628e-03
1.671875000000000000e+00 3.429321147825306615e-02 1.571437075662785177e-01 9.506980404353614078e-02 1.372780638798204444e-02 2.724290151286106743e-01 2.608906569616460946e-01 4.157061019567934168e-01 1.090695559107258128e-01 2.545984773253586186e-01 1.908167495422726234e-01 1.716909212528628936e-01 5.800875787306671860e-01 1.987174316898428217e-02 2.949293575719782456e-01 2.324595468654291619e-01 4.701982141084366101e-02 1.561499570188000507e-01 1.949592650594024132e-02 3.346265555549373522e-02 1.146993670198974934e-02
1.687500000000000000e+00 1.974747540394269918e-01 4.117817336776798121e-02 3.902239188517577229e-01 2.227150139082083313e-01 1.282537606654614859e-01 2.399086186264147436e-01 2.869177523203238489e-01 2.392951624929213206e-01 3.158720666213780670e-01 6.018237916356616174e-02 1.583369706369029961e-01 2.869381405178519362e-01 6.125184050747605607e-02 2.474318008040851946e-01 5.376569697837562528e-02 1.568066747418225826e-01 4.012419736189857811e-01 4.699800846952857658e-02 6.684806858780170669e-02 9.816681264890196601e-02
1.703125000000000000e+00 1.442771440897250117e-02 1.831439055815916872e-01 2.831700532680733184e-01 1.005474352391848292e-01 1.240304583823887419e-01 7.410663662846941890e-02 1.060310564495035857e-01 1.050681845714537405e-01 1.280792144292643327e-02 1.174362698655697784e-01 1.064609500634291495e-01 3.121075428788890743e-02 1.452385583301292749e-01 2.880254302660368616e-03 1.480239379159362378e-01 2.420961252695381580e-02 1.424821734806752116e-01 1.078413944772729921e-01 1.370252930871282138e-01 1.995645995834807451e-01
1.718750000000000000e+00 3.712784176298637717e-02 6.323772220266507538e-02 2.027111872661354827e-02 2.087145676678273387e-01 6.077379969535767756e-02 5.169672263555380454e-02 1.674287407065638000e-01 1.016090460928089634e-01 4.129766217760853092e-02 1.010521126396876287e-02 5.377042404841263223e-02 3.251805674024636772e-02 1.985860094069309412e-01 9.384446859096344518e-02 5.026980700636428379e-02 3.092947659269250013e-02 1.156658310143577201e-01 9.614340949222595356e-02 2.471881641401005303e-02 1.941538351478322155e-01
1.734375000000000000e+00 2.223619898975161269e-01 2.386770175638484870e-02 5.082146896550323451e-02 3.284532041563887339e-01 7.693243521794727868e-02 1.389323985420744256e-01 2.387394514906386878e-01 9.763673660457654335e-02 1.833265205214639759e-01 4.773257192038197760e-01 2.557168822413082368e-02 6.652464273118063876e-02 2.430850377335110057e-01 2.802739437395952438e-01 7.092307584461048087e-02 1.121000155892042244e-01 1.488395449256480485e-01 3.636740981500401482e-01 4.183437993927860941e-03 1.982758789172691105e-01
1.750000000000000000e+00 2.980399023852162849e-02 2.417869310679227057e-01 3.045181036303680755e-01 4.228033005430759106e-02 3.036148887342428049e-01 4.358056404043466614e-01 2.036572558449051829e-01 1.160997932470650140e-01 1.412820572744049319e-01 6.265322622292231192e-02 8.459439046756289660e-02 5.775209924896159558e-02 7.915398344032710531e-02 3.059408995376225460e-01 1.251575498255973473e-01 9.389219636458935592e-02 2.563370065165244960e-02 4.136225729721505484e-01 2.738592005950622743e-02 1.409104563269565069e-01
1.765625000000000000e+00 1.557533425958079476e-01 1.104262681096600807e-01 4.511405856354339661e-01 3.488791056825297221e-01 2.366861977704584064e-01 4.198133307230282329e-01 1.595477359046398314e-01 1.057763324774023406e-01 2.013870631556426496e-02 1.026931887261954036e-02 1.504585579667809016e-02 1.853537105678250418e-01 2.574814162736996370e-01 2.128663277002381532e-02 7.532082091425187920e-02 1.044426019996313321e-02 8.385080053553083460e-03 2.385864430772062228e-01 4.893525219229519219e-02 2.806960405829533878e-03
1.781250000000000000e+00 3.639234730402497453e-01 2.135281193392954066e-02 2.897346540866425624e-01 7.246889874275669330e-02 2.988067294396243856e-01 2.780389865603535848e-01 3.294580007085901735e-02 4.990241257104126998e-02 7.692861609468769346e-02 7.897366099779289106e-02 4.569409763965951998e-01 5.526231978739143402e-02 2.851100805221216117e-01 9.848445890052806573e-02 1.528658739542725353e-01 7.229516124646637176e-02 4.079619257184282505e-02 1.670675416720383832e-02 2.233169256012015880e-01 2.035381931428567881e-01
1.796875000000000000e+00 2.536800567283395980e-01 8.581669284794239683e-02 1.618770062127128373e-01 3.400857927533654929e-02 1.651203239779310272e-01 2.353125765329737440e-01 1.358767584982255305e-01 5.216838414627386067e-01 2.658461039630517497e-01 7.733145073845802166e-03 3.965572836145491720e-01 1.010886131658476211e-01 1.505474401918315552e-01 2.473925365211594729e-01 1.640639024177507899e-01 1.040642682771053956e-01 3.916834538072410526e-02 2.478943137691562160e-01 2.836955087168323980e-02 2.969687381415693772e-01
1.812500000000000000e+00 1.990190931019931442e-01 8.569557163181283632e-02 2.297269147388424637e-01 2.030165934501294012e-01 4.407188963904479229e-01 1.209789674767909884e-01 1.590459709714793224e-01 2.340441598435606119e-01 2.081276600992572612e-01 6.577894806548723050e-02 4.421252949981677727e-01 1.555865146705942559e-01 1.192825841593479486e-01 4.926283510509849722e-02 1.401457833091569738e-01 1.025804956564789205e-01 2.381196767310500839e-01 1.470393569463873118e-01 6.112350726809187562e-02 1.983404877415168854e-01
1.828125000000000000e+00 8.976234161438970127e-02 5.541552121575144853e-03 5.404687365818778427e-02 7.554885264305263859e-02 7.968936148483436732e-02 2.049455478386245227e-02 3.562437762906840444e-01 1.817489813484384487e-01 1.951561888120490265e-02 3.717998818330095490e-02 2.316880036089681849e-01 3.677130229156935770e-02 7.253864202059008039e-03 1.125753339069252013e-02 3.709427435141093854e-01 1.914600712097718760e-01 2.136890518944925266e-01 5.355337364988617121e-01 2.843515345650123871e-01 2.468074459763389683e-01
1.843750000000000000e+00 5.711237311815555578e-02 1.001751750610272579e-01 3.546477959180598938e-01 4.280854492102944553e-01 4.237818898290843586e-03 2.887277109973193645e-02 2.335659578555971949e-01 1.097164263450655652e-01 1.648764721510582454e-01 9.116688430096681062e-02 1.556048529027366789e-01 6.248200281310151150e-02 4.438323647650533887e-01 5.896049131651949493e-02 9.555981463740292892e-02 2.201992151199187175e-01 3.106451851694539412e-01 5.899738922809476260e-02 5.257379949745506764e-02 1.298380792453386785e-02
1.859375000000000000e+00 3.251129782379613697e-01 1.752939411805215231e-01 1.209776245573024149e-02 2.042737684616423577e-01 4.976499124947204866e-02 8.915027363518510106e-02 2.743133695749849429e-02 1.722415195851592917e-01 5.522035704093396875e-04 1.657997589114480474e-01 4.525018821944769010e-01 1.012755946378375987e-01 5.180341528207774715e-01 7.092013304740139856e-02 1.319862999319530369e-02 5.196595378700268747e-02 2.500078694519500266e-01 3.744344438499420946e-02 1.595703394823693444e-01 1.224285232996037975e-01
1.875000000000000000e+00 1.471450816080663027e-01 1.958403382720769470e-01 3.751861784594773264e-02 7.488471348501703206e-02 2.324234623347220530e-01 1.116258384359762462e-01 6.315974052705290998e-01 2.944398408012917079e-01 5.713993464157409580e-02 8.569584731867853356e-02 1.153309043019795782e-01 3.636893162743463914e-02 1.962307383061812904e-01 2.241632515055835828e-01 1.970536124867657609e-03 1.500305065844438346e-01 2.716522460912578255e-04 2.624627846185038638e-01 2.841883453845350793e-01 6.396482458688319307e-03
1.890625000000000000e+00 2.737422542192265995e-01 3.791150237828828096e-01 2.071229284514754521e-01 4.786807361869076516e-01 2.723427806670742912e-01 4.523933578365754715e-02 6.045687862504652704e-02 6.642068783273773203e-02 4.116573368038184966e-01 1.457664730075590720e-01 1.443440685987345748e-04 5.721261415583652615e-03 1.626610443288459967e-02 2.236135124197620450e-01 9.588751015210496276e-02 2.008107821052349320e-02 2.894991888723395523e-01 2.400237793232529449e-01 1.890180343839100163e-01 1.061548136783269924e-01
1.906250000000000000e+00 1.012719468450507254e-01 3.690833239541378985e-01 2.674928647230120360e-01 1.561325583782091353e-01 9.274854528754673810e-02 1.790679907816616900e-01 5.770112165878076016e-02 1.403421166991590252e-01 1.996345079905983977e-01 4.921199515367925825e-02 5.569166568540663276e-01 1.093006639837712513e-01 2.571487776856946073e-01 1.370774538396689508e-02 1.753333332540746581e-01 1.176067098771437641e-01 4.343318291744860393e-01 3.381675887009459869e-01 8.672534376488205687e-02 3.370053054498097899e-03
1.921875000000000000e+00 2.276070157488934223e-02 6.367585864772448700e-02 3.925966791064001982e-02 1.560164011013682739e-01 7.652382652735648105e-02 9.451066703384639056e-02 2.089583320010635070e-01 8.200395895560445847e-02 1.670430220961112563e-03 8.726488481417092602e-02 1.363903979049751330e-02 1.638251557569337935e-01 5.170392590657842957e-01 1.039316107355237051e-01 9.859664687195722477e-02 3.270608803336613191e-01 2.971496470986090821e-01 1.017016884117967340e-01 2.909112787769809194e-01 3.690941943527282776e-01
1.937500000000000000e+00 1.947503112347623022e-01 1.074300679045865486e-01 2.918663148787119244e-02 4.516583705509545354e-01 3.537267339586643855e-01 1.921930016371878602e-01 3.309500673800201964e-01 8.763796847234368859e-02 1.367236356167741973e-01 1.730432143301817438e-01 1.269115608657202521e-01 2.085221737415276777e-01 6.587353969070746107e-01 3.349742695003032900e-01 1.445162603348428276e-01 4.585797342627095236e-02 1.007605308356847862e-01 2.463873650525993941e-01 5.538555828257718527e-01 2.183566138645583743e-01
1.953125000000000000e+00 1.517074896303249598e-01 5.568447749328370860e-02 1.036917397725824370e-02 7.378532360900434683e-02 5.753938485316650864e-01 9.180477879822922238e-02 1.980863318369357751e-01 1.056760405885268650e-01 2.896243201282536206e-01 1.584568122846436999e-01 6.944165820968611902e-02 1.139220800030198849e-01 2.470838947496189764e-01 4.011617475765371088e-01 8.464582851373880779e-02 8.589048993715532598e-02 7.206846787492196538e-02 6.589675313097934084e-02 7.740284120913511201e-02 3.564519174351959280e-02
1.968750000000000000e+00 2.059010542723084813e-01 3.409083842719747293e-01 2.091270283378444672e-01 8.639990846133682734e-02 3.120414008424309826e-01 1.690507648263329943e-01 2.663348101607163620e-01 8.788985820003512861e-02 3.007723391216200470e-01 1.355763551286592872e-01 6.812649082578527138e-02 1.836372392989890912e-01 4.944641855768414779e-02 2.051004530612456078e-01 1.978652080777890954e-01 1.613704479712722017e-01 2.355977604579491957e-01 2.852875590705974615e-02 1.168714983233211102e-01 1.316758830194044716e-01
1.984375000000000000e+00 7.331736042090687688e-02 1.183955001051388567e-01 2.711013960209342488e-01 1.870543628676723524e-01 5.182492764182619616e-02 9.640578251771165673e-04 2.503996317993081866e-01 6.112653070115323106e-02 5.178997973480945621e-02 1.002388463352116982e-01 1.366556964039794021e-02 3.990167774493161845e-01 3.566625693822085830e-01 1.184253504843709170e-01 6.721909708883322399e-02 2.835873395611084383e-02 2.320176490531545843e-01 1.042335299400995799e-02 9.510150255294634591e-02 1.381632505224726915e-01
2.000000000000000000e+00 6.021830348577385250e-02 5.140924691506305183e-03 3.273944524900439523e-01 1.477482787581904933e-01 7.848695912870416735e-02 7.435287114581104473e-02 1.730071945397914368e-01 1.033645763809075691e-01 1.499665966012414253e-01 1.287041155190224787e-02 3.507024516614625637e-02 4.923546073631991649e-02 4.651785979138565730e-01 3.187410752088538912e-02 8.939270146768381331e-03 5.802464691569369365e-02 6.211135510493761419e-02 3.414990280526448291e-02 1.980887257135330315e-01 2.583945483950809800e-03
