0.000000000000000000e+00 6.739960454419328117e-01 8.557740264408564279e-02 6.476190954986823720e-03 2.523665332007617862e-02 3.572562345845172183e-01 3.218090725462913193e-02 1.300136300317521199e-01 1.693476148030373940e-01 3.760931503036289009e-02 3.553150185617555690e-01 2.805839972978256269e-01 1.599991163205813360e-01 1.608481356054506650e-01 1.293183268601330680e-03 4.487150735392975154e-01 5.207359463520513376e-01 1.048355325067338722e-01 7.053178734218590318e-01 2.636746923459883374e-01 7.632292403074079912e-02
1.562500000000000000e-02 1.293501493972366578e-01 6.667754367426674544e-02 4.738569088814039570e-02 5.343488397290207387e-02 7.186958884220358279e-02 1.813123959949994868e-01 1.713205399872398116e-01 2.912351858833955864e-02 2.356513096246578079e-02 6.898589224889660476e-02 4.131100463285613533e-01 1.176809141658891750e-01 2.093093281432230335e-02 3.852417270324214882e-01 1.436692784790914446e-01 2.457006526816420122e-01 1.826527556992040262e-03 2.051672550039855547e-01 1.340239609203589255e-01 6.870896574458362771e-02
3.125000000000000000e-02 8.722082943415086775e-02 6.761644398087249264e-02 3.470635413941652869e-01 5.243873480231139861e-02 1.452665021580548145e-02 1.453315156945873543e-01 1.007572827058127035e-01 1.785195301773609411e-01 1.720435555781473502e-01 1.874413828443177374e-02 2.243414656615397573e-01 4.160065500635010127e-01 3.274818776462225522e-01 1.215524286438190577e-01 1.061197575150155531e-01 3.044167127643762627e-01 9.897628946261709248e-02 1.263261310100335759e-02 2.242694008473148370e-01 1.422547478679959121e-01
4.687500000000000000e-02 3.866609325160879074e-01 1.850648474099346186e-01 3.135005386278471445e-02 1.178841793889276041e-01 4.700088426467657343e-01 9.793950824807041988e-02 8.877065312532196606e-02 1.722090855421767597e-01 3.175866150178958524e-03 5.933298294940113349e-02 6.177499086794704941e-02 2.235220576171439988e-01 3.401909638857130713e-01 2.814720589326627498e-01 3.260677383238402283e-01 3.330625676594426137e-03 2.493182452820320028e-01 4.599415650085813545e-01 3.647006057045981599e-03 9.837469365147824552e-02
6.250000000000000000e-02 2.476912690098208580e-01 2.851536047978570632e-01 2.429429047399874701e-03 5.660794811378791480e-02 8.206212922408140376e-02 3.766522379388869135e-01 1.569937262054101612e-01 4.254733659364018372e-03 2.582089362852639791e-01 2.685661654438034965e-02 1.518625769407690174e-01 4.581262020700634929e-01 4.704543748295226813e-01 1.199526535713148628e-01 1.135599112804280691e-01 3.881494231583064447e-02 4.708439541220153512e-01 1.625999226243220186e-01 1.617750028243989113e-01 2.260492895745670472e-01
7.812500000000000000e-02 5.379972722011648889e-01 4.636039098101661371e-01 3.218446378827233278e-01 1.215639062657682401e-01 2.966235160376978763e-01 4.604406273570119112e-01 2.199498746518211700e-01 5.530318369695751829e-02 6.517692554303525787e-01 2.388968074324770985e-01 4.777764664417594176e-01 3.830503945254440934e-01 4.670546100000616541e-01 5.128502036221427828e-03 1.455163621506604110e-01 1.659659452092086471e-02 1.330231663570917156e-01 3.165214570413211193e-01 2.361339155055185990e-01 5.511745177217536318e-01
9.375000000000000000e-02 5.287403927429636941e-01 4.330184069732295749e-01 8.206173567199833707e-01 5.607786215754590603e-02 3.049605318588022307e-01 7.058427321219887807e-01 2.643615262663631671e-01 2.493208332871559574e-01 4.966735275756492540e-01 2.720240719945378749e-01 3.876437983406993415e-01 1.090510712882914457e-01 6.245284006764816320e-01 3.390446524722944832e-01 8.290714397301067462e-02 3.039420257071896725e-02 2.002410287187668114e-01 1.714141340185393880e-01 7.743963461877621628e-03 3.373473899607317694e-01
1.093750000000000000e-01 2.106876802476023991e-01 2.600132559141549171e-01 7.270585174343640045e-01 3.285327054814017322e-01 2.045904459652384266e-01 8.386339145103366421e-01 4.657043243165698287e-01 9.908347793965883998e-02 4.860797223065547179e-01 5.240299691488728984e-01 5.307052475168555494e-01 2.809292265979264624e-01 5.536962081167976502e-01 3.436031082803919223e-01 6.308259151920908581e-01 1.316196242514112991e-01 4.269838458744347198e-01 1.248035916907336562e-01 2.815002147823938983e-01 8.806730100538051609e-02
1.250000000000000000e-01 8.041420036374440361e-01 5.937556522079380228e-01 3.999432677917229562e-01 5.856448937010002576e-01 5.551970226493770921e-01 6.113098480702432447e-01 5.303772471543840572e-01 3.256220807392342098e-01 7.376172566919944051e-01 5.862998466280289200e-01 4.848991886032593124e-01 4.198789208488510338e-01 4.817180742728235932e-01 3.663409684670445587e-01 8.700266281362806220e-01 1.886348161457599426e-01 1.634108429438414223e-01 6.221366777755196198e-01 3.818360520995544016e-01 2.076913800530629517e-01
1.406250000000000000e-01 7.975122861646798400e-01 6.872931614568044134e-01 4.180038646328377294e-01 8.616349196675409106e-01 7.169690790904401645e-01 7.716947299711395258e-01 8.443039778660097472e-01 5.699026032223771798e-01 8.524404077242734301e-01 4.831399671924606065e-01 4.986507103935996499e-01 5.673420185638380353e-01 8.153209896238765575e-01 7.377198217315100726e-01 6.006184336316536809e-01 2.753046792471361415e-01 6.547941537673053203e-01 7.023548529069273405e-01 5.941940102638851862e-01 1.984198003851466996e-01
1.562500000000000000e-01 7.955117262315496429e-01 8.148472840080391855e-01 5.415256114085084116e-01 9.282232387731709222e-01 9.384252967262319833e-01 7.339421761399843591e-01 7.477478517479235753e-01 4.587661985145166099e-01 9.181698426312777661e-01 5.804643464329281022e-01 2.366716968837808133e-01 5.894648569833937923e-01 8.879786782113270327e-01 4.240875842776282156e-01 6.647140158971970303e-01 5.744174381866196111e-01 7.142287627745314005e-01 7.720828475294301274e-01 8.219457156933095421e-01 2.659563529295123629e-01
1.718750000000000000e-01 8.031885995955450053e-01 8.977531878868727500e-01 6.922740145701353764e-01 9.215636765131076658e-01 9.351027309275909971e-01 9.060382908984827566e-01 8.912183890193851044e-01 4.429041327318601895e-01 9.671156128687263820e-01 5.950859245517617913e-01 6.986075770284780884e-01 8.515652836269707038e-01 8.534325139300378282e-01 6.397780923115725660e-01 8.042811094532674732e-01 6.448593502902412178e-01 7.029359857035109016e-01 8.220186689971338279e-01 6.329539295894178741e-01 7.156846179135205599e-01
1.875000000000000000e-01 8.213719686460446701e-01 9.568097409675472287e-01 8.300185177956098670e-01 9.426630190567919509e-01 9.099220156255670711e-01 9.145223233895367621e-01 8.194314536711501118e-01 7.443435483268432407e-01 9.510317593644918022e-01 8.029101844333520477e-01 6.927191943265604834e-01 8.890113567619241097e-01 8.491495212049661179e-01 6.117379159338136585e-01 7.695250907352301217e-01 8.542089579741837246e-01 6.321366994187862520e-01 8.459126806630016260e-01 7.079703427245909175e-01 7.866326636732442479e-01
2.031250000000000000e-01 8.251402237818223906e-01 9.527041582470071601e-01 8.605439402840018293e-01 9.624780491659606918e-01 9.642221688428845860e-01 8.050079683335822356e-01 8.820198835276593652e-01 9.209262623864821196e-01 9.021065562166014073e-01 8.674310301382699429e-01 7.116617159036987550e-01 8.842639310713160672e-01 9.190523120723387285e-01 8.114900352834500952e-01 9.147153661195792651e-01 8.371888690731804639e-01 5.532923278840473635e-01 9.279741554841500761e-01 8.648107555941872970e-01 8.166821097593310874e-01
2.187500000000000000e-01 9.260245135010596318e-01 9.287979192668556205e-01 8.612543637273220032e-01 9.209073301109903520e-01 9.391061087610886871e-01 9.371693380396075579e-01 8.766440156016371832e-01 8.714093220821413910e-01 8.846552332874968450e-01 9.027558547126623978e-01 8.929026711410159578e-01 9.202355668843411607e-01 9.063423531737700989e-01 8.887161222971012853e-01 9.155809325285259037e-01 8.960192515124706381e-01 7.742247839957978606e-01 8.877608801038349151e-01 8.568448063414473292e-01 8.929954559306845230e-01
2.343750000000000000e-01 9.169555989796681628e-01 8.970632839250423096e-01 9.178846595315862666e-01 9.164696237591362094e-01 8.850498394103737398e-01 9.476797926654420001e-01 9.562422341598789677e-01 8.654092960267508738e-01 8.845715269398239933e-01 9.071076160936027977e-01 8.663877790711447258e-01 8.368636842874332959e-01 9.750462512801711945e-01 7.193407762996661958e-01 9.736647882460517378e-01 7.553754975453396137e-01 7.432358898452554596e-01 8.587528031169338050e-01 7.980825246602318845e-01 7.946776238225627953e-01
2.500000000000000000e-01 9.063068746010809473e-01 8.702815765475122589e-01 8.625958085661868946e-01 7.844367675984411648e-01 8.374217757463550127e-01 9.573485860609664000e-01 9.173067046474796538e-01 8.749678942010369331e-01 8.215367090619937196e-01 7.747170642801886054e-01 7.896124542263225354e-01 8.866800466032550565e-01 9.365096042803905396e-01 7.417944637797108109e-01 9.648819208609746845e-01 6.937630076758583009e-01 7.563760161532062654e-01 8.488548009353217294e-01 7.526381581788259556e-01 7.620144854687231906e-01
2.656250000000000000e-01 9.248792363830473651e-01 8.623957180076453621e-01 6.877605423256459849e-01 8.941367625482835590e-01 8.539448828917963752e-01 9.176382744128949165e-01 7.697909948752940101e-01 8.041488495744053555e-01 7.890400987549658351e-01 5.360430681643991724e-01 8.417522674430153451e-01 8.903200590712763152e-01 8.688860065013395140e-01 7.729469869891215650e-01 9.057143587472020752e-01 8.337223872335631780e-01 8.052054026328692160e-01 8.799976753888073544e-01 6.482098205661015466e-01 7.985183210601390913e-01
2.812500000000000000e-01 9.104232312938255189e-01 9.485757967750482189e-01 5.679025163855416780e-01 7.567728276852659919e-01 7.140136921257816960e-01 9.087172458259934471e-01 8.912836159443114914e-01 7.000407477837093939e-01 8.869041563268615924e-01 8.996945792958314092e-01 9.099110830347458823e-01 9.521863018918795829e-01 8.426582199258770833e-01 8.545336579971427593e-01 8.324199777910464837e-01 8.643660418228942266e-01 6.780450919026479450e-01 8.609432162344557993e-01 7.384571718923940153e-01 9.098433653662918452e-01
2.968750000000000000e-01 9.000969056120371459e-01 8.903973767990212007e-01 7.462708487985427741e-01 8.343256137482424339e-01 9.024125232973175814e-01 8.833623255190039547e-01 8.439197597990388822e-01 8.502789729789991258e-01 6.516035071697227066e-01 8.871884482677944161e-01 9.424203600190349528e-01 9.243468949592107409e-01 7.072103433104368619e-01 9.424446092711163958e-01 7.635552057283934158e-01 8.418231409187362235e-01 8.460642759811111135e-01 8.649081143685308781e-01 6.206234162863223380e-01 8.167513106997459360e-01
3.125000000000000000e-01 9.063400292246754919e-01 7.745845941333445728e-01 8.697044482821120193e-01 8.947281201163763686e-01 8.492852614004130496e-01 7.083204007274830349e-01 6.271203088889037991e-01 8.762709142300472154e-01 7.528738025736760875e-01 7.009113681883984981e-01 8.035992336196015051e-01 8.105969525978152790e-01 9.145012950913224969e-01 8.490259428263113861e-01 8.037221829915703886e-01 7.948528742402504177e-01 8.904797343106994889e-01 7.369872412459315125e-01 6.685388775456685417e-01 7.896333272677665827e-01
3.281250000000000000e-01 8.670529333995389276e-01 7.898287007773830970e-01 8.443310652136823968e-01 8.766830772509691672e-01 3.841464858721534426e-01 6.683193335518783362e-01 5.247766396453028559e-01 8.967249838181603483e-01 8.286432614179038980e-01 8.637075921923345057e-01 7.312740183066163135e-01 8.113366886658479604e-01 8.828719616320512831e-01 8.127020398292381653e-01 7.919112814462615502e-01 8.242186809264994141e-01 9.013437359112932423e-01 8.318901994224680019e-01 7.790420069053072272e-01 7.230198364829317770e-01
3.437500000000000000e-01 7.156519922908308740e-01 7.751321570070709432e-01 7.314686736243215526e-01 8.923916877254318702e-01 4.095843650480987530e-01 6.542648185959415441e-01 6.523395055975645951e-01 9.512202418416544347e-01 6.856621887681721983e-01 7.655428537995357940e-01 8.525994448341617238e-01 8.485827154118781301e-01 7.816142445159713903e-01 6.088970055586183650e-01 4.932714199107808284e-01 7.465799574358762403e-01 8.015957663711573700e-01 9.370864813610788602e-01 7.459217284930020897e-01 5.167994921767148364e-01
3.593750000000000000e-01 6.622007048343450109e-01 6.167066487512240514e-01 8.543362685756219488e-01 6.276598835408750965e-01 5.949232309322134427e-01 6.948857590428849651e-01 4.093590177981463185e-01 9.111669704758452726e-01 3.728668285856549525e-01 3.783685436650603418e-01 9.212644891289984983e-01 8.517502661594853475e-01 8.104389687269500930e-01 7.054075809529884999e-01 1.143613691401312860e-01 8.013387592910161672e-01 7.893920853977579588e-01 7.173770022124210666e-01 7.560504565182610826e-01 4.261428785720749457e-01
3.750000000000000000e-01 4.403954362725424621e-01 4.338192009393029291e-01 6.816450080197083983e-01 4.364116287079405354e-01 3.967851771015660778e-01 4.569850974150801992e-01 2.187139742275441279e-01 6.430887893096278729e-01 7.839783248808805949e-01 3.982124327019967991e-01 7.704915287229852083e-01 6.543558299588813076e-01 8.580706692249157053e-01 5.881054536141634426e-01 1.557841833355535499e-01 5.479712693206466589e-01 8.534764638767734501e-01 5.703566271068533089e-01 6.980390294956482222e-01 4.542767398217476549e-01
3.906250000000000000e-01 5.924380371916645460e-01 2.280069824332661976e-01 6.972268017087673853e-01 6.187927327243681885e-01 6.025759907426494477e-01 2.375673810625819893e-01 3.391656650261809514e-01 4.305112217994890855e-01 6.131677318980077729e-01 5.792545104417594626e-01 6.673594746814277556e-01 6.756429928810603336e-01 8.149424781061155310e-01 6.115878165502833946e-02 1.485856282087394120e-01 2.358190702881586276e-01 5.387292367728051534e-01 7.362731992835467310e-01 7.363768418009990491e-01 7.192384201297357116e-01
4.062500000000000000e-01 5.351685208821136408e-01 1.853276724793180008e-01 4.434697740217203310e-01 5.736166494515320541e-02 2.397562294423515594e-01 5.726579804258058459e-01 1.420839749653816375e-01 6.249491248633177731e-01 4.096508290290487575e-02 2.849718044464494282e-01 6.282417729354528024e-01 7.035679465091888574e-01 3.120577288086994194e-01 1.069239217121478597e-01 4.742436728955563147e-02 2.002578492563770463e-01 4.807281459938912982e-01 5.989954269606396764e-01 5.232347607701690606e-01 6.695869663307442154e-01
4.218750000000000000e-01 3.440486186108024924e-01 2.759096564760250836e-02 1.665011403912640964e-01 3.574241381791721239e-01 2.187110043613270660e-01 3.101859120816604642e-01 9.001989738938785679e-02 5.535740090669422075e-01 3.262065358462785114e-01 2.004030976378814166e-01 2.906872160265976945e-01 7.916862894932843453e-01 1.092914664071710229e-01 3.559499598350475691e-01 1.405802374498350826e-01 5.045856956617135181e-01 5.279207486602316424e-01 2.999837327206853477e-01 5.719994726692979592e-01 2.200940018416112920e-01
4.375000000000000000e-01 3.557719591143549964e-01 1.700132107455820385e-01 1.643315466475583075e-01 3.053142202565722330e-01 3.571864491170158584e-01 2.515459196248272522e-01 8.676897410847153602e-02 3.136092268505255021e-01 5.592325453486104436e-01 4.140461462818819105e-01 6.722570384904774654e-02 5.829347451114799128e-01 9.449755067300368017e-02 1.460136999911780809e-01 3.195509859764847915e-01 5.810942398191807357e-01 5.940065783343091016e-02 3.317924222564869879e-02 3.099996859961802187e-01 4.842447808186792213e-01
4.531250000000000000e-01 1.391296402815075939e-01 4.158417427152426987e-02 4.391244181984313988e-01 5.359136673489942604e-01 7.445591412454830027e-02 2.337256524462144325e-01 1.891482097946292351e-01 3.270344098495818752e-01 3.884961397262425842e-01 2.592203725848200579e-01 1.858398900304865653e-01 8.303311044094338622e-02 1.948943412635153472e-01 4.773245382258579222e-02 4.084752366747912977e-01 1.776061692946208082e-01 1.184335914628773523e-01 1.502249136850490607e-01 1.416246859794430268e-01 1.871889404705350257e-01
4.687500000000000000e-01 3.628988574188082850e-01 3.206696828569367830e-03 1.916095225181502215e-02 1.124862337717977834e-01 1.098123820387980065e-01 2.986295795862753052e-02 3.663550471193409153e-01 1.081477961596855053e-01 3.145478318320386046e-01 2.162039647952409827e-01 2.867902688050701365e-01 9.625872722760772660e-02 1.983493761913941722e-01 1.907512941119590688e-01 3.304101233736229104e-01 1.832065814700311324e-01 1.384328488767203047e-02 5.746676767448283263e-02 3.719607428202346966e-02 1.125821613636338175e-01
4.843750000000000000e-01 3.550506263236836296e-02 5.987897794771076393e-02 1.253048732671784571e-01 3.773961730212205268e-01 9.667320804439548387e-02 5.265414608340791836e-02 7.713016618281084980e-02 9.964864451749021190e-02 9.282016267479986649e-02 8.445237046642105339e-02 5.222335383095074723e-01 2.479081309595014271e-01 5.630867319133008031e-02 2.055455653045051151e-02 1.803771907941502661e-01 2.720748907761318391e-01 5.762938191300718271e-01 9.122847807658442110e-02 3.004060705894970318e-01 8.076697345395282557e-03
5.000000000000000000e-01 2.377365226938467080e-01 5.686998059873921846e-02 1.272516848502402292e-02 2.226278175009350491e-01 1.365956982693789512e-01 2.530598574378494225e-01 4.416312681359081671e-02 2.211287281344494482e-01 2.244793544826553106e-02 3.328228204573673854e-01 1.936694842795290972e-01 1.341899778994150305e-01 1.540931671595739683e-01 3.439960615366224189e-02 3.261330240779673484e-01 6.104933936045887216e-02 4.258297789912794395e-01 1.927613874306943476e-01 3.039120390918816431e-02 6.725881652389559262e-02
5.156250000000000000e-01 2.347424489348129972e-01 1.631565094352645517e-01 1.655835699236157810e-02 4.218063250888557519e-02 5.938791624761398553e-03 3.482733560385670724e-01 6.763802817386062316e-02 1.496229802034199086e-01 9.538807394447146315e-02 3.042079709760123207e-01 6.934969924358126703e-02 3.383791968833421704e-01 1.898308120270024435e-01 1.352508385315460138e-01 1.768431893923114173e-01 5.358881046712995685e-03 9.384227794965162295e-02 4.066602229447779937e-01 1.413481216881517233e-01 1.138995239597222903e-01
5.312500000000000000e-01 2.311691868766327096e-01 3.131039337175806070e-01 6.964767942160937642e-02 3.129910636036243865e-01 2.335826247257685728e-01 1.496303611468706440e-01 4.920146565026395358e-02 2.086128011369387525e-01 1.077097356122355409e-01 2.820983199224284116e-02 6.281050973210842991e-02 4.355464763402390194e-01 1.146727522243501107e-01 4.939117619069954279e-01 1.552200915139148873e-01 1.336562199400175566e-01 3.124706561561585993e-01 7.660924586782921764e-02 8.746553981643098719e-02 2.178096232615118200e-01
5.468750000000000000e-01 1.504891941882627315e-01 2.801571568349568997e-01 2.149931715147682665e-01 6.116042876007207751e-02 2.925898206852762390e-02 2.297705511244151066e-01 1.108930494579341147e-01 2.082888840472225112e-01 7.912077431044103881e-02 2.730472461556824326e-01 4.448376801028933181e-02 2.866149458735463562e-01 2.570676384489336552e-01 3.262538664966131707e-02 1.393889025292496808e-01 1.502848342627059915e-02 3.244174705320647112e-01 1.415900895439271834e-01 3.739703194751507059e-02 1.469676935649707472e-01
5.625000000000000000e-01 2.353338947461538211e-01 3.281142879398229462e-01 1.104488239653259041e-01 1.701898045098546586e-01 1.617738719624069454e-01 1.788147235428483028e-01 3.104051402643290825e-01 8.310700910560160637e-02 2.948988913373487009e-01 1.344421543892929671e-01 8.553132018888171009e-06 2.713973465715944222e-01 1.816306713533936135e-01 1.573055848602640805e-01 1.862709163455157635e-01 1.737813071804630294e-01 3.491010923091664164e-02 2.886139039580312149e-01 5.761189439664394368e-02 4.538238034349133254e-02
5.781250000000000000e-01 3.512454775368729631e-01 3.441968539207429512e-01 1.826165682693564052e-01 2.994280230142830623e-01 3.581546965860430420e-01 3.434783404450362232e-01 2.664185025595656175e-01 1.439231682473902652e-01 7.547078429609076211e-02 2.026388146556147296e-01 1.358491158173110724e-01 5.748366382558377924e-02 9.119983143722887320e-02 8.030191695517292783e-02 7.018979878408303230e-02 5.303482462321121860e-01 8.131941279006965617e-02 4.152226728600368899e-01 5.259651744661970607e-01 1.896768385479876695e-01
5.937500000000000000e-01 8.339450742922430160e-02 1.755489706104561842e-01 2.957302604796414047e-01 1.929040587159333853e-01 3.242518745276095071e-01 1.968001366080185111e-01 9.026609170567403972e-02 1.688299718734508070e-01 1.787540219727149285e-02 9.744370903224466862e-02 1.667683679141463149e-01 1.823651315651576010e-01 3.126397149197045477e-01 1.956434552717412900e-01 9.603967004222191406e-02 3.759801966572232090e-01 1.313586577430062297e-01 3.366800840853451625e-03 3.672345640207900774e-01 2.228446860987483291e-01
6.093750000000000000e-01 3.657704484760376795e-02 3.977761872434286070e-03 2.905140839983120782e-01 1.163528255506069697e-01 1.208685117315611429e-01 2.489042771543984178e-01 4.670286082023721724e-02 9.881349208990310162e-02 2.424371362661729631e-02 5.225256397951002357e-02 4.253138548780068806e-01 4.179222422085666633e-01 2.428563911717665502e-01 8.155756590190790800e-02 2.932237539610834665e-01 5.456401254300963927e-02 9.804750942995578422e-02 2.003942939000769030e-01 2.508219691896936276e-01 2.939250652006901721e-01
6.250000000000000000e-01 1.308640435850852157e-01 2.865785059238458166e-01 4.479119103895115583e-02 5.322288969665020519e-02 2.988407414687295760e-01 5.153419253344114770e-01 2.069673461287108163e-01 2.752652642111907619e-02 2.782750258149574996e-01 4.890982379156955800e-02 3.240247026959506838e-01 6.246578247458220989e-01 3.305298421547760435e-01 5.058791102041850646e-02 8.024381283970499767e-02 5.716375161140056088e-02 8.184232542565880730e-02 4.238813719779712524e-02 8.157479725961128136e-02 3.219924818664346433e-02
6.406250000000000000e-01 1.251744412429080799e-01 3.436328610535967498e-01 3.021469020783841830e-01 3.498651067432367173e-02 2.113527929024088675e-02 4.853328974042784294e-01 1.165651191725522035e-01 1.300198151028860664e-03 2.665869127404894567e-01 5.445551411992113899e-02 3.209316600683606024e-01 2.081855737055421651e-01 1.920648532277792475e-01 3.906292167489006095e-02 1.159679757274958631e-02 5.999595656452014897e-02 6.724629680564978007e-02 1.236234321009246628e-01 5.892346981271711498e-02 9.945636418587538996e-02
6.562500000000000000e-01 3.618788633541591970e-01 1.694674669069595740e-01 1.655317343328263080e-01 1.568356392922696033e-02 2.120236049511427801e-01 7.922023235418189369e-02 2.050660670554254050e-01 8.549437285755176474e-02 2.667534614384029501e-01 1.140849547949422393e-01 1.377376388039741051e-01 6.581654610259718430e-02 3.085249294579290313e-01 1.135307929967487028e-01 1.705831170239094710e-02 3.897510404943873435e-02 1.824505770824113304e-01 6.430155289663318230e-02 4.957557505772264284e-02 5.887367814747066636e-02
6.718750000000000000e-01 3.580403559375550104e-01 1.526303540014484726e-02 3.247097651104963179e-02 6.440411771361519155e-02 7.983276220703283688e-02 9.799463822840277782e-02 4.798529129940340768e-03 1.011906102410825396e-03 5.213216555343758163e-01 1.887687927678424749e-02 2.765228485719814153e-02 9.482013974129029077e-02 1.598404896745860282e-01 3.974083856572353107e-02 1.075898149962534189e-02 8.129503077795692534e-02 3.722707711159146254e-02 2.052466645761700792e-01 3.138588562155087336e-04 9.570711305204591957e-02
6.875000000000000000e-01 9.091934748389449150e-02 2.078380861499050658e-01 5.967478589125369687e-02 1.474804068461788575e-01 1.245636315791032733e-01 1.183680936228979040e-02 6.918639476573756886e-02 2.285087666536151085e-01 7.351483106988451754e-02 1.021416935770305678e-01 1.416164210646020660e-01 3.728315732763978763e-01 2.072670283478988129e-01 3.339329249987529891e-02 1.420085751478328100e-02 1.537559118894401278e-01 1.377888843109826844e-01 3.452913451062293582e-02 7.486334596946164766e-02 1.969610475111243375e-01
7.031250000000000000e-01 1.791419742176340868e-01 2.447409966433475303e-01 5.870511583150578305e-01 2.770098517556260354e-01 5.598857363481989091e-02 6.940214661090625403e-02 1.657485027437980152e-01 7.118863002112449379e-02 1.141861553017818054e-01 8.165930507773948299e-02 4.516518541671843967e-01 1.778618861264806283e-01 9.708367570295072316e-03 2.516369645397631971e-01 4.704966502011645457e-02 6.610291636502989288e-02 2.081742485513725718e-02 7.183531461735639251e-03 7.815389541511406912e-02 2.284724913671994373e-01
7.187500000000000000e-01 2.678094969833182126e-02 5.401771497692799129e-02 2.901246895122203129e-01 6.864808499838840339e-01 1.338608750592147345e-01 3.025410988168100168e-01 3.833228795971162228e-02 1.147878723734187256e-01 2.563374523314128073e-01 1.435462294194669863e-01 7.132992171430801998e-02 5.421149419166293448e-02 1.870513844967330308e-01 4.414561928494897813e-02 1.706857956249896169e-01 1.070389849775119917e-01 3.686469969536063790e-02 5.830324704640341138e-02 1.510432119259993433e-01 2.637165661184492360e-01
7.343750000000000000e-01 5.056191060952738292e-01 2.396931878959703555e-01 5.277054003415172778e-02 3.447273742142168973e-01 2.684645676853442686e-01 2.177293410786786121e-01 1.568645520840347418e-01 3.417522675068628280e-01 1.054412832119760723e-01 3.402559147034588949e-01 4.377829888207316472e-03 4.266649303381421787e-01 2.925288718977683833e-01 2.081136098913499155e-01 1.537772198771431842e-01 1.102206978903912671e-01 1.236424759449228188e-02 5.911808805593728178e-02 1.859314762378778407e-01 1.112223563565435253e-01
7.500000000000000000e-01 1.318472912339153369e-01 1.354030360951152812e-01 2.533373205081675961e-01 4.056061759372466824e-01 1.407838496441949083e-01 2.977073931474450430e-01 1.467908937042535222e-01 4.282751607662251270e-01 8.267835125172079414e-02 3.301269489862171946e-01 2.232689124374044598e-01 3.829766894801581167e-01 3.387539635302811436e-01 2.993172475853098646e-01 8.286032518929138668e-02 2.006493298979057302e-02 7.749513383380343678e-02 2.773644883399336430e-02 4.049346809766695560e-02 3.343133908265151777e-01
7.656250000000000000e-01 3.672696439708773020e-01 7.173198250927079189e-02 6.221947483995046713e-02 8.298775935601753612e-03 2.454232078349059543e-01 7.613520327222206285e-02 2.339105678542302003e-01 2.712660805259004548e-01 3.079775474930027679e-01 2.679910749468830677e-01 1.224811767198818180e-01 1.077519701542300062e-01 1.438037391162472756e-01 1.132275926256061660e-01 2.802817575090315039e-01 2.240498010676157392e-01 1.549544936144151563e-01 7.122773782824416700e-02 1.857662160528188861e-02 6.520580930879450732e-02
7.812500000000000000e-01 1.811528013059812148e-01 1.088364948985161978e-01 1.581314228682432210e-01 1.017948235532851187e-01 2.487147798738411908e-01 8.008299459333631520e-02 3.011779027740261183e-01 3.042554676509428568e-01 1.215915464670777081e-02 6.607958847720425688e-02 1.642626509900285692e-01 2.643926080651761920e-02 3.004028956733468744e-02 4.001973154168616542e-01 1.927622174971560243e-01 1.874051264834389885e-01 6.248445172242320100e-02 2.666131100829352910e-02 1.699684253738072692e-01 2.216003050456982482e-01
7.968750000000000000e-01 6.738942554275766106e-02 4.393451997862609509e-02 1.299252115002636973e-02 2.107171789577572674e-01 2.335002742822294974e-01 1.915196346032517483e-01 4.543532234180518437e-01 2.425705241716064053e-01 4.781015570730968132e-03 1.468960368473330169e-01 1.705911036936461900e-01 3.016638139978661814e-01 1.583388254720417276e-01 1.500262373282530981e-01 1.106098750034191225e-01 4.207516523189311908e-01 9.634225330559645362e-03 3.119259809871264832e-01 4.814525225193791447e-01 7.207344437717884411e-02
8.125000000000000000e-01 1.979439018051871654e-02 1.188724206519254853e-02 1.458166376203472170e-01 2.088037623999236814e-01 1.336725427139371369e-01 3.992326674231517214e-01 1.126039111392203029e-01 2.836361517184927267e-02 4.063823158456912887e-01 1.075024496726417617e-01 1.517656634979067110e-01 1.786439450615934232e-01 3.154865238809038269e-02 3.174351178176119254e-02 2.855563312191878797e-02 1.325985834502205474e-01 2.897930348729240713e-01 2.609968550965807155e-01 6.297856122771168345e-03 6.301875578679652645e-02
8.281250000000000000e-01 1.196537163274785653e-02 2.266248058539132859e-01 6.791536980166186510e-02 4.620447678399111635e-02 1.289704314854515643e-01 4.532127223567352509e-03 1.037158109919535387e-01 3.231498774421397435e-01 1.390294824750035740e-01 1.430259017833619695e-01 7.555795089721283053e-02 2.605834875486229274e-02 7.777883481297903634e-03 2.284651896938471871e-01 2.265046683142531159e-01 4.588322676369204628e-02 2.343825638043770254e-01 4.244547618305889447e-01 1.450893421372355385e-01 3.614145874924623580e-02
8.437500000000000000e-01 2.159940548994800369e-01 1.335332093981258239e-01 6.826276512621384795e-02 4.794485803543299847e-03 5.589064223597577791e-02 2.964509725156716513e-02 6.036764398959634098e-02 1.649668591385381189e-01 1.197732902348692952e-02 1.853695049533235625e-03 2.044911830616809312e-01 1.598161273679652716e-01 3.450848203762005295e-01 8.649084254575190034e-02 2.581741193005812618e-01 1.757814330181929341e-01 6.793104097269482555e-02 4.569394201822298690e-02 1.934661507485194720e-01 3.472017382847593092e-01
8.593750000000000000e-01 2.999341459992430070e-01 2.706391559014375003e-01 5.449554752018619108e-02 6.714748273522973786e-03 7.618749127192631088e-02 2.695879743962655284e-01 3.788139676484845730e-01 2.706776969917572551e-01 1.112925378022533718e-01 1.199043048062726768e-01 3.900537767643020431e-02 2.378561028450375953e-02 5.454704967204782040e-01 5.119520888601489794e-01 5.700699749032901026e-02 7.820860606841274765e-02 1.158161182279071749e-01 1.681902775803233441e-01 5.922649834564239213e-02 1.854364072202740743e-01
8.750000000000000000e-01 1.914990449591904009e-01 8.024394763692603572e-02 1.468405821658279320e-01 4.367734925120339562e-02 1.139672042568945221e-01 2.575315604269408643e-01 1.622051135323927806e-01 1.569553121582007993e-01 7.328661946192240040e-02 2.223505003324931784e-01 3.591914773937204125e-02 2.437045379096191774e-02 3.085656361632842931e-02 1.968420940764617835e-02 4.026577573686516281e-02 3.750945010599401330e-01 3.309723817070506224e-01 3.205963800865384988e-02 3.609592656902386315e-02 2.829493665485354192e-01
8.906250000000000000e-01 9.059274125529483135e-02 1.058170399680665313e-01 4.060917298808877085e-01 2.024087334617928335e-01 1.817443956313153086e-01 1.255148752927311984e-01 1.108407382613174480e-01 5.920892596987965828e-02 1.498413439030156502e-02 1.692595538120709731e-01 1.896719444869319759e-01 1.626696548690436950e-01 3.940112685819598393e-01 7.410447264102522358e-02 2.230317191241269481e-01 3.961154633706305828e-01 4.339945561226211772e-03 2.601925245676455639e-02 1.010184023356563571e-01 3.999929063938391649e-01
9.062500000000000000e-01 2.945477360448421900e-01 4.585464964721429337e-02 2.115549056764644831e-01 2.832035629929974263e-02 1.295847897850834485e-01 9.677025939206088112e-02 1.038275855859772528e-01 1.163283563414780480e-02 4.705078385201552638e-02 3.060347227286823735e-01 3.181935010066818115e-01 2.600575164805851158e-01 1.989315183771064033e-01 8.821836629422347142e-02 2.539610190916877785e-01 4.933105107828503200e-01 1.204170605741282513e-01 2.421067842063878706e-02 3.351406115678134956e-01 5.151521414718528424e-01
9.218750000000000000e-01 4.679304657761701458e-02 9.021225507356508966e-02 1.742525246320199561e-01 7.081428556710720780e-03 1.717570698912833371e-01 1.825971059348293069e-01 3.625075491992477833e-02 1.466934942653075613e-01 2.397526143829838141e-01 1.375812609487173377e-01 1.559352049856718540e-02 1.147854340874004085e-02 8.419832874920898241e-03 9.612638736037962262e-02 4.447961958056013271e-02 5.691524464605512285e-02 4.530082569785317398e-02 2.744927725409840313e-01 2.127701040304145474e-01 1.757772877137996903e-01
9.375000000000000000e-01 1.304885909466862483e-02 2.989548344207931113e-02 1.426718970201378278e-01 1.075783795055851311e-01 1.374612534972439182e-01 2.749565367967887197e-01 1.751225459576261911e-01 5.532605779957082415e-02 7.787320228447666692e-02 3.319519551283462433e-01 4.937484788214153153e-01 2.007692284177059472e-02 2.393056078742906989e-01 2.385337581617114622e-01 5.118096250340437026e-02 2.462107100489416972e-02 2.000802579694421213e-01 2.013231431556026033e-02 8.116944468957425218e-02 2.718503098167122101e-01
9.531250000000000000e-01 3.172238262272991105e-01 2.183326874581479615e-01 1.414400856091760639e-01 1.084248615414452888e-01 6.114553899650613245e-01 2.890447741267040960e-01 4.725208363466240624e-02 2.143688339590545944e-01 5.755833684847390386e-02 3.024753795351135532e-01 2.196919881890144199e-01 2.958418078780851723e-01 7.614981988259514334e-02 7.740529429894953128e-02 4.217351556376748301e-01 3.449783236299039380e-02 3.600912036703625418e-02 1.347032250191651688e-02 3.434308288619508098e-01 1.157547266003093461e-01
9.687500000000000000e-01 3.029038987199422217e-01 2.724993366457778010e-01 1.379937503311985669e-01 4.868419194302148756e-01 8.094724267409880714e-02 9.682292105915163427e-02 1.578963552778755441e-01 1.727229070810198941e-01 1.470458946581310045e-01 2.836972430495343644e-01 4.705320782536694807e-02 1.952862718657102925e-01 1.006097411769221218e-02 1.831238946007571755e-01 5.220375163265461582e-02 3.331854080753798852e-02 5.631890754778343632e-03 7.355889874045391623e-03 4.877272383223645036e-02 1.936642687728974688e-01
9.843750000000000000e-01 8.597075228491085630e-02 9.845604603269796085e-02 7.894552832498855088e-02 1.281642585012783275e-01 1.670249398923623063e-01 4.624812466666337052e-01 1.316815150217134044e-02 6.218686264477649162e-02 3.500443032976504054e-01 1.431332812204902938e-01 2.767842422592733387e-01 1.881579341919209503e-01 1.249549547597987587e-01 1.989811530470605994e-01 9.550857858828470937e-02 1.986675951892423464e-01 5.194968391233012461e-02 5.236537839029926228e-02 7.449971279322378792e-02 1.080908836643751925e-01
1.000000000000000000e+00 2.724508326859360618e-01 1.076502497172482364e-01 5.631476119390744356e-02 2.353644946068675706e-02 6.807272186513813050e-02 2.386891122353109462e-01 2.615703635026384588e-01 2.352350600643192402e-01 2.076578214230319352e-01 9.661017571963373407e-02 1.315810057410158121e-02 1.729507069106381856e-01 1.392481182088048663e-01 2.241090969129889421e-01 3.421252557505853886e-01 1.441719291256813307e-01 1.841861049532245512e-02 1.670202465941866832e-01 1.038854149581908554e-01 5.684371057834340935e-01
1.015625000000000000e+00 1.211486831475243608e-01 4.279025047131111703e-02 2.316146875676651784e-01 1.086701894925896222e-01 2.830496037327896036e-02 4.634989694110627778e-01 2.274859155341027728e-01 7.521628061097799384e-03 4.784834670532488871e-02 2.567504466302199528e-01 1.127656083258915948e-01 7.154086799682046749e-03 9.998140714660952444e-02 1.055987688426352766e-01 1.138172709549660072e-01 5.121133073084341986e-02 2.518635828376011299e-01 2.292101364555463455e-03 8.565332876166575210e-03 5.237171814959966643e-01
1.031250000000000000e+00 8.863485394038100873e-02 9.404422005252054129e-02 3.389090384283942048e-01 2.688695408419273236e-01 9.591604010036584860e-02 3.583060878935164228e-01 2.401378676107106536e-01 1.072006207914620174e-01 1.070941936872137346e-01 1.572400241202484908e-02 4.760156400457462023e-01 2.801397402305869783e-02 2.184716319687501074e-01 2.721895839183415822e-01 3.334444741333732476e-01 2.185448016488881762e-01 1.464621258254329983e-01 2.949403012922413025e-01 2.411055644381516691e-02 6.080994000833192525e-02
1.046875000000000000e+00 2.867854430517686182e-01 2.231854682445659488e-01 1.008520678977673640e-01 1.236679190190763215e-02 8.274783635853029395e-02 4.993734754796789743e-01 2.450988265959133106e-01 4.608098163242962259e-02 7.715496199696313118e-02 1.077186278376562889e-01 3.784637535203155823e-01 2.147526104068977759e-01 6.081881890794754719e-02 1.658727519264633077e-01 3.762665340846794299e-02 8.962609454624086147e-02 1.030032806078452351e-01 3.283596135945648919e-02 2.821613427361711057e-01 1.857479996356646568e-01
1.062500000000000000e+00 9.087995112463691239e-02 4.465753356098593058e-02 5.042651376367567745e-02 8.709570379909081783e-02 2.821663778412857315e-01 3.834226101616995952e-01 1.485275874127816864e-01 1.089677685022381326e-01 1.049984221215892813e-02 6.443194902470285312e-02 2.802077903055137931e-01 5.018755131117948187e-02 3.539872790149919263e-02 1.394431803786731587e-02 2.045600665809460261e-01 6.715235684318449083e-02 3.421640499224946064e-01 1.110920375435933416e-01 4.294433113043746308e-01 4.914737488539062255e-02
1.078125000000000000e+00 3.339128500786180814e-02 2.670985148829982739e-02 1.370548089966533156e-01 3.356142718244216061e-01 1.456381766561452018e-01 3.240128363199940714e-02 1.170083136107816224e-01 1.253200982066046687e-01 3.084501741916600981e-02 8.314147750425336658e-02 2.419485706275310566e-01 1.182948631150167185e-01 1.724368282083756088e-01 3.144057168300044142e-02 3.359858677990086306e-01 2.337826591725090386e-01 1.927947032977695985e-01 6.038621819561088705e-02 1.477880266001253273e-01 1.942095764072238606e-01
1.093750000000000000e+00 7.414478751282778390e-02 1.229152054034494262e-01 2.817459995929463279e-01 1.927619079309970951e-02 7.976199265119823453e-03 1.102318594233641508e-01 1.309206506504758116e-01 3.074590396312973720e-02 8.879965567405868898e-03 7.457283342422448003e-02 1.192706984757549299e-01 7.879636335957210247e-02 3.894479125351313353e-02 2.001149236291136779e-01 4.169495060771037376e-01 5.417655505041721886e-01 1.692238246342869512e-01 1.571398673418827885e-02 2.228447118307706476e-01 2.146804968779848499e-01
1.109375000000000000e+00 1.640093408442117318e-01 4.009268301358970277e-01 2.476852646968956684e-01 1.658490306346117535e-02 7.329221467918693722e-02 1.960522016279622748e-01 1.050675657054748746e-01 2.221925806802221154e-02 2.310388378253420694e-01 4.290501022461183644e-02 1.288996886249415830e-01 2.518081583635964002e-02 1.483057496032864353e-01 3.858893062366971494e-01 1.498630043057029571e-01 2.271084527243669715e-01 1.115870738899690517e-01 9.072019954202116543e-02 1.959539681225305752e-01 1.489941533992152622e-01
1.125000000000000000e+00 1.924194891796782991e-01 1.996824003134846370e-01 6.173475339630114106e-02 2.270998605040424612e-01 3.128545411822968858e-01 6.557347899344632969e-02 1.452636164124041646e-02 1.559024619601714901e-01 2.915321792502928097e-02 6.076404450281228803e-02 3.424092157196399477e-01 3.020611653319812615e-02 1.504913851326567797e-01 1.933568182694197224e-01 9.693803748841865742e-02 1.682750133751436880e-02 4.167481380023313822e-03 4.793901946123278746e-02 8.637435054493153644e-03 6.740332526523823420e-02
1.140625000000000000e+00 8.830997032721379925e-02 2.093161572529306513e-01 2.961151714082983083e-02 1.064963785008209568e-01 1.271691393675932757e-01 3.698818944764839522e-01 4.391110346679089754e-02 3.703950702529859584e-02 8.021923209755367490e-02 3.639824105934712228e-02 1.183839794902073611e-01 2.974292410654149066e-01 6.567378858804900910e-02 2.423308870962344874e-01 3.312840766615335331e-01 2.228479323670137791e-03 8.903595788176811576e-02 2.213386096330524355e-01 5.158831770278088369e-01 2.121623343735079548e-02
1.156250000000000000e+00 5.393061973753839750e-02 9.350286626397111278e-02 1.020602977665610806e-03 6.383216671949422383e-02 5.528072467996077632e-04 2.360551823838128171e-01 9.740144777550381605e-02 8.260177175215274725e-02 3.785316861972090052e-01 1.214360547786275286e-02 1.155139856610249427e-01 3.820103280995209780e-03 5.344480491049516391e-02 6.630939505078864427e-02 1.073127699347928843e-01 2.754600312796243178e-02 3.257309650040137172e-01 2.042400658780859496e-02 3.858441928745620086e-01 3.477920698806954980e-02
1.171875000000000000e+00 1.204554422891611631e-01 1.645042659131469576e-02 1.854103217752357535e-01 8.484727321807758460e-03 4.281302085633390681e-02 1.128756600940357124e-01 5.297446971962156692e-02 1.906684342022741119e-01 2.790316924819812860e-01 5.552039700469842826e-02 5.534861719807937508e-02 3.536281071607697002e-01 5.400045722578879215e-02 1.917591278760499840e-01 5.430520527256819246e-02 1.407240829008966215e-02 2.440551123647270171e-01 1.377297862042625165e-01 6.116744594341073232e-03 6.177207538358524264e-02
1.187500000000000000e+00 2.314243148123399374e-01 8.790292254981656173e-02 1.652420678315280056e-01 4.661413009898277005e-02 1.709434745998672789e-01 7.223442668282699375e-02 2.802012033649706746e-01 2.395445488960876446e-01 1.161103956614025073e-01 2.794185782646318311e-02 3.058892649272716008e-02 8.156325903031731717e-03 6.588398678365309236e-02 1.819212197368426098e-01 2.600100062913425214e-01 1.191119236206274884e-01 7.006622721842366286e-02 3.077044635512621827e-03 7.169486347156447947e-02 2.032692455254259400e-01
1.203125000000000000e+00 3.610954509081430452e-01 6.603370930931008742e-02 5.557839999983662516e-01 1.712093092267965300e-01 8.082898068636988273e-03 6.900677000183791376e-02 1.448379867597876791e-01 4.436545655187585369e-01 3.924959197750169798e-02 3.267497157484327425e-02 5.218715119032783095e-02 2.166092265105419579e-02 3.256459497992979513e-01 1.377874621677009637e-01 1.624733501272721814e-01 4.046078431189831237e-01 9.522710750135748858e-02 1.516364150366490693e-01 2.395209085517237546e-01 2.207469189670717147e-01
1.218750000000000000e+00 2.945583542484254557e-04 1.116775773983216813e-02 4.682119764924543848e-01 1.642030350953369300e-01 8.984962525177435377e-02 1.372094154334759786e-01 3.143662561687691204e-01 2.499994336314761423e-01 3.662171960339516974e-01 2.033944393193376776e-01 1.030136142618794520e-01 5.429179057561979438e-02 9.322762145007189305e-02 2.169083205185646790e-01 8.434520634136009887e-02 1.150690481176316615e-01 4.529388936434455143e-02 5.237335383106841297e-02 1.595384906986070384e-01 1.657366667307790808e-01
1.234375000000000000e+00 2.636857957485182480e-01 2.823886310114492523e-02 6.003534642703787227e-01 1.567855297884626631e-02 1.112373570677632068e-01 9.359418798985899568e-02 4.195689712363129265e-01 2.058473738159073696e-02 2.756838349335257732e-01 2.733293694095659254e-01 5.138764014263699081e-02 5.678861279532095852e-01 2.551837359843996400e-01 1.510767612423251881e-02 2.293272152142205866e-01 9.611610490994185879e-03 4.898735028795296598e-02 3.734912293617019263e-01 1.479070989693024862e-01 1.778763557844599830e-01
1.250000000000000000e+00 2.680862055076888364e-02 3.017850793586338010e-02 1.391445881663498363e-01 2.298177077839162405e-02 1.037466709610182780e-01 9.301017327660331124e-02 4.369593131619648602e-02 5.077210203770782249e-02 2.346426616162834988e-01 2.215198154707627709e-01 2.349432164781006804e-01 6.555194870234081206e-01 1.313536787753831758e-01 1.831557744052323966e-01 3.914365803854105708e-01 2.091278874639128024e-02 8.568138874376126507e-03 4.889551592034947769e-02 3.802548130419764610e-03 2.667532611066343318e-01
1.265625000000000000e+00 1.976304377127826861e-01 4.781786109009728558e-01 4.992071276868431662e-01 1.565748631270334063e-02 3.506939363128885184e-02 4.481293687875403942e-02 4.665945077464111329e-02 1.968747273819024951e-02 2.116957070283383702e-01 1.484868575398299306e-01 5.342579061901665538e-01 5.532450812099388993e-02 1.814609302294423743e-01 5.967089392863592773e-02 1.230383810041530968e-01 1.040751597682191554e-01 1.050617249427313882e-01 2.832123438796606621e-02 2.019804724966184073e-01 4.300982106396808446e-02
1.281250000000000000e+00 1.507969292271880979e-01 8.757338683433432691e-02 2.092587334071449590e-01 2.561354021475265377e-02 4.723405580244374215e-03 1.216696004246552443e-01 1.231163845574085314e-01 1.421520114874829377e-01 4.042034074567475987e-01 9.187321302600888473e-02 1.467482206681696988e-01 7.568885993094083553e-02 1.574892276794668255e-01 4.792874594300666202e-01 1.161439643932782456e-01 2.452289019749067656e-01 2.302561526473637654e-01 2.077524197450324878e-02 2.065245447749606278e-01 1.149975627070252970e-01
1.296875000000000000e+00 2.189434154385266895e-01 7.407093897274676098e-02 1.517757822307224114e-01 1.005185712562805915e-02 3.089278004208225945e-02 1.051271779479623913e-01 1.291253830521635615e-01 1.443210317293885936e-01 5.095817802536193319e-01 2.058674936633354269e-01 7.020225638237648225e-02 3.731456443030464754e-02 6.121164353868659841e-02 2.916894452956052541e-01 1.855777431714029369e-01 9.435099367790882041e-02 2.692665100368369854e-02 3.027770138428424393e-02 2.243027593227412964e-01 1.367562767388485201e-01
1.312500000000000000e+00 3.025439030404827312e-01 1.058915126368622367e-01 9.164974868696869337e-02 4.507643393252682151e-01 1.408922639769819019e-01 4.315531499224751349e-02 3.072394555713273689e-01 4.670512810439771123e-02 8.753261363431291686e-02 2.229804729133228747e-01 8.444884420377478385e-02 1.713684231272654124e-01 6.620628374436102193e-02 3.195845283580558277e-02 1.352402715615997897e-01 1.387483919379221137e-02 1.405100151275286979e-01 2.956572656680472519e-02 3.174812459228176786e-01 1.799559180353935972e-01
1.328125000000000000e+00 6.906100762461477027e-02 1.850795480335467036e-01 2.162525581993692547e-01 1.383605823688882075e-01 6.593291224194342166e-03 4.211712584476180049e-02 2.020422912763207568e-01 6.656228204421617799e-03 9.440252982877507526e-02 1.766838922294777237e-01 4.558576258220810584e-01 1.289673256119305833e-01 1.896591624000708021e-01 9.661417060424085101e-02 1.172052450225275280e-02 3.101456871401505819e-02 4.342395272768804354e-02 1.091134294636607605e-01 3.658919229380513949e-02 7.722094723447478493e-02
1.343750000000000000e+00 3.634768728163785267e-01 7.769538891328807428e-02 1.124627413156133737e-01 9.677682693512362766e-02 6.373793761243712330e-02 1.471682202757521041e-01 1.021153609682245444e-01 4.188263557211163723e-02 2.756804794279636706e-02 1.624875956689033618e-01 2.651420816970961880e-01 9.488432396950284564e-02 3.068861983797127047e-01 5.230735282817559062e-01 1.335689393692521265e-01 2.530021264279621804e-02 4.875267542584013625e-02 2.735184890808109448e-01 4.567589052270693700e-02 9.133764875461766741e-02
1.359375000000000000e+00 1.404149627863224559e-01 1.213511094080427406e-02 7.033540829715552445e-02 1.338666478034643836e-01 1.242525814795560624e-01 1.761841637859459242e-01 5.358431014983869312e-02 4.927759410224426262e-02 1.537549750296160200e-01 2.035058815837653967e-01 9.126945762781878135e-02 3.953720197205275871e-02 1.018136987141415734e-01 3.705442745444132990e-01 4.650767391541712481e-01 1.585920152040720330e-02 2.836357732222329897e-01 7.046039037233710334e-02 9.400609595306851432e-03 1.243530371755444952e-01
1.375000000000000000e+00 7.137658229469497073e-03 1.111499967940585698e-01 1.089996500215483499e-01 8.937559802246869411e-02 8.180331482966757273e-02 3.731403254019217963e-02 4.117196467113702907e-01 1.659043813361326669e-01 1.049884212764845698e-01 5.702568496995289588e-02 1.587217282459057466e-01 3.883524725193759908e-02 4.831366169729063575e-02 9.480154193185734435e-02 9.028953429309610756e-02 2.359671960465063723e-02 2.385421827581089740e-04 1.092582099613710611e-01 9.885796948950197061e-02 6.489418001115337953e-02
1.390625000000000000e+00 1.317964853542976655e-01 1.385055678228591380e-01 5.542624454526808853e-01 6.119403599149142448e-02 2.027531889861969652e-02 4.289098939894869789e-02 7.389812743785896532e-02 3.212707538626237702e-01 1.389193706937131255e-02 4.518836824000971308e-02 5.066071434113718075e-01 4.978632824005955332e-02 1.870227359492138697e-01 3.516561330687553028e-02 1.534709440969369600e-02 2.313771169665550798e-01 4.883153871880861752e-02 4.707179302384618264e-02 1.207757164212541895e-01 1.298978200199710498e-01
1.406250000000000000e+00 2.944256550248819382e-01 5.812816624078386701e-02 3.751676093485440400e-01 3.391610620508853091e-02 1.218920300796765416e-01 7.342294221084048889e-02 7.288055673315405047e-02 2.337310200374195235e-01 8.306330691519901721e-02 1.783993397070790521e-02 2.557377496154177310e-01 6.398967822138643124e-02 9.446327985580361963e-02 1.810762417558649251e-01 5.647986556215601160e-03 4.256094107337464183e-01 9.341576958299384337e-02 1.631742904358857993e-01 5.323004208401088677e-01 3.999827579427482904e-01
1.421875000000000000e+00 9.437558722809183398e-02 1.012507617613002675e-01 3.546778584421424463e-01 7.452922656075121333e-02 6.480511345852416581e-03 1.031607457859032712e-01 4.020904524921833229e-02 1.595995187178574082e-02 4.838463102886654821e-01 9.305687172324180953e-03 8.311291752239387265e-02 2.250029427718238939e-01 3.265439089973933839e-01 9.058811902301967811e-02 1.052921870737327931e-01 5.542787492258410831e-01 7.033657087965226873e-02 1.587729078765856838e-01 2.827109578528209655e-01 7.252495339897706284e-02
1.437500000000000000e+00 1.622524460751632591e-01 2.972434181866400182e-01 3.298423407174629757e-02 8.789956979298585438e-02 5.047139263200943471e-02 6.260987254082608922e-02 3.078041721511355980e-02 1.278081013119130305e-01 2.971522192544183705e-01 3.357044540317830061e-02 3.370055068569920154e-02 2.302699466282544516e-01 1.839826393701213814e-01 3.690000149237719351e-01 1.396418429175582364e-02 2.020260139929086485e-01 1.058013172133743379e-01 1.186516894868162447e-01 2.995216262987703826e-01 3.026165192938554682e-01
1.453125000000000000e+00 3.073630421838230084e-02 1.587788304331528288e-01 1.757233571075744183e-01 2.907972186980341267e-02 4.601292164318803585e-02 9.344689884821129333e-02 2.289528241978429357e-02 8.114502729301557860e-02 1.371024220852162523e-01 5.745690363367553233e-02 5.130059793748614760e-03 1.094385434276044650e-01 1.942787081568184693e-01 3.007655275665465158e-02 1.087648423437155010e-01 9.321499565438635948e-02 5.609279742063547763e-02 4.073030633430416853e-02 8.370996726076961048e-02 2.138391296762080507e-01
1.468750000000000000e+00 9.721162655586700063e-02 1.928902685101072101e-01 1.250606612613187896e-01 1.019421451508003007e-01 1.412961629732039648e-01 3.418738292563683941e-03 1.731763665191542179e-01 3.359831639569311745e-01 3.489184652955984456e-01 7.909323181006147618e-02 1.158942510453963154e-01 1.855824027146222022e-01 2.497697156424747988e-01 7.669869639098658709e-02 4.036347545297330058e-02 1.026792735534554218e-01 2.076388210303403981e-01 1.315876784549202816e-01 3.284051674127861364e-01 2.015216068301521057e-01
1.484375000000000000e+00 2.651960350266741040e-01 1.694814876663952863e-01 4.978317084836693107e-01 9.669853535781176845e-02 4.413334382200554545e-02 1.939309688363325956e-01 3.970415147590514171e-02 3.716415719280681818e-01 9.574498381554144566e-02 1.104655694055137333e-01 6.235022442804880743e-02 1.124781495996495378e-01 1.729972235099061506e-01 1.899309754773081949e-01 1.258492649198737212e-01 2.322887060301990214e-01 1.510651023575708130e-01 2.023865554786641596e-01 1.154375305513990341e-01 4.334372931793423894e-02
1.500000000000000000e+00 1.276864803259260550e-01 1.352281126808955736e-01 2.548603184604009142e-01 8.028500327518001134e-02 9.228709668694530174e-03 3.795286157568945051e-01 4.522529692060956591e-02 1.836872002042207741e-01 8.593991941684814284e-02 1.729429725712748958e-02 1.103461755207447714e-01 8.204357132990579282e-02 4.002945893857835086e-02 4.071828924335724881e-02 1.835438197252641235e-01 2.243572809434958570e-01 2.163667274961285636e-01 3.739903489962043692e-01 2.500364926374578078e-01 5.737872012410728528e-01
1.515625000000000000e+00 1.515666665135518010e-01 3.167830667531790767e-01 1.224834061346881803e-01 1.223308813392327832e-01 6.910392423011546548e-02 2.465498839345655058e-01 8.376495438473122168e-02 2.174408063017137793e-01 1.059455625192037564e-01 7.553917055709359618e-02 1.931143384994701284e-01 2.157448246081986563e-03 4.469568386174050528e-02 3.509931947749921066e-02 1.141080832630028408e-01 2.367044389484518896e-01 2.763023747316585843e-01 3.042893018542173755e-01 2.223906631881963358e-01 5.398511153963058140e-01
1.531250000000000000e+00 2.259143110724142200e-01 8.247984457141402381e-02 2.033903718355041246e-01 5.248870410901335104e-02 2.756393766393257574e-02 3.997457134915157438e-03 3.566142986029303685e-01 1.300685345045816954e-01 3.115649851493529354e-01 1.674957904394810682e-01 1.171820568540936774e-01 3.339282836688550193e-01 4.533729939529965169e-02 2.129518441804093554e-01 2.788040906037829794e-02 2.586801284811041657e-01 3.526338703170437960e-01 3.098571688726644568e-01 7.118045953537439907e-02 1.065375112588370088e-01
1.546875000000000000e+00 3.729939024935077785e-02 4.307238338115169929e-02 9.075555965028446470e-02 1.233600789177320550e-01 6.898857164318021595e-02 1.352792764231717237e-01 9.319440008134580178e-02 7.609736527601849987e-02 2.057117000116436608e-03 2.555148380989245502e-02 2.298670958379984419e-01 6.999900786749604920e-02 1.824134662739673174e-01 1.798552434442236558e-01 1.550354785895345089e-01 6.773868157282436154e-04 5.371096768539724599e-03 5.052515586846380996e-02 2.345675387159148681e-02 1.503317828503118458e-01
1.562500000000000000e+00 2.568301085580532855e-02 1.643644427775948769e-01 1.170537900082553873e-01 9.622392687015682289e-02 1.757680423159462546e-01 4.782248228591622075e-02 5.719463218856383688e-03 1.576832858135535920e-01 1.377942209723428679e-01 6.920146567357450540e-02 1.329191540862467713e-01 2.458798919983278541e-01 4.674335345706577896e-03 6.680759797570770542e-02 2.697635950888727652e-01 9.227319956338950191e-02 7.075391292098331952e-02 1.408729370355210619e-01 9.842621676105846318e-02 2.169515292361840209e-01
1.578125000000000000e+00 2.750579505928313698e-02 1.796872954669828659e-01 1.284529262498146640e-01 2.636353359572315633e-02 1.083237003354609040e-01 2.769356739621463559e-01 4.737791900233745412e-01 2.874881292963584953e-02 2.091734149570208603e-02 4.017723058438872619e-02 1.031296831289912723e-02 7.818032269270863699e-02 1.927762886299873649e-02 2.924432397609482703e-01 7.125340524396279740e-01 8.082608358499984713e-03 1.548082368218431093e-01 1.016106218275171780e-01 7.541976791907355204e-02 1.850354973056470564e-01
1.593750000000000000e+00 8.898488918094477063e-02 3.535624098968267459e-01 1.105325170354963665e-01 5.309272097896375331e-02 1.589501677460797291e-01 1.169165919210505833e-01 2.587277485843925695e-01 2.752298353167320077e-01 2.992803050966058587e-01 3.836610297352410770e-01 2.983379117904155428e-02 4.001237554581975331e-02 3.825043539739934051e-01 9.790756351788240663e-02 2.915176022131782951e-01 5.975293786212583502e-02 2.333297046693754914e-02 3.064741857560816518e-01 1.252796284456570985e-01 9.629290400033231612e-02
1.609375000000000000e+00 1.582079357159758490e-02 1.605686008193133729e-01 3.109870400975390803e-01 1.277422841584080759e-01 1.986362181366930699e-02 1.195738606555671150e-02 4.492167631711298237e-02 3.233900150917112803e-02 3.316860418166147073e-01 3.405405753652984147e-01 3.324352293742682818e-02 1.935546004137728981e-01 5.375122681350213982e-02 3.321904231593467149e-01 6.902325262222704094e-02 4.345767305654223978e-01 1.093053330377887489e-01 1.693253328202456165e-01 4.114364507207453336e-02 2.999717645332105054e-01
1.625000000000000000e+00 2.614884984967428758e-02 7.398860855836865424e-02 4.929149176628748463e-02 4.937308754279832318e-02 6.687611065639377517e-02 7.724077650056096478e-02 5.044413951939055035e-02 2.639091697953283022e-02 2.428457909213987409e-01 1.700009724754881490e-01 1.252962332378626253e-01 9.881748447862820361e-02 3.162321872122554611e-02 5.627450118999473283e-02 1.046756531682884461e-01 2.006550120337679266e-01 1.982530251766531377e-03 7.427561046528383115e-02 1.175467678954924267e-01 1.616271429429126660e-01
1.640625000000000000e+00 2.085488407950308043e-01 1.326116111429627986e-01 7.084931523157045330e-02 7.041542878894060942e-02 2.069484739779055282e-01 3.216138012622875575e-01 4.029565646144183874e-03 7.456041925486798366e-03 1.156268894582929418e-01 8.757388062184764954e-02 1.185372549523987370e-03 7.717866268852824341e-02 2.053432571039296717e-01 1.998715401762622412e-01 2.409650643623695854e-01 9.837699294635594838e-02 6.459195081940186101e-02 2.991426752894676966e-02 1.998002099977904122e-01 8.029014409566503918e-02
1.656250000000000000e+00 9.944004066652249729e-02 1.164246616297030107e-02 2.129272681605422490e-01 1.011638540964184818e-01 2.642732552354019049e-01 1.086266445778051176e-01 6.902908320753818605e-02 1.541021109344338155e-02 1.930561894039910242e-01 1.138640568154143662e-01 1.045459958387446320e-01 2.427128009853478652e-01 2.457568503862500586e-01 7.780640503903889227e-02 6.597746895152522021e-04 6.651420631448252963e-02 1.689190352705046208e-02 7.686920116188913910e-02 1.551319605870249418e-01 4.491172568871965899e-03
1.671875000000000000e+00 2.775195632615959362e-02 3.235002367086620465e-05 1.457402832731758968e-01 7.420794322918873587e-02 2.866273391655350944e-02 6.575374871661321396e-03 3.023216254148836657e-01 2.090549914152259672e-03 2.951252649270985629e-01 1.068740055990218853e-02 2.424894984029780654e-01 3.166021102207852156e-01 1.120845814608359588e-02 9.599642888052027645e-02 3.604621645708584038e-02 1.460109257531536087e-02 1.541384765482244346e-01 1.676431374011800313e-01 9.586869393941944983e-02 1.986291282833958782e-01
1.687500000000000000e+00 4.091429030228149188e-01 1.440352181627948223e-02 4.398202605616465671e-02 3.318065010810416493e-01 5.069076592842245571e-02 9.458533780153952075e-02 9.729435141935093012e-02 1.635970285967053850e-01 4.738093642100753983e-02 6.381348370630086919e-02 4.019173781784523003e-01 8.334571179501611138e-02 2.073300596781652294e-01 6.791035827122871016e-02 1.125513359002688549e-02 2.039683991395221973e-04 1.208074314809615274e-01 1.550238684152268620e-01 1.426383603121595713e-02 2.846011552615340667e-01
1.703125000000000000e+00 1.714284114640787504e-01 2.286193719138000235e-01 3.472842828632939360e-01 4.842758549936946461e-02 3.045403416911224292e-01 2.277051143808266898e-01 3.187976381340668769e-02 4.972039813188131041e-02 5.369857630267039356e-02 1.808513067880491154e-01 2.460001594490886234e-01 9.898565183350331587e-02 1.293694695298249209e-01 2.240217052138374076e-02 9.656956769816997521e-02 2.750087033307077600e-01 9.740369751707898816e-02 1.637289948659539640e-01 4.724557153472084409e-02 2.982643457954574084e-01
1.718750000000000000e+00 1.327811777335534960e-01 7.317177842959997347e-02 1.462406951000395083e-01 1.163335687401288038e-01 4.842077894506709862e-02 1.216128908412838078e-01 9.418290418621276527e-02 2.329434350620508687e-01 4.248566131211608393e-02 6.540556909374528605e-02 1.848806115510559511e-01 1.055681733969877495e-01 2.150860182438800450e-02 2.689007347010523019e-01 4.576512188408227155e-01 6.266471283984489382e-01 8.625934908432761339e-02 1.685373601625964057e-01 2.728545387516903009e-01 4.874123185560521980e-03
1.734375000000000000e+00 1.194398763954158116e-01 1.407646839263577976e-02 1.514670304282355467e-02 3.049677155377253923e-01 2.317383097603978037e-01 2.670801920148991870e-01 4.012273631184935102e-02 3.929431807522880127e-01 2.815482116953100800e-01 1.594512485939810929e-03 4.480360409333485755e-02 1.052646388324339211e-01 2.166502327390842572e-02 2.116015987795495101e-01 6.050518954118524334e-02 3.335565716066472841e-02 9.818104927800928861e-02 3.975178820159823156e-01 6.167238569787641955e-02 6.975537747653150211e-02
1.750000000000000000e+00 3.129215382258537237e-01 2.552295493847861127e-02 7.488078393739827643e-03 5.363194031469795814e-02 8.323664019174961681e-02 8.109588556260929337e-01 1.868851634702517750e-01 5.922292929021796826e-02 1.008649372281262419e-01 5.048853038354358252e-02 1.966435346296142028e-01 6.603586692795809787e-02 1.206622309221501155e-01 2.029109582200906148e-01 4.726510163356484884e-01 3.264412057862572242e-02 4.487178711929214886e-02 1.726384052381795264e-01 1.590416231523719137e-01 8.418062013319194126e-02
1.765625000000000000e+00 1.513261596347693083e-01 2.518647784812229617e-01 4.864087373785854623e-02 3.012693854224576459e-02 1.522622461483327805e-01 1.428030560704359742e-01 1.768598446188180684e-01 2.410346515825746994e-01 1.867005580944428311e-01 9.832897756243121068e-02 9.679038548577791057e-02 7.190556323198840812e-03 5.867968113890970061e-02 3.923509686866256951e-02 3.588580902186138122e-01 1.157268162342387462e-02 6.746633104645126389e-02 1.677045292758940209e-01 6.617846463061818341e-01 6.299596652372112249e-02
1.781250000000000000e+00 1.228357400429228030e-01 6.395328377697033495e-02 3.495154975407115949e-01 2.823706817241788958e-01 3.507863674110608260e-02 2.176704425855167657e-01 3.466742158299668947e-02 1.760983402047881785e-01 1.066005141122776945e-01 4.355117912415232273e-01 3.679599269100414932e-02 2.704320129692840136e-02 4.008674217211781465e-02 2.685485268491428212e-01 4.327330061031727793e-01 3.498888430114947129e-02 1.257634987750064770e-01 2.960899996217932970e-02 4.162034933294062600e-01 9.523195916820807738e-02
1.796875000000000000e+00 3.070413318128370483e-02 1.351490694878204959e-02 4.453010762413729395e-01 1.230947599317239044e-01 1.021936364440943767e-01 2.801640017267076344e-01 7.507886112164165182e-02 3.289467862825406486e-01 4.004139120583565664e-02 2.991612340695562477e-01 4.174650310548488341e-01 1.851806584223872690e-02 6.050911327162077774e-02 3.126589889511831588e-01 1.907876542670416953e-01 2.289863333491520270e-01 1.472452010582455707e-02 5.338787162155066851e-02 3.157332735050556449e-01 4.587856111287402783e-02
1.812500000000000000e+00 5.049809530989356893e-02 1.841723684991285193e-02 9.723423699118707852e-02 2.210202722148104856e-02 2.373587059389162604e-02 1.807181643910069080e-01 1.066113271192397349e-01 1.139721504426190885e-01 1.180155817149026315e-02 3.004393748999503733e-02 8.739360995987238701e-02 2.060458586313819451e-01 8.154018214599162429e-02 2.874253153274897721e-01 1.142343777970732943e-01 1.436839233029041651e-01 2.171371639701467557e-02 3.195649309687600970e-02 5.466478642732910398e-01 5.403007195452425721e-02
1.828125000000000000e+00 2.076641214479296726e-01 7.078126321669281351e-02 4.268232386456159710e-02 1.421949755508102597e-01 5.965787076145880052e-02 4.352899031583464667e-02 8.139626642744110518e-02 2.051248065633822226e-01 1.103364981011370066e-01 2.143394743623191004e-02 3.476013116663855818e-01 1.559105369647840467e-01 1.715475937357935909e-01 1.113256865518204991e-01 2.980366071331185321e-02 2.805390257716121050e-01 1.695807282005941108e-01 9.106335139141784329e-02 3.119397664592660213e-01 3.132814515886798712e-01
1.843750000000000000e+00 4.659917311527207451e-01 1.336392890041988579e-01 1.618058366580907639e-02 1.711677362045483861e-02 1.871053281981850946e-01 2.527230143072519905e-02 1.598522610810664824e-01 1.495182693609458657e-01 4.320568477108328864e-02 1.074967225063364756e-01 7.437139802220135709e-02 2.873706344270809399e-01 1.885853355854006652e-01 6.368399790155042373e-02 9.399573968545534008e-02 9.079543435016616815e-02 8.610554983811458118e-02 4.473713392197412042e-02 1.187132967887336993e-01 1.755480540746475471e-01
1.859375000000000000e+00 1.285869511235070428e-01 6.590001542226806008e-02 2.410169162359221962e-01 8.080657772991790833e-02 2.893986578623441996e-01 5.440645389889372380e-02 1.179627398426233952e-02 2.647531127568681364e-01 2.845541135631178831e-01 1.523481651926328062e-01 1.614491986100909104e-01 1.334620521962450734e-01 2.359386376234336169e-01 1.052215893776062700e-01 4.316715950713237437e-01 5.933446967138767542e-02 2.509411033976476080e-02 2.414050735361338018e-01 1.187931231496326956e-01 1.545182166443904714e-01
1.875000000000000000e+00 1.619679223001758150e-01 2.047024526000073077e-02 1.174834872914092276e-01 1.561175114026912558e-01 3.732503673910522735e-01 1.882880610790479137e-01 3.455851432491574560e-02 6.076592299261377589e-02 5.433923325063209214e-02 5.169036358264258307e-02 1.749060609790919485e-01 1.749380407371783630e-01 9.898379230596403289e-02 8.097595812907547666e-03 3.136681651960783190e-01 7.891841889068029747e-02 7.804940995471416898e-02 1.609306913878089662e-01 7.604334214297331362e-02 1.483953090172441536e-01
1.890625000000000000e+00 3.915273696748165499e-01 1.557567544949977068e-01 4.701184468064827371e-01 3.971405694314095874e-02 2.895224396966232239e-01 1.068777178519059873e-01 2.621761476592191498e-01 1.688194128955491924e-01 1.094841621782725455e-01 1.701664286976431739e-01 5.360655941571629453e-03 4.443900030941108636e-02 1.438815496135351923e-01 3.719717703568705680e-01 1.895260639247401402e-01 3.688770263001132227e-02 6.140257791864588317e-03 6.071594290332857358e-02 2.580525019722542113e-01 2.144916406742128911e-01
1.906250000000000000e+00 4.080670403845412242e-01 1.046135068579435307e-01 3.268192360790899698e-01 8.167809991949480722e-03 1.216898186232637374e-01 1.526022745390980158e-02 1.407010317594440119e-01 2.618138292240230758e-01 1.658756994950920036e-02 1.293381401892768900e-01 5.400108746782462249e-02 1.108326758675102497e-01 1.872646456087310451e-01 2.752935967230140668e-01 3.669743113322775085e-02 1.774515273343249544e-01 3.205966608672011220e-01 4.873790156747773855e-02 2.071871909793764344e-01 7.435872936010416712e-02
1.921875000000000000e+00 2.150461505824430135e-04 3.283720856488949180e-01 2.151855520598087990e-02 1.353462079108406768e-01 4.066506963268531893e-02 2.003623749069856630e-01 2.538151797954403266e-01 1.983628816657109772e-02 6.181813335151662564e-02 9.722844391265116071e-02 5.196087861697672866e-02 1.019484548195128126e-01 1.535795053816885192e-01 2.925067587703374383e-01 1.632361858405410593e-01 2.796193015029613815e-01 6.627890608899969505e-02 2.258289484502727304e-02 3.298456518411994609e-01 1.047019179604131850e-01
1.937500000000000000e+00 1.477054892042004297e-01 2.223269462012391895e-01 1.145502567989131748e-01 4.241147437655055225e-02 2.293468607232982959e-01 9.754731813209752134e-02 3.514228893407856519e-02 1.002891160997860902e-02 1.684390053563712963e-01 3.107564459202450530e-02 4.307829855016300780e-01 9.480934668246945862e-02 1.811129691867110342e-02 2.753521977603513513e-02 1.091711168019323525e-01 1.020071499991046515e-01 1.991140336695990387e-01 6.810286354850275670e-02 3.506777315330542044e-02 4.973815494746483545e-02
1.953125000000000000e+00 1.626533447368284230e-02 1.365820405564198980e-01 3.869643466048900554e-02 3.396674961076161237e-02 2.719159774603989721e-01 4.690806316308157586e-02 9.874217017907399585e-02 8.121342224968798942e-03 3.419321616734566360e-01 1.115297663018577079e-01 5.451610613686289769e-02 1.313515143464904222e-01 4.806524846713493976e-02 1.390194983371656756e-01 3.928507305733025534e-01 2.317776440782741143e-01 6.568436345026451573e-02 3.918189484299648001e-02 1.077003611475162992e-01 1.089507735963626128e-01
1.968750000000000000e+00 5.121761649534253141e-02 5.553753302352013033e-02 6.203925695672774486e-03 2.089152968155794377e-01 3.882092342508467464e-01 6.596426763285530293e-02 1.696018507852598833e-01 8.473493699468169493e-03 2.981945369364535359e-01 8.639865653689735026e-02 3.545872581293912223e-02 2.512870712645887683e-01 1.364907632724719488e-01 3.486969900367175579e-01 2.193923939339211537e-01 6.477210437129235499e-02 1.224463032236741133e-01 1.830320978815531130e-01 2.371207486141439780e-01 2.398459823256991474e-01
1.984375000000000000e+00 1.714624199513971881e-01 7.370074548862905195e-02 2.345301255224451487e-01 1.171926444141053181e-01 6.851240127850681191e-03 1.037441252269783454e-01 1.457334123138012139e-01 5.101346882097167884e-02 7.949825565406345995e-02 1.353289955929740940e-01 1.299522954467839109e-01 2.008267825001662787e-01 2.782337290848601458e-02 1.967161152057835330e-02 4.554116609669586063e-02 2.039182936961717388e-02 3.655010071701395025e-01 1.942603464670800695e-01 1.154734327913289477e-01 8.335600503666197592e-02
2.000000000000000000e+00 4.226544756682721303e-03 8.312962048742071897e-01 1.149068107811832690e-01 9.260749798737610838e-02 3.377562595080123575e-01 4.548588042742481297e-01 2.201968310988778599e-01 1.919388973548359079e-01 2.021082657121158269e-04 8.690505310001714334e-02 2.620894077345978582e-02 2.175041912228844743e-01 1.601005513330144847e-01 3.345032543130567193e-01 5.840970401874931994e-01 1.995215571771079212e-04 9.977828196587498755e-02 3.948880516873370938e-02 5.967604277983009492e-03 3.117839410622660554e-02
