0.000000000000000000e+00 6.732681134732321996e-04 1.565193711592940407e-01 1.223347353954530314e-01 2.468152627958719314e-01 5.916065389091035992e-02 1.742983444914085467e-02 1.133745425736306474e-03 2.984653608364071578e-02 3.387572015257523383e-01 1.687204354327729028e-01 1.003145859918942929e-04 4.666679422042553649e-03 8.888720581415357480e-02 8.639917050687581299e-03 3.475005888569384083e-01 3.230850986415682163e-03 6.671489008928163100e-01 5.092235310974004003e-02 3.155822776673184588e-02 1.131027266785043783e-01
1.562500000000000000e-02 5.408414485766612628e-02 2.272820597395893150e-01 3.243678549960836432e-02 2.499181798612538918e-01 7.950447135364413498e-02 1.006079329087392060e-01 7.377534193168723033e-03 1.326551783344977753e-01 8.734212695571552665e-02 1.741067865743140819e-01 1.005521219380925840e-01 6.760926216814225342e-02 3.061665225255729150e-01 3.220476208896421106e-04 2.227390650494552038e-01 6.103071856106827633e-03 3.860530396365747241e-01 1.123241328017112600e-01 1.061543393100355531e-01 3.847188869110071407e-02
3.125000000000000000e-02 1.346889104331753795e-01 2.681343699208763032e-01 1.598789605694750648e-01 9.654134175829127973e-02 4.580616844180856323e-02 3.925062147883208730e-01 1.349003974709415965e-01 2.839637407539935543e-01 7.713557431190024016e-03 2.228698670856046893e-02 1.199385737043591332e-01 4.661087513327734008e-03 2.036673733876939452e-01 2.936632920648925976e-02 3.191818200589783272e-01 1.311905702657399919e-01 4.062181281485895135e-02 4.443498285538751563e-02 1.494528209035742849e-01 2.312910683182400895e-01
4.687500000000000000e-02 1.102729360450662860e-01 2.735971033144883879e-01 4.665983153433648223e-01 6.083097161214135601e-02 5.380237057829661412e-02 1.253270750297841574e-01 2.751940807273161455e-02 1.578322721601410628e-01 1.938507964386797788e-01 2.059221933620270506e-01 1.330800214211995958e-01 1.924864858759137154e-02 3.427154357838431142e-01 3.731879400858056396e-03 3.021651984218081122e-01 3.936182770634181760e-01 1.603442648571224705e-01 5.354850803291215655e-01 2.918414456983149941e-01 9.334027556851651197e-02
6.250000000000000000e-02 3.884794150910692023e-02 3.723969812600205764e-01 5.536855483239745412e-01 5.172899619032642754e-02 1.377425546984235027e-01 5.484089592297579363e-02 4.092607917570588172e-01 3.087723271740470121e-01 2.953726013764671476e-01 1.123010411070147901e-01 1.112101458974520535e-01 2.196848905970514854e-01 5.151050821056311207e-02 2.572729409023254421e-01 1.903438599531326603e-01 3.163620464748217453e-01 3.150661007985700590e-01 1.734567490528641370e-02 2.784591063095684937e-01 2.765593520078300522e-03
7.812500000000000000e-02 3.253746107431609857e-01 1.785454659496318597e-01 8.939085649320731297e-02 4.362566651376206112e-02 2.598937425716488780e-01 4.536648648918318316e-01 2.002360491413598398e-01 2.716641526776519822e-02 1.629192630426846422e-01 1.136493256519753858e-01 8.803481362280369052e-03 2.462738999377410143e-01 3.859809499721028603e-01 1.211074696693229154e-02 3.963714197329001321e-01 2.565923333747204826e-01 2.355789102783797662e-01 1.331654317004186128e-01 4.580484092790887418e-01 2.085330763139445209e-01
9.375000000000000000e-02 1.314731118450745417e-01 1.918517625412410610e-01 1.937818168545601960e-01 1.046064220887723585e-02 2.901866965498913209e-01 4.604866466358718824e-02 1.902538204481655226e-01 1.112566556887998326e-01 2.080786662007267085e-01 1.729921418352319551e-01 1.883355705092586430e-01 1.125669501280494311e-01 7.007783729410584916e-01 2.897300789100830665e-01 3.752022600594642210e-01 4.578253112439553685e-01 7.188857253527704272e-02 2.532269994796678900e-02 4.296018551953453835e-01 5.080230867801512062e-02
1.093750000000000000e-01 2.347010934125069725e-01 4.706224920690871283e-01 1.791430347825009317e-01 1.113400889270031030e-01 5.328858660145525672e-01 2.918418987690834521e-01 3.002389051674734799e-01 6.891647478036806718e-02 3.789679419197455879e-01 3.337766373646290363e-01 3.697483570603439795e-01 1.078794455392799098e-03 6.930665051196864823e-01 2.620532485035014236e-01 3.406944501641202550e-01 9.164328650708333801e-02 1.402321767674189201e-01 2.148691812808425361e-01 4.222110773917339133e-01 3.454316841784101366e-01
1.250000000000000000e-01 7.862549574881538827e-02 3.936585574695066758e-01 5.433712984581876015e-02 2.803394941942891072e-01 4.617935946444290951e-01 3.165104854859048800e-01 5.634148116257874372e-01 5.364351628910683789e-02 5.777723988985766779e-01 2.113288332147806592e-01 2.375916548558015123e-02 1.320527855205468892e-01 4.166012625103592826e-01 1.291385294317218546e-01 1.123668992019379170e-01 2.569842768909255670e-01 3.215868689889940235e-01 1.279330858733664089e-01 1.430003846758797215e-01 4.582836919811681953e-01
1.406250000000000000e-01 2.356958621300974666e-01 5.031471877523964187e-01 1.007133448926433861e-01 2.328031087872098892e-01 1.139845655856469159e-01 6.331508814948855202e-01 1.038753082669766591e-02 5.170310028835591876e-01 4.440575665768787261e-01 6.631485709246190408e-02 1.389451169944468274e-02 5.204001527895084633e-01 2.785645123876501206e-01 6.277237373561661560e-02 1.524965780045814123e-01 1.089990153337844353e-01 4.109971981854608214e-01 4.032216720835600787e-01 5.067678846990887331e-01 1.989880249540016133e-01
1.562500000000000000e-01 6.669562150827956781e-01 6.114863410315980463e-01 2.300053891114785531e-01 4.617680126067196800e-01 1.297647039478701247e-01 4.970299413770065122e-01 1.835332563121879201e-01 4.343160636588510037e-01 4.295038125133704421e-01 4.373104600265877995e-01 1.163604893232833976e-01 3.291631199761455573e-01 3.261228640309763449e-01 5.938594710528993792e-01 5.212049699172425221e-01 9.230452665516614141e-02 4.753536278956962957e-01 1.132223988092394412e-01 7.249852663083259374e-01 2.885049531769542930e-01
1.718750000000000000e-01 8.999275566239041124e-01 4.625143965999491957e-01 6.122172733048053539e-01 2.954525297895501668e-01 4.988002097184575101e-01 2.540897787315414824e-01 6.792906545094141713e-01 5.842893147532373099e-01 3.125278769307351934e-01 5.673409627953768242e-01 4.676221848267747561e-01 1.754578592631867440e-01 1.454111531601470775e-01 6.666739680449762506e-01 4.555239748226093122e-01 1.288435531212043517e-01 5.734685271320166811e-01 4.714756309753181940e-01 4.534582669406655997e-01 6.113805834868366595e-01
1.875000000000000000e-01 8.315753997269687003e-01 7.309979168643204739e-01 5.651730464669753040e-01 3.361712781477740886e-01 4.380409772053960871e-01 6.051502248618885194e-01 7.808581327687248441e-01 4.629549259499358138e-01 4.030944629616560748e-01 6.310887706712124956e-01 8.061142942745973539e-01 5.291456301814568830e-01 4.935972208537859895e-01 4.364105388487932724e-01 5.659152387802459661e-01 6.588909646997359593e-01 5.906042672423055251e-01 8.242851201015853890e-01 7.810356336473007755e-01 5.551923997030479008e-01
2.031250000000000000e-01 8.085579680823681281e-01 8.366236277893135398e-01 5.084765894641427586e-01 5.315223972351387216e-01 5.697157642269496947e-01 7.495887612297772451e-01 6.386436025209593081e-01 5.920696773022590120e-01 5.820085958750798039e-01 5.503015497917469467e-01 7.388715755600873125e-01 6.129960776252163512e-01 7.859027088991663579e-01 6.553271400058789942e-01 6.294486733370084908e-01 5.990450680154635332e-01 7.400917851051398433e-01 7.860308131553482847e-01 8.317210558312381208e-01 3.429883949725993086e-01
2.187500000000000000e-01 7.263206932498349477e-01 6.160867539292756989e-01 5.150407103632391737e-01 4.869353488743486391e-01 7.172883910447214184e-01 7.001014761815489429e-01 5.805991992043948446e-01 8.049107372882980949e-01 6.583980928344673744e-01 8.616200347285598582e-01 3.485639848764311988e-01 4.910786500288960577e-01 8.804496195594088137e-01 7.268418413581813065e-01 6.085653398201725794e-01 7.588576468786348839e-01 8.243268328913028187e-01 8.523148637747287593e-01 8.138114510637308729e-01 3.536714551800957951e-01
2.343750000000000000e-01 5.636861296135364796e-01 4.243330276303224902e-01 6.747845786997933581e-01 7.102786627434836131e-01 8.025187664293792489e-01 8.311718518969399838e-01 5.775870798910056614e-01 8.619568062418094812e-01 8.319385117511381988e-01 8.829175963860493859e-01 7.338559280784995309e-01 5.276811092823193716e-01 6.177587436846990743e-01 7.999759895924805075e-01 7.468582861779867743e-01 7.602510102570955164e-01 7.736412004756019201e-01 8.380087269632996438e-01 8.198415347248034779e-01 4.143270872560131379e-01
2.500000000000000000e-01 6.513668585626842811e-01 4.735365320588913463e-01 7.713380449756173096e-01 8.315007895950249361e-01 5.401470415755231791e-01 7.985721317762862759e-01 5.404077411124289521e-01 8.023377954703563297e-01 8.307146977880937033e-01 6.471871857818083384e-01 7.924066054242836499e-01 5.160493132346384293e-01 7.700487231051211801e-01 7.501869609245769288e-01 6.398107287414148692e-01 7.853372669569093079e-01 5.385302613841718156e-01 8.108882734855595853e-01 5.952198794098942924e-01 6.353050308400386426e-01
2.656250000000000000e-01 6.628427711658266830e-01 6.035096523948750846e-01 6.551613221691804378e-01 7.917722232489403655e-01 8.634217666439224503e-01 6.537060951506865614e-01 7.740102949875280469e-01 4.823463113374528710e-01 6.321818907625600392e-01 3.974064739651363976e-01 7.250801574475089772e-01 6.519103721167238685e-01 7.249139627192732194e-01 6.139481634559182943e-01 4.970911017380436059e-01 8.512510050498784953e-01 2.877673435250615586e-01 8.260860540410176478e-01 7.225751750179223443e-01 8.440570249164518479e-01
2.812500000000000000e-01 6.964072359109203525e-01 7.786762309875238097e-01 7.013703593623322741e-01 7.283392430031878639e-01 6.616567985682227926e-01 4.281959588314957488e-01 8.785314241584656347e-01 6.780695194947632398e-01 7.375731435725889629e-01 1.264936384940036906e-01 7.820698481499405164e-01 7.094354274469291122e-01 7.361466688895696997e-01 6.673495916518156212e-01 6.061367388424737657e-01 8.049834280666767761e-01 4.641306903275990714e-01 8.211272237954259090e-01 5.923245512680284097e-01 8.903806252594537174e-01
2.968750000000000000e-01 5.661924390161118259e-01 6.993209174265444528e-01 8.217129700307641560e-01 7.591298994656754395e-01 8.516260086315663447e-01 6.029965941399096918e-01 6.818327520865483660e-01 9.294883208915876160e-01 8.151900632144151171e-01 5.808115387923339368e-01 9.127898859390869424e-01 5.611217429489842035e-01 6.315449117556276581e-01 6.871476851316444812e-01 8.605289922398650093e-01 7.576267545301332840e-01 6.945341288756532450e-01 8.025288756745794227e-01 5.297317554388129013e-01 7.952664944366283351e-01
3.125000000000000000e-01 5.637053655717938483e-01 7.916961141860997531e-01 8.423046165729359824e-01 8.269743543618893744e-01 8.831282347393125676e-01 7.743975624535667235e-01 5.729111463783262970e-01 6.083110747548901021e-01 5.160974515294216580e-01 6.604771078652273975e-01 7.909523517681871230e-01 5.895207174325910460e-01 6.441927029098831747e-01 5.651109583713345152e-01 6.754491365434043271e-01 5.076109607964169879e-01 8.087537835328135749e-01 8.241579232418188017e-01 5.804445188164082392e-01 5.570729673959672335e-01
3.281250000000000000e-01 6.171470417701441225e-01 3.632028529990858345e-01 8.124471319911484857e-01 8.345211030233085081e-01 7.115012752577878352e-01 7.985324134399487406e-01 3.287005959878711026e-01 4.765236065582719727e-01 3.582352724510582398e-01 5.285386386130378478e-01 1.972187715463313562e-01 7.673527204353040032e-01 4.689225741399761227e-01 6.672030609800686518e-01 6.396184762233816379e-01 5.833193913643627271e-01 7.691052296739047112e-01 8.612436946412243000e-01 4.106103571811841602e-01 6.121081374659760321e-01
3.437500000000000000e-01 4.910482571519447226e-01 6.281208507412042730e-01 6.581721260712274368e-01 6.559017643827341759e-01 5.330304192534098817e-01 7.055352885378575190e-01 6.574923421653338096e-01 5.002648752508849217e-01 5.277196290629667663e-01 4.890485873233741954e-01 1.973773952305016843e-01 5.545842565515589628e-01 4.647956815728572777e-01 3.162548008743454320e-01 7.686699267188050744e-01 6.307269651170410718e-01 5.832220831115754178e-01 7.704357660823267784e-01 3.110319051264096579e-01 5.971400530389729955e-01
3.593750000000000000e-01 5.737863055909313559e-01 5.012677865921281173e-01 5.377524980242739394e-01 4.669867948850768280e-01 4.303034530613032427e-01 3.549565771683416138e-01 6.890294908199695589e-01 7.540482384088893486e-01 5.145981294861652344e-01 7.848189423768964224e-01 4.508105855191635869e-01 7.088628836251116283e-01 7.060573233892061262e-01 1.828794130793236217e-01 6.590937417510808194e-01 5.745327614915285430e-01 5.084503768706264415e-01 7.703354141150758894e-01 3.370241038139377143e-01 6.405707406114312663e-01
3.750000000000000000e-01 5.501728945986047448e-01 6.807229347659791152e-01 4.135241886410338519e-01 5.816263194452017116e-01 4.615471202438509168e-01 3.474542114348267430e-01 2.387251266577603559e-01 4.068254607829399627e-01 5.193382385895135567e-01 7.668620770149161547e-01 5.689117397159770828e-01 4.452203804887473471e-01 5.492492948030845978e-01 6.968389441173619692e-02 5.805886590054182284e-01 6.031533764806756848e-01 3.741323213657324898e-01 4.891104507168618776e-01 3.134392856314104359e-01 3.074689042096814817e-01
3.906250000000000000e-01 1.036363015369659163e-01 5.119104047060636375e-01 3.415835802962075007e-01 3.677541150299641903e-01 6.556202504530461717e-01 2.130660943624805292e-01 4.579683311122093037e-01 4.727917229986569048e-01 5.146157170282144033e-01 5.372411115016397787e-01 1.659508650749822734e-01 2.176586024073377812e-01 3.001944830850832857e-01 5.553564488267758170e-01 7.036922993755265754e-01 3.969511223622839147e-01 3.895665415419736211e-01 3.481471632614592249e-01 9.757612444001671770e-02 1.039607124737156330e-01
4.062500000000000000e-01 2.271783851829798848e-02 3.369083741922473396e-01 1.566928059096039938e-01 1.318241585793240300e-01 4.939200739894360481e-01 4.047438484307760986e-01 5.611128870129828972e-01 2.637545265622204815e-01 2.563493717758785762e-01 1.713773508600946460e-01 6.668116643104191055e-02 1.727707720236922734e-02 5.181344652929341654e-01 3.968079445766327096e-01 6.865955901437068576e-01 2.007672796551621675e-01 2.299954926346009232e-01 2.454038515793584008e-01 3.918331066475059382e-02 1.212768911612308598e-01
4.218750000000000000e-01 1.416497970912835025e-01 6.416673845071867444e-01 1.348509670281908268e-01 1.235626389582933637e-01 3.880462824894789775e-01 2.185327904277974409e-01 9.168040094629788250e-02 1.008303204707651085e-01 1.042267619375038396e-01 1.167555433538450815e-01 2.811372583807743575e-01 4.545699650117930313e-01 3.939615978911704119e-01 1.136327117511043983e-01 4.868386567222637296e-01 7.310977636522489331e-02 1.147501875098062563e-01 1.652242814949474864e-02 8.869016700736963299e-02 4.899487748062648085e-01
4.375000000000000000e-01 1.913933834068851370e-01 5.911512316928100308e-01 6.753088922087664703e-02 1.202266106631868919e-01 4.374675609123675479e-01 4.331933861677246256e-01 3.314095490812307143e-01 5.731945955868717607e-02 8.737614575189832714e-03 1.165379462836710067e-01 1.211519486039490667e-01 2.376319768874887717e-01 1.103201835641632739e-01 1.140136229160647191e-01 2.548817835949176297e-02 3.489343661928822615e-01 3.068061014922174867e-01 1.908006434730267764e-01 8.891178697998533553e-02 3.860181554801287995e-01
4.531250000000000000e-01 2.481993799611718898e-01 7.368957250506642798e-02 3.145731821850968335e-01 1.834442644238900438e-02 4.823369978463590835e-01 1.105469841529825720e-01 2.144150055281544009e-01 2.807990628003354527e-01 2.823251833281211973e-02 7.985039057120249528e-02 1.703025427592162466e-01 1.258363701549708794e-02 4.130797019619762700e-02 4.327427309808030698e-01 1.058175302690590319e-01 1.743114455621270209e-01 2.440441673173915360e-01 1.342633890357678161e-01 4.480931255687145565e-03 2.159182923953886085e-02
4.687500000000000000e-01 2.399427838686562231e-01 1.996452184276688024e-01 1.974390915089259124e-01 5.383854472898093046e-01 4.140208056277843718e-01 2.618152616474943468e-03 1.876102176897995188e-01 1.073754582141569769e-01 1.170081954986843809e-01 5.040555868196598954e-01 3.560537118672941204e-01 1.421054754540433673e-01 1.867839084804472360e-01 2.820599252316653011e-02 1.116810852645718465e-02 6.158993395993920573e-04 1.144797001527237124e-01 2.994696556648446806e-01 4.473307761276946182e-01 3.317971724274208084e-02
4.843750000000000000e-01 9.069569758119860881e-02 4.070011497106101883e-01 3.628812081524238758e-02 1.922513518539628874e-01 1.623980564721878850e-01 1.151574039098748059e-01 4.336672045394450725e-01 1.978185615437110800e-01 6.234864518137235578e-02 3.269899578334846679e-01 4.722072949189657920e-01 1.071360344023855465e-01 2.936390317474124600e-01 2.073070655584870192e-01 9.862283992268854049e-02 1.550781171693015326e-01 1.419317270967253297e-01 1.844108440373511126e-02 2.474198614808495733e-01 4.888642340349814985e-02
5.000000000000000000e-01 2.566692260598784636e-01 2.248118064934565563e-01 2.993159665764643096e-01 1.735153408921755458e-01 2.396746703310040916e-01 4.369156116640230542e-02 7.055736293620555773e-03 6.577297891585602574e-02 1.032088241264116635e-01 9.279122488827340476e-02 3.244036969337874554e-01 3.086982170257284719e-01 9.573101423106959718e-02 1.830968419813225334e-01 2.707856276295540487e-01 1.396397823126836191e-01 3.474495256967666951e-02 2.466678000273710425e-01 4.252722324635219153e-01 2.505944973353713690e-01
5.156250000000000000e-01 1.618414162671968082e-01 1.004478120323592100e-01 1.063716231224724335e-01 5.413399279587536445e-02 4.978833737601387477e-01 7.068941411338341974e-02 2.189890954144759205e-01 1.107638787427437932e-01 1.512762502469937598e-01 2.836934051280524116e-01 2.174106937596200217e-01 2.699528416467402714e-01 2.955583236874887443e-01 9.940387868588196341e-02 6.639880568813705253e-02 2.051832259596185759e-01 1.022329262253213189e-01 1.832297547261365345e-01 2.105942186569041974e-01 2.858137702671637581e-01
5.312500000000000000e-01 3.883531669946926890e-01 9.158797830489384673e-02 1.387644624019106487e-01 1.014713217265307971e-01 2.594678334920940688e-01 3.165172325406991893e-01 1.237549262028335012e-01 1.290342809604910490e-01 3.491243117700795207e-01 7.681526534868983458e-02 1.311667146771287353e-02 3.842395790168646186e-01 2.795996094701418411e-01 1.837370050184443937e-01 4.090550746879715455e-02 1.517151988496929504e-01 1.465605596183076620e-01 1.748776157926210106e-01 1.648148869674287420e-02 1.821472911826244878e-01
5.468750000000000000e-01 7.840395595257323991e-02 5.003163825329255687e-02 1.102431900423749001e-01 1.223858884912966127e-01 5.479280687331576638e-02 2.123637317098453769e-01 9.979298687130472301e-02 5.547149534485627115e-03 2.232917012634205722e-01 1.086521813242661144e-01 7.232423267903709263e-02 3.783554839534727376e-01 1.383266845919971511e-01 1.864572855868937631e-02 3.136403605827112889e-02 1.799224839263998676e-01 1.662249068549497277e-01 2.605529886495933090e-01 4.841761723719464200e-02 1.845405751954620754e-01
5.625000000000000000e-01 2.843051339407240072e-02 1.515636455104836799e-01 3.797091717268242378e-02 9.324866331133094266e-03 3.552066411999956763e-01 2.002561005954976436e-01 8.133298112786864487e-02 3.909901643552430861e-01 1.401708484321648705e-02 3.369420545423416902e-02 2.216359584469209110e-01 1.868572068966571909e-01 3.989133824027351616e-01 3.970863554579704413e-01 1.684941825904250901e-01 2.705991584496563926e-04 2.869991817031009584e-01 2.135341869260919123e-01 1.466390960957551781e-01 2.357064089455426781e-02
5.781250000000000000e-01 5.162749984574573070e-02 1.017433692749633752e-02 1.240062027986927641e-02 4.720369950479582602e-04 3.445604415691816969e-01 1.109518997020530473e-01 3.345411078978466346e-01 1.758344225556286722e-01 9.022523671459437011e-02 3.643835530683384866e-02 6.061503804463402173e-02 2.084333471054671538e-01 1.233194320715418485e-01 3.504007415623573429e-01 2.020830416531728679e-01 3.005766404797493435e-02 2.403691952991079267e-02 1.234063360011982274e-01 1.680886596963160062e-01 1.348835758639753968e-01
5.937500000000000000e-01 1.853269341303086792e-01 1.266090509915760998e-01 2.948275692790123040e-02 1.784839673891553888e-02 1.925183403784083425e-01 6.539742338589987769e-02 6.481620129893900240e-02 1.501064205948426378e-01 1.209855817080811302e-02 3.755904196991189381e-01 8.393075004650366044e-02 1.530128162453813223e-01 2.749445698207103606e-01 5.688933343796448439e-02 6.917244812297401735e-02 3.269297643047793800e-01 1.959869725597073453e-01 2.516132722768347763e-01 1.518073557284947174e-02 6.566541208711299538e-01
6.093750000000000000e-01 5.734158406827122995e-02 2.533573492276273709e-01 1.265716606304539416e-01 1.238917053395790918e-01 2.149507278656084819e-01 6.523967884156779695e-02 9.249709737237540863e-02 9.189504519250324410e-02 2.154096287450655081e-02 4.918736901081753321e-01 2.479790954689161664e-01 2.638945719355927366e-01 1.623708160840509340e-01 6.371864662917933742e-02 4.149785073323485063e-02 3.105310935662367045e-01 2.088888153667707581e-03 1.162279085714889304e-01 4.740398716297093695e-02 3.758845051864795339e-01
6.250000000000000000e-01 1.449557895378430876e-02 5.006150011254577314e-02 1.326805647404980804e-01 5.948813173359150663e-02 5.112291646905280096e-02 3.660677192946052427e-01 7.053639865486641125e-02 2.412186566350379979e-01 2.415081795535919118e-01 7.459836765256064317e-02 6.202903446558925143e-02 4.829545963792849367e-02 1.671536180993435372e-01 1.620702128576334555e-02 7.607204363256041268e-02 4.291512564559264997e-01 6.377535028188999200e-02 1.576585244860083668e-01 1.665244321577209752e-01 1.669701477773673781e-01
6.406250000000000000e-01 1.329281222758768033e-01 2.217192251165724659e-01 3.708528013048736915e-02 1.082436493922631603e-02 1.283021508791601199e-02 6.078228663382514441e-01 3.765677315567425576e-01 6.920800123422965466e-02 1.193346053013289998e-01 1.277738434471697168e-03 9.842972813281024302e-02 1.956164352185191802e-01 2.323333591448891455e-01 1.138485243664959581e-02 3.440396346748285372e-02 3.120847110406124725e-01 9.521695081890341195e-02 4.904302775313507806e-02 2.536120341580373472e-01 5.043638403464431597e-02
6.562500000000000000e-01 9.679709625068008694e-02 1.507580627951665975e-01 9.055731186282597878e-02 3.817905469804003249e-02 3.674919058907576835e-02 7.206642308954412934e-01 1.338989623062048807e-02 5.003927228653119903e-03 7.525958914842570402e-02 4.711865597599829147e-02 4.096596001342460158e-01 3.301861734402233850e-01 1.004488186624990509e-01 1.634870782937413725e-01 1.209884171595999175e-02 1.402672442045116985e-01 1.526148982470914295e-01 1.132468888988232697e-01 1.173332487111389127e-01 1.175454097741366888e-01
6.718750000000000000e-01 1.382540708112539596e-01 8.912535535517997209e-02 5.994769345928879778e-02 5.156005192112929347e-02 2.577356605084402553e-03 1.242229248406659103e-01 7.598484727360250990e-02 2.954726413277981578e-01 9.802296801137777571e-02 3.399151567429952170e-01 1.913875757447635051e-01 9.079041650414615416e-02 1.608362890737495277e-01 1.675504946681501683e-01 2.063600284908764023e-04 3.808295935016951794e-02 1.422833812967043421e-01 2.834956155771297670e-01 1.106637305299064122e-01 9.210799951110813788e-02
6.875000000000000000e-01 2.771349761439874104e-01 4.781589385279273047e-02 1.250431775525789879e-01 3.769281346195279886e-04 1.231234453111826332e-02 1.338783140278625716e-01 1.516622575927863321e-02 3.158525047412827913e-01 4.273674022859354216e-02 2.726013814086438170e-01 1.712389926178907451e-01 4.576510009184527050e-02 4.843459760408516147e-03 3.546722290483284024e-02 7.098435214553903971e-02 7.071886179928865701e-02 2.540967340718205264e-02 2.357124474024406557e-01 2.708282319901398338e-01 1.931205816894428773e-01
7.031250000000000000e-01 1.364428133415220568e-01 9.348589148748030417e-03 3.754971242525263070e-02 7.572820837347830902e-02 6.716220749852111482e-02 3.351723631066645392e-01 1.189245184248304693e-01 1.969792105649527114e-01 6.683349207751262955e-02 4.186793087762034904e-02 1.222038479731910321e-01 4.944425852127810189e-02 9.192611933269898006e-02 5.110768688572300267e-01 2.572143010383690434e-02 9.961563560480161950e-02 1.726192657007230569e-02 2.736776564118673441e-02 1.721861354109810172e-01 1.926643326905351228e-01
7.187500000000000000e-01 3.575059215325975676e-02 6.810939346636455012e-03 1.241126406269624088e-01 1.351891475154920474e-01 2.492291359916501414e-01 1.019428165643932460e-01 3.733184195475006684e-01 1.435470184907488012e-01 1.155755309220617144e-01 1.724927276877215587e-01 2.375749929418097262e-01 1.836091007007463749e-01 1.468483283983151866e-01 1.134317559264411551e-01 6.255560530582023049e-02 1.724088537817120015e-01 1.059018593523579355e-01 8.442251114382117935e-03 2.789821374663979947e-01 5.331850846517140891e-02
7.343750000000000000e-01 1.332487190217732098e-01 6.606451306095735554e-02 2.488832807932298552e-01 1.366895243069856658e-01 1.895008634636366485e-01 2.070377830827001830e-01 4.295913726459300169e-02 2.052075954609956440e-02 1.493796804412794443e-01 3.751897545737042927e-02 2.542728237968691629e-01 6.539863405995151313e-02 4.140318395625792319e-02 1.472386078036364565e-01 1.199191642527798335e-01 1.193085675025216431e-02 5.677192761956024319e-02 1.493973961400641426e-01 2.054970308498377252e-01 6.229495126030067109e-02
7.500000000000000000e-01 4.817591242808700325e-01 2.401389802613833682e-02 4.374455721060533930e-01 1.729150752565165594e-01 4.298399783010733999e-02 3.093462329569683922e-01 2.041070762019754625e-01 6.970800463722384710e-02 5.122174244881466838e-03 4.620462017377366948e-01 8.754778339241223173e-02 7.005192313804015081e-02 9.082303912875841490e-02 1.120240263295671640e-01 1.163728115974964755e-01 2.420910559911238491e-01 1.820380081507506909e-02 4.056699645215876004e-01 1.200972771969794073e-01 2.164920070716124523e-01
7.656250000000000000e-01 1.414629927996946812e-01 1.390056682305728514e-02 1.252591031749168693e-01 1.112279383124178816e-01 4.458850622905357469e-02 1.297784247901521415e-01 8.498551044196889226e-02 1.923286466287288110e-01 3.217100707312715857e-02 1.848710705136929200e-01 2.696152469596504661e-02 4.966555574211983098e-02 1.018127370538712828e-01 2.475785761695890319e-01 1.715790826732065816e-02 2.317514765890744954e-01 1.017659288162357373e-01 1.835146463595346833e-01 1.901510071370617061e-01 4.064382566017428478e-02
7.812500000000000000e-01 1.148065716303005163e-01 6.600516445810961086e-02 3.728258080137973607e-02 3.258479054205466047e-02 2.785217106015868554e-02 4.314762792188221452e-01 4.754602258249439606e-01 3.932643750781877334e-01 6.855200571684390287e-02 5.744380671728623877e-01 1.702829243738561982e-01 1.083983643073875153e-01 1.892985784685780604e-01 5.192512448011513994e-03 2.114498220489432340e-02 8.451724767194310206e-02 2.374088003616890430e-01 2.193539117904824698e-01 3.113719594227778997e-02 2.718578046080507571e-01
7.968750000000000000e-01 5.523284510743461939e-02 8.200771103126762440e-02 1.322892083563412813e-01 3.532539649967886969e-02 5.565651608473378559e-02 7.401037250710289506e-01 1.574222532665926211e-01 3.470063001680673831e-01 5.884317963672500845e-02 2.431677493487096053e-01 1.434425428432390126e-01 1.613721069725726764e-01 5.148705357048025816e-02 1.122745016307993143e-02 6.387930379939092337e-03 1.034158518093633433e-01 8.739187645743071164e-02 2.410006016228338072e-02 3.083269168347661515e-01 4.276703009914618187e-02
8.125000000000000000e-01 7.794318753731679927e-02 2.021446525462326227e-01 2.045503340529181702e-01 1.844617006685387028e-01 2.790657550009626453e-01 1.065629886165216783e-01 1.551102868121784772e-01 2.619210453662462745e-01 3.916898608630129536e-02 7.447958422740644235e-02 6.540894303942081101e-02 1.618079390613575974e-01 1.544823101362697432e-02 1.614623687519289030e-01 5.104715643583482981e-02 7.446262825384544759e-02 9.808515683885282721e-02 6.316695192624253996e-02 6.789307412054400304e-02 6.988275241842607788e-02
8.281250000000000000e-01 1.171443040746741604e-01 2.491943217948255629e-01 1.632344365119126617e-01 3.836752946451892077e-02 1.549757660467709630e-01 4.298570750383712835e-01 1.336039838391862578e-01 4.101939760287195286e-02 1.760879179672946993e-01 4.979064646420608420e-02 1.018312613886195872e-01 9.647901826959077998e-02 4.590128341367575443e-02 1.978170610392474826e-01 1.249171183778479965e-01 3.773627400969153944e-02 6.200888140416563332e-02 9.967545943324180452e-03 2.047700218793418667e-02 2.517988124855082277e-01
8.437500000000000000e-01 2.845521496776124565e-02 5.322214068756079414e-02 7.999474705413656128e-02 1.529419721975545099e-01 1.361376382657819850e-01 2.379759588776693968e-01 3.489919875858164128e-02 7.836181802761503501e-02 7.206234172894621093e-02 1.969997423095149955e-02 9.054908046442970704e-02 1.836052291068405290e-04 2.610145492839596182e-01 6.431052694863284569e-02 2.500090158160885034e-02 1.852966417094087381e-01 1.732797824022883071e-01 1.573425170546600971e-02 1.935904655625629855e-01 1.752838628536767251e-01
8.593750000000000000e-01 2.402410317137327334e-01 4.421139078412529289e-01 4.265457322896001879e-01 6.639169653739170063e-02 9.669676120618990456e-02 3.859662914970866110e-01 1.837576701951752212e-01 1.076144030533201373e-01 1.242025536443280426e-01 3.762625718461217600e-02 2.813396338730650426e-01 3.557165166603520889e-02 1.745391947565184954e-01 2.282827115196573581e-02 1.084372388034577916e-01 4.786900084963341406e-02 3.096307529414077941e-01 1.181948486851557532e-02 1.775334413675829781e-01 4.437910582022291245e-02
8.750000000000000000e-01 9.493700049792964946e-02 2.418583334205336999e-01 2.478855780206364601e-01 8.713154616225030069e-02 4.834906508717700530e-02 3.995400175016575184e-02 5.422241524641727844e-02 1.266051626810728026e-01 1.210241911836698603e-01 6.431936211677104220e-02 3.155474045258163662e-02 4.991663435307908819e-02 6.597476554105119462e-02 2.902336421157195590e-01 4.820628228734975124e-02 7.979153393220732998e-03 1.089399206107907747e-01 1.980637618124108656e-01 1.273700752346907383e-01 7.471494227502627206e-02
8.906250000000000000e-01 7.275034549095002467e-02 1.891851047055690405e-01 9.423258856031631325e-03 1.326739364397887810e-01 1.139092178481299761e-02 5.436930578206339293e-02 2.138513067357790953e-01 1.660479642781971521e-02 3.307348532782600770e-01 1.057294190430217301e-01 1.092879089610181292e-01 1.477514603938925031e-01 2.096441896748069134e-01 2.514850942563142122e-01 1.384306354114988973e-02 1.587536368406564369e-01 1.527881301844680358e-02 1.187226636933185059e-01 3.490760414449980975e-01 2.817622139397976677e-01
9.062500000000000000e-01 9.978497804416332218e-02 1.805844444319085196e-01 3.774353111555810159e-02 3.556366495610385203e-01 2.747530501790749202e-01 1.837142023018596415e-01 9.032783299380851838e-02 3.382705059626868738e-01 1.413113776128616106e-01 1.267161270178005783e-01 2.165311591617608000e-01 1.019786566612408962e-01 5.869640095956674825e-02 1.933257862751880385e-01 1.909378909324642715e-01 9.626555169568548620e-02 2.004896729613344641e-01 1.080527191316391494e-01 2.995071522652069107e-01 2.373763194713851554e-01
9.218750000000000000e-01 1.849772575188551593e-01 3.032163957804687171e-01 5.807921662010270825e-02 2.081665322098591731e-01 2.169848810751959789e-01 3.054511360542275927e-02 8.530991096660799078e-02 2.204181966773780255e-01 5.222652593819251954e-02 2.586338151213264935e-01 1.162706488113336434e-01 8.313841822943417170e-02 2.440343305250514128e-01 6.742419209124631552e-01 3.029947291167665174e-02 5.511016363164603950e-03 1.668440048580814850e-01 4.055892177342136640e-02 4.889016185895434657e-02 3.191495400633880264e-01
9.375000000000000000e-01 2.609713683903371328e-01 2.280821820490731566e-01 3.543799106715549846e-03 8.014169825459438457e-02 6.376014133119418947e-02 2.905299714056660543e-01 1.223765408621459161e-01 2.950490642532763857e-02 7.387648986480903346e-02 4.422440661917396987e-02 9.300032831762670635e-03 9.927333071429816913e-02 1.442415303934916071e-01 3.978083932786942167e-01 4.883605030948688988e-03 4.594103022186081520e-02 4.354236980235227233e-02 2.300340370463237472e-01 5.028094812569153943e-02 2.607976746805429902e-01
9.531250000000000000e-01 6.889811085957645020e-02 4.254523906371716901e-02 1.588374013618739367e-01 2.333413436754406822e-01 1.201125801428144790e-02 4.023628333518613487e-01 1.499258112338231197e-01 2.275657793594743072e-02 6.352420088288625311e-02 2.782084008175859588e-02 1.492349742747877892e-02 6.106582055011285787e-02 4.214925124295811343e-01 9.263626830644407228e-02 3.917890398107901767e-02 9.123200508848527956e-02 7.464139706570505073e-02 2.390981816772706769e-02 2.187409552988954856e-02 3.925334623399407419e-01
9.687500000000000000e-01 5.352956153652264210e-02 4.378455316650479583e-05 2.237902699884632973e-01 5.868158185127703846e-02 2.857870886282901871e-03 2.165895852276600031e-01 2.999983932393756811e-02 6.129651007043274667e-03 2.159906091074772355e-02 9.704617966149990324e-03 1.164621176831142219e-01 1.407090711535504690e-01 1.490459345864914298e-01 1.422790271611232282e-01 9.213006197718495716e-02 1.995581440945342344e-01 2.641365390836600824e-01 1.940925363312787921e-01 4.506174107709015608e-02 6.819373929587932426e-02
9.843750000000000000e-01 2.610252546039983357e-01 1.258418850373122996e-02 9.119079551155850893e-02 3.139393320064956527e-01 4.739420183705773948e-02 3.023408132357421341e-01 1.437144785812326520e-01 4.138528497556800273e-02 1.107553214357196725e-01 7.412137720086464654e-02 1.023748845849266204e-01 1.673487395585110671e-01 4.298363114316288563e-03 1.345966476098501285e-01 9.266658254553382379e-02 1.821058331549980924e-02 1.451036988970813291e-01 2.778377288166475889e-01 5.854406303141043016e-02 4.363574992770496291e-02
1.000000000000000000e+00 7.071254738568634457e-02 1.674309136003909182e-01 8.602854895618668174e-02 1.997900641679505596e-01 4.505019098774699221e-02 3.749978186892019005e-01 1.342095583373641154e-01 1.480516895147448719e-01 8.316786030507959671e-02 4.903680960495301888e-02 1.441123091687731284e-01 1.265370518718501314e-01 4.983571667824973073e-01 8.212715401654215042e-02 1.468367299688649701e-02 2.090214085744510064e-02 1.685502617831803260e-02 7.813417357179949785e-02 1.132304999179932631e-01 1.511901744150837279e-01
1.015625000000000000e+00 5.975172590121746036e-02 3.481795744559916250e-01 1.555790616605839671e-01 1.411230933284411126e-01 1.807592727113194742e-01 6.684158674229423447e-02 9.551439454449750510e-02 8.311656441534889805e-02 2.354604497117349093e-01 1.505752101991534031e-01 4.723135634583897069e-02 1.641405859439469539e-02 2.710585667114197017e-01 3.494920035313110462e-01 9.957927901092746004e-02 1.160219957475202290e-01 3.734980908492605695e-02 2.998323509334606118e-01 8.607735492243057118e-02 2.041697661007528808e-01
1.031250000000000000e+00 5.797774601814515566e-02 1.230416334065173069e-02 4.194287471039502557e-02 1.099534632419196106e-01 2.838137876887980027e-01 4.889345274155216803e-01 3.937110137557445905e-02 1.416839347871930721e-01 1.259181728055928096e-01 6.632397285771809980e-02 1.133021365725969537e-01 1.405455602986991626e-01 8.695644930655360705e-03 2.742657081869693814e-01 1.459020377590224127e-01 1.232187130276858056e-01 6.323934272099514253e-02 4.531068150890298768e-02 3.196128293861217329e-01 2.110113478245342344e-01
1.046875000000000000e+00 9.242972454319503539e-02 2.749753299240519921e-01 1.369161471445385636e-01 5.586132567982923097e-02 2.129667319323875763e-01 8.573598810508953338e-02 1.277904064552239614e-02 1.140808124970819903e-01 2.467839033403862181e-01 5.404376040646932666e-02 1.492379675554744434e-01 3.648459249493415379e-01 2.138031333279203361e-01 2.101056053208495977e-01 2.386959331488494318e-01 6.886511550889053146e-02 1.005617347908437931e-01 3.765854841819330726e-03 4.652973965320612859e-02 1.292193619326653942e-01
1.062500000000000000e+00 5.509449058335923188e-02 1.787536724383441689e-01 2.496456538233617073e-01 2.056833682112163830e-01 2.461643699420120734e-01 9.361925477852750532e-02 4.183611420891913263e-02 5.439749919788604282e-02 1.689457758166818813e-01 1.288562050624130484e-01 1.342526294956357391e-01 3.368826896113926717e-01 1.865813703922642938e-02 7.938435284502740052e-02 1.487713949972749652e-02 1.250747226520369793e-01 1.003396434183675967e-01 2.399188888208426407e-01 1.885505695513634006e-02 2.274664055332602242e-01
1.078125000000000000e+00 1.699829456231357616e-01 1.358879783033541677e-01 5.628427061590498409e-02 1.189365891380601697e-01 2.473594110302688998e-01 3.359421115832608162e-01 2.734228810011257033e-02 1.741652700234514739e-01 6.904914007210833926e-01 7.907210211790496879e-02 3.438048369587477504e-01 1.570689589056346036e-01 1.144612317137657653e-01 2.046912730643082046e-01 1.045380225731247920e-01 1.980570687328622043e-02 1.284486863022194503e-01 8.403809554384052138e-02 4.936265101691138940e-02 1.342601501989550417e-01
1.093750000000000000e+00 8.380391672257386793e-02 1.519680150207676217e-01 8.934497583373536556e-03 7.198490755755018733e-02 3.040407352092066792e-02 9.378186174730733515e-02 1.932430447621929781e-01 5.007772565933686915e-01 1.932359243035597710e-02 8.805564099743043438e-02 1.925905003199360477e-01 1.577678843665891034e-02 3.025035245886264490e-01 1.071879118379542306e-01 1.989979986436122422e-02 1.551075076073217193e-02 1.262541977034601082e-01 2.296868178185289613e-02 6.666034392827593358e-01 3.066842370883638424e-01
1.109375000000000000e+00 2.840531999066757685e-01 3.577168575593082656e-01 1.545014082991571288e-04 4.447222468492648129e-02 1.551341868777431909e-01 1.364260435586487907e-01 1.704735885806281936e-01 1.034624650571922128e-01 7.077824449012168340e-02 7.921236736160976177e-02 7.561837347233751894e-02 2.439009751493969869e-01 1.761206001672743493e-01 1.026235336518907248e-01 2.063844195355685890e-02 6.030298009687857196e-03 3.537851847338114447e-02 7.965529675004153973e-03 8.297488527042691520e-02 2.634709307069902917e-01
1.125000000000000000e+00 2.059747408092550414e-01 1.402151798293296003e-01 7.374193591879654730e-02 2.218730045874166279e-01 3.980605817688332576e-02 5.042839709841610146e-02 1.235238428048623244e-01 4.642562098950241828e-02 9.341656131735673330e-02 1.499098531352677510e-01 2.692479469610951082e-01 2.055794473817786905e-01 1.922957274054008792e-02 8.610117835959489596e-02 1.746896869744085645e-02 1.159840425440499673e-01 2.097102390403977890e-02 4.417739900566070715e-02 1.008674043019827382e-01 4.722727230951841854e-02
1.140625000000000000e+00 7.104384762401807531e-03 2.011219134480105031e-01 1.199019752585227805e-01 1.101018880232372266e-01 1.024352670519746572e-01 2.925034149134033146e-01 8.891293020222865162e-02 2.166974675503384740e-01 9.465343682067070552e-02 3.741897602363872810e-01 1.462594947465762074e-01 2.375227663991104632e-01 1.743218208422808724e-01 1.144652631108723367e-01 2.436551305773686227e-02 4.005252156965233290e-02 4.774897132425100221e-02 2.940561298164870441e-01 3.142033439741009349e-01 1.306532692380002192e-01
1.156250000000000000e+00 5.142847854335771962e-02 6.555198159179077833e-02 1.092880164737678461e-01 2.448136860906872898e-05 1.229010896947658055e-01 1.533866308857553262e-01 1.680202695472377827e-01 1.234193041832102461e-02 2.091965767662530007e-01 6.317725640451146152e-01 1.356206466413395761e-01 2.408301607824082369e-01 1.773063184265760983e-01 6.819674096698515042e-02 1.686370740431302959e-02 3.254289864503362439e-01 1.258095004661179406e-01 1.604857044224704266e-01 2.696144346059070052e-01 7.973831500145245332e-02
1.171875000000000000e+00 2.490482270695722200e-02 3.404490430406713064e-01 1.817515144971546537e-01 3.553800288850400557e-02 6.272850736873873678e-02 2.843640111167543630e-02 1.144668926123170449e-01 8.793898112506899623e-02 3.543771383019708038e-02 3.809173418632988417e-01 5.255905809515139249e-02 1.030583191361254120e-01 2.198647099290496620e-01 7.276038588156759357e-02 1.724086517185666190e-01 1.732656552500989600e-01 1.907915195850098111e-01 7.546196752363264204e-02 1.693310881687027855e-02 1.435980055541012483e-02
1.187500000000000000e+00 6.422084357090528106e-02 1.200980528569659533e-01 1.148932877493811892e-02 1.911556838348674736e-01 5.536001760650630793e-02 3.366551752375799844e-01 2.565785938432363356e-01 2.838350152914626556e-01 4.048381004739066286e-02 1.565126688013989964e-01 2.412711300975466933e-01 5.534556194266025686e-02 1.278834324259844335e-01 8.277087901541056725e-02 2.692046014184179548e-01 2.540504117820104046e-02 2.685132217309561115e-02 6.844647750654219050e-03 1.179423272282098950e-01 1.646442727517787030e-01
1.203125000000000000e+00 2.609179508455341523e-01 5.798566780398718007e-02 9.996064046424818494e-02 2.872823288210040078e-03 1.534876857260118049e-02 3.541988744699066105e-01 2.731303530528497378e-02 6.834271237503740382e-02 2.790945057700049484e-02 6.816083261638447577e-02 2.827256556803697807e-01 1.180663185388880487e-02 8.767977239488970731e-02 1.643321563567224156e-02 9.522773618936906936e-02 3.153227362725870564e-01 2.045235857308360869e-03 5.473182916504483464e-02 1.904626687031777121e-01 2.797228239666395555e-01
1.218750000000000000e+00 2.384767041606720983e-01 4.836291046529242466e-02 8.818880230472903037e-02 2.756119389574545053e-01 6.846568097576199996e-02 3.336558126039863154e-02 1.058822409421255328e-01 3.153574516823696161e-01 5.118581174493758851e-02 6.711488735317924781e-02 4.421237140993156678e-01 9.236128303943054452e-03 3.821845732656358186e-01 2.622801196587568606e-01 6.153682058101560270e-02 3.020919325914460038e-02 5.635263921147502797e-02 1.237341967923860225e-01 1.249697295433307709e-01 4.539529526705070039e-01
1.234375000000000000e+00 2.207430824201361552e-01 1.098104026675897626e-01 4.228199368615696840e-02 2.637231937335417498e-01 1.873227698696391108e-01 1.908175903596221606e-02 6.339964510163613454e-02 9.267321322799272620e-02 3.423552495974946375e-01 3.373548749077663889e-01 6.623062842915065918e-02 5.240235893492878327e-01 2.198031740634785389e-02 1.988389936142464370e-02 3.300923079762901891e-02 2.739639182502355830e-01 7.887590637060109405e-03 3.610451829602246560e-02 6.029814396164030754e-02 3.422431336685527459e-01
1.250000000000000000e+00 2.123455137806119775e-01 8.038767619357342631e-02 5.308554606328597103e-02 2.560678116222365741e-01 1.394899325301348636e-01 1.356063372775767051e-01 2.107159758137832628e-01 3.144056171523358922e-01 1.765664730475371702e-01 4.270618086100635979e-01 1.133351964581158083e-01 1.043988960902028917e-01 1.353736194812028837e-01 5.547078978904900620e-02 6.350699758565163389e-02 1.888568546461863451e-01 2.317567557464042804e-01 1.725428656259050397e-01 1.678176698685683588e-01 5.198355521803736667e-02
1.265625000000000000e+00 3.261996523948151316e-01 3.442340554361841831e-02 3.649788170514797203e-01 1.120223804370781284e-01 1.008573934334834887e-01 3.320611488705870751e-01 1.095989500935281996e-01 4.657207120112911818e-03 6.960476707207378932e-02 1.078053889399052112e-01 3.686293552967419285e-02 3.033688627126057691e-01 3.099359722030083086e-02 5.374808899941428686e-03 3.971104225885015160e-03 2.944110491243020697e-02 1.383019765450429484e-01 5.404381429080499198e-03 1.543093713766649222e-01 1.842179308135500349e-01
1.281250000000000000e+00 1.056626901097987570e-01 4.052705874004496889e-01 1.153160910104023690e-01 5.054301407287475900e-02 1.965373192639323918e-01 4.411449951743051656e-01 9.798912990186024741e-02 1.317376286065108327e-03 2.708852762675297704e-02 1.533034124631160212e-02 7.867255124303737523e-02 1.442372551405028958e-01 3.987625012820684156e-01 4.954619096967995961e-01 5.740796227001186691e-02 2.689958090288512293e-01 6.423872211762288176e-02 5.701392876774982049e-03 1.125287811604425287e-01 1.076065469993286727e-01
1.296875000000000000e+00 1.157172435568728196e-02 5.153577568244492590e-02 4.437923192218294621e-02 1.735926972544113156e-01 1.351865851209187452e-01 3.312566390017060991e-01 2.127989333046208520e-01 6.464760453803233831e-02 1.450950939929006589e-01 1.395754272904951594e-03 1.911042852317142715e-01 1.250043257933727316e-02 6.727751769851507413e-02 4.413589848425868156e-02 6.396604149483284263e-02 2.602147649792150089e-02 2.229483147892076800e-01 3.434200297730395646e-02 6.204644325744510663e-02 3.655969178391607621e-02
1.312500000000000000e+00 7.622543635888498481e-02 2.280203793655513900e-01 8.209263374562260351e-02 1.092957633518892597e-03 1.130185942388774178e-01 9.679276744350588657e-02 1.416693121876186623e-01 7.299436175238577240e-02 1.922780467731393522e-02 1.507666985396390325e-01 2.130682974408686092e-01 9.657376985099313605e-04 1.547775871682731397e-01 2.320225231492935580e-01 1.590666869008589557e-01 2.123368180395510674e-01 4.282951467928670757e-03 3.307267339241383441e-02 4.430271545027643643e-01 7.670934253130785863e-02
1.328125000000000000e+00 3.851381964578592856e-03 3.822068558003675620e-01 5.360664270620289079e-02 6.084264947175449523e-02 1.449232469424522329e-01 5.609046049721994054e-01 4.164092158436925872e-02 3.044352857266390266e-01 9.665887500111866593e-02 1.804592928809446717e-02 3.735914269613143518e-02 7.117194724344540202e-02 1.177238796981477376e-01 3.671485025194564100e-01 1.526956786476799388e-01 3.556526769363452245e-02 2.660344725165906810e-01 1.553566479514700560e-01 2.162156344031002098e-01 4.188922816023810114e-01
1.343750000000000000e+00 9.518451325197864465e-02 2.142388942156976846e-03 1.064906734324798897e-02 1.314416839909809676e-01 7.475315926363543251e-02 4.709424867725626185e-01 1.127911756523307801e-01 4.015880849993985757e-02 3.740663844970760349e-02 1.817907092424092541e-01 2.977336286656025871e-02 1.517173632871017808e-01 8.646027734757340266e-02 2.302156632491796084e-01 1.501274605611971069e-01 1.119329970085267689e-01 9.922276366930631031e-02 1.200480455489117554e-01 2.664798169418983176e-01 3.251696086314771472e-01
1.359375000000000000e+00 1.054443187868114584e-01 3.090230452331272498e-02 4.611366470782150839e-02 4.460125623075091722e-02 9.114059773033635070e-02 7.950079109977470360e-02 4.385716850487540730e-02 1.766678990920572956e-01 1.374994649245916689e-01 1.209702749142570893e-01 2.703747438579113815e-01 1.346330914238208776e-01 1.996494124191199870e-01 8.869177893250868028e-02 1.600379470104561774e-01 1.336339910452843394e-01 2.277520150619720060e-02 2.721256033479076963e-01 4.337488440384496685e-02 1.296683296535230401e-01
1.375000000000000000e+00 1.044105266912431773e-01 5.569760548270612059e-03 2.448190925992445033e-01 8.498250601296959694e-02 3.050521529773919105e-01 5.786668070288539800e-01 1.016333711918559896e-01 6.559107681701138726e-02 9.199990692045276197e-02 2.764299636294431650e-01 2.292389179732358395e-01 3.544426935410364687e-01 1.162619770775301653e-01 2.050620990720824766e-01 1.526686489974469207e-01 3.271907900437049516e-02 7.916476637582774145e-02 2.475694359520247689e-01 2.937894918264177813e-01 1.724227796962997661e-01
1.390625000000000000e+00 1.126137869780238082e-01 3.468402336923258056e-01 1.397165414673315065e-01 4.244911175802346115e-02 1.462720723182539539e-01 3.437804920134678310e-01 6.705471016282195384e-02 1.033637904257489054e-01 1.497337558216818298e-01 1.811848575169893727e-01 1.936150527846744115e-02 1.133862141289878195e-01 1.433952405610565417e-01 2.468307590152349074e-01 5.099084499002649352e-03 2.812110013938455833e-01 3.301305218105014122e-02 1.042647378826024457e-01 1.116712268566401045e-01 6.683872236279154999e-02
1.406250000000000000e+00 2.008960418275691426e-02 6.194035236829926842e-03 2.062493553971510851e-01 9.225832315649862281e-02 1.326661488160404967e-01 6.281461736847186901e-03 1.793461929795257537e-01 1.112840048428139217e-01 8.093938151949553461e-02 9.162739297976890684e-02 2.105680091501233864e-01 2.795547714066878853e-01 3.992738878530283086e-02 4.932987764987817880e-01 4.395625751807886311e-02 7.904250369870927106e-02 4.420997434489125355e-02 4.981207531347927459e-02 2.323757808949671044e-01 2.041315967858230440e-01
1.421875000000000000e+00 8.228483680432915892e-02 1.265376264102695825e-01 4.249070700952881641e-01 9.712470899530811774e-02 1.554759119889410623e-01 9.303890592816989324e-02 9.397500849336572204e-02 1.888463806091814634e-01 2.448417023160072772e-02 4.906094815943244647e-02 1.494073458922604847e-01 7.440431370488877205e-02 1.337550381862277482e-01 3.086383305062432858e-01 1.252862316309846791e-03 1.601281496223337653e-01 6.601141692295975361e-02 1.913188951598459447e-02 1.709854637616281259e-01 2.064552136541232263e-01
1.437500000000000000e+00 3.535310658058663652e-02 3.635922901510060812e-01 1.187228846614331312e-01 2.524335882679784246e-02 8.194545323261796799e-02 7.179228715273057448e-02 1.535099735767601614e-01 5.690709152650236941e-02 3.294023879423333290e-03 5.533296134777359460e-02 1.253540148475366656e-01 6.085158539939440614e-02 9.572014926187541461e-02 2.375961070883199910e-01 1.352314486189593436e-04 2.436459043718367246e-01 1.341009908311688488e-02 8.194293476552537078e-03 4.038433757762532883e-01 2.249783285752583462e-01
1.453125000000000000e+00 2.955434887883418016e-01 2.090762017177136278e-01 1.163079205556487132e-02 7.915158257241425299e-02 2.177246378350035372e-02 3.996463937027651681e-01 1.412551570818806057e-01 1.353219177786277316e-01 1.707270158103880164e-01 1.104313467101147167e-01 9.884311235268324058e-02 1.091528523001996376e-01 8.053846660746104280e-02 3.642189044477866511e-01 3.618884991990390515e-02 3.155544335545650437e-03 6.393889428361552996e-02 1.217403707469216223e-01 2.973070459559241097e-01 3.067408450349634053e-01
1.468750000000000000e+00 1.158382348685533664e-01 2.899675724719268932e-01 5.902466619139760604e-03 1.150687059743697900e-02 3.573044797857688470e-02 3.326096791557068832e-01 3.265430153151488435e-01 1.168720416961458418e-02 2.230242078877095815e-02 3.293377405497923543e-02 2.611840780899839926e-02 2.309904327783112721e-01 3.639212911104137971e-02 1.832204289865320690e-01 1.308086072349317064e-01 5.857108773962702020e-02 3.688803349601803283e-02 7.581011880270346892e-02 2.335522079712323493e-02 1.363543814310745894e-01
1.484375000000000000e+00 9.802917108766029397e-02 2.855325877066438797e-02 4.424436461065976711e-02 2.065274286744116228e-01 5.339514523368899500e-03 7.177442135650485833e-02 1.624420856391841639e-01 3.632163449136271982e-01 2.166010634231700926e-01 2.537549713407389121e-02 3.390376622981867288e-02 2.154670069282019207e-01 4.520672243692969161e-02 2.282814311338627333e-01 6.423943875982569829e-02 2.604855980044453734e-01 1.622172319468539667e-02 9.700349853968337488e-03 2.439944771906963905e-01 2.758795889550817032e-02
1.500000000000000000e+00 8.061084527372580980e-03 7.087213301061924542e-02 8.184369310588462954e-02 1.009112121281452862e-01 5.406021720733093436e-03 1.412080142006111594e-01 3.438365067316685730e-02 4.080015987834530455e-01 3.908641922497721466e-02 1.580714243215955717e-01 2.354773877421243444e-01 6.542428269602997004e-02 2.216776731485817220e-01 1.111428717069709027e-01 6.914613295232666101e-02 4.640860127869345098e-02 2.670315696384817361e-02 5.927893986278600508e-02 1.100477393124751624e-01 8.465178824249493250e-02
1.515625000000000000e+00 3.177960526315821987e-02 3.213564563481326880e-02 2.366085822838646380e-01 6.072945966028999720e-01 1.091197000170613654e-03 4.459964413122560756e-02 2.573617794942560377e-01 1.273943177307696947e-02 2.261532854779415846e-01 2.558814966078618580e-01 1.842265882176613023e-01 1.053987973042491977e-01 1.262018113098666294e-01 5.386088417950108580e-04 2.607890524170987726e-02 3.168584384024567546e-01 7.975445952629184321e-02 1.796274243869222798e-01 1.338315026870472157e-01 2.524458835984502714e-01
1.531250000000000000e+00 1.321305933208421352e-02 1.762099092463726702e-01 2.308063344913034720e-01 3.882338760684930223e-01 7.173152103213337183e-02 1.134062076630158594e-01 1.159717229666805960e-01 1.263382627152387083e-01 1.308842533353653803e-01 9.906128220839843790e-02 8.349647608140750576e-02 1.340669891894078480e-01 1.279963301398821252e-01 4.343294057511508377e-02 4.179300948565507073e-02 9.088275597683151408e-02 1.259676816115307407e-01 2.095599993226215374e-01 2.642987730534184232e-01 3.677441865118548647e-01
1.546875000000000000e+00 3.952894914456812903e-02 1.749494204965964805e-01 1.970160952892330009e-01 1.740471496974357046e-01 1.757214751573276945e-01 2.545341911710909955e-01 9.176339240383338258e-02 4.276206067486609114e-02 4.172957950321868337e-01 8.245942568693280517e-02 4.964898524674741381e-02 1.739812849392306515e-01 5.773517384369251243e-02 3.984345624564525346e-01 1.021133587410580773e-01 1.001390156121226109e-02 6.097054673417332676e-02 1.090589488648347205e-01 2.003915394379169046e-01 1.687138688191883451e-01
1.562500000000000000e+00 2.057065663168589631e-01 6.353975210087688119e-02 1.875504394853171330e-01 9.851678056107446291e-02 1.264363038760894613e-02 4.268639446446455543e-01 1.509998349598688228e-01 9.080891534364861351e-02 8.485411697062862288e-03 2.169784009088178423e-01 6.312950946552614573e-01 1.239744676963568798e-01 2.345828254901735567e-04 2.333973361984089667e-01 7.722220879841203145e-02 4.873753851919560010e-02 4.277981607158844873e-02 1.161060263834990808e-01 1.024790536746956887e-01 1.023902215998256093e-01
1.578125000000000000e+00 1.045840067597223061e-01 2.567371481796941121e-02 1.529556216554690262e-01 3.323498061706238738e-01 1.451438059598876840e-01 9.809173840871233951e-02 2.939798599804932522e-01 5.876669868384677003e-02 1.887876406163627174e-01 3.891810344078461964e-02 1.895612251622925404e-01 7.819435818032173524e-02 1.205955519583753605e-01 5.278068683886054033e-03 4.308586408865269085e-02 5.787537005170627531e-03 8.747283669109816306e-02 3.325181529148437277e-03 2.869381427412944219e-01 2.005487805288448666e-02
1.593750000000000000e+00 2.961595585574711142e-01 1.411599559003734634e-02 1.055563310355844830e-02 3.303816239856514902e-02 1.977239942973215148e-01 1.142539960688479794e-01 4.352277043238947374e-02 4.192917231496522124e-02 3.600049629172101529e-02 1.341336193979515146e-01 1.097424440851261784e-01 3.152873034373752659e-01 1.393675874690557259e-02 9.102041204792580414e-03 9.329888249661039828e-03 1.791310424585262628e-01 7.456627383919622876e-02 1.082061276266589878e-01 8.749594059215787256e-02 3.642092343204367949e-02
1.609375000000000000e+00 9.253254102461820618e-02 4.343803675167627609e-02 8.318584072402795959e-02 9.672227383067978634e-03 3.062946658145012102e-01 3.555263056743541150e-01 2.859983605492887396e-02 1.083295648704713510e-01 3.589717190799269209e-01 4.181837596488562070e-02 1.642584903734034263e-01 1.829443020973152145e-01 9.855770214886176370e-03 1.746385724582904808e-01 2.008171735223840404e-02 4.670247943974886046e-02 6.213136212593717983e-02 9.948705177450334336e-02 2.669687512896890685e-02 5.102366425949889095e-01
1.625000000000000000e+00 3.865838992514508687e-01 7.188824203500686350e-02 2.991520917792140355e-01 4.325401543092075723e-02 3.928860703312184177e-01 7.910742249432525797e-02 1.377525619905027032e-01 5.701543060432073123e-02 1.825501606355211526e-01 1.046075004107193812e-01 5.657310005187062008e-02 1.387584497221934325e-02 3.632382572129595061e-02 3.457883951786167726e-02 1.683892690302610240e-02 1.357107159591946777e-01 8.478321636438142239e-02 3.219519586166472158e-01 5.299974343303609503e-01 2.613543495401348116e-01
1.640625000000000000e+00 2.218012143329687602e-01 1.398059248396207321e-01 1.334000656370362137e-01 7.669507688754605146e-02 1.237865933128951684e-01 1.632755399686980358e-01 9.275685748241045692e-02 3.394088451894959335e-01 4.191158048009882564e-02 4.191477415288514252e-01 2.040636295055767852e-02 1.153301961107439377e-01 6.291869754577494867e-02 2.808973696108769680e-01 1.497565241122257307e-01 1.556556898191130411e-01 9.520553496624327428e-02 1.440138716531679797e-01 1.833373858393494704e-01 1.343988293689993840e-01
1.656250000000000000e+00 1.679714485976971650e-01 4.924989824882040901e-02 3.492107980195108263e-01 3.277393405103273816e-02 3.934768692178636923e-02 2.390126795234403384e-02 5.915969819548676928e-02 3.524805185464772173e-01 1.329065852293452865e-01 9.774887639421599161e-02 1.184482723440960783e-01 1.613699769822819416e-02 2.788714857058236657e-02 4.783128394375697479e-01 2.198140810974641077e-03 1.456169582374993721e-01 2.317665315506924339e-01 3.137831756790190885e-01 1.169268108449943167e-01 4.068186855472026575e-02
1.671875000000000000e+00 1.305850102835152396e-03 2.155791680898096474e-01 1.340344590140969128e-01 2.101449652763138776e-01 3.112937420875149797e-01 1.562999005485918580e-01 6.289126388078243590e-02 2.569454028975283189e-01 1.243626384038212102e-02 2.793396893272703796e-02 5.095147664715080627e-01 3.016389679937944452e-03 5.864550714011658450e-02 3.068432735827137381e-01 8.719668750046051520e-02 6.757878377627989097e-02 4.843188168428743529e-02 1.329016888482458802e-01 1.982943353603260073e-02 6.248277896806838511e-02
1.687500000000000000e+00 3.608529100598030226e-01 2.458397281121965927e-01 5.840651042223438116e-02 6.098272385328201706e-01 9.457227499457965259e-02 3.843250296153442047e-01 1.070863136790399378e-01 2.070656639037101940e-02 7.972190548980112590e-02 2.361717295486219226e-01 3.489366279074682803e-02 6.259721941292623049e-02 3.347917820861640581e-01 9.281814007598257477e-02 2.952857148951286426e-02 1.705165663984732349e-01 8.919377775260532021e-03 1.637932790776593650e-01 4.496566609472201631e-02 1.352909575480815141e-01
1.703125000000000000e+00 8.294256962095490626e-02 3.774190474018266489e-02 8.466079530337437820e-02 4.178529466532001080e-01 4.453427643951905074e-02 1.689833466361288228e-01 1.853057041830917864e-02 2.382035873231927448e-02 2.065480581959756312e-01 3.985756714160224590e-01 2.578222030087687910e-01 7.706543713326312328e-02 1.382522530909046088e-01 4.270048349327978943e-02 5.855893704048633491e-02 3.678668539991544750e-01 2.467836326856195223e-02 2.292614597590920678e-01 2.210347789496404716e-02 4.360271002797931617e-02
1.718750000000000000e+00 6.578323464085697458e-02 3.230043293400661208e-02 3.279981495345845044e-01 1.256172302197937629e-01 1.635731266942624940e-02 1.626557715459989450e-01 1.470542883776818910e-01 1.438462837537766714e-01 5.286934181027584667e-02 3.029105606719422958e-02 3.604272035723201650e-01 7.429541038458603586e-02 5.808691059918984212e-02 7.896675474203869449e-02 8.575646131760873703e-02 1.436022448109211258e-01 2.298182592683991055e-01 8.586758184041551334e-02 4.545675292638352849e-02 1.605133744783379113e-01
1.734375000000000000e+00 1.992351940741324962e-02 3.519738932125111852e-02 1.847435120567043065e-01 7.740912173138451979e-02 3.588076735506871839e-02 1.206322239002927121e-02 1.231617840102394168e-01 3.734415569610897989e-02 3.178434827605768759e-02 1.616964150408674999e-02 1.023579825070982351e-02 3.101333296891964700e-02 4.865085739190790071e-02 3.701197615820897568e-02 2.356566155796561701e-01 2.816276652031725614e-01 6.669007536852475382e-02 2.697754878840935913e-02 4.145106247257024923e-01 2.799473458166770387e-02
1.750000000000000000e+00 2.074978116558979790e-01 1.358248496007588013e-01 9.627746612223965494e-02 7.444055258648921147e-02 9.942636967894506739e-02 1.443721696127315927e-02 6.617430773789952092e-02 1.327468601426242123e-01 2.947055621638377046e-02 2.196823904716500575e-01 7.184584755963538405e-02 1.635421549810621988e-01 7.824559316123623487e-02 1.107509346994391408e-01 1.426924602460936942e-01 8.779331459545766658e-02 1.464580574252025667e-02 1.220135381914704172e-02 5.034311361675099239e-02 2.129320416561506987e-02
1.765625000000000000e+00 2.781987169293997919e-01 3.939784793257720963e-02 1.593092612758278959e-01 3.108328183380967280e-01 3.493907783587028859e-02 3.272371781255600243e-01 1.867882320909208527e-01 2.064405493919430901e-01 8.670716529253864879e-03 2.862209508709839256e-01 1.532061383561398038e-01 1.587203535124273590e-02 8.609518214666289637e-02 2.505233645674500020e-01 3.101358085719372881e-01 1.656017766400602054e-01 8.576980803924963426e-02 9.647829070286888242e-02 1.457572875499830167e-01 7.057631433449352773e-03
1.781250000000000000e+00 8.286465361468932367e-02 1.814985993651959950e-01 3.183480367419798118e-01 1.086400291240439409e-01 2.014119383298956442e-02 2.023413203603618982e-01 6.061326336716871960e-02 8.617770266994223549e-02 8.686415156460547057e-03 2.071481137514435966e-01 3.641214017683182258e-02 4.807623574061807223e-03 7.768215265146707904e-02 8.085726975974429076e-02 7.565901690889921538e-02 2.264001285084367154e-01 1.568521710121126636e-02 5.152222204292257468e-02 3.197769226275345988e-02 1.407842947997456351e-01
1.796875000000000000e+00 1.264233761282911317e-01 3.108522312218138794e-01 2.302102192602192010e-01 6.452139690727761723e-01 1.574619171116085070e-01 9.437293408637728587e-02 2.653833127263609606e-02 1.765032142879611743e-01 5.866769267572933405e-02 7.129016944261178969e-03 1.390125513534246071e-01 3.519375799137294120e-02 2.529778708748875102e-02 2.113154837278491752e-02 1.236143893403042759e-01 3.433637864625192077e-02 2.836757751850169443e-02 2.182115020431948937e-01 2.252373511883878354e-01 2.298280998316274033e-03
1.812500000000000000e+00 1.177263875137845098e-02 3.420273183215087782e-03 1.493111564370799282e-01 3.288404541016017868e-01 1.144642614065811692e-01 4.364070189848550663e-01 4.851407784398247269e-01 4.624442372883051933e-01 2.391247713370452666e-01 3.272400904541481609e-02 1.880771717902379181e-01 3.919788076909903191e-02 1.327241424525980179e-02 1.091388640837288870e-01 1.341106801690897243e-01 1.781430582928547612e-02 7.025998997493025644e-02 2.501540096007559555e-01 1.546093211281920898e-01 4.820516188634960814e-02
1.828125000000000000e+00 2.915752783034122973e-04 2.087713430596327413e-02 9.822811721639249094e-02 5.355130874174600375e-03 2.220879209738281512e-01 1.758744575008479999e-02 3.784515368559344672e-01 3.646246261367802055e-01 4.847230452300810288e-02 1.136430171637629188e-01 9.500680892978564940e-02 8.412472796482373810e-03 1.521901245029637917e-01 3.535500760877773041e-02 1.675062604343609263e-02 4.845409091092849341e-01 2.180856316571180287e-01 1.372776649674045946e-01 5.112510340734521819e-01 8.772512203045346180e-02
1.843750000000000000e+00 2.166703348063042933e-01 9.229792899296215825e-02 1.802110109057698806e-01 3.119953004634573035e-01 9.954899052843534102e-02 4.029758964091734869e-03 2.104193042567580330e-01 2.433264138804298871e-01 6.507625515905691993e-02 1.508880491314986139e-01 2.047455004386420363e-01 3.146121872237622741e-02 5.229406148343589134e-02 1.291498235037071285e-01 1.960033950613703502e-01 2.698754579016551247e-01 2.684170863409597874e-01 1.320892680119353235e-01 1.826826993029084245e-01 5.110115585986196168e-02
1.859375000000000000e+00 1.138681626919068601e-01 5.682202356963303447e-02 4.969294833667799172e-02 1.907456325368602490e-01 8.449945747550428876e-02 4.924963285853528605e-02 8.662393702103687865e-02 2.720934610156264810e-01 2.341370386875484544e-01 2.339934687389767232e-01 3.477120370160261542e-01 2.572079950526471454e-02 1.483746734110755021e-02 6.969397540171384797e-02 1.480796498993372338e-02 5.690005130757476437e-02 1.024153102727309445e-01 2.840976788520410690e-02 1.782893183135440263e-01 1.076516223949449541e-01
1.875000000000000000e+00 1.797880070023016585e-01 5.124342489129463107e-01 1.732388398946015928e-01 2.504074045665856674e-01 8.854378359669068388e-02 1.225424191386297601e-01 5.048134037764161197e-02 2.184013648760904924e-01 2.840378104870003861e-01 1.058167011162091109e-01 1.944383544377756012e-01 2.146036262811359951e-02 3.082999674114004530e-03 1.158318033109462103e-01 2.743886491456927756e-01 3.336757220238807664e-02 4.030131472588602271e-02 1.122792182140165823e-01 2.520135943955929547e-01 1.771234157447282020e-01
1.890625000000000000e+00 3.410604462553912253e-01 2.196660259012899463e-01 5.150526575763312437e-02 4.892173836690391631e-02 4.983628972906753440e-01 4.538156976451353242e-02 2.429819861927420832e-01 3.271902503985968935e-01 9.307821704926180773e-03 2.484170824152688584e-02 4.305299520255103096e-01 6.368200487550070010e-02 6.996637835728425694e-04 2.234382352196391183e-02 1.184162415403734459e-01 9.526311657306643990e-03 3.882471148993672516e-01 2.400036377421723988e-01 2.245651349500239757e-01 9.482701265917993505e-02
1.906250000000000000e+00 4.184804074250220718e-01 6.840575877446493369e-02 1.069602429680011624e-01 2.422329461399876788e-02 2.766130796953060189e-01 2.291097958450216132e-01 2.646485029615580631e-01 9.240850415393568607e-02 2.494823358412177894e-02 2.078967857354153959e-01 2.405935838801559479e-02 5.853977391447238304e-02 1.281292061635949386e-01 1.994434743452861911e-02 5.534387799329321816e-02 9.827968649636084630e-02 3.441746128999718102e-01 7.290675885513359100e-02 1.055653787252845421e-01 8.103877278772460280e-02
1.921875000000000000e+00 4.082480892007377127e-02 2.607301573612240755e-02 7.043788585993190909e-02 1.320204213068166266e-01 2.595828454754448567e-01 2.647275787631883648e-01 1.926628557271709355e-02 1.447799494624108507e-01 2.804267627612573865e-01 5.782743599997415274e-01 3.478746835912616131e-01 1.354262540060379993e-01 3.163109576663780675e-01 7.998123261825001995e-02 4.154254803082310654e-02 5.461218280603800240e-02 5.589063471746453376e-02 6.495532025972827750e-02 3.478683637716160904e-02 1.606596194931911858e-01
1.937500000000000000e+00 3.789234522897357016e-02 4.141392703380757379e-01 1.542368498351944506e-01 2.110859995729455485e-01 2.379269714992092444e-01 3.896719208918752453e-01 3.031898088170436600e-01 1.571242211306976555e-01 1.890577284770155950e-02 2.155840630229614585e-01 3.888654736355399710e-01 4.709688794596157690e-02 2.610312303743652085e-01 2.590531878651145536e-01 2.900480809250545813e-02 2.856669959257483390e-02 1.157278425064724031e-01 2.162303107784922795e-01 9.600216584975968664e-03 7.710618648795207475e-02
1.953125000000000000e+00 7.704103606023871009e-02 3.363970720917729834e-02 2.837068280284191918e-02 7.174619515546082349e-02 1.668809753385856465e-01 4.597406839070478785e-02 8.909224890530625940e-02 1.091584092093910580e-01 2.228281211525016611e-02 2.443572020059135153e-01 9.222437267350708234e-02 1.114804538223339581e-01 2.496552253027653143e-02 2.731934436220310181e-01 5.198445186232517751e-02 1.296577495044704681e-02 1.051066357417849706e-01 2.673358224336125910e-01 1.948535879220151257e-01 1.041516669462679012e-01
1.968750000000000000e+00 1.317712439850494133e-01 1.784763779646986737e-01 6.509623626249812223e-02 1.007751977119130948e-01 5.108007519211830161e-01 8.349078895707106804e-03 5.433772487255402600e-02 5.187380815476991605e-03 2.579935407584499352e-01 1.921686858420763866e-01 3.043732044707181698e-04 9.014669809118817934e-02 3.299678172987410840e-01 1.419880181599723068e-01 1.170493530496676850e-02 1.175669984425121162e-01 1.727934815430536564e-01 3.806843915566988090e-01 3.338988032337129042e-01 1.175161400170656595e-01
1.984375000000000000e+00 2.108016284036197951e-01 1.515384225322104761e-01 4.532293431427751595e-02 8.229325402713311144e-02 2.218745436396570292e-01 1.395450546332098751e-01 5.717758168576562300e-02 2.218902783355126695e-01 1.549950810291770287e-01 1.273776771649570705e-01 2.926973541419441438e-01 2.912279215103245611e-01 5.004536315973581173e-01 4.368566472576527332e-02 2.703182418902217998e-01 4.171417157144079180e-02 2.747682282654713426e-02 2.562248633700295875e-01 8.118097289603393163e-02 1.911918106496083014e-01
2.000000000000000000e+00 2.114150787269233056e-01 6.546832997826343946e-03 3.444754807761486043e-02 1.112978803646705317e-02 3.814180147724886144e-02 6.722310283942467546e-02 1.077915454760787900e-01 3.327583885893192761e-01 5.107665066750629590e-01 1.755561746426040001e-02 4.071617150570833732e-01 9.664528139645428562e-02 8.159189812775954898e-03 1.490970675875529254e-03 2.657489948126549786e-03 3.729596502998752195e-05 6.351984415055519223e-03 2.097660984376200632e-01 1.606179050558718402e-01 2.403199724175226690e-02
