0.000000000000000000e+00 1.308111216267526244e-01 3.909238422561561732e-02 6.935663506175324677e-01 8.768346960448245020e-02 5.322664537622001646e-01 3.878035183873307923e-01 3.720736526804876987e-01 3.067498164137617001e-01 2.447392698450573389e-01 4.461679927698742887e-01 3.780761520650025576e-01 7.014806875518435625e-01 8.262943474240820596e-02 5.840471035639510644e-01 7.136544623161805712e-01 1.301483064956332203e-01 2.720353275135047877e-01 2.684164927642350706e-01 1.394310127553721572e-02 5.040682093301587230e-01
1.562500000000000000e-02 1.624078070741328539e-01 1.256549681745755265e-01 4.114861668478203560e-01 5.239534498211517732e-02 4.371416143864277903e-01 1.317873387908999328e-01 3.454603243505353083e-01 1.943162608813069070e-01 9.155778314560797382e-02 1.901278561993907934e-01 1.947034775214374069e-01 2.496580721678370862e-01 7.219853532674185004e-02 1.755770420072639004e-01 2.341304358363261451e-01 1.427578041602200198e-01 1.050999218504169858e-01 2.114829799706029190e-01 4.590906150730992841e-01 3.148053245405339762e-02
3.125000000000000000e-02 1.731821361649216462e-01 1.627634259063887034e-01 2.970258742604464097e-01 5.843038807977578297e-02 3.095211889342047717e-01 1.199499234135733283e-01 3.024243695288714728e-01 1.687690820028281691e-01 2.588512714018955663e-01 1.434194125006521547e-01 1.537605593380699520e-01 1.887661712525795787e-01 2.853379657408895015e-02 1.567775435958360664e-01 1.344385538378382872e-01 2.959370926405854862e-01 5.484105323718013042e-02 7.260877263183929120e-02 1.306908219602704799e-02 5.352860142772774416e-02
4.687500000000000000e-02 4.509066150974228027e-01 3.180107426275902149e-01 1.023500724774856208e-01 6.198854670343897921e-02 1.857254174664842161e-01 2.655079089529716052e-01 3.087482000463707132e-01 1.137162050191768831e-01 1.408417890830188646e-01 5.134226766364344829e-01 9.593150364511723871e-02 1.569884572163229575e-01 1.364435379730932485e-01 1.954607744746739151e-01 1.420730143094501019e-01 1.148412052259369931e-01 1.088798853297723856e-01 7.163148970864748055e-02 1.742125045362720170e-01 5.988133083641720977e-02
6.250000000000000000e-02 2.809619241890137786e-01 1.471821379422490195e-01 3.136345704635413317e-02 4.210522735640123138e-01 1.097864420679217357e-01 3.322893381450645056e-01 2.572639265818846277e-01 1.047371049602772303e-01 1.422810504138503351e-01 4.496162740844610872e-01 1.768377561453966795e-01 2.980022623421543781e-01 7.466437387732806352e-02 3.170508927597174842e-01 4.643156341000494458e-01 3.765164883614926378e-02 4.275962808427642703e-02 3.028110491230861512e-01 9.615188048174580504e-02 3.192444306087106054e-01
7.812500000000000000e-02 4.790452602590843934e-01 1.318318789581664485e-01 1.104190407407074255e-02 3.225977416869582060e-01 4.248592325060536190e-01 1.478458112113060774e-01 2.930818197435186567e-01 1.947236000367243980e-01 1.214915568464952772e-01 3.387615000313456970e-01 2.282692898568976572e-02 1.138334233935091450e-01 3.185173389984119474e-02 2.644349385548431797e-01 1.720239051237474059e-01 1.170128521520621967e-02 4.107014328218359933e-02 2.046437475915162951e-01 2.908562884153705758e-02 3.430814341267151013e-01
9.375000000000000000e-02 2.154250113354831409e-01 3.120415129646620378e-01 1.286981051278324462e-01 2.318745094600662415e-01 2.317553766682810823e-01 8.957472007763529753e-02 3.098632133183912285e-01 2.235360306900358307e-01 2.415565087053762050e-01 2.676385775157221758e-01 3.889388929244813609e-01 3.339988478126416083e-01 3.132958089819282699e-01 3.328913393191054032e-02 2.212902213671481266e-01 3.505262205809009900e-03 9.453216398397230880e-02 2.435511637038687283e-01 6.111123554687695504e-03 1.117862113969656929e-01
1.093750000000000000e-01 3.091290753480700482e-01 2.140397475154664220e-01 3.685687110440232228e-01 4.944362996347825279e-01 1.985472102683320528e-01 8.998056557533547217e-02 8.484972494176290514e-02 1.815250739711299355e-01 1.888995543235716390e-01 2.799353980499852956e-01 1.386649269921697847e-01 1.493305453158459972e-01 2.374644825426104333e-01 2.378616384314439225e-01 4.696490657110063971e-01 4.215987482214141324e-01 4.113764317553260108e-01 4.080873652989894240e-01 2.408133067824461682e-01 1.912313362595979005e-01
1.250000000000000000e-01 4.926152276931510809e-01 3.756658549971955141e-01 4.946676198911005295e-01 5.066670786091314049e-01 6.340552024516405982e-01 3.238480055018490011e-01 5.926620690295789640e-01 2.846248520378988345e-01 2.560167419629977292e-01 4.898854271609573430e-01 3.712220905811885463e-01 4.295640307657691559e-01 3.840149204312584552e-01 6.469458835332180247e-01 5.052370695093630903e-01 6.971283151726728189e-01 6.813328973108899733e-01 4.616588192222986220e-01 5.540769570790504694e-01 4.137826998170285320e-01
1.406250000000000000e-01 7.116458249238324374e-01 7.261424388657915507e-01 3.705917417949140535e-01 2.721747831710515375e-01 3.956865462439322911e-01 6.418606042794594568e-01 6.966459526921688905e-01 6.172811757526759369e-01 4.025582405859314261e-01 6.474810250574437598e-01 6.726896232934250763e-01 6.799240890613226229e-01 6.072046754868012375e-01 7.450486486830930621e-01 7.649310860192316541e-01 5.153496871590917960e-01 6.135354025882145956e-01 7.689848793819143991e-01 6.293031126029616784e-01 3.562319353261960142e-01
1.562500000000000000e-01 7.856998669046195705e-01 8.606665946307209270e-01 6.917653123282926364e-01 7.670517567988455188e-01 6.366422319342422975e-01 8.229713721147215999e-01 5.724076125555072059e-01 7.688717293845116485e-01 6.480242064235074428e-01 6.631596671319651692e-01 6.978441966716544265e-01 6.794005988994575862e-01 6.330160595536822310e-01 8.229632220840233936e-01 9.023348868656145827e-01 4.607409461214776458e-01 8.289754661052963769e-01 9.302958606063763680e-01 7.724805010248227966e-01 5.554469558943539997e-01
1.718750000000000000e-01 7.686750670797481977e-01 9.261024689294468093e-01 9.079409011740440238e-01 8.622806462325700583e-01 8.517443190779523388e-01 8.198575241607666264e-01 8.401275233083373983e-01 7.719421258802801056e-01 7.713100398486445464e-01 7.123615986700826408e-01 8.693859311714235982e-01 8.426471555320277362e-01 8.155652676689144620e-01 8.419548248673118795e-01 9.459002873470013784e-01 7.922107316740982785e-01 9.254510587923799880e-01 9.364736340786130597e-01 8.603362855196657888e-01 7.073027749510700790e-01
1.875000000000000000e-01 8.766541006107579914e-01 9.285592204011972051e-01 9.099776286396046299e-01 8.720396663962003414e-01 8.930092729599287127e-01 9.000282549875747717e-01 8.115309924874148928e-01 9.071562131317258970e-01 8.827627800757772425e-01 8.321608993119008479e-01 8.601324982420233134e-01 8.360512694583759341e-01 6.959501877659489688e-01 8.638667048847264995e-01 8.660258609046441736e-01 8.022884379592628568e-01 9.240211518355794240e-01 8.498332286668111024e-01 6.508526788358223181e-01 8.609943501635810570e-01
2.031250000000000000e-01 7.523485914960118537e-01 8.777467850182124609e-01 7.377393347313531136e-01 8.097843011404354252e-01 8.320128239750115284e-01 8.720102974879123670e-01 6.791227740551891712e-01 8.108523864598577990e-01 8.504470439372002755e-01 8.230127347976851082e-01 8.749170864526619740e-01 6.983611804089328023e-01 8.493268675001416357e-01 9.547530765716856216e-01 8.103487154013496729e-01 7.220013004354368658e-01 8.589702486941422910e-01 9.158944103716349927e-01 7.261522882546689317e-01 8.630234999565857823e-01
2.187500000000000000e-01 9.089815177805988800e-01 9.054321918915174683e-01 8.430819724456826147e-01 9.370378235563594504e-01 9.502996072084517465e-01 9.104899151997378759e-01 8.998406106074370303e-01 8.463826106021336004e-01 9.463718738406795561e-01 8.634508530021236528e-01 8.978636980922061195e-01 8.796016342563489632e-01 9.051558690112188055e-01 9.633248874265843975e-01 8.843312398510535521e-01 9.037746113740879883e-01 9.125726560746871829e-01 9.358352617618860281e-01 7.367953866628761395e-01 9.391888150006272307e-01
2.343750000000000000e-01 9.241233702156850249e-01 8.373729191467562671e-01 8.500923710705304837e-01 8.692933044856873126e-01 8.534732282210107934e-01 8.060519867253062021e-01 8.872996064884071110e-01 8.390562196224237157e-01 8.784195269831832631e-01 8.482885241425967005e-01 9.289036467758693405e-01 8.446782014714174780e-01 8.483068058030237557e-01 8.523106370530220133e-01 8.429019534168468164e-01 9.173526155780555857e-01 9.295573089786873799e-01 9.287414057378459153e-01 7.260716949946464105e-01 9.055516114139758876e-01
2.500000000000000000e-01 8.803720946284427917e-01 7.266544864330581888e-01 8.711700283494349106e-01 8.101429025666017081e-01 8.741098030792285867e-01 7.982580360311369860e-01 8.402328779932776159e-01 9.265935354892702591e-01 8.986522802146135191e-01 8.999357304974711091e-01 8.782502735039481312e-01 8.059855340761356013e-01 6.958817519753158765e-01 8.663237410940178851e-01 9.063373264809031493e-01 8.727752065608808119e-01 9.309728401682518806e-01 8.887286463258418090e-01 6.860136812758683700e-01 8.137283832039692300e-01
2.656250000000000000e-01 8.223260573764653580e-01 6.237718948842476685e-01 8.398739233007481708e-01 9.491322092278495770e-01 8.204986376704547224e-01 9.142743673521964709e-01 7.986262970471478262e-01 8.570668619102260744e-01 8.959863965440150180e-01 9.083576655653511356e-01 7.912322609996806921e-01 7.738665074935616728e-01 7.158054672882520064e-01 9.068070386382584003e-01 9.272014249595186275e-01 9.396033392184341970e-01 9.045513633773850648e-01 7.915204084314411137e-01 6.987969693058618814e-01 8.633455449735317755e-01
2.812500000000000000e-01 8.468447890785412158e-01 5.121337477143624861e-01 7.925741411130480252e-01 8.501245259164336154e-01 9.041112527902690488e-01 8.305881431089660039e-01 7.109288933304275249e-01 8.338623843822746684e-01 7.024010298718590395e-01 7.419157399221184557e-01 8.928634188255365478e-01 8.461748952207146512e-01 7.896425969265047362e-01 8.291656584511430950e-01 7.775179509818341828e-01 8.935090195053182471e-01 7.953788874323763913e-01 6.732578437169063346e-01 5.294180183556320696e-01 8.196227835390930139e-01
2.968750000000000000e-01 8.395580701182714378e-01 6.428649705578683982e-01 7.756274581871418494e-01 7.917999626556112558e-01 8.063411325927271056e-01 7.906904740764303385e-01 6.495569209378057041e-01 8.116239735837191827e-01 6.298742258144467421e-01 4.167537758248637259e-01 8.526543218560472814e-01 8.385461383509372757e-01 7.269453000680820010e-01 5.271361349904367666e-01 7.995195455827175390e-01 8.630465262742998966e-01 7.964428251539371617e-01 6.368324389635846572e-01 2.582131587871561718e-01 7.312587141431846627e-01
3.125000000000000000e-01 7.774488382175565038e-01 7.963856563554825296e-01 8.461707303499902411e-01 7.715739515601913734e-01 5.935510942109071264e-01 7.901611558041014005e-01 8.352144114619545201e-01 7.335555737370724749e-01 4.268555754424484538e-01 3.141645672467473505e-01 7.465261367025929351e-01 6.661534390564977093e-01 5.820487308970935247e-01 5.791985698863226784e-01 7.476809596723035245e-01 9.040676329147958601e-01 8.430860799739979816e-01 7.130625022852987716e-01 4.982407014182436700e-01 7.582705081814504755e-01
3.281250000000000000e-01 7.753677380255180607e-01 8.455355471128011002e-01 7.722064174914026191e-01 7.893024889205626504e-01 5.743581288944539232e-01 6.124659678172764687e-01 8.383978847918326371e-01 7.056897333037316367e-01 7.749144166854849969e-01 6.208423561416620551e-01 8.157948709946249988e-01 6.179658367602337554e-01 5.953288695654992413e-01 7.150327897721163728e-01 7.140604975005093724e-01 6.828450262124337033e-01 4.838174905314736041e-01 7.106799877973253299e-01 4.055960028978979892e-01 8.558301095036821016e-01
3.437500000000000000e-01 7.287782679954287746e-01 3.960795651942375928e-01 4.951072502671793885e-01 9.460426275158204668e-01 8.343769262863591774e-01 9.166576062123614754e-01 7.340661525379313934e-01 7.035817675246922587e-01 8.064171357876753765e-01 6.842430827895852330e-01 7.889905292656821389e-01 6.108870453976309456e-01 4.138337937438509861e-01 6.357362521772275121e-01 7.490763721714005507e-01 5.414344296480254615e-01 5.358811914242634922e-01 4.338200218257670659e-01 5.784064188608034618e-01 6.360959091654290187e-01
3.593750000000000000e-01 5.204092667128524807e-01 5.482429398161080547e-01 5.584037375902378697e-01 7.043705378955066321e-01 6.971762168593150788e-01 6.615138416545274236e-01 7.011088247054541034e-01 7.585497964745835375e-01 7.182839472574801265e-01 6.841910496782266371e-01 7.700130578452468733e-01 5.438162983296163100e-01 4.957707152468600609e-01 2.667219727112281058e-01 5.108146301076268436e-01 4.514090727849753848e-01 5.616203852584494838e-01 1.320443702913207951e-01 6.227338296985230892e-01 6.363462722763461032e-01
3.750000000000000000e-01 2.702397418254496309e-01 7.065548438865284497e-01 4.620202228584654458e-01 4.997672437854921434e-01 3.510572741663265384e-01 3.562268161080001105e-01 4.756334599551892972e-01 7.528682918910299948e-01 4.518229007325249014e-01 3.435945094735230465e-01 6.549009529248059902e-01 3.009828090180802218e-01 3.465845720375910766e-01 4.707396758293835859e-01 3.616292095797335460e-01 4.117633200400284688e-01 5.852051341932528183e-01 3.351604024207843202e-01 2.863128575785859886e-01 2.821520370359368313e-01
3.906250000000000000e-01 1.581019952805634288e-01 3.251143075694299389e-01 2.048533994096293429e-02 3.958819732839900518e-01 1.621703551601259286e-01 4.286889731719278895e-01 4.145735138412268705e-01 4.240113728862199838e-01 1.351223995174431480e-01 2.270599907855883337e-01 6.160219316509270016e-01 2.773991709100554481e-01 2.149566164149523950e-01 6.631056422513399440e-01 4.473268991754784651e-01 3.063267519080085100e-01 3.813238960122408150e-01 2.288799602043449788e-01 2.873777612101643952e-01 2.739434021385587781e-01
4.062500000000000000e-01 1.439877139314510723e-01 2.422511214651102973e-01 3.070525339274109977e-01 5.695768510367775761e-01 3.631080390197043428e-01 5.039794795312469988e-01 5.434677786337585026e-01 2.715174504367658948e-01 3.244158691645849246e-01 2.074745251414546465e-01 6.038918145355171019e-01 7.400928606913516061e-01 9.786384992905164393e-02 6.181666905651657107e-01 5.361517392978132346e-01 4.206607074309273164e-01 2.716468813553962192e-01 2.287555256932810033e-01 3.339598658030538680e-01 3.793584179014785618e-01
4.218750000000000000e-01 4.598469506482600888e-01 1.709872314234087837e-02 4.180129505819294988e-01 1.826491263004739463e-01 4.318072626494882105e-01 3.465530072943018292e-01 1.097569519610229472e-01 2.071445324199240046e-01 3.678167905468208154e-01 1.971802054382265912e-01 2.438286394298476711e-01 3.240314491092490257e-01 5.420852369535040377e-02 9.621850105835627609e-02 1.414048667713322383e-01 2.897828310098405913e-01 1.396734138986493179e-01 5.425058150077260999e-02 7.088248239316090327e-02 2.400239758608235241e-01
4.375000000000000000e-01 1.930668370797875288e-01 2.441122488312451669e-02 1.125592978281433343e-01 6.729791113601668595e-02 3.374543148057186359e-01 3.266800372939833719e-01 2.006618752944505923e-01 2.053443841982856566e-01 2.090785351003044412e-01 2.780127577212155865e-01 4.887434535211153674e-01 2.725709651913093001e-01 2.704735093319338146e-01 4.060170162611020234e-02 2.292155085555855083e-03 4.738103246296303944e-02 2.080723323769798072e-01 8.228339352522583139e-02 5.647786916424391013e-02 1.982467410010447378e-02
4.531250000000000000e-01 1.288578931343170066e-02 2.300828302185429497e-01 1.659476482784171328e-02 5.497271705990400964e-02 9.199851234149651613e-02 4.771082342574634039e-01 1.568845150729325510e-01 1.840754447890641243e-01 1.206023639931328995e-01 2.778982021281733994e-01 2.295232716683617280e-01 2.737680361425348305e-02 2.349916233015683087e-01 6.738714927743702510e-02 6.401884366454024811e-02 3.613916088617719763e-02 8.714585578388740761e-02 2.205078483487058968e-02 2.733701344037048897e-01 2.530230121950070021e-01
4.687500000000000000e-01 7.194456757637851529e-02 1.384369014124672559e-01 2.473945392972088375e-01 1.223222690483762726e-01 1.854722121064453222e-01 7.780546577074798353e-02 9.455714262219465371e-02 8.855054526309701773e-03 1.360233872645243425e-01 4.337941165792326692e-01 1.428463114150104185e-01 5.046533596888021916e-02 4.600834022336063034e-02 6.335406167513486786e-02 4.761570025036333809e-02 7.975683824372030439e-02 5.862123271436223831e-02 2.483196454431745026e-02 2.556914036559432626e-02 4.464507143044126047e-02
4.843750000000000000e-01 1.712533553506482842e-01 6.878387233349433916e-02 2.860971721504062398e-02 3.453050156448200791e-01 3.526332071071093255e-01 5.370350335206480058e-03 6.314023230624593586e-02 3.654000229709087888e-01 1.444551248148978617e-01 9.336728971883832828e-02 1.172202438596763735e-01 2.561860447631957860e-01 1.683416233256430083e-01 7.549647859618519030e-02 9.932435505961496880e-02 2.437425574317342303e-02 2.164654427844608653e-01 9.599085168068730023e-02 1.118790275046877003e-01 3.416754762578339683e-02
5.000000000000000000e-01 4.055910163262158030e-02 1.925142910591804979e-01 1.629824714220516058e-01 3.285978994815533238e-02 7.280132605860393895e-03 1.351623164094772726e-02 7.358518695603746829e-02 2.540737315089428572e-01 7.295852361087493132e-02 1.313210550337994276e-01 6.464299021292364833e-02 9.380095536686623714e-02 2.243778572412393757e-01 9.439306853533070696e-02 9.164887464115090143e-02 1.640422245223973619e-01 2.595147556698209623e-01 1.411844834530720690e-02 1.474881612368613704e-01 6.895757181845747763e-02
5.156250000000000000e-01 1.038503093190864118e-01 1.554213700955679178e-01 2.173544583110694484e-01 1.758257030563727397e-01 1.094855547943623802e-01 2.103300076601204993e-01 1.265767915526820886e-01 5.646401080268953487e-02 2.043050070671348639e-01 8.354076926900519395e-02 7.939636098561972388e-02 2.437630880137815481e-01 2.868358960318432849e-01 2.770573380472255431e-01 1.047029570916694907e-01 3.483674299282082942e-01 8.185136332465638154e-02 2.590420085031691286e-02 7.358749708929709921e-02 1.846198197414742892e-01
5.312500000000000000e-01 3.066504777324740028e-01 3.448051072958552288e-02 5.330184906012263024e-01 1.195198955610560637e-01 3.036341463912554106e-01 6.342898170166796357e-01 1.963659649197236901e-01 2.642525003600591504e-01 1.680072349862002934e-01 1.309857036042468559e-01 8.632590095676762054e-02 1.643346522495505585e-02 2.309404127954116023e-02 1.581752522364941738e-01 3.084655266909456794e-01 3.971692620170895749e-01 3.120933971702031032e-02 5.944686896584261415e-02 1.739145077152495222e-01 2.065063745955208474e-01
5.468750000000000000e-01 4.416361886441551032e-01 1.021093970920681354e-01 3.149594125158322044e-01 1.231590570258275369e-01 2.955989429004203806e-01 2.567721455738958963e-02 7.868032999569177233e-02 3.296526146519740408e-01 2.229100137261376124e-01 2.220502221376727536e-01 2.788619757873903038e-01 1.708959854264060357e-02 1.881975612170460332e-01 5.086468934938174202e-01 1.034136261953891300e-02 2.264356669738105954e-01 2.122153243075376033e-02 7.566218383603895425e-02 2.306127652866595823e-01 3.979271992448973894e-02
5.625000000000000000e-01 1.390079255834496541e-01 1.245531711589756563e-01 4.958002465196095776e-02 1.894169595706916842e-01 3.794659557618358658e-02 3.746774871348853009e-01 9.935589106392045226e-04 3.755750925518042821e-02 1.465643970603061064e-01 1.887467771848104769e-01 1.989854940125939005e-03 1.152199757219894566e-01 2.811607631154570963e-02 4.374022695278334538e-01 1.008873927000882437e-01 6.417829174175825047e-02 3.419822143435021552e-03 3.836992728172617384e-01 2.111567758516346566e-02 5.218500452294714403e-02
5.781250000000000000e-01 5.685929017589646910e-03 1.287650495723983157e-01 1.178634398749101864e-01 2.464836952761859656e-01 6.091598210119981288e-02 1.148006968784130305e-01 1.043182487171244732e-01 3.147418568023980234e-01 1.492185690216632499e-01 3.679449320183025840e-01 5.001170466219224953e-02 2.585074365163207710e-02 2.446512618098676262e-01 4.093606776696889216e-01 2.302730730383233393e-01 2.168817265875884123e-02 8.815777316885822779e-02 3.675887310350958170e-01 1.549299480126221651e-01 1.373051355203162294e-01
5.937500000000000000e-01 7.209959374490977624e-02 8.300368822837633775e-02 2.134248923022822597e-01 1.889091007971257508e-01 1.143358059270177442e-03 1.309106497352068021e-01 2.011856678036705575e-03 2.929596336260116285e-01 3.118737084415611482e-01 1.245009778737917183e-01 1.406673650986056956e-01 2.983306177267678883e-01 3.229397569571948456e-01 3.699595590087603192e-01 1.905187380811876885e-01 1.618796594427567848e-01 1.150945053126548089e-03 2.384123065850747847e-01 1.700608881744062606e-01 6.697957018628732107e-02
6.093750000000000000e-01 2.240573489087132608e-01 2.721045270647592940e-01 1.468192213720224404e-01 3.354619659265292153e-01 3.598368007697089754e-01 3.307347594092405890e-02 5.514103591760785572e-02 2.879242910298152602e-01 2.633737990610205970e-01 6.182620097804983339e-02 1.863618343222030460e-01 1.026954129352984774e-01 2.442794211899550483e-01 3.988811031075363833e-01 1.684486442045654564e-01 3.319981523396954848e-01 5.920089361610003133e-03 2.431837229478364948e-01 1.128890812766820545e-01 2.058558971639146695e-01
6.250000000000000000e-01 1.843633700618269311e-01 1.267567080746946073e-01 1.793042895208070697e-01 6.406906081088280594e-03 5.985839771220648198e-02 2.178898396376443766e-02 1.360734457496740601e-01 2.471863625750569116e-01 2.076495937423746690e-02 5.815639126901289008e-02 2.586446652305769422e-01 3.238799160541018241e-01 1.202398539455639404e-01 4.199500463521213534e-01 1.091061868347685954e-01 1.995840133061390909e-01 2.538521899553368086e-02 4.225099676689015316e-01 1.788751292468016008e-01 9.649063146273770264e-02
6.406250000000000000e-01 1.800180939612957554e-01 1.237222235345226684e-01 4.075216383588813746e-02 2.203630679738060039e-01 2.472687059299390200e-01 2.501581859789350215e-01 2.228472863375789703e-03 5.720374103182032655e-02 1.987864343142000945e-01 2.659806819699073177e-01 2.621712746120211622e-03 1.838877151508896690e-01 3.027175241759785251e-01 6.265211180826546489e-02 1.144371939058105303e-01 1.280280358902986249e-01 3.452234117568929190e-03 1.108225033270008320e-01 6.775639562659312989e-04 1.176627044041811815e-01
6.562500000000000000e-01 4.163090976967635110e-02 1.582650747582047268e-01 7.373700160636152690e-02 1.314148563745213272e-01 4.723323950367202227e-03 3.537761886306379777e-01 5.481183046810512299e-02 2.127441287131145164e-01 1.247679725511142979e-01 1.290340735864896893e-01 8.407355469837750339e-02 1.808041503291902274e-01 1.757369682441841940e-01 2.267238825051836326e-01 1.528935107489402465e-02 1.112752602360493753e-01 9.404861676446613084e-02 3.675512244815701823e-01 8.743669320166122527e-02 1.553692770747553131e-01
6.718750000000000000e-01 1.118287289826406725e-02 1.517093762519892142e-01 5.089947058616746123e-01 5.195214016996904660e-02 2.138210064001404634e-02 2.163453160794937824e-01 1.080009325189772440e-01 6.188372262970158466e-02 1.453282902834181767e-01 6.384063498386237379e-02 9.138718913561137691e-02 1.452406865748096243e-01 5.750209854655152081e-02 4.480188172393910206e-01 2.538179452602475905e-01 1.625739244726150459e-02 3.770127227785735613e-02 2.797599407896382284e-01 4.377401558078104771e-02 3.707230733506878817e-01
6.875000000000000000e-01 3.808515586254796470e-01 4.295969643386157721e-02 9.996378708174526173e-02 3.112112630969363081e-01 1.387234646661190396e-01 7.733972046411202728e-02 4.392838735911989284e-02 8.125865334913302818e-02 1.516021167681384230e-01 1.274754961358096350e-01 9.624130906033127875e-02 2.678680776084895604e-02 1.773777011364036371e-01 1.800324379736506497e-01 6.321790875363847428e-02 2.610235467859958747e-01 2.626536285933496750e-01 1.808777622269778507e-01 7.659926788273976883e-02 2.174106811315897891e-01
7.031250000000000000e-01 2.197537795059158194e-02 1.976619881467233941e-01 9.349082519698102833e-02 4.156641769931562758e-02 1.983729379892121836e-01 7.107946078949476700e-03 1.972107249017179820e-01 4.367363454534712447e-02 1.342892586342253891e-01 4.154223390112574132e-01 1.542795601258934723e-01 1.287526925324196936e-01 3.925517442130552898e-02 6.947204346589548607e-02 1.095103579761154272e-01 7.586347495253462081e-02 3.386879106462138966e-01 2.370816934464216319e-01 3.620564134692201841e-01 1.708201744127350180e-02
7.187500000000000000e-01 6.458343679378363011e-02 2.126785386801857136e-01 3.688773921278027945e-01 1.249535601011541180e-01 2.520946580057429331e-01 1.026357614127655776e-01 1.046636494105726706e-01 2.472955132433468373e-01 2.530684718107097386e-01 5.689145746026278427e-01 2.531604202847199114e-01 5.710349867039025279e-02 1.362185840471304317e-02 3.783315988958221299e-01 2.602544222105725447e-01 1.770207691978441245e-01 2.792670292747401195e-01 3.567304506762502547e-01 3.242854023090763760e-01 1.480175967370393015e-03
7.343750000000000000e-01 4.763088323542791214e-01 5.140506467592730749e-02 2.681069072822199750e-01 4.069169639719973919e-01 2.519263844573018107e-01 2.387689194052871333e-01 1.315579538432410101e-01 2.237922291330455837e-01 2.175317059794395491e-01 4.803471816878521761e-01 1.391399860531484234e-01 6.890382284666256296e-02 1.424635708228595421e-01 1.249749813573885898e-01 3.105273833024800312e-01 4.174929879799674226e-01 1.460962606933574881e-01 1.833536954493356630e-01 5.108630184221664428e-02 5.829800923191001683e-02
7.500000000000000000e-01 2.257326912800434737e-01 1.736552832135767610e-01 2.471073134962090412e-01 3.671925479255440106e-01 1.895519377220963031e-01 3.213688487702077157e-01 4.658840763420169506e-01 3.576162156554372751e-01 4.338872827073393945e-01 9.464565757678736202e-02 4.962941133059246002e-01 2.781795793148568174e-01 2.017141208632991234e-01 2.311047933743030358e-01 3.510979107454353931e-01 6.490878047457435684e-01 4.836883709555188648e-01 3.278598394036613128e-01 4.086582412716183860e-02 2.966138226822426782e-01
7.656250000000000000e-01 5.360854081336198229e-01 2.884118689425063109e-01 2.717294296584738533e-01 4.767493662598898396e-01 1.118300396358861207e-02 9.214814621543745976e-02 2.689504336699278242e-01 3.037363400932890367e-01 5.122924940611907063e-01 6.324288147808926341e-02 5.154072549878607745e-01 2.519745648788619952e-01 3.768729662882090992e-01 4.776290308751011127e-01 2.480498384159823544e-01 4.720610080612451243e-01 4.644827643455152200e-01 1.909075986418188875e-01 1.970832384447692709e-01 5.415476418866416175e-01
7.812500000000000000e-01 3.990578127321217639e-01 5.471946174796074036e-01 1.930106451978400306e-01 3.836977036796954121e-01 1.339793112336278846e-01 8.228885797581797501e-02 1.385408977619226323e-01 4.791872164798083866e-01 3.962142923394274541e-01 2.203464195181957797e-01 2.791006605706553012e-01 5.666239008251616055e-02 4.251429774027882247e-01 4.463153340798758362e-01 4.796326501519269647e-01 2.178066599362429023e-01 5.894263186072561805e-02 2.062719927533494466e-02 4.181827008674148249e-01 1.213513590728865083e-01
7.968750000000000000e-01 4.789575605498082311e-02 3.106927730374002272e-01 1.487561065415064776e-01 4.049190067653042346e-01 3.985986840287731453e-02 2.746200437581833645e-02 6.732683536495950860e-02 4.521299264214280189e-01 3.411820609077855226e-01 3.024703422253967044e-01 2.642301293407391949e-01 4.181313950449645767e-02 4.112639955370210876e-01 1.896210975530162601e-01 2.514435816859647010e-01 2.862288687644706786e-02 6.845907633693577464e-04 1.113835182276766006e-01 3.417375416505701313e-01 2.798644025677270858e-02
8.125000000000000000e-01 5.819266073730988004e-02 5.972943203522076451e-03 2.673013498799617360e-01 2.224553740063315299e-01 1.971950739658870078e-01 5.697890729380340746e-02 1.836171741378236216e-02 6.741356226722190759e-02 2.100844222219627744e-01 6.382549491290846061e-03 4.697055470645610242e-01 3.873262863419115742e-01 1.456969310700036435e-01 2.128953275160818392e-01 3.798367468532791724e-01 6.702295964728791078e-02 1.064660917409399749e-01 1.266288516947601805e-01 1.337785458952314988e-01 9.174091344952957361e-02
8.281250000000000000e-01 1.634830620768685516e-01 3.009474201695864215e-01 3.597635652393456618e-01 1.113918694604509874e-01 2.411268550921618903e-01 2.300568563038405401e-01 3.571975107703227736e-02 4.640501453522793106e-03 4.610129843453803500e-01 4.174569026501767643e-02 1.506061766493473342e-01 2.997549614266614704e-01 7.065591808594886766e-03 6.493215686098995076e-02 4.923765911923230765e-01 1.482292598989368437e-01 6.334342021033778636e-02 2.166166887231761040e-01 2.831444334949991676e-02 2.002322871820359507e-01
8.437500000000000000e-01 1.010622735755495882e-01 3.716602140857784842e-01 5.784485463118995696e-01 4.977294788808095394e-01 1.410261368664585402e-01 3.203212840032343967e-01 1.573031545056280400e-02 2.180522344680882810e-02 2.366517835568309192e-01 8.601886868824434873e-02 8.993887198339829692e-02 8.486481521299361896e-02 3.301308168947781896e-01 4.336799660034438841e-01 1.973098013457130484e-01 2.825266978594753731e-01 1.785076515037213943e-02 1.387409467630139615e-01 7.415917619587934773e-02 3.606653607440901688e-01
8.593750000000000000e-01 1.386941009447602013e-01 2.049036844252411227e-01 7.558767388289165667e-02 6.360904028871022797e-01 2.983832051056617071e-02 8.415985587535399631e-03 5.941730944173962969e-01 2.937335815187943830e-02 3.218231110259788808e-01 3.547230007366574678e-01 1.309768091724707595e-01 3.341099392542912910e-02 6.158872271680534416e-01 6.607559059622423181e-01 7.857370469300348215e-02 2.174823018073244185e-01 4.538715713936311569e-03 5.092314284944216701e-02 5.542249025353949976e-02 4.012406183509268365e-01
8.750000000000000000e-01 1.099951823959121472e-01 1.222677031488368371e-01 3.783195896395302738e-01 2.715222812585784684e-01 6.902088525987756795e-02 2.279560247271651685e-01 5.411906979433865894e-01 2.503314307950825768e-01 3.969032366877337514e-01 1.321891034620635008e-01 2.509053951228779056e-01 3.499826382682982850e-01 5.414468991698422329e-01 1.240588604953191815e-01 6.656131975977422344e-02 3.429191474302300535e-01 5.885972030306695080e-02 9.725579772723919048e-02 1.346058293340423317e-01 6.377328955945623656e-01
8.906250000000000000e-01 2.276505703987632967e-01 1.340429777841334151e-02 9.632895826507487103e-02 3.893503698825717674e-01 6.019545390896099274e-02 2.147979427896243992e-02 1.396705645958233599e-01 5.523319747116009482e-02 7.062618150063464106e-02 4.708631531442743212e-02 3.909402476130440229e-01 3.015104963931611870e-01 1.131089070908263966e-01 3.643271976450837002e-01 8.801918984672409130e-02 5.235134052820697992e-01 4.053331327634827203e-02 3.908385586790204952e-02 3.618212811818744545e-01 2.646062821579020508e-01
9.062500000000000000e-01 8.554721893735428573e-02 4.315677598704148465e-02 5.148984692269087393e-02 2.159828300734105699e-01 2.154820527467788127e-01 9.203692778041597244e-02 4.649840002399375782e-01 5.091845109434177397e-02 3.717495532953268844e-02 2.477590331381831212e-01 9.328804582552258085e-02 3.846316050787536300e-02 7.520029482438604640e-02 5.633634171776764621e-01 7.934875433325722094e-02 7.853030181301590140e-02 3.252557415174326949e-01 2.510584600765173313e-01 8.107383194650094604e-02 4.079874480479648291e-01
9.218750000000000000e-01 2.622582680851989756e-01 2.918884179965342551e-01 3.510255425531925155e-01 2.119146052587217721e-01 3.315756329144208814e-01 1.021874027745941216e-01 2.126971938588989239e-02 3.496046486399311676e-02 1.441143803540531620e-01 3.202495553787664262e-01 2.605758559199485846e-01 1.018323107582066317e-01 2.834013527921147579e-01 3.636443449904154801e-01 2.821068470933885686e-01 1.235337946966662270e-01 1.045850785394723675e-01 9.607960686705507847e-02 1.130214923729298826e-01 2.713952203644806604e-01
9.375000000000000000e-01 1.879439531645936967e-01 1.452247857099962791e-01 7.609683069714064281e-03 1.355989193735157028e-01 3.889234541674872481e-01 1.752824933619301917e-01 2.607072509658330817e-01 4.567471642632835865e-03 2.918180120437554453e-02 1.769457281306008600e-01 2.254764848282135581e-01 2.856209012403781999e-01 1.894270665030146350e-01 8.369167906622876352e-02 1.413263127344090431e-01 8.916820391953687863e-02 1.191091156991514605e-01 1.071514313851187755e-01 2.246549079869773480e-01 2.760312695174009078e-03
9.531250000000000000e-01 4.418487726354076162e-01 2.283274884089956866e-02 3.003651351084660887e-02 3.639466093866872698e-01 1.880258261566440312e-02 3.481370614274072184e-02 2.050793663846381121e-01 8.312333198866751760e-02 4.649111193068964365e-01 2.644570087675672809e-01 1.019665750626583788e-02 9.622040422484923194e-02 1.143003930933096102e-01 3.259093471669621267e-01 9.390045509964100104e-03 3.834539764840540904e-02 1.738520157648401065e-01 2.620756058284241276e-03 1.574718331984338304e-01 3.945255226951910332e-02
9.687500000000000000e-01 5.742746243921956900e-02 1.883025030884637879e-02 2.085267672742117939e-01 2.434166450525797332e-01 4.401806703497625206e-02 2.030799760851950964e-01 8.672623605926430002e-02 5.408258059200644896e-02 4.594869601290434424e-01 2.259950497933545521e-01 1.908603072273030998e-01 2.878753287270744976e-01 1.202712506595044056e-01 1.195788877936886617e-02 9.990542632415570778e-02 1.466820620899646731e-02 7.784931567644559625e-02 1.643887859769382342e-01 1.128115102180663742e-01 7.556189207469661551e-02
9.843750000000000000e-01 6.888458510948664015e-02 3.331929715546783771e-02 2.287988399045528809e-01 6.689968894253507659e-02 2.146310182033069336e-01 4.472277775180504289e-01 9.254028042623056727e-02 1.996942526028128856e-02 2.446572713928718001e-01 1.455052822997560114e-01 6.340478905729741987e-02 2.624754543200393253e-01 2.587770798903307398e-02 2.498832198011910824e-02 1.488460660509236255e-01 1.221910444381174750e-02 7.352206804944039220e-02 2.926612582483804625e-01 1.580551235538343591e-01 1.366243493671934033e-02
1.000000000000000000e+00 2.282163383870959295e-01 9.036492394988743671e-04 5.973385959925887369e-03 3.845420402869036969e-01 1.729737966257761245e-02 2.509422429770507557e-01 6.880552915906430408e-04 8.635255476366583693e-02 5.526824755261213612e-02 2.565315956806947170e-02 1.500278828254045516e-01 2.156092794966097403e-01 2.946614480678417386e-02 4.832446334558938017e-01 8.358280297341175169e-02 5.820084221468238561e-02 3.338520923084276615e-01 4.770000108975368525e-01 1.444403523978489423e-01 1.650975051639043678e-01
1.015625000000000000e+00 8.285557681675237429e-02 8.960796069604358427e-02 1.051341136578805117e-02 8.968998544789071048e-02 1.328478096457070406e-02 4.061815360016367976e-02 1.543340564543964864e-02 3.350453396493940916e-01 2.309583262019821934e-02 9.359280055354070316e-02 2.308272718454397188e-01 1.478670539086502644e-01 5.609126480071855575e-02 4.240037343280513293e-01 1.763551596688258671e-01 3.477156191250533324e-01 1.146010748932452944e-01 5.368338053040450780e-02 1.228575218419476200e-01 1.923945597908130745e-01
1.031250000000000000e+00 1.760673050285205829e-03 2.898970985487040464e-01 3.690472260559826689e-02 4.836922774478798204e-02 2.195973388839985996e-01 4.278942412071605472e-02 1.730952899659545796e-01 7.485065108978135318e-02 2.996863652717903226e-01 6.531404927244874314e-02 9.677937081020393517e-02 3.836428469131078489e-01 1.461192962448356475e-02 1.809400251902932785e-02 2.648906136346128037e-01 3.207188794795742259e-01 3.196847548203505252e-01 3.319235150213750100e-03 1.307081894283485535e-01 3.436233754186368006e-01
1.046875000000000000e+00 1.880853156017223138e-02 9.441929832291137692e-02 7.217761907052079595e-02 6.663356359736191670e-02 4.174158908160954251e-01 4.348847324898618555e-02 1.386850649544732750e-01 8.005409157637685680e-03 8.915591432446273723e-02 6.428351459725160921e-02 4.322101097215615140e-02 8.235641282267452956e-02 1.045600091588111819e-01 2.369549917462456662e-02 3.561220603775229199e-01 3.654945464815791967e-01 1.219021242934121008e-01 1.915155600273560355e-01 2.482787526216504934e-02 1.341335472084373703e-01
1.062500000000000000e+00 1.321777599897082933e-01 1.417933109199012165e-01 1.661761874984165333e-01 8.756204072374405845e-02 1.265986273903618176e-01 2.866044671606957639e-01 1.378219225472964923e-02 3.271001443994230873e-01 2.978371173700790076e-01 6.008431378881134988e-02 3.227435124628542096e-01 8.389790368223866424e-02 7.440626864475774482e-02 1.796502241385115883e-02 2.379978099870197761e-01 2.677750135028591494e-01 2.082229055117023036e-03 3.440987367344837400e-02 6.678591928494632957e-02 1.316720007363860745e-01
1.078125000000000000e+00 3.643652751404396345e-02 6.905784879138522347e-01 1.394489616639996432e-01 1.723653874050639356e-01 2.102385417331966433e-01 4.493102122107955898e-02 1.775385554866936444e-01 5.062070381732819424e-01 2.717039172712951700e-01 5.977215093514512967e-01 6.109641662013887142e-02 3.464940905639771196e-02 4.108690927978314589e-01 2.852240471481010467e-02 3.359631349531739808e-01 2.969416724005824459e-01 1.508364734969466214e-01 1.140266655393478018e-01 2.504410324666586085e-01 4.070857147910707241e-02
1.093750000000000000e+00 1.420749828296014594e-01 5.112892342811482527e-01 5.513523477860442501e-01 3.375612831932035124e-02 2.851934609722909242e-01 2.870488510280199551e-02 3.317573751748023603e-02 8.697633383395755868e-02 1.610762138581811054e-01 3.892826756591177273e-01 2.623648062977039785e-01 7.338458563888425323e-02 1.389940673168152119e-01 1.385552067899890605e-01 1.487091585602877131e-01 5.790109713383405632e-01 2.729542585734854865e-01 1.327432929211012080e-01 1.001801027830924867e-01 1.408510056446172498e-01
1.109375000000000000e+00 3.469928784662608678e-01 1.022570436469310978e-01 3.198861326459778165e-01 2.670857525156066226e-01 3.213478669262724297e-01 5.669048519582237100e-01 7.542372949193315579e-02 6.675523257770486774e-02 6.792127461109746973e-03 2.525570292884350421e-01 2.313029789880209630e-01 1.293313778900113675e-01 1.061412095534315925e-01 3.555169910866128741e-02 2.248857475360979408e-01 5.520098308765368778e-01 2.466673354072771163e-01 1.861197474503611254e-02 5.218812286065310779e-02 4.989219420934550286e-01
1.125000000000000000e+00 8.359475567902954762e-02 1.434919950709767633e-02 1.483168825059288654e-01 2.866516778926180842e-01 5.931424779503191580e-02 3.883070883286764835e-02 1.674512097022994583e-01 1.149718427910533108e-01 1.474791567733464426e-01 1.816929469746873804e-01 2.939596584871719265e-01 5.503321099800684985e-02 1.180550070967058968e-01 4.438859313117973077e-02 6.508492536686460994e-02 3.412668229747911064e-01 2.921397418986912409e-01 6.016201014456700608e-02 8.305613696369987600e-03 4.468672758227268393e-01
1.140625000000000000e+00 2.555840345070575781e-02 6.757199596268159691e-02 2.230856330854312231e-01 3.794433398232232024e-01 5.267435067921551889e-02 1.136460797941598044e-01 8.988744543066587434e-02 4.116557861685776198e-01 3.562551449215533572e-01 1.976515465981614483e-01 4.007442206522378036e-01 1.428827003647409610e-01 1.998986340251368565e-02 3.939366100729661292e-03 1.519946840090848766e-02 2.771070149881095235e-01 9.829062450188649769e-02 6.583013182070253377e-02 2.066256374276009278e-01 3.629218536194680489e-01
1.156250000000000000e+00 8.391719839995227803e-02 3.615294731299517617e-02 2.027970172501357693e-01 1.561767573013234378e-01 4.126366308029157381e-01 1.887724145361879269e-01 1.483973298671027174e-01 5.819852121198815231e-01 1.891854251637968831e-01 2.787252151953635848e-01 3.711172534424990177e-01 3.938725040204364425e-01 9.104200780133298032e-02 1.871157327965933953e-02 1.516026255183474669e-01 2.280162561681301492e-01 1.664822234963069525e-01 5.561048694701006649e-03 2.622740186588612410e-01 1.915270401900712183e-01
1.171875000000000000e+00 8.200000711946561771e-02 5.635981718240448690e-02 3.657279734721060466e-02 3.987328497068015065e-01 1.697550494143822419e-01 1.069565247114382389e-01 4.509173203340509084e-01 2.030738474117874115e-01 1.251145476713897975e-01 5.255080247856720038e-02 3.010027194900768283e-02 2.765090761161353994e-01 2.266778775895019193e-01 1.574538510382526013e-01 3.841201211230258483e-01 3.616965492248662151e-01 1.596217922456842908e-01 1.368026131920599062e-03 1.868626138980631901e-01 3.163212374889141643e-01
1.187500000000000000e+00 8.342876961825636262e-02 2.060664612884277602e-01 2.986052163726889488e-02 4.312564214456794665e-02 2.231934951931409394e-02 2.029942436326714617e-01 4.044136841112881964e-01 6.920936577513647769e-02 3.535779672628525661e-01 3.616643974035055886e-01 8.624429118547187467e-02 1.493375429228318563e-01 9.478873171701046596e-02 3.551515674543351819e-01 1.631502237878914852e-01 1.371477824475030305e-01 1.658174003625164858e-02 1.380229525573767047e-01 6.628279434129923098e-02 7.411542537523400087e-01
1.203125000000000000e+00 3.246387238679424581e-01 6.620088677208973982e-02 1.761576994151303477e-01 2.269086983946850822e-01 1.657027273929534972e-01 5.993666728115167042e-02 1.419505829405125763e-01 1.510648130609073755e-02 2.390752731574309065e-01 2.492032716967806649e-01 9.976587037375247990e-02 1.561218389290369157e-01 5.762806917541667129e-02 1.395625855926506051e-02 4.446576086455673177e-02 3.758599775172754426e-02 9.263586551826474835e-02 9.882287909767657058e-03 7.925818702096198293e-03 4.269796715014565480e-01
1.218750000000000000e+00 2.064607406881581730e-01 4.272376262503151112e-02 1.515903580945114626e-01 5.775153246370837157e-02 3.947578213782508560e-02 8.133812172514953698e-02 1.815422704153339950e-01 1.139764825912432944e-01 3.681112710441918345e-01 3.663072328855200288e-01 2.536078918498297918e-01 1.313323351833673991e-01 2.341537273887325799e-01 1.220618935722713461e-01 1.851269168309523649e-01 2.302766133340815591e-01 8.558699168881137020e-02 3.528655145759991285e-01 2.329804613710633257e-02 1.706366830394637490e-01
1.234375000000000000e+00 8.404554506967036598e-02 2.375120494213245337e-01 2.822976152696911670e-02 5.937453778309456642e-02 1.931240620846045863e-01 1.056417948013721186e-01 2.831489250959157711e-01 2.306953090318487887e-01 1.977726552653886749e-01 2.685285550004520849e-01 8.032276085745260197e-02 5.587317797355612070e-02 4.377542003683130298e-04 5.073631443740531655e-01 1.217911219003033757e-02 8.636752675006688362e-02 3.425110712113017819e-02 2.047490765747524422e-01 8.081517878153527193e-03 3.285610192985349842e-01
1.250000000000000000e+00 1.201790055449677430e-01 2.061030819819086035e-01 2.378084701152001768e-01 1.445295850753200717e-01 5.171321739383643451e-02 1.200615427123606499e-01 1.438954526851926319e-01 1.828370869481206751e-01 4.570897582673558862e-02 9.132861189503663213e-02 1.302984432842942963e-01 6.437662160590941485e-02 6.161082703487653911e-02 3.629136976688243088e-01 1.642263132991871599e-01 2.110146727204559869e-01 1.713127305467921080e-01 1.215109156142177987e-01 1.443783937427211006e-01 1.084630328368689361e-01
1.265625000000000000e+00 1.007839153655145092e-01 7.269256977646906120e-03 1.276645962486850361e-01 1.946269823622646944e-02 6.458738575464658023e-03 2.329642896222116066e-01 9.895494286891304281e-02 2.120449668976315261e-01 2.004846000512501211e-02 2.008783117851790090e-01 3.163706329035674281e-01 1.651952398303118130e-01 8.066252217528838142e-02 2.570894141629448404e-01 2.003573958789839349e-01 2.049795827943095561e-01 5.643548981726897312e-02 3.400635223875629609e-02 3.727230192470849107e-02 1.983006636080404950e-01
1.281250000000000000e+00 5.206305563505363859e-02 1.881883089177643215e-02 3.393470029207919236e-02 9.895705468020220275e-02 2.099930843833239802e-01 4.013153316612192434e-01 5.138229162405756334e-01 2.820548892793117157e-01 1.644517372677576084e-01 3.760354207470053556e-01 2.439429335695709467e-01 6.522521483652428120e-01 1.956255919988423783e-02 4.227216255775474718e-02 5.625746117312242084e-02 3.143720949950028903e-02 7.665050007267405763e-02 1.786966709127643105e-01 2.874173869785952573e-01 4.433979993543241682e-01
1.296875000000000000e+00 1.676925946533253942e-01 6.969544758378763694e-02 1.664133594105410563e-01 1.738766924159898227e-03 6.959932883844670293e-02 1.208102288950684833e-01 1.060199374586801302e-01 8.937245248848414703e-02 2.107521540172886398e-01 1.350613853664134334e-01 1.305397416987019443e-01 3.713474101828933560e-01 1.690034663643646407e-01 6.110686693454186330e-02 7.883765127883511983e-03 2.014235966080341056e-01 1.242611023512792817e-02 2.762504696722984168e-02 1.366906439690596109e-01 2.784141252202323308e-02
1.312500000000000000e+00 3.422454229277306359e-01 3.318246500323050463e-01 1.650533602594296267e-01 3.429924081139082426e-01 8.717238504234438301e-02 1.106940785195699856e-01 2.095788664662164569e-01 5.007684675110207762e-02 3.652869903073697189e-01 1.261767851415622199e-01 1.838053829656701166e-01 8.760795660238648516e-03 5.594196938206771885e-02 1.269124558500865363e-01 4.356651594929646099e-02 2.936741349768978715e-01 1.120349790892514671e-02 2.912090790262498174e-01 6.963878935489636879e-02 1.342825056495921821e-01
1.328125000000000000e+00 6.739815552536085330e-02 9.800632466452635638e-02 2.784246189826811713e-01 1.423270518549571428e-01 1.318620420921016168e-01 6.795416818014689275e-02 1.098541431050950173e-01 2.645393485128282318e-01 6.025896475586106638e-01 1.288324591370066385e-01 2.912128880597271707e-01 1.453854566081205224e-01 2.195930714222414301e-02 9.255411403939629855e-02 9.445639354230615792e-02 7.634230482035955778e-02 5.169216217428267146e-02 3.452776763414291961e-01 2.105094690548090508e-01 1.575733177927486073e-01
1.343750000000000000e+00 1.197051417040184869e-02 2.705858133215439110e-01 9.669174939043592709e-02 2.956055870640801261e-02 1.070292843328018023e-01 3.660395878182716722e-01 1.961463075638316678e-01 2.184206056521112438e-01 7.782824505668983761e-02 1.870487536278187812e-01 2.829706452456345889e-01 1.041572105040617230e-01 1.396019455894698669e-01 2.494249551706922627e-02 3.612443806888223086e-01 2.151885167568489202e-02 2.910348561347369037e-02 5.005474195313730501e-02 9.045065037302105204e-02 4.457718849282688578e-01
1.359375000000000000e+00 4.591308714514252994e-03 3.393714910449540101e-01 1.187472387230856796e-01 2.654213305530847555e-02 8.585154200665384705e-03 9.603917140513749950e-02 4.668920115143525285e-02 2.568066220942401001e-01 4.950702278014904034e-02 4.321480454591327541e-02 1.277767234177106248e-01 1.825072478713861968e-01 2.024938653839048475e-01 1.199468763201278487e-01 6.422898447382624672e-03 5.472515910256976757e-02 1.106666828379252454e-01 4.333799154902235468e-02 9.071318218417318002e-02 6.030707489501591079e-02
1.375000000000000000e+00 2.549308319108464782e-01 1.082031051105576402e-01 2.307195611546295211e-01 6.381083924994063183e-02 7.986636076353571118e-03 2.112021123637990716e-01 1.323741646955437501e-01 6.146950141354187713e-02 5.557682982796963156e-02 1.078822513098030567e-01 9.683720659051944790e-02 2.379178008241707443e-01 2.491468889304288559e-01 7.496065666335126332e-02 3.889971789687818315e-01 2.571317056168945236e-02 3.286896225267918470e-02 1.141319960973398995e-01 2.603711700742546500e-02 1.729725446355720453e-01
1.390625000000000000e+00 2.120917280701671292e-01 4.782913686895340910e-01 1.254114292431924294e-01 1.539945357078904287e-01 7.544098023629662586e-02 2.346018922097725112e-01 1.613494196633065772e-02 7.452561451858763508e-02 7.011035632655999716e-01 1.285518465263404408e-01 1.903930078638862641e-02 4.918938774570452005e-02 2.134814187472045821e-01 8.292641068247742775e-02 6.345922484905955341e-02 5.173643633075172138e-02 3.103854918292224194e-02 3.233552286447660684e-01 2.903282255269369339e-01 1.005781480267603362e-01
1.406250000000000000e+00 3.796453318306317742e-02 4.144833866227325414e-01 1.160260795032651004e-01 1.728800429132540395e-01 7.487027911305105254e-02 1.548458334925477409e-01 1.166886011765571884e-01 1.031003959613291110e-01 9.464931734153921028e-02 8.129809316213229553e-02 1.986843010462027020e-02 2.595451954688118290e-01 1.234634298372471600e-01 3.490359830870635727e-01 2.014975449415607259e-02 5.178810857769692438e-02 1.655242255500782023e-01 1.946378521173745546e-01 1.713945474553700554e-01 1.492581918973352184e-01
1.421875000000000000e+00 2.250444481255391982e-01 1.533796843310580305e-01 2.382043367976537443e-02 4.836979418931286467e-02 3.703969584370524898e-02 3.032751661873265073e-02 2.007680032165143347e-01 3.454259120371968583e-01 6.942842049927358539e-03 3.663528219936160735e-01 8.802382756286508680e-02 2.052706676532569940e-01 6.047145727034981127e-02 1.227053440750844049e-01 5.860418225003352632e-02 9.560222315880655131e-02 8.799391847199855565e-03 1.113687967118923428e-01 1.169346409605732801e-01 1.056098455719186591e-01
1.437500000000000000e+00 6.063021481614240538e-02 4.176659020905731240e-02 8.729651196569607197e-02 8.978700676896318733e-02 1.154152096172152420e-01 1.092117222377226027e-01 7.864649484684260727e-01 3.798639493397687472e-02 1.705214589274776926e-02 1.228976573968959818e-01 7.314607876228537524e-03 4.301516447866452625e-02 1.191568163944842912e-01 5.187585769672607011e-02 3.591679649855839540e-01 7.710604374841530106e-02 7.531425187972809465e-02 3.492065251184492403e-02 9.953037110033735591e-02 4.983875261454007860e-02
1.453125000000000000e+00 6.958501890832612113e-02 2.507461741994115312e-01 2.727220897646004394e-01 3.459246815500521266e-01 4.458432689712635982e-02 3.604158533754995425e-02 3.149730759305584549e-01 1.664474174037902932e-01 8.964399497707020714e-02 1.515614900797717379e-01 4.222388534099787150e-02 6.814198684237475490e-02 6.754986856289026120e-02 4.222622449558381674e-02 1.458209264897605550e-01 8.729490698955925942e-02 1.552949380742030434e-02 2.334565141369374930e-01 2.450440184198061366e-01 3.820657818723022237e-01
1.468750000000000000e+00 1.735471054300342653e-01 1.541790232549915818e-01 3.614593761088503721e-01 1.019639527383353200e-01 2.376148960256469211e-01 1.969311309564775528e-02 6.877720258581164758e-01 2.138449642596792349e-02 1.362510597748410046e-01 2.641228695770093671e-01 1.150488039497962883e-01 1.245260171070474431e-01 1.126176604623292804e-01 3.234111183764586395e-01 5.760865990299478961e-02 3.210306479667516255e-01 1.291618385305570542e-02 1.257866542618226759e-02 8.719996040571267870e-02 1.028547770968072095e-01
1.484375000000000000e+00 1.880906191521675985e-01 1.960348004620868501e-01 1.274206649528150659e-01 3.633255790884892811e-02 1.995692830376314952e-01 2.394670226406273028e-02 4.792540885387240879e-01 1.433081805313569379e-01 3.453123958485994627e-01 1.544559481965632475e-01 1.046327123022439270e-01 8.024595863552536068e-02 7.948602405851119823e-02 2.626754076676009533e-02 3.680992183607869617e-01 7.098384597146807640e-02 3.145785487398840979e-02 1.073294925392016949e-03 8.999873287488480145e-02 7.534084474728251421e-03
1.500000000000000000e+00 3.220931508407876703e-02 1.199657906656912375e-02 1.501225483520487493e-02 7.303333995164663743e-03 8.949408411906117911e-02 1.831046820859660029e-01 9.451086941040463818e-02 1.178160887851160410e-01 1.841425560652640570e-01 3.526161745828715888e-01 1.366290422842062272e-02 9.114814976006840874e-02 8.175530863308839644e-03 3.792431422216889503e-02 9.801161388458292517e-03 1.456520575090013980e-01 2.553354370022719103e-02 3.336395958351091179e-02 6.849049194975774524e-02 7.952324031259656867e-02
1.515625000000000000e+00 1.706001469765769663e-01 1.041879529788172498e-01 7.650088299146083626e-02 2.778328858802450174e-01 1.915879725892163654e-01 5.218738118104873092e-01 2.795057096334596092e-01 3.617404034053152140e-01 8.460716042864245556e-02 1.194837356956447300e-01 8.133085855061128466e-02 2.225234975548163463e-01 2.476806009042457624e-01 4.422731626793463544e-02 1.011195436074084492e-01 1.503969251439087607e-01 1.200200965124520111e-02 4.607516755824938443e-02 2.552704979359720072e-01 2.236495933588615592e-01
1.531250000000000000e+00 5.101815007039196548e-01 2.196430375882335029e-01 7.659311146874560328e-02 4.740159168714025983e-01 3.115795313641065573e-02 2.886981749488295446e-01 3.838355120989611069e-01 6.620802765199856887e-02 3.253881369540208568e-01 4.711609970344567966e-01 9.494666430362429244e-02 4.940698960423016428e-02 4.389149871617926968e-02 2.448075005127207590e-02 1.097336468247648994e-01 2.662373037402875758e-02 1.249891525662319008e-01 2.146435901383261097e-02 2.577138556297585148e-01 2.823760203776607414e-01
1.546875000000000000e+00 7.955743999505876518e-02 1.677383787605593035e-01 2.413714489123515716e-01 8.776135814492508347e-02 9.271657970091344569e-02 1.604625911611165870e-02 2.166434452319167259e-01 2.839059248728799112e-01 3.464729915205361221e-01 3.890467905535315296e-01 2.068711104942322354e-01 2.120167829530768266e-01 3.173190752704335704e-01 4.330499404688629983e-02 4.561432973407785751e-01 2.482296993258761020e-01 2.496678928506773920e-01 2.493179595000855342e-01 2.490614552262470360e-01 4.712898287184102419e-01
1.562500000000000000e+00 1.160901922031206124e-01 3.820962216353086111e-02 4.040458095325546450e-01 3.235241507486622675e-02 4.482866736410033304e-01 1.440213348036981922e-01 1.255276138912781170e-01 3.355788805644645545e-01 1.136258365011595106e-01 2.292830149189641342e-01 1.313085227548642098e-01 6.771260824587354047e-05 3.026627871730933061e-01 4.762386563988257535e-03 5.576115140196328257e-01 4.470443620522766837e-02 3.238897068421480174e-01 2.163246435300152648e-01 9.001667882040736979e-02 3.214902070488090957e-01
1.578125000000000000e+00 4.352703709743110938e-01 3.544888717353347762e-02 2.356676147166808788e-01 1.359934168288796652e-01 4.715799042570858468e-01 7.235404825453917166e-02 3.074457650846405127e-02 1.140528995678780216e-01 8.924482019646218234e-02 1.451177029491191872e-01 2.083076023899754214e-01 3.561624806956082551e-02 9.170507108689887610e-02 2.692839249063017637e-01 2.149834340496225293e-01 7.504989774794634805e-02 1.086115860175627598e-02 5.506379975479561151e-02 1.084034356113143527e-01 2.636559043144944825e-01
1.593750000000000000e+00 2.540059335804488727e-01 1.545417332870226146e-01 4.538898906852667503e-02 4.420614479923850038e-01 3.484510679002677525e-01 1.244787682338164558e-01 4.928121217526548054e-02 3.693398854124944619e-01 3.771586372476378596e-02 3.398496904197260277e-02 6.743359234083116938e-02 1.011100701575933514e-01 2.629487494668570902e-01 3.257131874967689189e-01 3.910480189292497855e-01 1.804947756827018079e-01 3.097550497183888113e-02 8.742963427180529268e-02 2.928593193620849036e-02 8.748562341785935670e-02
1.609375000000000000e+00 2.629744613513509965e-01 1.917171957775795910e-01 3.967658629993595781e-02 4.172352024246042679e-01 2.594576408691410055e-02 1.065946228338014723e-02 1.448357551502091854e-02 3.768503221921594704e-01 1.015168888284829624e-01 5.703984570077110655e-02 2.582809250162029779e-01 1.963476163206370473e-01 1.559050084548847248e-01 1.978437735563530475e-01 8.964924997523195105e-02 1.669017648242353824e-01 9.961734594426070732e-02 1.859850503993196180e-01 3.665102100512269145e-01 2.530628221299177638e-01
1.625000000000000000e+00 2.224970416798535966e-01 3.599319989278816356e-01 3.235581090645416324e-01 2.818118484071072127e-01 1.195731766434527110e-01 1.577548309860393738e-01 2.895788987076404752e-01 8.517088383938585527e-02 1.089580048138610036e-01 9.354658332901087670e-02 1.638700474222305747e-01 4.279151595415809500e-02 2.745176345255527783e-01 1.140814727873700613e-01 2.555950234837297066e-02 2.168932745451132849e-01 1.491373565781591304e-01 2.759390441177313469e-01 2.963566547577714538e-01 3.447320407409288356e-01
1.640625000000000000e+00 1.074353451149099303e-01 6.167981646893385544e-02 4.728797736101092442e-01 1.159598237765411544e-01 5.348198160100889886e-01 2.430190251531982315e-01 3.603427472571734680e-01 7.449495557462468276e-02 1.675882839102727229e-01 1.803434907198711024e-01 2.866337532696512300e-02 1.516929754729395841e-01 4.805799813816068189e-02 6.817671372598209378e-02 1.014058103287413248e-01 7.146741616708578160e-02 3.945948918810027184e-01 2.469177971471442079e-01 2.596514273963931516e-02 1.626323771002667895e-01
1.656250000000000000e+00 5.561463232405461365e-02 5.096271835138752732e-02 2.152601719128660607e-01 1.072487468815957051e-01 2.121711816649926585e-01 2.181561688156876538e-02 2.418663841258159308e-01 2.796231867952870820e-01 1.569206234638775063e-03 3.792890055231423752e-01 3.615204341695076214e-03 2.907791211578150126e-01 1.075536172564760390e-01 2.770032767409044694e-02 2.237779414694696378e-01 3.435650531583914757e-01 2.130804096707575868e-01 4.652111231802259494e-01 2.465617649566515801e-01 3.975707481428502471e-02
1.671875000000000000e+00 3.318361620228115205e-01 5.787265440683789924e-02 2.157911352392206106e-01 1.146948586515299240e-02 1.303343202554847480e-01 1.693102343418481093e-01 2.478578194819170688e-01 2.233335674138336169e-01 2.013451451156913485e-01 3.351857194461864142e-01 1.006348825533210228e-01 2.844012780111795924e-01 3.431520752875528383e-03 1.269442873752039125e-01 1.069643970992906201e-01 2.422051696188108616e-01 1.308127736774142014e-01 4.075990724676076815e-01 1.263591034080002173e-01 2.129278532636037780e-01
1.687500000000000000e+00 2.279569749168888493e-01 1.209169060060681922e-01 1.515247621839737324e-01 3.213460105468039507e-01 4.534775671888854887e-02 1.389584333710636721e-01 1.761093206928906751e-01 6.185255390544576459e-03 3.328997547633048004e-01 2.418823092286228049e-01 2.457469878471447988e-01 1.791613600108641069e-01 5.340092430601618874e-03 7.124829259933125603e-02 1.352609721753079419e-01 2.007131151797101332e-01 1.144250319073860933e-01 3.980628398937854362e-01 3.995070713076320779e-01 3.567791241475258834e-01
1.703125000000000000e+00 8.676441156353666140e-02 5.814431495886563939e-01 2.796454292275713516e-01 7.732626700018427161e-03 1.699901126903937965e-01 3.123449963356508818e-01 5.271556856122509849e-02 6.159435731964220569e-03 2.111450278750832965e-01 1.889263564509102988e-01 1.001072721257666026e-01 4.181055176842521925e-01 5.584117019531834036e-02 2.862427616412310249e-01 4.561418323583001921e-01 1.441037624192479105e-01 1.418072971958957706e-01 3.130173532202999986e-01 3.167652245487223572e-01 2.505973969634507914e-01
1.718750000000000000e+00 1.656530041390937846e-01 4.300104014803673991e-01 1.210204667918184512e-01 1.204524002375775144e-01 2.263365505626734053e-02 3.671994113296439544e-03 4.553760150643746535e-02 1.067731748027533206e-01 2.304701972180397962e-01 3.037951301346753508e-01 5.001349695519674565e-02 1.192073176239130117e-01 6.878090492613986306e-02 5.977156208743200638e-01 2.071684932267016735e-02 1.367046959896185167e-02 1.415512921930913159e-01 7.182208811338919308e-02 4.827615894829123122e-01 5.051543807694816590e-02
1.734375000000000000e+00 4.876171183739294937e-03 7.320605889190376359e-02 2.169858404773601090e-01 1.043535577493652639e-01 1.852245480141733458e-01 2.860414978232284078e-02 2.006621546569636177e-02 3.354021485622166732e-01 1.904817575372438551e-02 1.645384632830866334e-01 9.254447132034895884e-02 1.697363651818490915e-01 4.291427530042318111e-02 5.826132409501542098e-01 2.424785818819287786e-01 1.652600627681869438e-01 2.690444024875060514e-02 1.000090275388986621e-01 4.599174105799633816e-01 9.539506690361698737e-02
1.750000000000000000e+00 1.501637302560533682e-01 1.845276405796082153e-01 1.617909697717326289e-01 1.250874739173258622e-02 3.564893809855725348e-01 4.872196979671415962e-01 2.522603689689286721e-01 4.917273092448601335e-01 6.919061534806018876e-02 6.360555664117466691e-04 2.722578048274982843e-01 2.580706194271418230e-01 7.886217593633586265e-02 4.305607339288071711e-01 1.636283396941536072e-01 1.584138501978376093e-02 3.580664180185730988e-02 1.566941836275047018e-01 1.463807950451808879e-02 7.468515106362735301e-01
1.765625000000000000e+00 8.479156372199700420e-02 4.103105701053187948e-01 2.677314640667143378e-02 2.898796871924730900e-01 1.028041234905840429e-01 2.764888123349321103e-01 1.197888311053671856e-01 2.886762594489722389e-01 1.009917050175260754e-02 7.773450086638479528e-02 2.783394967188340674e-01 8.312362961476827197e-03 2.146843282922992202e-01 2.376964504009714263e-01 2.977120186841568650e-01 3.384929300981701777e-02 6.081586293660200260e-02 1.402838123035312634e-01 4.710560554029905728e-02 3.391244758888566913e-01
1.781250000000000000e+00 9.034831807025846262e-02 1.235239484545474359e-01 1.197746308200872550e-01 4.430409492187799003e-01 2.918248497367521010e-01 9.338604470903710819e-02 1.371892729225643037e-01 3.691903084022419845e-01 1.289116304108854291e-03 1.857549610779122423e-02 4.373822664217263401e-01 1.112333679976109380e-01 2.262366837642194317e-01 8.494005687782930913e-02 7.871325289079889043e-02 2.001569060228250152e-01 1.181933505490290331e-01 4.839093925821385395e-02 1.492696055310068458e-02 9.006705882857958534e-02
1.796875000000000000e+00 3.430170260856620912e-01 1.741562321233790511e-01 3.244071558023896573e-01 4.667380206560337585e-01 9.208743585902130768e-02 1.509681848553361128e-01 1.337587075115728996e-01 3.269494355845084521e-01 2.211562933397984154e-01 3.369906642798983082e-02 9.841590905110317311e-02 4.648585402207053852e-01 4.202805903257138959e-02 5.634174555841946902e-02 2.584565267325062976e-01 7.994455577794040702e-02 7.472758245080453332e-02 1.592584112303299659e-01 2.010530643333177381e-01 4.317540035922319275e-01
1.812500000000000000e+00 1.000385628489832146e-01 2.218366120109115380e-01 8.892782933158337177e-02 2.468992369092873600e-03 1.283092729925924269e-01 4.037857170561613002e-02 9.578398796924426917e-02 6.047592784412045286e-02 4.186603319156569775e-02 9.250853599982042375e-02 1.351956254219143228e-01 5.751499169361967007e-02 3.838789194128472415e-02 1.302741941540349058e-01 2.563146667289379343e-01 1.887522605300047118e-01 8.285342839482146005e-02 2.176228404136827110e-01 3.901288518982270331e-02 3.757615287108980601e-02
1.828125000000000000e+00 1.061095443243043890e-01 1.191019347225708985e-01 2.608664950325206844e-01 1.508886681060764012e-01 3.923221071635128038e-02 4.435486543962537803e-02 2.305817842962480935e-01 2.800466002301336688e-01 3.071569454352944817e-01 5.404253148563585851e-01 3.272622330309409855e-01 3.700862524773969042e-01 3.487121923087145303e-01 1.582061521426712247e-01 8.199368573389548276e-02 1.997714270475017539e-01 1.219704242315351950e-04 2.408662558674331822e-01 5.221414119714223173e-02 4.546448233801721195e-02
1.843750000000000000e+00 6.780637192668229063e-02 4.309755428541909433e-02 1.559231081664930185e-01 3.685668543044536005e-02 5.865398678085711331e-02 9.420779903956308377e-02 3.211900726177746024e-01 2.241551221981969919e-02 1.761288796507040622e-01 5.138685333459134252e-01 5.894625732610386804e-02 8.555713693508140705e-02 7.042976262237109035e-03 4.414437973850724589e-02 4.236958381468843016e-02 7.131082403436348957e-03 6.313166154303430366e-02 3.939386654976698111e-04 1.325542671059319610e-01 9.001170868129998448e-02
1.859375000000000000e+00 2.702274385558700587e-01 1.293327533677284848e-02 1.398840937823623565e-01 6.275286224048969019e-02 3.236261026766780180e-01 1.548620307623262138e-01 3.464236224530631986e-02 3.873798994236397064e-01 4.727757121481995783e-01 3.067496314884040620e-01 3.538995604650695403e-01 5.661732351007464636e-02 4.872518534800211049e-02 6.093640133430240635e-02 1.639327349902302833e-01 4.438931965360442544e-01 2.429286018517671508e-01 3.927736092680378377e-02 1.155239926194002731e-01 3.604059707533539825e-02
1.875000000000000000e+00 4.046540343662489991e-02 3.273560693477185063e-02 1.460370487663496808e-01 4.105282172954026199e-01 5.522482448275435607e-02 2.864873826497038936e-02 5.553981935715780055e-02 2.190610887692236077e-03 3.358321970905329690e-01 1.778475462062877044e-01 2.246577360662735667e-01 1.496861509830618546e-02 6.778202564195069234e-04 3.118853705511472341e-01 4.368264703255013426e-02 3.944638541722723657e-01 1.387675752183954447e-01 2.345295728601844987e-01 1.243101147899327019e-01 7.072394382488234044e-02
1.890625000000000000e+00 5.367582456969306748e-02 6.238206711000345711e-02 1.699689609005203550e-01 1.802764721246961355e-01 4.221312485717548801e-02 1.601838704962050275e-01 2.451094374738808368e-01 5.210280319083770290e-02 7.885501795231618372e-02 1.632812559320022394e-01 9.124206232099431324e-02 6.086204488353475633e-02 1.502099752125290880e-03 3.516226862176136669e-01 1.715703075090903584e-01 1.740682734741695603e-01 7.522846886806285049e-02 2.406159507078050319e-01 2.845188399498401743e-01 2.292276920686572572e-01
1.906250000000000000e+00 1.641987384036804887e-01 4.230766938448347059e-01 1.008018202461824775e-01 8.980390305104260507e-02 2.078106901530613615e-01 9.802595236199250495e-02 2.242649372409520891e-01 1.290678430857414294e-01 2.796708335295796655e-01 1.856736833628419014e-01 3.802764072519956851e-01 4.137586573319298328e-02 7.962243508488954513e-02 5.057888819713012296e-01 4.439472091333900305e-01 4.233817570657753132e-02 1.657916032143312915e-02 9.044649228046393319e-02 1.995593538283375323e-01 5.219349985293830763e-01
1.921875000000000000e+00 9.971764317983818071e-02 3.389145708476632990e-01 3.602894901701000473e-03 1.149021434991122637e-01 1.435324505619234858e-01 2.277644712886170708e-01 1.721597004583421686e-01 1.597100997071226047e-01 7.110451617088729692e-02 3.473787493566011242e-01 1.150756284893875159e-01 4.102919918040442426e-01 5.581138749261448095e-02 5.200342656718835999e-01 7.987012101549792464e-02 1.250446221715151990e-02 2.550251789285428727e-01 1.632586552379659134e-02 6.513748389857284236e-03 3.049417965730473745e-01
1.937500000000000000e+00 3.222415069645719332e-01 1.560096728404192397e-02 1.732403250924285099e-01 7.101479829553233869e-02 8.004095092794416555e-02 3.975054288252363732e-02 1.632181458129907947e-01 1.246009671252971129e-01 1.988364932276406871e-02 7.955189849102135488e-03 6.447478062308896474e-02 1.319158036937371006e-02 6.343283317611990435e-03 7.979573440530648987e-02 1.555707475102394988e-01 7.176059538494380940e-02 1.791270134085854726e-01 3.516217027704771625e-01 3.589208654564147727e-01 3.881867700278673894e-01
1.953125000000000000e+00 8.174062185867868313e-02 2.136362758133814876e-01 3.937494578027651015e-01 4.374174033935371853e-01 1.946135650972464493e-01 3.042837365858059445e-02 1.028503645274479461e-01 3.302763214002142622e-02 4.435338983274434987e-01 2.188235149327577289e-01 4.796658223891224759e-01 2.275614285169477377e-02 1.382435400946790093e-02 2.969107430840561140e-02 1.329297784579170083e-01 1.607657451989895070e-01 3.815207746268388100e-01 2.974599282200909300e-01 3.413610422046277626e-01 3.579603493290420269e-01
1.968750000000000000e+00 1.449231866417020724e-02 1.106665833197139903e-01 2.357079484929678823e-02 5.402335641061473126e-01 1.083289854917159206e-01 1.365228294417951960e-01 1.843798368998329495e-01 7.921547875969849051e-02 1.112459125477491123e-01 1.497118059754040387e-01 4.217400061197288941e-01 1.893481811147027516e-01 7.222526328711774413e-02 2.177875173062409908e-01 3.773379992317103526e-01 1.000892761616653109e-01 6.516678580265668208e-02 6.644051839035918228e-01 6.343435492195836911e-02 5.183522811067200475e-01
1.984375000000000000e+00 9.842040922129452474e-03 2.571265801137185281e-01 2.316681719479691398e-02 1.628143909273056245e-01 1.982213966544628669e-01 2.199046779022309495e-01 2.432409166975924852e-01 4.242487946045041952e-02 2.966966161589029358e-02 1.693171705723265918e-01 1.267364088699916291e-01 3.951797539682037064e-01 2.772098337087676445e-02 3.709233861138543364e-01 4.578136719574598668e-01 3.379365202672454105e-01 1.668250091868163920e-01 5.752506359316980067e-01 2.115548212886382562e-01 2.370614710936327363e-01
2.000000000000000000e+00 1.150428137627128589e-01 1.053553819998480495e-01 3.193601869139858947e-03 1.728311185658819998e-02 3.199989545728217289e-05 4.443381125823304689e-01 1.660634668336446740e-01 3.239353110903496757e-01 2.608838212958659031e-01 3.224536251604604442e-01 4.093455690335441599e-02 7.131380223785782624e-02 4.002797478371447615e-02 7.946831182762366108e-01 1.703135170671086496e-01 2.377565815480258693e-01 2.097664820041715006e-01 1.972184914885482393e-02 1.411620578634094902e-01 3.129151523689938097e-02
