0.000000000000000000e+00 1.850926578784807596e-04 1.993269701480548384e-01 1.402037899716057584e-05 1.644250436613485175e-02 1.962214923301276448e-01 1.213727459403309700e-01 1.250434095595033268e-01 1.350032410268031946e-01 5.554302313837519711e-02 5.588283903009677979e-04 2.762424924907135124e-03 1.409640204651740059e-01 7.087988325602194439e-03 5.637669012964890709e-05 3.023841509567156208e-02 3.329521773435959917e-04 2.985690771087029516e-02 1.348487709057308824e-02 2.481631854008334026e-01 9.588383171837279451e-02
1.562500000000000000e-02 6.575428403633365795e-03 2.024442459663679805e-01 2.967026185144585604e-01 7.875536835842630867e-02 4.397292493811221642e-02 2.415914792020675828e-01 3.528327292502295848e-02 1.782451674214078838e-02 8.728430722688519661e-02 3.129702211703645071e-02 4.665159240934370864e-03 2.501195439082860676e-03 4.076940475372101691e-01 8.835187776595199161e-02 8.462878761890707535e-02 1.530785004038423547e-01 6.158185611878677634e-02 1.419816996620019110e-02 3.499846403905456649e-01 4.666330909650225067e-02
3.125000000000000000e-02 6.811688127153536776e-02 1.025931666814004425e-02 9.981997635025215143e-02 1.285701355235718268e-01 1.353392464265341412e-02 7.519386914815692768e-02 4.899763347412799397e-01 4.484708257794464692e-02 2.872248297954982377e-01 4.301719982541526294e-02 1.409203209277854751e-01 1.516385021165753411e-01 7.287725962776973876e-02 1.376052022986417323e-01 9.998001679320253632e-02 5.612308099053560095e-01 1.314572154064986564e-01 1.394814100867911577e-01 8.271729837197476509e-02 1.638813873740146629e-02
4.687500000000000000e-02 1.528040498083948519e-02 1.232937201978621250e-01 6.062145188692075887e-02 3.183099385718676233e-01 5.778167191760330557e-02 2.155309582376870869e-01 9.226328862803474806e-02 3.379486465945324980e-01 2.263052024406963236e-01 1.168667215565384193e-01 2.525036094004881604e-01 9.146317784109929405e-02 9.285213613726753940e-03 4.076785614770660898e-02 2.244174162879511991e-01 1.195192392735760917e-01 3.854756078091224336e-01 4.372559103569007011e-02 2.418003997862192694e-02 1.847366941637324234e-01
6.250000000000000000e-02 3.096348092799615023e-02 2.399863161142469781e-01 1.009839953947852011e-02 3.892998370497820909e-02 9.144443644819119643e-02 1.881249354604156918e-02 6.770050729248189292e-02 4.969659414381017437e-01 3.444033877186755688e-01 1.527744813090953502e-01 5.651297304696699386e-02 1.515828851654991705e-01 1.505492912744922640e-01 4.666562943119059031e-02 2.621614832287199812e-02 7.397477058143039907e-02 1.490654385792713754e-01 1.434345439777067084e-02 1.234244065041035891e-02 3.192048455912198102e-01
7.812500000000000000e-02 8.677164293370415171e-02 1.494439862689167509e-01 2.410162273233113217e-01 5.750127059867519291e-02 2.717279873885272701e-01 8.368079210108426980e-02 1.009905578451947838e-01 2.394982274610855666e-01 2.720778787764312479e-01 4.779300385925650679e-02 3.738245696002874263e-01 2.130133429958054880e-01 1.919808987443511195e-01 7.973179870046691320e-02 3.254056418766609866e-05 2.384795259856246630e-01 8.252360430053860829e-02 1.456176177753767398e-01 1.504661155226238167e-01 1.174349490637167925e-01
9.375000000000000000e-02 6.649276117665119112e-02 7.878947005572317641e-02 2.202515887542348394e-01 6.163683744609882963e-03 1.485573101299874910e-01 3.415017451390720549e-01 4.209998215419637202e-02 1.972338299582395704e-01 1.942842853671415126e-01 2.050350267804876628e-02 4.219827801921452459e-01 3.499126625363356280e-01 2.246562715139672206e-01 1.751928262668187575e-01 1.062935774987993492e-01 2.728604059953462224e-01 4.084867871318208221e-02 2.002451030664413600e-01 4.176791399607395205e-01 4.111188409516242787e-02
1.093750000000000000e-01 6.113015557535139873e-03 3.577895429497742613e-02 6.273937302512987146e-02 1.531302440195507486e-01 2.694218440609168486e-01 1.632362656558485892e-01 5.052460153904660134e-02 1.271221329645022546e-01 6.437228151319178242e-03 2.498334773552313842e-03 1.659707629464771128e-01 2.673892391195022422e-01 8.904486580184978184e-02 2.637360769083645917e-01 1.362288134648143197e-02 7.746959560718176541e-02 5.113498722055540568e-01 1.053740416857796153e-01 4.359470305207622798e-01 5.707582969600668958e-03
1.250000000000000000e-01 6.610438354918177217e-02 9.903999749880003367e-02 4.303626158186948242e-02 6.838639748279778940e-02 3.956911509063332222e-01 1.367586123805062392e-01 2.104296635324232750e-02 4.586424010443252985e-01 9.043362559788231669e-02 2.168756195468946046e-02 1.214246711093725367e-01 5.068819496445036155e-01 7.696447203016486271e-02 2.774984483843817018e-01 1.932375083103127500e-01 2.723790204139896476e-01 4.429907055570518337e-01 4.577807482073878997e-01 4.057087978453334520e-02 3.592757211619520413e-02
1.406250000000000000e-01 5.299210952613238323e-02 1.231567929615575985e-01 6.738098234744339943e-02 6.015443284772106769e-02 2.254781606479217826e-01 5.197348798433606976e-02 1.488846806340238553e-03 2.737530211741260877e-01 1.610894984182729972e-02 3.268047990611889358e-02 4.356220852317514713e-02 6.955476872621209339e-02 5.394677935939305724e-02 9.439020988824336003e-03 2.309678988981730963e-01 3.374213595601678328e-01 8.325844248576461104e-02 2.624013781932043043e-01 2.486473017199676283e-01 1.333960783968621278e-02
1.562500000000000000e-01 4.650608866617534504e-02 1.923676640439435370e-01 2.450701973296243869e-02 1.778534280427498115e-01 3.985591086029406926e-01 3.827621446078727230e-02 7.228401873106958531e-02 3.932409729039187951e-01 1.584665994254429444e-01 1.247069362734880837e-01 2.059265798906285694e-01 1.508826204376590985e-01 2.575807078592355984e-02 1.193967935291633531e-01 6.789180476987202902e-03 1.389582810675871194e-01 1.599809351370024835e-01 2.380676132866040573e-01 2.664600995363513580e-01 1.659501706637206697e-01
1.718750000000000000e-01 5.907977142922313241e-02 7.232353891100180843e-02 1.087882826251079793e-01 3.789060655712560011e-01 6.572640914142139357e-01 2.804068009394313776e-01 6.432557358276380123e-03 1.281947279708202658e-01 2.723544034341574549e-01 2.024334137877023543e-02 2.231782476967128503e-01 4.231390785660334858e-02 1.221525613075994526e-01 1.657312464919864781e-01 2.692311888576945367e-01 5.621913148181197917e-01 4.379509794688664082e-01 4.948442426565274888e-01 2.472090474320867981e-01 1.426721917968047475e-02
1.875000000000000000e-01 6.326037453181047876e-02 5.194429597454453679e-02 2.239515715411597996e-01 6.010863339548316864e-01 6.755690627365464884e-01 2.131429712034009771e-01 1.185350142349590047e-01 3.788025234346767967e-01 5.541394721576813343e-01 9.938536072520452735e-03 1.252276292401991176e-01 3.750984063565073745e-01 3.637600446760535372e-02 2.283967890325971084e-01 2.798817020734967742e-01 6.214371828772486950e-01 4.196497414164291340e-01 6.308630617992234679e-01 2.811718692960206711e-01 1.626487896391785523e-02
2.031250000000000000e-01 3.613598108812081378e-02 2.462500375904662711e-02 2.480058332628513537e-02 7.836989657367349205e-01 5.661891675579183714e-01 1.956528446552313338e-01 1.372695767657599875e-01 6.100020282830811436e-01 2.019682205443200929e-01 1.099121700218609748e-01 3.289064238501490656e-02 2.045547344344283980e-01 1.137030897923879819e-01 6.821640589255668630e-01 2.486712491604942399e-01 4.624345297782520570e-01 2.059593859734211441e-01 6.668541837548711548e-01 8.404461095074046428e-02 1.197990811014891660e-01
2.187500000000000000e-01 1.837231596988818105e-01 2.542629614523110593e-02 1.141104435000402095e-01 5.405699697193322439e-01 7.805123357283548780e-01 5.756653556864744781e-01 1.290313908008167317e-02 1.995087263751307849e-01 2.846661589894980970e-01 3.361261386313827426e-01 7.124869169047835793e-02 6.352793819526505459e-01 1.842568527326035321e-01 5.809064873770930504e-01 4.003192980826701941e-01 7.168640767855908313e-01 2.839442858466257880e-01 5.483138734116830282e-01 4.517158859160766982e-01 1.493518676299267212e-01
2.343750000000000000e-01 3.311687991074068749e-01 1.052795770142945023e-02 7.675867055785272342e-02 4.425324137623529719e-01 9.000069379375025269e-02 3.748935481851842222e-01 2.110579518310006474e-03 2.720750243438675442e-01 4.310722749645695129e-01 1.209969219291692905e-01 4.004884761261300885e-01 2.016179415691844168e-01 3.203784863793706639e-01 3.409134184304923876e-01 1.744028939367064657e-01 4.973389289184886874e-01 3.860856421491964396e-01 5.729925392887504909e-01 3.318030425261099259e-01 2.472775229977381556e-02
2.500000000000000000e-01 5.197862493216688362e-01 1.250562117961077913e-01 1.422545283851567588e-01 4.038325559229308803e-01 1.435850558292217083e-01 2.947131963469877824e-01 7.499954934153788694e-03 2.901223328616152619e-01 7.461276522964128688e-01 1.747097493854947578e-03 3.789973867337351199e-02 2.858307920627731896e-02 2.610873841746417234e-01 3.777037723020826854e-01 9.883525359203705618e-02 3.240939096637326933e-01 2.520851458444649598e-02 2.092696790971507737e-01 3.811168899179726011e-01 3.808712094360212214e-02
2.656250000000000000e-01 4.792928604366682444e-01 1.371398310620988992e-01 3.355935166264977232e-01 3.714971608968367645e-01 5.246038779440254096e-01 2.432177446669529508e-01 3.230465573009347509e-03 2.853387102813015330e-01 7.497082160325616584e-01 5.799921116139755695e-02 2.386871643627923312e-01 1.794178215407419841e-01 8.330296814947121820e-02 5.222075677336336375e-01 1.678200337011643423e-02 2.881272677547707106e-01 9.187342380374476092e-02 3.232871444282487960e-01 4.288819542806777685e-01 2.999914896176445345e-03
2.812500000000000000e-01 2.154901073740298212e-01 3.772034128460167723e-01 2.666242249191604352e-01 5.198386399803891500e-01 2.957985146865386161e-01 1.079419260555609800e-01 7.888079989242904877e-02 4.255114959792835432e-03 2.974079053330223599e-01 2.999853435347460406e-01 4.097470280677186771e-01 6.850988823972016251e-01 5.446693941197652267e-01 4.140630426618956417e-01 5.167670225661499112e-02 5.513346809895196543e-01 2.852803058946611903e-01 1.935748463581009882e-01 5.000124757314073909e-01 1.432726113117500366e-01
2.968750000000000000e-01 1.323598628928471799e-01 4.642810908183094276e-01 1.659660568710953077e-01 3.478529454373677776e-01 4.944755362813025301e-01 1.728393103715410717e-01 3.133857955447073573e-01 1.330246754721665144e-04 1.216733333673478828e-01 1.900065569468924187e-01 4.798711946444377680e-02 4.281048230614944994e-01 2.101982080440717993e-01 3.597427764434004138e-01 2.661731528816096461e-03 3.661859212491794802e-01 2.642004006885324829e-02 2.443444887756798800e-01 2.662456625209972949e-01 1.879378375346809626e-01
3.125000000000000000e-01 1.948622340502017755e-02 4.239908700438312916e-01 2.661229355899969451e-01 7.617353169048954875e-01 5.200087084363064216e-01 3.406660333823464670e-01 1.889252280391291727e-01 1.096186233877134847e-01 4.169004862653326038e-01 4.128127638612694161e-01 2.888309913087895864e-01 2.141691517507867404e-01 2.885659171907722365e-01 4.378031195618035110e-01 1.501619943541122604e-01 4.785444344064326838e-01 1.361272337316978562e-03 2.103996191231581880e-01 8.014662858223010888e-02 3.442725668216423673e-01
3.281250000000000000e-01 1.673495385906268729e-01 3.915277288139502876e-02 8.242509568076378246e-02 6.990571104370975064e-01 3.652417697359673365e-01 3.599824242833102872e-01 2.627573544736203637e-01 2.235607246141959048e-01 4.826960827924204889e-01 2.471573254276127340e-01 4.126065330495195527e-01 3.785358816407495830e-01 3.866736285343275181e-02 1.843498211943809528e-01 2.994940885309983480e-01 5.693645826763861217e-01 3.980940098642908875e-01 4.625715404964246269e-01 9.841047971740649047e-02 4.079113002958587725e-02
3.437500000000000000e-01 1.931655617100582201e-01 5.348673132487661297e-01 2.091410625284400304e-01 4.936429981301642123e-01 5.012122163935007757e-01 4.861243153306809006e-01 1.643233515806077905e-01 2.839478231342494330e-01 1.283555434725926758e-01 3.619359722595993922e-01 9.601723679888767016e-02 6.200179896350965780e-01 2.265231211065925621e-01 5.278008211263938293e-02 3.639643572607751537e-02 5.786614821438903489e-01 2.344079685683135295e-01 9.460016578077051763e-02 2.402040639207857556e-02 1.302045511689458590e-01
3.593750000000000000e-01 7.223361672247324838e-02 6.290581006305236977e-01 1.524776953973994431e-01 5.615452905977855735e-01 4.101632444378868758e-01 2.059229198320959575e-01 2.595146943202066708e-02 3.717303205311793812e-01 2.460000596952302901e-02 2.734229596798759543e-01 3.749854849361680120e-01 2.916710532672072698e-01 8.091921432463798913e-01 3.009553155714877332e-02 1.455056160280905446e-02 1.950610232344978101e-01 2.731191913525625181e-01 1.908451931699051141e-01 3.357248394843921346e-01 3.157032539248847969e-01
3.750000000000000000e-01 1.554279138409437044e-01 5.035698229466583076e-01 1.469882970980021242e-01 2.208830853822923157e-01 1.290310174478459804e-01 1.025234293028788601e-01 1.590641935917971872e-02 6.357242120463577617e-01 3.407215652585157684e-02 5.102413456480250353e-01 2.209824684929733440e-01 1.621065678800130971e-01 2.182011552596618553e-01 1.033489449354097062e-01 2.155481322470750079e-03 5.693313634144406971e-02 4.474624548588294060e-01 4.287008810786869378e-02 1.310095498890810617e-01 4.391838957682963063e-01
3.906250000000000000e-01 3.221373133871387184e-02 9.083825779028241454e-03 2.070265745338931151e-01 5.189605267053112314e-01 4.876061619324996432e-02 2.761788598415616455e-02 2.027051025676979423e-01 1.986353639310226848e-01 2.894959767198873948e-02 3.349342493648013730e-01 4.434385189928660709e-02 7.561473210970128499e-03 5.332637686918335618e-01 1.172767149122801687e-02 6.871977826955960600e-02 9.724239169141812855e-02 3.134971478473573547e-02 1.022191213925850578e-01 1.121600258010371602e-02 1.617664344324594161e-01
4.062500000000000000e-01 4.015971133262732917e-02 3.609760668154058383e-01 7.606235609180449220e-02 3.744105352940236414e-02 5.036660115916136854e-02 5.409018541725797435e-01 6.033704465228578034e-02 2.494077855214717754e-01 5.060810003595582821e-03 2.692134555673173502e-01 2.577079068118718896e-01 2.309206618194619698e-01 1.243029475279844032e-01 2.971538782896492314e-01 5.726742781971439628e-02 3.645601195486854462e-01 4.523216638692675179e-02 1.838619837086855613e-01 7.175275168724971897e-02 1.195022997022533867e-01
4.218750000000000000e-01 9.417027247888302977e-02 4.892562357090415870e-01 1.972889079937016066e-01 2.895221957924434993e-03 1.504272041631850819e-02 4.345880517101419205e-01 5.852260014419824463e-03 5.924636282136166443e-01 2.263806960116223621e-01 1.635046322444206335e-01 2.342873002931232795e-01 2.474879713889407695e-01 4.845739462337814718e-01 1.177929345799277328e-01 1.390645907627025835e-01 5.095643107569833852e-01 4.156836782228558180e-02 2.510621680862580307e-01 1.786654813252463725e-01 9.934297503228615989e-02
4.375000000000000000e-01 7.533117127097684051e-02 4.081474835857847872e-01 5.157260684490122538e-02 2.015221105676223146e-01 2.904460907865701880e-01 6.223631092322581826e-02 1.398407742363826922e-01 2.588256680986020242e-01 3.326470202581456315e-01 2.834463434214132826e-01 1.512431812952155508e-01 2.726415873626121256e-01 3.025891064366983407e-01 1.227545318442008204e-02 7.291251062276959960e-02 2.856821325126093214e-01 9.983894852503670536e-02 1.499265350306829836e-01 1.807323165399153360e-04 1.789656395758787433e-01
4.531250000000000000e-01 2.706971281282889632e-03 1.347344543467841327e-01 1.669385998041148234e-01 6.603387561937860452e-03 8.033859823165379055e-02 1.451158491173990817e-01 1.528141298441377527e-01 1.202567563391041539e-01 5.274675382081542990e-02 2.668486863489885619e-01 2.661443310261136785e-01 4.625148056050912282e-01 2.032193139667268916e-02 1.462591810196634534e-01 1.070636298743142881e-02 9.088190508117899302e-02 1.493712043466257321e-02 2.448846264102425840e-01 5.647062679310018568e-02 2.050603221501150208e-01
4.687500000000000000e-01 2.622407545449781385e-02 7.942340951701461205e-02 1.630252033403232770e-01 1.184161858110929083e-02 3.496315088402972976e-02 3.451955995598159771e-02 1.051502726996817322e-01 2.088822407923989280e-02 2.515174568281796641e-01 6.372108455656072534e-02 1.593911638292576372e-01 1.693947736766691081e-01 9.683387598128544160e-02 8.778245863146882932e-02 5.030133534509859811e-02 1.384164502626622148e-02 2.658778737695042249e-01 2.346381633404798217e-02 2.257752796455248512e-01 1.491126311326734233e-01
4.843750000000000000e-01 8.268820404230497675e-03 3.476973182942557639e-01 1.315285623140839411e-01 4.187616730789005259e-02 1.500093552490981523e-02 4.006219296815848041e-03 2.297554365650467112e-02 1.175480153220366669e-01 7.296557415396381918e-02 9.853715339280436081e-02 6.549647618245547920e-02 3.145949390649949717e-01 7.025959484676462530e-02 8.125784488590774568e-02 1.052800835017459608e-02 1.845043316639646547e-01 2.100662230020838850e-01 7.903080854807595368e-02 3.595595630812780524e-02 2.339877704771527872e-02
5.000000000000000000e-01 7.185427476294657667e-02 4.098379233539390931e-01 2.660325776469163461e-01 7.438378082383935441e-02 1.965432062960147802e-02 5.695008625086910720e-02 5.511468804651531439e-02 9.287406772006563671e-02 1.723893886654813967e-01 1.911637836760372022e-01 4.997602240001138285e-01 3.013186389619556052e-02 1.149463462732626950e-01 4.395049063198672168e-02 6.295146514028539253e-02 1.736231341529703709e-01 2.866309184760550410e-01 1.284169640524218670e-01 2.411804388202391236e-01 3.808700448880588674e-01
5.156250000000000000e-01 9.579469399519698058e-02 1.539696870577507148e-01 1.063143805946689842e-02 6.834531115592210049e-02 1.106195304218958453e-01 7.456030476217315184e-02 1.621951654235467000e-01 5.179722399120964028e-03 3.877584874904658595e-03 2.462839689677753519e-01 1.194533754197956432e-01 2.815583197681680028e-02 3.704273606526544693e-01 2.205591804374431100e-02 2.131459105733758339e-02 2.322487898463322931e-01 2.093675255965828097e-02 1.073598768037168777e-01 2.418846773638308745e-01 2.643982607583928446e-01
5.312500000000000000e-01 1.429561916739941763e-01 1.590043777978630557e-01 1.258082950110775075e-02 8.251001330163516834e-02 6.437897851591982412e-02 1.080753808485046021e-02 3.826235316755705745e-02 1.569638549556882645e-01 1.435707293523759594e-02 9.301646232244266399e-02 2.248359165536115978e-01 9.146717662519368575e-02 7.326562585618152934e-02 1.157577879488916744e-01 1.489262940736592600e-01 1.049647711470515637e-01 4.969940045817390628e-02 5.998743942719014788e-03 3.260893745830467649e-02 1.569150639655165491e-01
5.468750000000000000e-01 1.654724351435528928e-01 4.817897415758424368e-02 9.816813516334699230e-02 4.115132126625295483e-02 1.234800307009258635e-01 2.740266451828810013e-01 4.276329838300538949e-02 2.860562196887450441e-03 1.912306407981823053e-01 3.818463041805860575e-02 9.752883567207021320e-02 2.123103379336054725e-02 7.078900590463370335e-02 1.732785555954620138e-01 3.830715693591433268e-01 1.216975325275645170e-01 4.295685340867421570e-03 1.099682779142896333e-01 1.427232189103417870e-01 1.826762888428779550e-03
5.625000000000000000e-01 5.345477543034207052e-02 2.949165337092157779e-02 1.476584801944707814e-01 3.700841798122316006e-02 5.258459667886059008e-02 2.065521542634032870e-01 2.491557829959464843e-01 1.537961365752439115e-02 1.705121903851578857e-01 1.705320323942325494e-02 3.327779950285580379e-01 4.179964648050055187e-02 2.782569191010903983e-02 7.804900549523458020e-02 4.414740964459391848e-02 3.324477908562207401e-02 8.013220685808432331e-02 2.306247072252015640e-01 1.149483285899297741e-01 4.008782627748994770e-02
5.781250000000000000e-01 3.461483203474256115e-02 5.717822489364346450e-02 1.101324187189651055e-01 2.000971591113195336e-01 4.163011453407602230e-02 4.755622643781148295e-01 1.056770879376165428e-01 4.562235675521266083e-03 2.818844375708749392e-02 1.804114366020381647e-03 1.838415561774101037e-01 1.654282149041084449e-01 5.077818061251247739e-02 1.718565963077209602e-01 1.851475330392787499e-01 9.505252672872950559e-02 1.858721785300791740e-01 2.820854997180540225e-01 6.850849847361167345e-03 3.576790842568663281e-02
5.937500000000000000e-01 3.822477811347475829e-02 9.944484220526610130e-02 1.479942820169955209e-01 2.352510193612000061e-02 6.235268705751371987e-02 6.709909333555148792e-02 3.963029787914533753e-01 2.873858013806283862e-02 1.872886096252545166e-02 1.900644761012138251e-01 1.496358197091530451e-01 2.040875311723800156e-01 1.682503067960137641e-02 7.162264126966039202e-02 7.336686668876514494e-02 9.944548840300414250e-02 8.578165421725442163e-02 4.155459314903192647e-02 6.092367766589105310e-02 8.490846961501750945e-02
6.093750000000000000e-01 1.922815133631857951e-02 9.511886513032209722e-02 2.313566281570347480e-02 1.911233341304078015e-01 1.995569467800850927e-01 8.320585170506435146e-02 8.865335001720510422e-02 3.246071352788485465e-01 1.046574887447023483e-01 1.497955556347636552e-01 1.236140304127386347e-01 6.501951419667004184e-02 8.970101071079578103e-02 5.477419017722864186e-02 3.676783432730514334e-01 4.323250414322347274e-02 5.973155877458607294e-02 1.068771288992659829e-01 3.360356374496697301e-02 3.212516563849027174e-01
6.250000000000000000e-01 1.416024362407048397e-02 2.405485325270982633e-01 1.960378819811726403e-01 3.121686480600214253e-01 1.154187675637619948e-03 2.507380770326755187e-02 1.972754667100148074e-01 1.387219451455865282e-01 6.313838701958035537e-02 1.001459026306083105e-01 3.184427086896616799e-01 3.319451319967444691e-01 1.021627489492250851e-01 5.356803866880954779e-01 1.174331236433931308e-01 3.731956480314244790e-02 1.338978182269689732e-01 3.831945268100881430e-01 6.765809393680130568e-02 3.015669614989274772e-02
6.406250000000000000e-01 5.369963434889634020e-03 2.694998577167734277e-01 2.470340063524605403e-02 1.008522086528747530e-01 3.474339585479658821e-01 8.312028253776240772e-02 1.212756337913071386e-01 1.272095049642303632e-01 2.840407210800711263e-02 2.238547301396072442e-01 2.578726870555923534e-01 8.333146390869804881e-03 6.677915744423583710e-01 2.714997627213084144e-02 1.432015093669899118e-02 3.415221541598519733e-02 4.615924689274187448e-02 2.298405381146544080e-01 8.435688494639136115e-02 1.488336134939343136e-01
6.562500000000000000e-01 3.427486160642616384e-03 3.923376042009619202e-01 5.056729539850672236e-03 5.828791200497362990e-02 7.827784353643989224e-02 2.889520975356829613e-02 2.504548290970992630e-01 6.387673571684381046e-02 2.356859287588053062e-02 5.289384030336344855e-01 2.704981676224864073e-01 5.832831333465808045e-03 1.133845115720563956e-01 1.237149215850221612e-02 1.026245991969486765e-01 2.495273048781400382e-01 1.079629038035224697e-01 2.139684971007464742e-02 5.041963790113000027e-02 2.704002740046339559e-01
6.718750000000000000e-01 1.579705925658754506e-01 2.126597648315578515e-02 9.638816478487337303e-02 7.240314357851408700e-02 1.187777632232795040e-02 4.516190374827201010e-02 1.070701988657474513e-01 7.418574425252297266e-02 9.452966287630029663e-02 1.393078513884413172e-01 2.586755743888585757e-01 2.488104116259584053e-01 2.320600034436488476e-02 9.277657815958285231e-03 1.132679344575877461e-01 1.399926919114105606e-01 6.867782283023000922e-02 1.449294292528612374e-02 1.450218668978184855e-01 5.084043043162591591e-01
6.875000000000000000e-01 2.237171740992956459e-01 6.872283721650250532e-02 3.245676711870748576e-02 3.221604941127828581e-01 5.240079494723567932e-02 9.012714154730301630e-02 4.456067402730714416e-02 2.780783196118129519e-01 7.160387158667591567e-02 1.177930321119201318e-02 4.153878360135793840e-02 1.108453217150440068e-01 2.000298082080610718e-02 2.322474502056716128e-01 2.075440600347128739e-01 4.077165158787953159e-01 1.022228618156550972e-01 6.028309131101342033e-02 2.688351209552342427e-02 1.233053250974139453e-01
7.031250000000000000e-01 1.675492340494108001e-01 2.791889458983980443e-01 1.401178970322186808e-02 2.453249620869724645e-01 2.462328146738776979e-01 1.363566609026175269e-01 3.247846735031338639e-02 3.135598227679497335e-02 2.705867126937053918e-02 5.243922983379600139e-02 1.043379699371528579e-01 1.949153029750707589e-01 3.088036996381079285e-02 1.965308576160600673e-01 2.875490521096935037e-01 3.789784070163495500e-01 3.913166852779757787e-02 8.822195159912403495e-02 1.077236315246753590e-01 9.083052997699317399e-02
7.187500000000000000e-01 1.543027501653485289e-01 1.966189736363470608e-01 1.804559911338104172e-01 3.533766804415390539e-02 6.741823882627940856e-01 2.513981389962209323e-01 1.091009101577900160e-02 1.584012889807769400e-02 3.063641683985084407e-01 9.544083674510842052e-02 1.934700711183380550e-01 2.044444986355170024e-01 1.844291312785988346e-01 6.216701156809135292e-02 6.084551436845268002e-01 4.464333597703546569e-02 3.069180291791422793e-02 2.888511424616662104e-01 7.619078965050905816e-02 6.530222238656839540e-02
7.343750000000000000e-01 1.035073283241468578e-01 3.068287408850190467e-01 4.528302269282423742e-01 1.939197193811946218e-01 4.700524941176977278e-01 2.185985170325725410e-02 1.746496291601752349e-01 1.145930051684913298e-01 4.099567737297484249e-01 1.066084643174354252e-01 2.669394134379323574e-02 1.049687607467039152e-01 2.009116670061539267e-01 5.752312267393690226e-02 4.919549573946891408e-01 2.073219907102421544e-01 1.233195817898728730e-01 3.059762116052507919e-01 2.041746461322389572e-01 5.828427868655267075e-02
7.500000000000000000e-01 1.674497470708783131e-01 3.306871366213339214e-01 2.557717779885387288e-01 2.714797235403363929e-01 1.381289477193706483e-01 1.932173276186716082e-01 2.276536513567608278e-01 3.281842651219415430e-01 2.163355515801916595e-01 4.048250904428180030e-02 3.457422867048358106e-01 2.209848254881135177e-01 1.369555703986257700e-01 2.569443566621108788e-02 6.618295411903374337e-02 1.960201434366875828e-01 3.902981515282308300e-01 2.595092994610828652e-01 1.572790723217704634e-01 1.180232641177929587e-01
7.656250000000000000e-01 8.489764060798278555e-02 1.121540695835603479e-01 1.690489180588218288e-01 2.526713515446192895e-02 3.749297983429111247e-01 5.123332509932703588e-02 2.134910298142641827e-01 5.685875857382169940e-01 8.477758425753531557e-02 1.282269929897209282e-01 2.112260548885257910e-02 2.479457844303807890e-01 4.583652118091716826e-02 1.776614508152336291e-01 3.089889248585276360e-01 2.688269220707114812e-02 7.636728154215316478e-02 1.861048173393905214e-01 4.260643368987673818e-02 3.715510879474870909e-01
7.812500000000000000e-01 9.915533686238289790e-02 1.358576874720234529e-01 2.596202220505818281e-01 1.105153760195707463e-01 3.608950156676577481e-01 7.922445360039176432e-02 3.135182887619235412e-04 3.794277378516019983e-01 4.233784418481538470e-02 2.418542876003343944e-01 1.437480924819149741e-01 8.283896448969671478e-02 1.108648838964528260e-01 1.993542388358901241e-01 1.848899032186011593e-01 6.420308453478100474e-02 7.340329364904793485e-02 2.798021298595371447e-03 2.337679354932973574e-01 4.758256006945461025e-01
7.968750000000000000e-01 2.799700593197744780e-01 3.692697923845889574e-01 3.572618830551974600e-01 7.293350806428819388e-02 3.904464557536245217e-01 9.851253249453315042e-02 1.353586573854987374e-01 9.323388349484175441e-02 1.739463795169363669e-01 5.314098016920396766e-02 4.312576179823603972e-01 2.013491433297813493e-01 2.584659529363202424e-01 1.492421222555584681e-01 2.858705540303217024e-02 2.228313937122821109e-01 1.442289551880966136e-01 3.468910180374205066e-01 1.584350801038240594e-02 1.585744790523226921e-01
8.125000000000000000e-01 1.483350319084474900e-01 1.142517893222753100e-01 7.413952837280489427e-02 3.185093982922809069e-02 2.738434938651384751e-02 5.099767714656254780e-01 4.881985881343870598e-02 7.742527121083481179e-02 1.444929173003257072e-01 3.469678484461106160e-01 1.601011702420023497e-01 1.650827240363675688e-02 8.389568966971934494e-02 2.214352819280329954e-01 1.914543805578555746e-02 2.320097336865457605e-01 2.497260567285417565e-01 9.109301714678927353e-02 3.129128129184612916e-01 3.017797726774460454e-01
8.281250000000000000e-01 1.133869334023769951e-02 5.546269850097571702e-02 6.645779443825537702e-02 6.812074482370557293e-02 2.831603051413705274e-01 3.244203582588418150e-02 5.376684262984907092e-02 2.513650618155950367e-01 1.141171631878045711e-01 3.194460316896714502e-01 1.442995416717370860e-01 4.760752154224594523e-01 2.314445455131485530e-01 1.922546284331832223e-01 1.655380567468850428e-02 3.304819103929305113e-01 4.817366744021635561e-01 5.328419157707638826e-02 1.503780428421935995e-02 2.872817102687575952e-01
8.437500000000000000e-01 7.065311700166795883e-02 4.253683395856636684e-01 6.594938736646559219e-02 8.208757885855635927e-02 1.730741023050133900e-02 4.113488982719857093e-03 3.159644759314023665e-01 3.626154758948572643e-01 1.959596386429253156e-01 4.976452781076844828e-02 5.343307653610134267e-01 5.688200392652102005e-02 3.923370956222764216e-01 1.370379918429547872e-01 9.444036127873942088e-02 2.341020319648451919e-01 4.351733580182692157e-02 2.108951695949853600e-01 9.668907324432644834e-03 1.090035894772497377e-02
8.593750000000000000e-01 1.102470046385532199e-01 3.127784360400849839e-01 2.299812844045920623e-01 2.610007482994789463e-01 9.045482023464922194e-02 2.324714782732151541e-01 1.024141846151394725e-01 7.852103895625552055e-02 1.690004187015520243e-01 9.154028400865975301e-02 1.592826581254234986e-01 2.474795414913393554e-01 3.376083849073170662e-02 5.866451974377120612e-03 3.373517166324678795e-01 3.168590852085149678e-01 1.044242942990415979e-01 1.168961577509849276e-01 3.279483330030771165e-02 2.377268207368978814e-01
8.750000000000000000e-01 1.473095102576515991e-01 2.113894159935101880e-01 8.323530271977176709e-02 2.147601240894585761e-01 1.121263872186242239e-01 1.878515207158125075e-02 6.769453399907264524e-02 3.059374991069687133e-01 1.018336047411364242e-01 2.402914421931021116e-01 1.399165514448354186e-01 1.087554712912299978e-02 1.385241466648581832e-01 1.327870433761124680e-01 3.736527523404924861e-02 1.086615572142907576e-01 2.235352453459505187e-02 3.805048923822432899e-02 2.617526995250668564e-01 4.001656059424070211e-01
8.906250000000000000e-01 6.272887941396498857e-02 2.317799570933472275e-02 4.028445582624864268e-02 3.088553434697908356e-02 1.596804057589363002e-01 9.703221672360913541e-02 2.038078377110073558e-01 3.695019004773170690e-01 2.401923578410975757e-01 1.183730463049173093e-01 6.577737080756535307e-03 1.116982560037644706e-01 1.290365757898424837e-01 3.801075891016485464e-01 3.469190430324124441e-01 1.878320166501557670e-02 1.512492765268899086e-01 1.129913541933737914e-01 1.102750008221594497e-01 2.631004608299493119e-01
9.062500000000000000e-01 8.390739625667107890e-03 9.104386192016659940e-02 1.650522176448097622e-01 3.080913010083065062e-01 3.603870387127227626e-01 3.745656261484616723e-01 2.555931495150924326e-01 2.682075531993919904e-01 1.656448123968305985e-01 1.824207617104718019e-03 2.076013770298283656e-02 2.355970971943403824e-02 2.973336247468180704e-02 1.600363493616882848e-01 1.024196642344060854e-01 2.125344367037970694e-01 1.431814127120211999e-01 2.825757548751672288e-01 4.396655472453296631e-02 7.880597905430250516e-02
9.218750000000000000e-01 2.779076082630541761e-02 4.920038511738712012e-02 1.979999133373000486e-01 9.255375868732178268e-02 2.088665466208579347e-01 3.113788183274462384e-01 1.753301463369577873e-01 5.428825354558586974e-02 1.223683324754141627e-01 9.717927302729552699e-03 1.253110725430925942e-01 1.728271088780599651e-01 2.389834574965888636e-01 1.202494842225379917e-01 1.187681780357267153e-01 1.148635830855084493e-02 2.466187385516265540e-01 2.621209498248173175e-01 5.085192629554589894e-02 3.103308549011024944e-02
9.375000000000000000e-01 1.752211221152615364e-02 3.562079635471469136e-02 1.401427226405312643e-01 4.108001559400518143e-01 7.895047975283300823e-02 3.585099771297816651e-01 1.373324332023201089e-01 8.858558036928408652e-02 1.658110974675578997e-01 3.673117202674150428e-02 1.647558172615227190e-01 2.155589979067306650e-01 4.497845220393682786e-02 4.772565041328171234e-03 4.006534666826368912e-02 2.368879426443786240e-01 3.382115698656280034e-01 4.433551341010270042e-01 2.867301816921175722e-02 4.947918468617714012e-03
9.531250000000000000e-01 8.240618946802016898e-02 8.311702321273431449e-02 9.065737682265422037e-03 7.471792125405577085e-03 1.687656321210090349e-01 7.417497398976700962e-02 2.386407182595211562e-01 5.270165647248962332e-02 2.462856274293955539e-01 1.344791514931336085e-01 4.170391446340887542e-02 6.087343679463341761e-02 4.514596096222548982e-01 8.922558159121284083e-02 6.424510625834140010e-02 8.686744980100545577e-02 2.356621229601011669e-01 1.618297308049072014e-01 1.119621785554075072e-01 2.764875776356212622e-02
9.687500000000000000e-01 9.145826940021825613e-02 1.141860350932495521e-01 8.666769282360192728e-02 2.411632115905648077e-01 8.959735113638687964e-02 3.677240583012371111e-01 1.739081086072018778e-01 1.005864472647640812e-01 7.221714244613046396e-02 1.535603268156331656e-02 1.426650190946562591e-01 2.690865224160591818e-01 3.377510442398330981e-01 1.279578632850268405e-01 3.701777504642438099e-02 5.764017999481051147e-02 2.104634285585703646e-01 1.913933588584050272e-01 1.500122406348853221e-03 4.463675665695195777e-02
9.843750000000000000e-01 2.849271080830015693e-02 9.336607943591211656e-02 1.538574938704452832e-01 2.048023508171473439e-01 8.202262320612618840e-02 2.781382031464377791e-01 1.042049877994326440e-01 1.095473076322227117e-02 1.479313937863650091e-02 9.876060905426226055e-02 5.395041426880244420e-03 1.492776142509215920e-01 1.458926992909416638e-02 1.637889316225729294e-02 1.932583252105138372e-01 4.594698330644501200e-02 1.138797781113608382e-01 1.831258649087938728e-01 6.843090792213681051e-02 2.879201351720543992e-02
1.000000000000000000e+00 9.762996110190788265e-03 2.246656484079739557e-01 1.624028628908186778e-01 4.397016771872948593e-01 4.441878927876950420e-03 2.422514770033539488e-01 2.401456530979432236e-01 5.497866861657208642e-02 2.911704224753449699e-01 2.530667759362991154e-01 2.211222435010142678e-02 1.364882758607326441e-01 2.877848883449100059e-01 7.335699291365181673e-02 7.472317510255305217e-02 5.991048032482586272e-02 7.850941781037229505e-02 4.881583405752726312e-02 2.130912761757326190e-01 9.804617328455800251e-02
1.015625000000000000e+00 1.672030628840129318e-01 1.837833492424376658e-01 3.393371517998303860e-02 2.328913491473533909e-02 3.534948159278830139e-03 3.851883300457770859e-02 1.909223031040255258e-01 3.485017403599796615e-01 1.374370936790767772e-01 2.829149586620084422e-01 5.152996537996873405e-01 1.322216845359063756e-03 4.535148107309088794e-01 7.213174208833900147e-02 2.545508509130060548e-01 1.791534204965506971e-01 6.756017402811347224e-03 8.232766224778857722e-02 2.896277913772442036e-01 9.654120109324025936e-03
1.031250000000000000e+00 9.227069325644417230e-02 8.348997644055701495e-03 1.529891623633032327e-01 3.261296124015528597e-01 6.092353729507375693e-02 3.007099276575436742e-02 1.307565228435269844e-01 1.647739781263638237e-01 4.999382230791969001e-02 1.422786565119810998e-01 9.445281548985519360e-02 1.582639136196080931e-01 2.326387871329122989e-02 8.156106650127205315e-02 2.664550713659901149e-01 7.169266428921303169e-02 7.237249098252802881e-02 9.314387339438238295e-03 1.151455100770745754e-01 1.916207680625676701e-01
1.046875000000000000e+00 1.875501022333639356e-02 2.943613229294505043e-02 4.472796083301551484e-02 3.399729073712112791e-04 9.496931547326567524e-02 1.696705127476253738e-01 1.606123544115375668e-01 8.213871049227218502e-02 1.278732389612880025e-03 1.879379749516228437e-01 4.845050501461973386e-02 3.950985603832920905e-03 5.378925314889997436e-03 6.293500570839487274e-02 2.653861144416390025e-02 5.006773251792905333e-01 2.617661836988369739e-01 9.856048107752510973e-03 1.579409913976712043e-01 1.436089305104182035e-01
1.062500000000000000e+00 1.082926891603437462e-02 2.309208464940859795e-01 3.740581363713406382e-02 2.322657774724435353e-01 6.442296625744596550e-02 2.339743629897239868e-03 1.592198942965059316e-01 4.480764234149937630e-01 2.909147349136298813e-02 6.753461147281275556e-02 2.479893139340465236e-01 1.168612284780385785e-01 5.437546188125173124e-02 9.956015153855431177e-02 1.500337126274577659e-01 5.025771601903628039e-01 3.096562532035979087e-01 2.264242593692075006e-02 4.416618068014319803e-02 7.767747847029306263e-03
1.078125000000000000e+00 1.774153495247546564e-01 4.231768497637014015e-01 3.564314735129180817e-02 1.023209172184529059e-01 1.557194177172280258e-01 1.050000237709905991e-02 2.212681989178626185e-01 6.409598646005747191e-02 2.306587454019587077e-02 3.907475515291348317e-02 2.195000189900478682e-01 9.759670427564044737e-03 3.161050887375289192e-02 1.257796690476151447e-01 3.200680900496795656e-01 5.705579144432826322e-02 1.377100076474602024e-02 1.780257057690153855e-01 3.407620085957384966e-03 2.077138935926873750e-02
1.093750000000000000e+00 5.701035790447798318e-02 3.154458375185746344e-01 1.331638772632037782e-01 1.266865200397771229e-01 2.293950113428334381e-01 2.526289682311719242e-01 1.438639423066913337e-01 2.916753551625574925e-01 2.783744187812331461e-02 8.672991437414233340e-02 2.687874509166476855e-01 1.621005654021918929e-01 2.747833233359425753e-01 1.547950399823797840e-01 4.241599107098616428e-01 4.250173862484918907e-01 2.542382895390991188e-02 3.410495484684871181e-01 1.519678369199981560e-01 1.412740856003905643e-01
1.109375000000000000e+00 4.430294308088060518e-02 6.594061980668756984e-02 2.996958517542852585e-01 9.467739102680745866e-02 1.104694634591385227e-01 3.134446011872123461e-01 1.840313400301046287e-01 2.857205344413324410e-02 2.370962869326871947e-01 8.532776396525929008e-02 1.062973299979432379e-01 6.137799474346254947e-01 3.672622786909070236e-02 2.166191598575908928e-01 2.268610289189383900e-01 1.799362025530933107e-01 5.255937275968738248e-02 2.366471711039146719e-01 2.174450786545699954e-01 3.008089788809366616e-01
1.125000000000000000e+00 9.307954085956679502e-02 6.416245670517803715e-03 4.908222402303360349e-02 2.565880072695669867e-02 2.146000649654482839e-01 4.787791014640543213e-02 1.618239832533651112e-01 2.293355415890531157e-01 3.202992813018941121e-01 8.351693646945690386e-02 1.614368789968399498e-01 2.522255139315780492e-01 1.640655241782393303e-01 1.941503872231781780e-01 7.648334618483118574e-02 1.545141495430547157e-02 5.652027383549414891e-02 1.492469148152309466e-01 6.297884712493122261e-02 3.572585404092801786e-01
1.140625000000000000e+00 1.214186187855439136e-01 8.543733611456411081e-02 1.823204822552850768e-01 5.004275535290091115e-02 3.576099002357035483e-01 2.073718463451742697e-02 1.090047851085481495e-02 2.972244879204088974e-01 8.037095951751352385e-02 2.369956263377140729e-02 5.743437517569058848e-01 3.899565821697271728e-01 2.003221680520321790e-01 2.764520966611294095e-01 4.544834727678745412e-02 1.201785385596447903e-01 4.185478237172736704e-01 1.750584296841321136e-02 3.114309903964800896e-01 3.830574385810531918e-02
1.156250000000000000e+00 2.154866561799284874e-01 1.833662096662845020e-01 2.526947949823787898e-01 1.121127940991414190e-01 2.358371493299850630e-01 6.662401683835311728e-02 1.523869801007018618e-02 3.963457904988920144e-01 8.148795776994460782e-02 1.704682588587408121e-01 2.268392046971849374e-01 8.505785448774476343e-02 2.650657616953663864e-02 1.655061758819860451e-01 8.131738459826924267e-03 1.348798400124958385e-01 1.052171607995738972e-01 7.039447135777779363e-02 1.214227370296080688e-01 6.515675697840546399e-02
1.171875000000000000e+00 1.147237977549227933e-01 8.199649210897705376e-02 4.772051380135539089e-02 1.104672712927905753e-01 1.848042915081924142e-01 2.168730043625008708e-01 4.662146149186468386e-02 8.028758416133023601e-02 8.404025755406020759e-02 2.626095124151368587e-01 1.819867137745296293e-01 2.536369295547084013e-01 1.794357747951901838e-01 4.942808023959425340e-02 3.387225458655080956e-01 1.175201732877187433e-02 1.557907379401439751e-01 9.645683252429786136e-02 1.002854579544559671e-01 1.989349882540942527e-01
1.187500000000000000e+00 1.236749384194946871e-01 1.134131173727246644e-01 1.823561127388430639e-02 1.248445057418802878e-01 1.320982024895327178e-01 2.159250381408031882e-01 6.319121663410742773e-02 5.160364875730936302e-02 1.356692320346359615e-01 1.528127304243772633e-01 8.481491721757358770e-02 1.510954137596546010e-01 2.771615055320740262e-01 2.067912357744388363e-01 3.929942233225255932e-02 4.739635370103882639e-02 2.316148116194052531e-01 1.167271921433648135e-01 1.227747671169677895e-01 1.859596560551807221e-01
1.203125000000000000e+00 6.171603459972525851e-02 5.017439048295000426e-01 1.660774916458451766e-02 3.846151427789084448e-02 6.860474005947461706e-02 1.658107731835160581e-01 1.250019913538096550e-01 2.117320526508655043e-01 1.419860110683736076e-01 1.511123220595324834e-01 1.346458341402151093e-01 1.193008981402614993e-01 3.052969736209192875e-01 4.753654774369617253e-01 3.000934448357474582e-01 1.113896223416355746e-01 1.695864533267341379e-01 3.717219541505025759e-01 1.570183142316906866e-01 2.353431783147612311e-02
1.218750000000000000e+00 2.726140713069229865e-02 4.631647534533215316e-01 3.502526986637976431e-02 3.426400241162975285e-02 1.220436888115788154e-01 9.011031804564097192e-02 1.416375362990959508e-01 1.487698850106261295e-01 1.075536880751973151e-01 3.237195956932097385e-01 1.927466417950249311e-01 1.943120849996653465e-01 2.126419102769150082e-01 3.877969389580069870e-01 3.429541638188042807e-01 1.970298198189422145e-01 2.490939502572531716e-01 1.191635565048749373e-01 9.924357504660692719e-02 1.255749427843218247e-01
1.234375000000000000e+00 4.693918955590709041e-02 8.059419197409319058e-02 2.527918172880918787e-02 3.700176592368158990e-01 1.461540674138706031e-01 1.128309009365243698e-01 2.909865990883527820e-01 9.399515950718603796e-02 2.437185406473131588e-02 1.623916588440250941e-01 1.367529752947472740e-02 5.313897460104650694e-01 3.267544397061147299e-01 4.246908037120824403e-02 1.390809275426735936e-01 3.631390291949168625e-02 1.531399565472534204e-02 1.542288099863784595e-02 1.493394131253888146e-01 1.264849945085488592e-01
1.250000000000000000e+00 5.209401499563572763e-02 6.327592608298841792e-02 5.408361538214193076e-02 2.628939684519553954e-01 7.996448734683967927e-03 2.291797769254808742e-02 1.101201851429010475e-01 7.313399704702894244e-02 1.355865293307319253e-01 4.662482506573865926e-02 1.204555509191785195e-01 1.747667819953885593e-01 2.726095139200716486e-03 3.318994324730445977e-01 1.846662089613232416e-01 5.202436078750401205e-02 2.886929439094966798e-01 6.634720989603981600e-02 7.722893141128381322e-02 4.298509869645095738e-01
1.265625000000000000e+00 4.483725198673568779e-02 4.362375394189628788e-03 3.330106600620776902e-01 1.282133228789398283e-01 1.236646927058313167e-01 5.511510937982402186e-02 6.525176896751276601e-02 1.067435174851005669e-01 5.499215332602822720e-02 1.082887153374626071e-01 1.960147162307893792e-02 6.746541534121069938e-02 3.680403891755387041e-02 2.831322209977254339e-02 1.216760808734513311e-01 2.215167155788471676e-01 6.722354485735210217e-02 4.157692064236732654e-01 1.128099526042573159e-02 1.237815250683064749e-01
1.281250000000000000e+00 1.868073652286464728e-02 1.846692525187886014e-02 1.348415537949783638e-01 1.520854034841084834e-01 4.539639173631426772e-01 6.633965942490517576e-02 2.308231625006313958e-01 4.033544933019244105e-01 8.988820097128179254e-02 5.766818444146604161e-02 1.566120940105697468e-01 1.899710206655537970e-01 6.942981421261620878e-02 2.184584845469232303e-02 1.004706057449005485e-01 9.314979590365735085e-02 1.082399544071844036e-02 2.972238620744648840e-01 1.016802499520632480e-01 4.405523271890610798e-02
1.296875000000000000e+00 1.645703739124621257e-01 2.286714416114423998e-01 7.340156956031262947e-02 2.007172145081632664e-01 1.096832012345320267e-01 1.369867450434105183e-01 4.932276471416852798e-02 4.176667782310847232e-02 1.329896225431491663e-01 2.196480185777409735e-02 1.909286619824763220e-01 6.817954363791201011e-02 2.979762158376149037e-02 3.016294565822486701e-02 1.792173815734651038e-02 1.847144942195584894e-01 1.519237087835462463e-01 3.323692267092313024e-01 9.680395242394511379e-02 2.184155593324848404e-02
1.312500000000000000e+00 2.116399447174978632e-01 1.483128757124047570e-01 5.631366184829967453e-02 3.261923231860540118e-01 3.303839705376622748e-01 1.292025105429410459e-01 5.377580337287779164e-03 2.153008155133693743e-02 2.724195058836439975e-01 3.216345979505678965e-02 5.217359988924335362e-02 4.217630457981200870e-02 2.666212021718616376e-01 3.018384442497914349e-02 9.306239943868112319e-02 1.522968179248229970e-01 7.181281701192700206e-02 7.748925164819847611e-02 2.791713364511433544e-03 2.850773765222369693e-02
1.328125000000000000e+00 6.911285734158102712e-02 8.528876707270598156e-02 4.913656368328316038e-02 9.425679344671984705e-03 3.128928942899834031e-01 1.084292460564146854e-01 1.012219456962653863e-01 8.827868692798254702e-02 1.278460417416925343e-01 5.709276777396673358e-02 2.321064166574593381e-03 3.306826970920445086e-01 6.408721438588924069e-02 8.287113934832703033e-02 3.250930124806269972e-01 2.468260419558793717e-01 1.021406502750986933e-01 7.471035511143061039e-03 2.243922280700627603e-01 2.595641943677625685e-01
1.343750000000000000e+00 2.637252801387976117e-02 2.074248011594328478e-01 9.364987790262178924e-02 3.603216413773512317e-01 6.634324295006016614e-02 5.948025858878699251e-02 3.094940006412689737e-01 2.704444913659922456e-01 5.858739197296635587e-02 1.340893262050046886e-01 9.254032822726172836e-02 6.033502529995156405e-02 1.739065602684590831e-02 1.745010586760895599e-01 4.298718858836736434e-01 1.177291420421779089e-01 1.286504177672531668e-01 5.685777198214510969e-02 1.137835932669640365e-01 2.062203634729386226e-01
1.359375000000000000e+00 1.110666185114257132e-01 9.741390352236813099e-02 2.470555303278356707e-01 3.789311764711491420e-02 7.868168677404734773e-03 1.045612395956309754e-01 3.194357024662922151e-01 2.229959144913925273e-01 1.675171839059721723e-01 2.493590516412465610e-02 3.059975344295160493e-01 2.052696570823011810e-02 1.968387827000790680e-01 1.922131158674867668e-01 7.299768468435083313e-02 3.093918743701971549e-02 4.665274284579061514e-02 5.155050179357723722e-02 7.151459438999557827e-02 9.498270362062365135e-02
1.375000000000000000e+00 3.438358024606555374e-02 9.974481301141233103e-02 3.399738181799879522e-01 3.898924618068948522e-01 7.612442110105471782e-02 1.076587614140141341e-01 3.667630258109171870e-01 2.916427690544573514e-02 9.003425536607170820e-02 1.189223417735094102e-01 6.340646339382802199e-02 1.901240647615374257e-01 3.192847124537203096e-01 2.597886898432937852e-01 2.551564378624664262e-03 5.989423814718183164e-02 6.350161003577350916e-02 1.846044820522087238e-01 1.654926317762593080e-01 1.326663810193035309e-01
1.390625000000000000e+00 2.566654693277126142e-02 9.300399136495356156e-02 6.828750967487601242e-02 9.582411569392673689e-02 1.478541464178104170e-01 2.121441434413559868e-01 1.857427340110717473e-01 2.803482557256452568e-01 1.320906220628716675e-02 3.181667972652156839e-01 1.240180964272040789e-02 3.086712812637503744e-01 2.144762712664650683e-01 3.276206940918245381e-01 7.605394281052016425e-02 9.492917223676433647e-02 2.634114971670113714e-02 1.049571078339168878e-01 1.178280877752773195e-02 2.755379064165618952e-01
1.406250000000000000e+00 9.445773867521256584e-02 6.882087840274468682e-02 3.982551537717413104e-02 1.321992240736775404e-01 1.173957362586734304e-01 8.853497724856938811e-02 1.345924538836988371e-01 7.376441262284891276e-02 9.823503467997613675e-03 1.981889817715640767e-01 1.199411140508562512e-01 3.380477344029605424e-01 3.518547705275618664e-01 8.195876846222648060e-02 2.727441213905781314e-01 2.678678307967904612e-02 1.818770511438524973e-02 8.104516402535835717e-02 7.644383396410288356e-02 7.638055902920773410e-02
1.421875000000000000e+00 1.209564709374696123e-01 2.580538405036727490e-01 1.462224733872305275e-02 6.127257903995769750e-02 1.938246107137199872e-02 2.820542849180275244e-02 2.029446261791860717e-01 2.933915898254245147e-01 2.646043940540875328e-01 2.049767378503819515e-01 7.349252905215751530e-02 8.121292010270239614e-02 2.274529390514131721e-01 2.936937587012117268e-01 4.653207506634367552e-01 5.585759411931446455e-02 4.843555603332983656e-03 3.075469899547840502e-02 1.561420258480002432e-01 6.424381018714418745e-02
1.437500000000000000e+00 7.317225896116002701e-03 2.562066401766829871e-01 1.980528376844573335e-01 2.060235508831121387e-01 9.020086615370119520e-02 1.772651938360744750e-01 2.775938789773795268e-01 2.870774486925785698e-03 1.823427005680450796e-01 1.856805936833835213e-01 1.057558124646947456e-01 7.011021375270222178e-01 5.129516863353342920e-02 1.351328296054816192e-01 2.360211396105792447e-01 3.515449279801480253e-02 2.103543086709845633e-02 1.234347455985603387e-01 4.427400127908523997e-01 9.503793409637477374e-02
1.453125000000000000e+00 6.142013664666972489e-02 5.368111001497938989e-02 1.937559190267842402e-01 5.698836494114487006e-02 2.352359817812683385e-01 1.364626799679385938e-01 2.554903225565677283e-01 1.728396485494752277e-01 2.045204196184663148e-01 2.513959904703624293e-01 4.227952887080450861e-02 3.408088893002623188e-01 1.244789192919820882e-02 7.223542553570115425e-03 2.416796205118805496e-02 5.262369705189012814e-02 2.545407394627688946e-01 1.953106205740808010e-01 4.566911017775716897e-02 1.188040346229135291e-01
1.468750000000000000e+00 3.625513725965748835e-01 3.405719067205192907e-02 3.715399482758416361e-02 1.504155984616931951e-01 2.345705650516862195e-01 3.267563285802760342e-02 5.121430622822082529e-02 1.601942198737411893e-01 1.169795434082243901e-01 4.668303728242106931e-02 2.913877635951519496e-01 4.733388385430654932e-02 2.301065270205664409e-03 2.760333025209574589e-02 1.147065110027604695e-01 2.851855817658909831e-01 1.091012151580416228e-01 1.855561477629371625e-01 1.386487782281194681e-01 2.626387511673473618e-01
1.484375000000000000e+00 1.655936867036706950e-01 1.002150026179526258e-03 2.706730288476153629e-02 1.348756960531798943e-01 4.331468502419881517e-02 2.302115132832232430e-02 1.347052391825819158e-02 7.230251247525749936e-02 8.661272028224728525e-02 7.565709299039694025e-02 9.165832270005780380e-02 4.186846661274042369e-01 1.426740397955216233e-01 7.176590633979719469e-02 2.133835096605598003e-01 3.179510886231750599e-01 9.241464382633068908e-03 2.848799644225248340e-01 9.539272445473524764e-02 3.594972233402973782e-01
1.500000000000000000e+00 3.820075083701631596e-02 3.819777200771751202e-02 3.178778287218304854e-02 3.015145061473505361e-01 2.581504777911201032e-01 1.348846919637112785e-01 1.370175009879476824e-01 1.281489765033357320e-01 1.983442161762560552e-01 1.203274148603471760e-01 2.929787232548207165e-01 5.013969322111330174e-01 1.890752305143679479e-02 4.706500702717593687e-01 3.280497218469620446e-02 9.261451093376868449e-02 3.813026917018083051e-01 6.858807003788489239e-04 3.455950821650460164e-02 2.135984056261030009e-02
1.515625000000000000e+00 8.128285161489892663e-02 1.445018408503180585e-01 3.587256363095300132e-02 3.565659895841712806e-02 8.866067966579491144e-02 5.488751070980056879e-01 9.788582601426533414e-02 2.545704708648547920e-01 1.540340781354355704e-01 6.333186216114256029e-02 9.165589754038787340e-02 5.371529818092355552e-02 2.352037618083347714e-01 3.444622648217453009e-01 1.778896564244130674e-01 4.072249539029895726e-02 3.198354218438353436e-01 4.238209723138649382e-03 2.470350336334916838e-02 5.067301395290309263e-02
1.531250000000000000e+00 1.440807716300890606e-01 1.740634476132459640e-01 8.069688031642406612e-02 3.014880391626935108e-01 1.644236200939865611e-01 1.029900769138641370e-01 1.395673600872257281e-01 5.119256120559279033e-01 5.332917996304421121e-02 2.778670227700804629e-01 1.501671018615102771e-01 5.014534720686505270e-02 7.653782577843350199e-02 2.874442996414412477e-01 1.915757192696519451e-01 2.258140194129980571e-01 1.181181657946544367e-01 1.218706063888832236e-01 8.810696568630534131e-02 6.493914667090028292e-02
1.546875000000000000e+00 6.641784789844946968e-02 5.133166574200243026e-01 1.888898155758646780e-01 1.478273925964878610e-01 5.228234592637775666e-03 6.260294873299646588e-03 5.960549379854693242e-02 8.040617713127526378e-02 8.409793706669086572e-03 3.701878518123453699e-01 1.815674390339454547e-01 1.119867934162839807e-01 4.165471562762964042e-01 2.397848042273738323e-01 6.729132534962488366e-02 7.619268017320704467e-02 1.376546515004246907e-01 2.844871152402895231e-01 6.262602531015189211e-02 4.737305624356678152e-02
1.562500000000000000e+00 1.731468918247355271e-01 4.678459176620478055e-01 4.203286744134684394e-01 4.603985109972379142e-02 8.710789350152030319e-02 3.497182595417550055e-01 1.361468562666763582e-02 3.782403401514455865e-01 9.635274679411987009e-02 1.632254965399493329e-01 3.308343447946345273e-01 1.032741405781346655e-01 3.249990894858424406e-01 5.523383477646984785e-01 3.902224548130445725e-01 1.679810661707761277e-01 1.484122492920186831e-01 3.756009278770238713e-01 6.718934843672537405e-02 2.200476647056509583e-01
1.578125000000000000e+00 2.094176673246109233e-01 1.359549404419105878e-01 6.495656754662341159e-01 1.570713700594055240e-01 5.515457738906938134e-01 1.565502125552656609e-01 1.916153013896905455e-01 2.832874367511064584e-01 1.042905533361140197e-01 1.012886324996188636e-01 9.801327376761166665e-02 4.829368065030327228e-01 2.027351035166305437e-01 3.320942384567783234e-01 8.360608719237927478e-02 1.483971170918706173e-01 1.850151088170220448e-01 2.023353345076093213e-01 5.312629069845124091e-02 3.152057965423404884e-01
1.593750000000000000e+00 1.229380223513526216e-01 1.953854721433307892e-02 2.734100508601688961e-02 2.596063592835379796e-01 6.130682164383739058e-02 1.297416762506163335e-01 4.292429485403684297e-01 3.321025340842481688e-01 2.677695500359346115e-01 1.154242885622983744e-01 4.285363566715789108e-01 1.729716155691794766e-02 1.779488795377872357e-01 3.675089375006827547e-03 1.199270372850825273e-01 1.822541449246212197e-01 4.856622551931324971e-01 3.486691413589728533e-02 2.168729228582448945e-02 4.014061437269152988e-01
1.609375000000000000e+00 1.132786163754304076e-01 2.818718371192925967e-02 1.755697937715913759e-02 2.277238451468994174e-01 2.542490197590729917e-01 1.104988097789757172e-02 1.917146986085129234e-01 4.979751776970423038e-01 3.142532631082731176e-01 9.980400589089562235e-02 2.501930373585155576e-01 1.400833763041595403e-01 1.343282621619487464e-02 1.589603539537826904e-01 1.159341731246157775e-01 2.788798446271842923e-01 1.508675842351406837e-01 2.623197375579615701e-02 2.814593418973124553e-02 2.860801953957288202e-01
1.625000000000000000e+00 9.868762517581994298e-02 7.227679664414257688e-02 1.103646762574468990e-02 2.229395767385976002e-01 5.517669419615010007e-01 1.978150894277949101e-01 1.813185656506086443e-02 4.166421245204103563e-02 4.207803183765784771e-02 8.450327613972387353e-02 9.653930917335602768e-02 9.170123833758163368e-02 4.430722364768983901e-02 1.139436403155446309e-01 3.936248067778900794e-01 3.197217815971272609e-02 3.329156379539217891e-02 1.598596848389287339e-01 3.284239470416469575e-02 7.421949302778026170e-02
1.640625000000000000e+00 2.615368991724438819e-01 2.388299067017530530e-01 2.633807796668449427e-02 1.454060567662301129e-01 2.113455218634456845e-01 2.566062339592400585e-02 1.130590135515115689e-02 1.241739810157287960e-01 1.006451901505547308e-01 1.142995337384963284e-01 9.277584495407886767e-02 2.177415345917344675e-02 3.733287794706785512e-01 1.595106423820789043e-01 3.771162451998124054e-01 4.965815157410251313e-02 7.516254784725619198e-02 2.143718053723491501e-01 1.683554135716093178e-02 9.533082393187289338e-02
1.656250000000000000e+00 7.969504614165077994e-02 1.726754544702257255e-01 2.040510981374152599e-01 3.119879500373674008e-01 6.364121063765694475e-02 8.930171400736373888e-02 8.290233416206596595e-02 1.961966264399324644e-01 1.649437982378878786e-01 7.645917459838805219e-02 4.254675225827708740e-01 6.317311599255353389e-04 6.699074644333113081e-03 4.781270280391516359e-01 3.955043162564273462e-01 1.521056745412115718e-01 1.504558234681481477e-01 1.104957666098697472e-01 2.081968952254112937e-01 1.958320305607679293e-02
1.671875000000000000e+00 2.494025870878674445e-02 1.065100465939315261e-01 1.420539151634429842e-01 2.671331539993819504e-02 1.187679529582691684e-01 2.230609575984776605e-02 2.073801529541993149e-01 2.700369284107719328e-03 3.783422865789097811e-01 5.966950251885001777e-02 1.261499264193229053e-01 3.361054706922381730e-01 3.077190578160791598e-02 6.271004295372529791e-01 4.005288315721210191e-02 2.445565951644571370e-02 2.753876466376907473e-02 3.094872114197710911e-02 6.240647945138177305e-02 1.265403146724135008e-01
1.687500000000000000e+00 7.246340730192989132e-02 8.910252835527261717e-02 5.088922503608506176e-02 1.140717289813762414e-01 3.401298167593131416e-01 4.029397653473770768e-02 2.559949024343068091e-02 9.503904219981250748e-03 9.100930141998645612e-03 6.709143270489870137e-02 8.658282446936965693e-02 2.889414277658912678e-01 2.022523379270819155e-01 2.902540480887724206e-01 1.639896732839208060e-01 1.862401733132450221e-01 1.252924539555589911e-01 9.198733626827354515e-03 1.399031651837359946e-01 2.055234279993118918e-01
1.703125000000000000e+00 1.221310172531220178e-01 1.719631098440890099e-02 9.429169288086719503e-02 1.431396028082783101e-01 4.290652986965780985e-02 5.877592903705860516e-01 2.054731058998697513e-01 1.772370556532302799e-01 7.701469069156800795e-02 3.007071943947109763e-02 1.790080841461684225e-01 2.687191326029411340e-02 5.125587354564446058e-02 2.018356467139583443e-01 1.073208571619353874e-01 1.070512617615638623e-01 4.954476170614394853e-02 1.210194857913427478e-02 4.782269857564726279e-02 5.183730269910553912e-02
1.718750000000000000e+00 2.181439774761249548e-02 5.459384774553707742e-02 2.698508700939127730e-02 7.227405449089264744e-01 8.509616910298138659e-02 2.675606947790175605e-01 1.994983853028095833e-01 4.172816049142434591e-02 7.010089810355311923e-02 1.122240107594238145e-01 2.352393461748344128e-01 1.080799930074434895e-01 3.776902881836464165e-01 1.490906086544319196e-03 2.576180366255135037e-02 2.217457954582458535e-01 3.424877592523727348e-03 3.041208309433721113e-01 1.849961453856906746e-01 5.779039599993876508e-02
1.734375000000000000e+00 2.083739085063266161e-01 6.737898713980132459e-02 8.131582253137809024e-02 1.005191141405299832e-01 4.964158902248572841e-02 8.833092178714513311e-04 3.299207763018929263e-01 6.919027725368637888e-04 1.633181438107775552e-01 5.382799947118927647e-02 1.779118137983153047e-01 3.492608615768580949e-01 3.920348173548031667e-01 3.989076889545723620e-02 8.914549197111981682e-02 8.623067126089674350e-02 9.121374778521565418e-02 3.596584860432173736e-01 8.951277846406328897e-02 6.392945088128348073e-03
1.750000000000000000e+00 2.108130357086942797e-01 9.607166084708043674e-02 1.028396459671118840e-01 1.320685507288342775e-01 2.646430497486915723e-01 3.469760741045654906e-02 1.029936847059668009e-01 3.975517535876434139e-02 1.051827046906547714e-01 2.260756759943818028e-01 6.273509721470060807e-02 3.080291375974468782e-01 3.916236225434762568e-04 1.138736412215427540e-01 1.668654124458158750e-01 1.408986348461211680e-01 1.289270353026265858e-01 2.080449814614981352e-01 1.372695897090019379e-01 6.741366108885296984e-03
1.765625000000000000e+00 2.506359618636172515e-01 2.170974215173096245e-01 1.210929161202256993e-01 3.600109550012970394e-01 2.431451904713536130e-02 9.444628322271764881e-03 3.342941874905379640e-01 6.209103496424202007e-01 1.365334703347797773e-01 4.643305259044205324e-01 1.424329579449047645e-02 1.625318564525895237e-01 3.949424781664374051e-01 7.748616667116627055e-02 3.756099991840342045e-02 2.092178525528372857e-01 2.270675382784163865e-01 1.402004616038862728e-01 2.823426992878011466e-02 3.369861718139770951e-02
1.781250000000000000e+00 8.848599000898206557e-02 2.655500638246565126e-01 1.557338020945822910e-01 2.644811034021481433e-01 5.223974927190129514e-03 3.691952214218482270e-02 4.989442348773951985e-01 3.982945025689299534e-01 1.635224879751238092e-01 2.363159249071966339e-01 1.451673603089606024e-01 1.032967283107744799e-01 2.380252454366199033e-01 3.326122343114938928e-01 2.121721303492968558e-01 1.040542046277594633e-02 2.328775059033938999e-01 1.292936668142826220e-02 1.521672841446240765e-01 5.953977575404835465e-02
1.796875000000000000e+00 1.121719660210823560e-01 1.765468141609486397e-01 2.221921899627949670e-01 1.965205601161101601e-01 1.611387740861383033e-01 2.963232623900050391e-02 3.918439270173947331e-01 2.644962344392636777e-01 8.693519251981238205e-02 1.746571734747326687e-01 8.582362810215890536e-02 2.836389725947790694e-02 1.251192615845192757e-01 2.680504515685408484e-01 8.408958679387842916e-02 3.056960059045733535e-01 3.973019525232936860e-02 3.495955640679769029e-03 2.118345865383804982e-01 5.028142086339723593e-02
1.812500000000000000e+00 1.547164030020340697e-01 5.512606809483468900e-02 2.059853555974903716e-01 1.117806662129261670e-02 7.122406214037022010e-02 1.856860068575731382e-01 1.003331928607357343e-01 8.919173064272313545e-02 2.132373392626112363e-01 1.174071439196553296e-01 4.015928150304587940e-01 3.374344623094806539e-01 3.943398105444840401e-02 2.386810208448441467e-02 2.219944581672048944e-01 2.407583276778387793e-01 1.023256221600041954e-02 5.859897472952935865e-02 1.027539437165875813e-01 2.916662473246995346e-01
1.828125000000000000e+00 8.833982492873827808e-02 4.551065143723706410e-04 3.705899780207586817e-03 1.998716708935654451e-01 3.635737579725761143e-02 8.410909778793028424e-02 1.436663000514501187e-01 2.334086822726247346e-01 1.031658885068279935e-01 4.266387198361408506e-02 4.138226621602870969e-02 3.941217439847557319e-02 9.768994582260820403e-02 1.990735215966438210e-01 1.307769387159071761e-01 1.565156631083449434e-01 2.154796370206955858e-01 7.580199558416189642e-02 6.254714140022553381e-02 3.929889232710618852e-01
1.843750000000000000e+00 1.801756202645410643e-01 6.626822601460936879e-02 3.341677110071551021e-02 2.331418601250555833e-01 1.269623076519529360e-02 2.613222731415593136e-01 2.087146875474074903e-01 2.418253580147510795e-01 3.449410162592946028e-02 5.979330833161557862e-02 3.315625025239803958e-01 5.607663363987250849e-01 1.069085626274127732e-01 8.469677745748634135e-02 7.374277458591181611e-02 5.308386404636186162e-01 4.182144684367346543e-01 2.054021844192851776e-01 1.495804133955011724e-02 7.753932998532141185e-02
1.859375000000000000e+00 1.843923553513732438e-01 1.653781979355683496e-01 4.857998510346980131e-02 4.817573107450379144e-02 1.117005575023562597e-01 3.331344899297405959e-02 1.805671413391750635e-01 4.102135359559759831e-01 2.039764586090410045e-02 2.912246872380926457e-02 1.537047124765356931e-01 1.549554425109886668e-01 3.197699057901745023e-01 4.115138937280296560e-01 3.509996046549322679e-02 2.281834199976016323e-04 2.652836466063954526e-02 9.397532106936515306e-02 7.815292270289334042e-02 1.304386335819699150e-01
1.875000000000000000e+00 9.444222493797688189e-02 1.699467796251341589e-01 1.274485295383254446e-01 1.558249484519760308e-01 1.610375226818174799e-01 1.054159853911173367e-01 2.443748548808134802e-01 5.665684178058413845e-02 1.876470508779037524e-02 2.796513404668229397e-01 2.386627635761738031e-01 3.053915368398447128e-01 2.445896604575453215e-01 1.339522765240711566e-01 2.309785461799879758e-01 1.699840583004984529e-01 2.581083350927997899e-01 1.358937204608465753e-02 1.841581710322309218e-01 7.587565256378370898e-03
1.890625000000000000e+00 1.130859474493067784e-01 1.373729417858255419e-01 2.286006866335740240e-01 2.914751519152780079e-01 1.187389489726756037e-01 6.506418985505232899e-02 3.098880595823665929e-01 2.089448974851902674e-01 1.695844211518745814e-01 6.212561882042282324e-01 2.613273571211325308e-01 3.834425052657564059e-02 6.004903746903165335e-02 5.189358609457764282e-02 4.644518973674468393e-02 1.686690808844961420e-01 5.471528990324269620e-02 5.878031394594299130e-02 2.897194574081926599e-01 6.945869717521047093e-02
1.906250000000000000e+00 2.493508271299394174e-01 1.342621127038212681e-01 8.087032335673460803e-02 4.905063280755221911e-01 7.927485860191814393e-02 6.874211485686235017e-03 2.540257707999854508e-01 1.175529221928659912e-01 1.137342217307342751e-01 1.289997640422755609e-01 3.117764692018338279e-01 8.249137771635037253e-02 3.612747682921156889e-01 9.786729105395450268e-02 1.102522847449247667e-01 4.915768883208280343e-02 2.515755414508593635e-01 3.587950501439323703e-01 7.171997387771072985e-02 7.254598761987386679e-02
1.921875000000000000e+00 1.210321713933190102e-01 4.988837362379799217e-02 3.132426790527549632e-02 1.436930433444708055e-02 7.220167842784482037e-02 8.783989711650943763e-03 5.005314413691330788e-02 2.616981559154882286e-01 4.286072506857514508e-01 3.085095089798434859e-02 4.041098899107053999e-01 2.568669448086848273e-01 1.304963731035188867e-01 1.297400741620856890e-01 2.456131264692853339e-02 6.381109092464137302e-03 1.128067147884041083e-01 4.506986775887336094e-01 1.320605910823653001e-02 7.564706857617154410e-03
1.937500000000000000e+00 6.832770832186811638e-02 4.690085847904348904e-02 1.663487694858681587e-01 1.183299828882477533e-01 3.000829053525761458e-01 5.300082178079162237e-02 1.976517225849387938e-01 1.148142401739800783e-01 1.583054546929849038e-01 1.313956436144188278e-01 2.582508366064230620e-01 1.361560598017137191e-01 4.377925259135442282e-01 2.420218704721902037e-02 2.805246049573393852e-01 1.338605283477826424e-01 8.536360537659310951e-03 4.032342168165430063e-02 6.647349359606223584e-02 1.882254792437475510e-01
1.953125000000000000e+00 6.810984018408559881e-02 1.954040421102199235e-02 6.441290322901746523e-02 2.024451887972568698e-01 4.036291966765488681e-02 1.991694138369648204e-01 1.034181782058401639e-01 1.101534383833168290e-01 2.092762466511959019e-02 2.561623424367395069e-02 1.318791553289973828e-01 1.093168169820283447e-01 1.500911978701480465e-01 5.717263781931571781e-02 3.618780469840787162e-01 1.477595250654660797e-01 1.297724685949031287e-01 3.115283630487968025e-02 1.746450590231553024e-01 6.621346756375645626e-01
1.968750000000000000e+00 1.566908597449923335e-01 6.822254179603837176e-02 1.872274478797369135e-01 3.966536768749848729e-01 1.759550159781761713e-01 1.492029919492416645e-01 5.519066461668339224e-02 1.152137932173399049e-01 8.182488832851154970e-02 8.261505559673343324e-02 4.746957154722825090e-02 4.174420638906641695e-02 2.749216668324134735e-02 2.211630335648363255e-01 2.432077998294663590e-01 1.755501067251233061e-01 1.327796924972249847e-02 9.991974608477430242e-02 1.669090139689520802e-01 3.013448609018840041e-01
1.984375000000000000e+00 2.926434061642250173e-01 3.122956565676063834e-01 4.080233122975847060e-01 1.199429195545985288e-01 1.248937244249586631e-01 2.769622826771782065e-01 8.874153699705586429e-02 2.503024539561205519e-01 1.791382718539613061e-01 1.053302994461516179e-01 4.447247850599885671e-02 1.516002360656522330e-01 1.327073583754526942e-01 2.836435955481291238e-01 2.194503763893980788e-02 2.882143785622318100e-01 1.885996698680421635e-01 1.148017607669934853e-01 4.036698625732257906e-01 2.154485246922816996e-02
2.000000000000000000e+00 1.846279343676503482e-01 4.016601310531189295e-01 3.396719765541484914e-01 2.261270674455112106e-03 5.825384846848179893e-02 7.219556190009459584e-01 3.788740037294625884e-02 2.006524556752908584e-01 2.278765225956700183e-02 1.075741186952667017e-01 1.308608257636165173e-02 1.247191135039328602e-02 2.054030894487194059e-01 3.101905264706165122e-01 1.606771837498616184e-01 7.761374339414728318e-02 1.428611297344453135e-01 2.682951572625917255e-02 1.013691449357432689e-01 4.592127230196494519e-02
