0.000000000000000000e+00 4.132664214995194762e-01 3.688240187016041394e-01 4.262386014982157828e-02 1.518786800009802596e-01 1.568958222448667283e-01 6.286491299158415424e-01 2.259467699456304268e-01 1.298141689394504139e-01 9.854473951901355361e-03 1.467571932639910870e-01 4.500181169173371742e-01 1.033935081377472699e-04 4.996348802679512202e-02 9.249775896652230600e-02 8.311125030494874444e-02 1.019685632074099485e-01 7.859137672233183769e-02 1.890503556752815353e-02 3.414545817657265586e-02 7.350978619844422690e-02
1.562500000000000000e-02 3.244296173569872210e-01 2.359385710863519392e-01 1.418421359759988176e-01 2.037245136601869427e-02 7.875968872055445769e-03 5.463673949522567241e-01 1.012965386409754066e-02 2.007176325001359674e-01 3.692559643237853378e-02 1.995225682151393898e-01 2.996412361683249426e-01 2.647697261038867503e-02 2.452274258733556922e-02 2.171946926931970223e-01 2.091152897784068765e-01 2.835804492511687647e-01 1.067252442034446851e-02 9.053541659771778549e-02 7.358562513206179378e-02 9.804280146678535923e-02
3.125000000000000000e-02 1.424110336090664460e-02 2.460888362901744730e-01 2.415429492106086970e-02 7.833281818678898556e-02 1.415271320375450503e-01 1.434923612818717609e-01 1.661694185012433378e-01 1.075731373902701626e-01 1.113475145865501503e-01 1.531784440497521993e-01 1.186751551359836593e-01 9.817322824442503704e-02 1.457794585480137739e-01 3.891575651532276636e-02 5.221606706597450159e-02 1.441111683542915245e-01 1.151311920580668918e-01 1.403068844337379550e-01 3.763860818175228662e-01 1.663246052191435023e-02
4.687500000000000000e-02 3.893361565589413265e-01 2.370255874052615841e-01 2.210694044807637315e-01 5.286226655429081961e-02 1.506312272557646104e-01 8.641657716013718959e-02 2.136159527874436914e-01 3.451463015547937552e-01 2.496642382606636401e-01 1.364225955888125896e-01 2.307192104805762256e-01 3.867908483704420725e-02 3.268969561727895212e-01 2.565420885987395039e-01 2.508210258243331880e-01 1.603497948280748625e-02 9.742914901720606258e-02 1.136891292346768334e-01 8.636616199929328386e-02 1.506335889532726402e-01
6.250000000000000000e-02 3.980414237455673909e-01 2.162568641893762023e-01 3.448542190478036673e-01 6.485944769797297171e-01 3.437025162211693741e-01 6.122037278696931262e-01 4.251792125893003038e-01 1.818343307545123577e-01 2.737429944159222028e-01 4.719375787737444677e-02 4.192029283809988183e-01 1.158696380093147821e-01 3.364834540918180128e-01 3.628490896734080096e-01 3.219122702825588656e-01 3.327759679350013045e-01 3.907768715814161631e-01 3.423750572762863653e-01 2.308610525573834629e-02 4.142673134713986682e-01
7.812500000000000000e-02 2.164886527820981399e-01 3.623192518553082220e-01 5.075431411707677087e-01 4.403139824301584571e-01 2.678399618753866118e-01 2.855353806015221707e-01 2.095754230308074506e-01 5.247130778685216157e-01 3.815522035137636769e-01 9.362227406398364316e-02 3.858271157640996707e-01 3.438401081780376733e-01 5.941253778764381543e-01 1.993212609625384102e-01 1.561472251253241961e-01 6.088325290994023309e-01 3.148296459556523264e-01 2.975455365748801428e-01 3.243668885231666965e-01 4.092453883708573326e-01
9.375000000000000000e-02 6.434257667953914295e-01 3.718313179275004599e-01 8.382606720303363568e-02 4.544330700708959503e-01 2.501490048048977122e-01 6.437441647998208838e-01 6.544723363095056312e-01 5.320984668163057929e-01 4.992833831275117484e-01 6.348231097425256486e-01 4.858096244907949557e-01 3.218884788664565511e-01 3.411628482493516135e-01 5.446226829741026565e-01 2.287296630100744688e-01 4.224852089877724204e-01 4.602230206868456741e-01 3.310041543118613649e-01 5.731839521866406439e-01 4.470216657564721197e-01
1.093750000000000000e-01 7.559529569364213941e-01 1.696226337823906749e-01 1.800609073689282413e-01 6.418089185637020355e-01 2.050956452952878428e-01 6.919616142003454096e-01 2.862460537763490964e-01 5.776863662390093745e-01 5.499707965425060241e-01 5.479766268585007927e-01 2.263635788642047453e-01 1.836922365556591941e-01 7.571424497442436063e-01 7.997486191486862239e-01 4.022887532772234653e-01 5.019681914617151186e-01 6.341904433556135867e-01 5.942418028575284783e-01 5.058857250433603792e-01 5.449257532674772753e-01
1.250000000000000000e-01 6.818010987420389801e-01 1.448075258074030536e-01 8.374037405353084162e-01 7.168857810621312998e-01 4.098653805366760938e-01 8.341669682602123048e-01 6.328516100589531845e-01 7.352431649808983671e-01 8.737399204553550902e-01 4.877331353434013472e-01 6.654604651431116347e-01 5.980836720595383849e-01 7.681712815162349273e-01 7.045047515804319094e-01 4.453180880043837719e-01 7.903271542372013458e-01 4.732225855804351178e-01 5.834678734928633315e-01 6.452715596375062646e-01 5.720819827057390672e-01
1.406250000000000000e-01 7.648965198462375215e-01 3.722223716406054539e-01 5.396007709188320733e-01 6.502298089455829100e-01 4.856813479002524137e-01 6.749414826260878852e-01 3.811841476512538018e-01 4.881767246858776388e-01 8.041780180333507611e-01 4.844979456478870627e-01 7.589225665736867299e-01 4.998390131974730366e-01 6.955068265217632106e-01 8.856116517755441286e-01 4.028001990103564078e-01 6.964973751654978118e-01 5.120364003287559695e-01 3.151763740581499107e-01 7.714850169958998860e-01 6.070045309739685591e-01
1.562500000000000000e-01 8.546882941483917584e-01 3.859039939786882423e-01 7.451353712171496779e-01 8.997392010059048761e-01 7.511916104968435759e-01 8.571599288753074530e-01 5.103772978342802080e-01 5.609798063163247139e-01 9.090619791408341976e-01 5.282449566904462435e-01 6.966479746858629252e-01 7.495243841775472982e-01 8.060506242048318670e-01 7.951818826644450056e-01 6.059741593665337600e-01 8.129823660429343901e-01 8.147085098999794495e-01 2.316742311576955593e-01 5.563939652173568451e-01 7.177444081798937114e-01
1.718750000000000000e-01 9.584148728825240271e-01 6.163089483960475512e-01 9.200137839809181539e-01 9.139198396498749988e-01 8.514069986082226649e-01 9.306645656037060288e-01 8.500961262044409716e-01 8.491384543568882837e-01 9.484825494543559499e-01 8.173763547070903579e-01 7.317587416106710041e-01 8.649366951498319578e-01 9.043909499126552287e-01 9.223535423970321556e-01 7.136121084864436304e-01 9.486984811495952075e-01 9.667588269893666597e-01 7.089905301515426750e-01 7.202941155841835474e-01 8.687111736001205120e-01
1.875000000000000000e-01 9.446518522253637418e-01 8.126087646635843376e-01 7.440723723507208787e-01 8.834736740152651091e-01 7.587146652420175830e-01 9.300069901922722870e-01 8.240306212018213561e-01 9.423777833436448592e-01 9.484878704437507135e-01 8.426835046556795383e-01 8.117803872821491851e-01 7.984129148364189632e-01 8.506616728678463302e-01 8.967755015727758572e-01 7.812563403421998176e-01 9.630285526737003554e-01 9.390945468957645481e-01 7.495650637579461817e-01 8.275861525860417345e-01 8.835084206625445358e-01
2.031250000000000000e-01 9.450426416156465503e-01 8.187015144404100608e-01 5.961102923758077043e-01 8.548717357564364905e-01 6.023604699572435717e-01 8.152438216818895800e-01 7.501585686351127658e-01 8.641928280560098319e-01 9.093320420078953026e-01 7.997965679794731830e-01 8.159094029584074148e-01 7.471338266721716526e-01 9.586586613034379090e-01 8.311592189245765594e-01 7.169202486707338950e-01 9.348945075275405525e-01 8.800698478756578957e-01 7.852595524378546132e-01 7.299584610763713011e-01 7.551873463756126892e-01
2.187500000000000000e-01 9.515903898233376568e-01 7.987218235602711047e-01 9.223413563067702770e-01 9.101222428259321262e-01 6.967527386933747291e-01 9.328738886528372687e-01 8.301647629925420491e-01 8.892463418396890917e-01 9.559709190727243566e-01 8.883718046149153835e-01 8.900959642186253573e-01 8.246878479767552061e-01 9.658972349094128163e-01 9.187177886212773981e-01 7.309117350704642524e-01 9.709753435262450383e-01 9.615643932288020501e-01 8.175838657807568133e-01 7.424563605727683147e-01 9.009050717503855887e-01
2.343750000000000000e-01 9.445222679274146715e-01 8.689321411099173442e-01 8.652700942169218035e-01 8.974801310585573955e-01 7.079179932484476190e-01 9.096715722507305868e-01 9.494271970022178930e-01 9.307417589504172195e-01 9.157814822728399529e-01 7.690206931942986657e-01 8.868300991449636905e-01 8.176881321228639532e-01 8.708939230642640528e-01 9.449426236836826476e-01 7.429476005267253713e-01 9.486043250110217651e-01 9.492266791159270634e-01 8.705679002969146651e-01 8.587153216922612797e-01 8.966529765175303979e-01
2.500000000000000000e-01 9.222926687333481421e-01 8.490695550475814146e-01 7.660074097192631770e-01 9.051304551221694972e-01 7.885053137904969311e-01 8.808700426213449397e-01 9.508954634124561212e-01 9.025183374151142246e-01 8.696166478841507175e-01 8.467101414551809757e-01 8.388756893638633638e-01 9.489456831023401762e-01 9.001575659741688495e-01 8.869089577072721831e-01 8.531021569322346787e-01 9.237798957520134691e-01 9.147650551549015852e-01 9.468915101729271644e-01 8.858258551131780179e-01 8.169439156794480184e-01
2.656250000000000000e-01 9.184158847410478499e-01 7.242425919120002442e-01 8.340911009607800963e-01 8.397097311108477902e-01 8.915015021808273543e-01 9.271749566527205388e-01 8.516464105936635276e-01 7.751979648806534007e-01 9.019969437643478027e-01 8.387908420155594236e-01 7.604675257413557876e-01 9.134021782778899423e-01 7.856836784493405057e-01 8.700031469188944655e-01 8.007649946482336967e-01 9.163166935929413226e-01 9.130970217468723504e-01 9.041442379205191227e-01 7.352025178595881227e-01 8.000144130491615435e-01
2.812500000000000000e-01 9.027880060195420109e-01 9.058791404029453709e-01 8.347107158532808269e-01 8.349517707450244686e-01 9.095022590948730334e-01 9.300780030743381888e-01 8.619809495096815155e-01 8.966946480808879461e-01 9.251428369782423999e-01 8.505734901120964864e-01 7.907281713598799389e-01 7.628368148871785825e-01 6.403783850014099777e-01 8.310457040444562127e-01 8.747315704552000026e-01 9.531859227776184884e-01 8.658792500462637598e-01 7.204132953200895750e-01 7.891323568414156941e-01 8.950745539758446778e-01
2.968750000000000000e-01 9.409549160012216085e-01 7.415558483847995985e-01 8.738807758365453315e-01 8.089192465887224959e-01 7.338877935984263745e-01 8.597461725466114535e-01 6.892651933457761837e-01 9.162145504491745474e-01 9.179903115617510378e-01 8.978474351655856278e-01 7.246790117733749037e-01 5.663333546449953460e-01 6.562433041920144872e-01 7.946867831966270002e-01 8.702589741334539886e-01 8.744437826089552779e-01 8.240870479176167773e-01 4.638335084728740787e-01 8.616936285942212725e-01 9.172523334051700949e-01
3.125000000000000000e-01 8.350483520088194389e-01 7.971600373756158042e-01 7.497339910661376949e-01 8.136293456311228800e-01 5.477655058259061072e-01 8.524868980164264087e-01 7.696539884568648349e-01 8.656476033220353861e-01 8.244029590800919793e-01 8.078177470154253026e-01 7.156059342431717596e-01 5.079584850897970183e-01 8.164442253046781950e-01 8.495708390385487974e-01 9.119670009789054843e-01 9.094554732011178588e-01 7.452485355255175081e-01 8.834653354397008496e-01 7.692001115474101924e-01 9.466513372268555715e-01
3.281250000000000000e-01 6.631800112685377613e-01 8.625487856212762372e-01 5.614175793471340992e-01 7.711176353429193275e-01 8.799596645173113352e-01 7.179363007056731583e-01 8.752431888684386596e-01 8.645046184535478684e-01 5.926610045681924843e-01 7.133419575447464966e-01 6.539753789810119899e-01 8.544093083769402908e-01 7.349808282386952607e-01 9.684917394495030640e-01 8.686239548698604374e-01 7.638162144742670634e-01 7.391111433499247818e-01 9.482629827283678425e-01 8.111639657304963169e-01 9.270002579154839051e-01
3.437500000000000000e-01 8.106899971194972965e-01 7.926732987463108726e-01 9.010463802054778926e-01 8.070810293106943645e-01 9.108155255697932828e-01 9.101693792339174971e-01 9.296045323263131266e-01 8.579733991057051368e-01 7.774525319225691344e-01 8.357529151005558266e-01 7.039261190907405430e-01 8.502115069258807667e-01 6.029336786749979193e-01 9.452300091534440174e-01 7.949619448872257133e-01 8.266336023437831360e-01 7.793494749320258874e-01 8.377553084360466196e-01 7.228318781680065364e-01 8.618274938233907445e-01
3.593750000000000000e-01 8.535394005400809281e-01 7.612517828281231136e-01 8.115733071208554028e-01 9.022177301482104950e-01 7.292216434559439797e-01 8.723953195608584732e-01 8.673422837927687867e-01 8.283903657380990992e-01 7.817256603194610021e-01 8.139198273723130539e-01 7.687244249630769133e-01 7.046320670635082273e-01 3.350632929814963967e-01 7.250130714767724083e-01 7.893270219424611822e-01 7.228977043737461194e-01 7.837128467494081097e-01 4.135806977927440897e-01 6.457461473239459737e-01 7.547939252016642175e-01
3.750000000000000000e-01 6.276393058718278128e-01 6.671466828595407073e-01 5.747082477396447953e-01 7.952579468397176221e-01 3.840285301028478204e-01 8.661516360786946089e-01 7.136417607227629745e-01 7.414224401014890553e-01 4.842092538078555108e-01 7.025490660004002352e-01 7.405910744468510165e-01 4.028759948641105204e-01 3.763304227181664685e-01 5.496007543494642045e-01 8.991057414883706356e-01 6.097143947006852249e-01 5.922744662708141483e-01 3.715899394929584876e-01 6.939494051591080792e-01 7.674328486964995255e-01
3.906250000000000000e-01 2.206007200147169223e-01 8.277315496616829416e-01 2.125450147610414842e-01 6.788552273503631884e-01 4.305564786382933273e-01 5.089334232966783444e-01 4.753991589386682981e-01 7.390879959390062037e-01 3.509739284906358003e-01 3.387100864026775238e-01 5.416393255587472755e-01 3.051533271416300153e-01 5.041097003698952195e-01 7.931529556862649821e-01 8.691147180439680042e-01 4.650867554967348383e-01 4.888615679093864519e-01 5.880382113049140713e-01 5.260492439858217573e-01 7.622278716877068927e-01
4.062500000000000000e-01 7.635695180118713399e-01 6.969273696988489419e-01 4.087653548827554495e-01 2.419110203991723107e-01 6.123419608754863130e-01 2.905670108922723260e-01 1.453561226587559707e-01 7.422358712608885245e-01 6.477925861302527011e-01 8.732212092048234620e-02 2.304075473140069774e-01 6.234995264642890778e-01 4.003184895570693902e-01 8.197964726212172426e-01 4.853883471233041980e-01 8.360134379591026565e-01 4.349858888178947391e-01 4.153470815798329663e-01 5.764588240595071023e-01 3.391677989791961889e-01
4.218750000000000000e-01 8.462550653970143388e-01 2.403238104281101850e-01 7.030289259332653806e-01 2.175107236858938864e-01 7.724799699876907511e-01 6.381077749534441734e-01 5.083257981765695321e-01 6.140231640372437738e-01 8.519601752456269494e-01 5.314255246024857104e-01 1.223063103069864793e-01 7.746645575988885257e-01 2.878160703127111142e-01 6.651019690576714938e-01 8.254061207788812582e-02 7.434512921709639510e-01 8.236035659294115296e-01 2.173314272187285567e-01 4.650187470988756955e-01 2.782487237982537165e-01
4.375000000000000000e-01 4.148119112362816385e-01 6.055102122797850588e-03 4.248918817977773155e-01 5.126747346799559457e-01 1.438723482956648647e-01 4.102640129671757396e-01 4.350967938388864420e-01 4.964215582133863491e-01 2.751009572738461473e-01 2.431491904428575157e-01 1.971854272909293881e-01 3.464648188902879622e-01 9.356377326861085864e-02 1.375480955520631543e-01 3.640667633472743359e-01 1.549402874726792945e-01 3.291562884454033999e-01 1.029486141305635122e-01 2.488686754450925853e-01 4.168013004960005596e-01
4.531250000000000000e-01 5.899026912166003417e-02 1.904631119668155348e-01 3.229083844111999696e-02 3.252476081429136467e-01 2.138570137605645682e-01 1.576313732755394575e-02 8.252725531389878966e-02 4.873594458852128497e-01 1.047897270217923171e-01 1.080328713012061320e-01 2.219045302789478258e-01 1.869029057199217414e-01 2.712051615234535307e-01 1.537400942756431306e-02 4.823934397863178236e-01 7.125477959769964675e-01 1.474164615191421723e-01 1.295454492984563465e-02 1.364967421957778426e-01 1.895511793425067593e-01
4.687500000000000000e-01 8.659902983506645446e-02 3.437601508074475398e-02 5.125550667952950140e-02 1.046065669451388402e-01 3.217718856900022434e-02 1.824511115304557618e-01 4.792395886077643885e-02 2.131735367422632754e-01 3.521303809334625640e-02 5.651125951220811044e-02 1.841645886723278502e-01 6.713544125223674941e-02 3.894470309442270295e-02 7.733484786226874075e-03 9.535044240432113960e-02 3.213015504148454271e-01 9.685091417322747379e-03 5.652317274095950556e-02 2.733754222446564339e-02 1.297231088500113982e-01
4.843750000000000000e-01 1.011962971935695815e-01 4.100552060520589598e-02 3.034538510650172660e-01 3.051404048289711457e-01 4.211715263985578717e-01 2.110418459059036633e-01 3.062346949991663347e-01 2.289739766299882327e-03 2.034180081018633832e-02 3.481083091628483367e-02 1.283845939722017826e-01 4.064494413677936513e-01 1.694462225084684970e-01 3.418871235121722502e-02 4.785919197019612714e-02 1.414095194282830315e-01 8.762686389361512562e-02 2.663551878818036789e-01 6.981561429672650254e-02 7.368630424962174796e-02
5.000000000000000000e-01 2.116192940030239555e-01 9.383180250583190996e-02 1.298882096833937627e-01 6.052670301031276567e-01 5.260079373682168269e-01 5.058990208438908232e-01 2.495711927480842862e-01 2.575169220602968045e-01 1.680843333698609221e-01 2.434914136597562118e-01 6.171613766904084919e-01 3.774555147444967895e-01 1.180970734094179131e-01 1.583054106042808551e-01 4.608221672165331295e-01 3.013416351761862289e-01 3.793806779488447245e-01 5.082788592210387701e-01 2.594998145768585562e-01 7.098896086493428070e-01
5.156250000000000000e-01 4.037559312991572114e-01 5.296288078339340677e-01 1.921441007101663823e-01 2.693547683808422133e-01 1.583321053239067355e-01 1.809199351801685507e-01 3.033594001226216363e-01 4.322095666622317034e-01 4.885680218896829019e-01 2.689323363882190621e-01 2.996187486073469408e-01 1.972139939647676310e-01 1.095406568333205377e-01 1.748841925570367717e-01 5.651313579278259835e-01 1.357554542808317999e-01 2.889176966781808464e-01 3.779292090296988427e-01 1.662668131379214653e-01 4.782250200641572357e-01
5.312500000000000000e-01 3.842515740584708794e-01 3.758841177076976958e-01 1.496644047212422890e-01 2.354768959200264355e-01 5.986305975287660452e-02 3.181824342493379254e-02 1.505904244079578069e-01 2.197402887952459583e-01 1.079701717492311669e-01 6.096616992192221279e-02 3.649944321444158479e-01 6.069822800114692274e-02 2.680908020243464446e-02 3.222216313176557573e-02 5.433611347276049441e-01 1.581719347109915852e-01 2.110693756471401228e-01 5.379775644725812850e-02 2.961029393235373730e-01 4.787796084964278109e-01
5.468750000000000000e-01 1.547325631751175490e-01 2.125332136389203597e-01 2.420886785075954672e-01 3.566856771462158932e-02 6.586836741064167056e-02 8.846751567173762737e-03 1.049471300292669912e-01 3.114768992515116741e-01 4.481701673708451961e-02 1.951016468919167524e-01 6.375976960932155935e-02 1.924548675580375068e-01 1.584721441989669910e-01 3.526444609365797511e-01 7.626630505484158218e-02 1.350213606929046573e-01 4.182519723386126098e-01 1.911850305870299860e-01 3.935678722677687369e-01 1.055307222132772504e-01
5.625000000000000000e-01 3.719997935925219990e-01 4.041925618915395311e-04 2.627825896385496685e-01 3.335034632222080853e-01 1.442654205893730834e-01 2.880582379576802216e-02 3.725980877519979306e-01 4.047798638270206500e-02 4.696683228187372716e-01 1.642774367226992605e-01 5.983718253698485506e-02 6.428943752412150103e-02 5.853601416535937352e-01 6.035694981483277211e-01 2.605942748176657831e-01 7.195187073503397923e-02 1.912340938392983192e-01 5.695185587457858578e-02 3.208292670619768833e-02 2.670693857269978988e-02
5.781250000000000000e-01 2.406895782435046829e-02 1.653286345915406727e-02 4.720199163186120095e-02 3.392272900549527653e-02 2.220510696500142545e-01 1.606338460896445941e-01 2.679815650624678969e-01 4.899426388732904675e-02 4.481834787255117164e-02 6.580682809236306462e-03 2.717626137848925261e-01 1.485208954059783204e-01 2.344607331928837968e-01 4.524554385760856667e-01 1.152807773181779710e-01 3.814154826748621108e-02 1.218905726775024595e-01 2.769747648164254117e-01 1.585714117636742929e-02 1.573344675088706734e-01
5.937500000000000000e-01 6.081341546668153075e-01 1.403124111585552641e-02 2.623117819813138296e-01 3.052921432331128226e-01 5.573292250271940640e-01 2.881577946784654176e-01 2.409433493507876223e-01 2.013045663161342202e-01 1.606676708223660210e-01 2.247617532057853973e-01 6.627915445987907044e-03 6.426837046188886848e-01 2.272115429010455601e-01 2.037066768536990591e-01 1.200184549848745397e-01 6.433382935286641180e-01 4.314874619586873128e-01 3.065935212611831662e-01 2.586532473632109363e-01 2.310763943587732794e-01
6.093750000000000000e-01 2.858609222019694793e-02 3.579053710264760296e-02 7.027122301264984716e-02 2.180457005598470666e-01 3.634648306986318911e-01 2.684607998872998169e-01 2.511725200641602429e-01 1.656602884483711902e-01 1.391874542710657692e-01 3.321473190027169897e-01 1.968936951559761006e-01 1.306232148253329284e-01 2.681411902107257994e-01 4.075574393809367618e-02 4.620297742337034497e-02 4.910576351246707105e-01 3.297622585379192395e-01 1.664703484878030451e-02 7.848251286213206446e-02 1.471318342838832949e-01
6.250000000000000000e-01 4.104789293748502543e-01 1.154213754904474948e-01 4.231019834270334234e-01 7.957075591133730419e-02 1.450745107401801015e-01 3.772009280875672776e-01 3.229109668454579474e-01 1.665485803983174917e-01 3.273547102044369606e-01 3.217619609130776270e-01 2.270615721231776518e-01 7.631331901895160863e-02 1.622102476088113920e-01 3.664155787829946886e-01 6.282741138145002402e-02 3.090412608721108123e-01 1.906057929922143901e-01 1.912389905046648908e-01 4.200755686956415547e-01 1.521792132764462346e-01
6.406250000000000000e-01 2.373132346400187165e-01 1.037810225372176876e-01 6.073149442647165497e-01 3.371310763881539274e-01 1.666966861344363060e-01 3.801967888672024287e-01 1.771215726821057657e-01 3.142755005172877536e-01 7.920665037730523217e-02 3.908906999055177800e-01 2.549250856488536332e-01 1.410679765309747202e-01 2.139115190718545445e-01 2.712845841528632729e-01 1.244661112597538200e-01 4.434727102786249764e-02 1.146465744397898306e-01 1.551509853385963367e-01 3.433676539861743038e-01 1.755029899226454582e-01
6.562500000000000000e-01 1.886211667599981545e-01 5.059206551983579797e-02 5.516593391865186602e-01 6.456264911078772872e-01 2.063856899526242683e-01 4.645524754979840631e-01 3.543193852556442147e-01 1.730424065981394643e-01 1.551956934009219580e-01 4.666734264831934875e-01 3.011705355772958392e-01 1.440559316505991838e-01 5.379303838545570482e-01 1.227498338151068735e-01 2.709869961914397329e-01 1.455560052855049968e-01 1.580311909633687895e-01 1.719916788367491234e-01 2.478656018790377225e-01 4.433498723955393572e-01
6.718750000000000000e-01 1.917407013080342504e-01 2.453904187474200138e-01 1.048658727474326147e-01 4.772287012768918757e-01 3.139732376470769776e-02 5.039189604810289103e-01 7.951738396577838763e-01 2.482495652317884272e-01 6.405536743151046819e-02 7.310872942089211013e-02 3.073122333331250733e-01 7.829685884580930844e-02 5.301971359734680700e-01 5.946363236175088857e-02 1.891910268179567978e-01 3.377017359434601462e-01 2.029463798709959244e-01 1.916939168358680057e-01 2.716970757586056884e-01 6.495822576498294643e-01
6.875000000000000000e-01 4.707180878977452743e-01 2.052130018849055715e-01 2.071183661356754413e-01 5.285781074806482627e-01 8.162811235777405264e-03 2.365230389965973234e-01 3.178629506831015528e-01 6.552478218944650656e-01 1.902513597613506580e-01 1.087749610020639357e-01 2.612209428868077499e-01 6.158791621542375125e-03 3.615681472281690456e-01 1.869902309351551550e-01 9.595746005971467207e-02 2.150841585768754061e-01 1.971221792517269533e-01 2.395632301686605736e-01 4.416407468520320290e-01 2.848034432630204282e-01
7.031250000000000000e-01 3.754989806987908962e-01 3.655497970466065061e-02 5.118125152300984082e-01 3.254533561073859049e-01 1.584907902214275147e-02 2.889279811954013621e-01 1.046086865791132636e-01 1.388751531258726746e-01 2.494821210184300642e-01 4.525847172943454899e-02 4.477921229178177254e-01 2.058282789085331618e-02 7.373495714813098345e-03 1.270262028655321229e-01 1.374407460112657686e-01 7.026490586424039009e-01 4.955848879585515454e-01 1.823386319399253053e-01 7.695407117138712561e-02 4.426873740474710633e-02
7.187500000000000000e-01 5.938773246218328472e-01 7.832740704520574360e-02 6.807155591641920189e-01 1.859188077148061780e-01 3.996845499951864888e-02 2.584544636352519853e-01 3.626011448083496513e-01 1.332972926538730507e-01 2.830092504308559520e-01 1.280025058379561376e-01 4.404589878153037930e-01 1.433407295140829707e-01 1.152377833884856914e-02 2.300945150007720902e-02 1.907138690678990278e-01 6.909752105284764356e-01 4.923948353211717310e-01 4.717922419452011407e-02 1.162645071170978093e-04 1.157756911563310870e-01
7.343750000000000000e-01 5.134648442779868871e-01 9.812819599098579482e-02 1.850249689630293626e-01 1.091565605848950626e-01 8.700399893775219440e-02 3.194099517597244198e-01 4.193816636816679044e-01 5.532305840181228618e-02 1.265916706780449985e-01 6.629098835095612041e-02 2.589173475973510219e-01 1.892540226023908465e-02 7.446983593977433979e-02 1.297039135702309637e-02 1.286348304959783750e-01 1.614477207032663786e-01 2.436597411644193245e-01 1.023102927281900609e-01 9.961491407064448911e-02 1.328670643353009051e-01
7.500000000000000000e-01 8.260675648543215621e-02 2.082651056528781186e-01 2.252253996052201168e-01 2.567668025343362581e-01 3.942770479866036237e-01 2.367505468712225447e-01 2.145146274487624155e-02 1.666378730243849027e-01 2.016618813769701160e-02 2.235283499002551147e-02 2.914696800313864022e-01 1.176400544564718161e-02 1.708531149020570683e-01 3.263402194886761976e-01 4.360476891410010325e-02 2.292013143871697300e-01 1.556527322443489458e-01 2.411489477958252137e-01 1.492108584673143687e-03 9.303120529460624788e-02
7.656250000000000000e-01 1.558951471645727005e-01 8.289479478129457846e-02 1.346014886172675062e-01 1.399525382236368465e-01 2.543110369510382385e-01 5.055210682177759679e-02 5.454201238943345853e-02 1.032479406966183011e-01 8.012447471337029448e-02 9.538373259648504077e-02 1.841035873622732522e-01 5.674511582808256654e-02 7.677263026163910764e-02 1.485848978710621049e-01 1.459365419565347710e-01 1.286882335752340956e-01 2.476932427644455703e-01 1.064776017742952302e-01 5.001193464087461821e-02 3.475527617330558677e-02
7.812500000000000000e-01 1.111534045091722572e-01 1.042426772294548498e-01 1.615154123487184679e-01 8.253793351216365259e-02 2.405593543685583258e-01 3.908192629091190029e-01 9.780580474780735389e-02 7.058664226829795829e-02 1.488663790913114134e-02 1.170588819347432169e-01 1.717503261628113287e-01 1.888265563562090965e-01 6.463162397369019707e-02 4.201966706224694731e-02 2.079470928876364366e-01 3.760644707990858371e-01 3.585094992550696413e-01 9.519627148808294803e-02 1.530889398114849143e-01 5.819153825466619884e-02
7.968750000000000000e-01 3.551845592216746339e-01 2.662770684681265987e-01 3.828651549937735488e-01 4.562661374535968185e-03 2.127946865190734338e-02 2.859186666638987573e-01 2.869910661947339681e-01 1.838519880323854772e-01 1.616292499922329651e-01 6.524987861093133057e-02 8.419540685569812388e-02 1.513128734780520325e-02 8.961565037271794487e-02 1.691721517188921331e-01 1.911885596650459429e-01 1.805964147430509925e-01 3.206414541553705838e-02 4.863903831724920640e-04 3.486525370670098128e-02 7.669329088161602748e-02
8.125000000000000000e-01 8.051384920289784974e-02 5.567451796883034210e-02 1.632767457365796177e-02 3.729336928759062475e-02 5.398528907092738083e-02 6.401479165552945161e-02 1.599290013579411640e-01 1.771076842339822932e-01 8.109791272371891235e-02 8.411763024682182566e-03 9.152378600379917906e-02 4.833625232291440255e-01 2.532716230630024934e-01 2.809599855732574092e-01 5.762209293366051810e-01 1.879091771886139822e-02 7.352696646899239963e-02 2.984763478856264363e-02 1.495975455733739301e-01 1.001726410936774475e-01
8.281250000000000000e-01 1.201592382986007429e-01 3.554449711630589537e-01 1.028527597108266044e-02 8.633725094127407684e-02 2.167381340173646920e-01 2.536511844209231661e-02 4.268981644522684173e-03 2.735896928194724853e-01 2.673510464891666882e-01 2.636174513154008192e-01 3.256790828362802759e-01 1.596305533984766489e-01 2.550346519875127949e-01 1.477548485600644890e-01 4.577232249629709093e-01 2.886784188825349262e-01 1.006831720535485281e-01 3.560330330071623250e-01 9.856959275520116304e-02 4.130297578808307946e-01
8.437500000000000000e-01 1.086314988356513744e-01 1.064576546767163345e-01 3.149135286230278497e-01 2.816164310423974193e-01 1.477312432875020065e-01 1.550973014175018594e-01 5.864678038686101970e-03 9.345472535508732304e-02 1.514660137231141866e-02 1.136995630035557009e-01 6.654332319926842265e-02 1.702574202777620560e-01 7.090162257420200287e-02 4.169910482277767172e-01 1.812146036114688219e-01 6.307592421384786152e-02 2.108856883536493754e-01 7.266046732377634543e-02 2.049236289798574695e-01 2.008024410472584453e-01
8.593750000000000000e-01 1.067814555643208929e-01 2.770974419694957613e-02 2.120360577920513134e-01 1.253752143172676692e-01 1.068073581587574844e-01 3.609481978949747455e-02 2.261674624958825153e-01 1.774596192940603168e-01 8.851017172230048191e-02 3.999375429816703909e-02 3.776530955516930188e-01 4.701647229394281813e-01 4.266701786769643845e-01 6.192523218809300317e-02 1.425571631715020354e-02 2.171018213829973287e-01 4.079399555409431444e-01 3.152362671359866808e-01 3.827245955422175494e-01 4.682598063049363962e-02
8.750000000000000000e-01 5.068842005372227455e-02 2.178267670575359874e-02 2.289867892918087330e-02 4.425455312976846883e-02 2.150597976630566621e-01 1.818685211556494152e-01 4.058965446360227602e-01 2.712621279474035363e-02 1.985343245350093197e-02 4.438902558258943087e-01 5.498892767826726313e-01 7.369449029643259097e-01 1.147314711616828214e-01 2.825077697356544182e-02 2.123955682115657162e-01 3.699085522275735727e-02 2.068514996805997652e-01 3.952982046134460858e-02 3.105649045744887093e-01 1.507396680961051727e-01
8.906250000000000000e-01 2.690443202864122307e-01 3.227272301551101230e-02 6.658151766582579012e-02 7.623907495274954982e-02 4.489040049522193820e-01 2.215658859451049012e-01 4.063890205071518102e-01 3.041941989778543243e-01 1.112265005546646396e-01 3.156858124304265933e-01 1.390899683268893294e-01 2.529131869280967781e-01 2.704164504407229885e-01 4.010385536573006504e-03 3.159474407492707804e-01 1.981477297380573443e-03 1.772182523621602113e-01 3.262472904373700522e-02 3.423441194303844526e-01 1.392401865905726344e-02
9.062500000000000000e-01 4.218392177730691528e-01 7.222604908179973415e-02 6.843409421586166275e-02 3.283164491788763129e-01 3.455119358262002116e-01 2.731278517589958432e-01 2.061501503127262103e-01 1.540574342353188964e-01 2.621339225255311933e-01 3.026175210264112625e-01 3.882512128637435334e-01 5.028918188670909728e-02 8.683497977814479130e-02 3.116728830168551956e-01 5.776680445059793056e-01 5.824620849378096474e-03 1.044652491726846544e-01 1.347292014714940311e-01 7.368184108088923767e-02 7.821556142188761107e-02
9.218750000000000000e-01 4.873069535213782055e-01 2.413712441069092510e-02 1.935070994234710517e-01 4.686417295620668999e-01 1.256753465268954928e-01 5.227139176710654533e-01 2.014420156077359469e-01 2.155530343770080959e-01 9.978920746583407053e-02 3.650831159504784873e-01 1.945792324799156536e-01 9.983154672860208856e-02 4.230209615992699401e-01 1.597048849208448640e-01 4.379027654050625662e-01 7.173328559183003716e-02 1.382881692552134223e-01 4.258380933754899594e-02 2.091437979901885624e-01 2.103986395793508088e-02
9.375000000000000000e-01 6.063454933716330153e-01 6.936583062391088461e-02 7.223763314035064331e-02 2.981971278039405315e-01 9.135962688606316662e-02 5.701666711273176702e-01 1.005704582445808570e-01 4.817373331456597518e-01 4.918836426282065244e-02 4.066129210064625688e-01 1.439316152894843381e-01 8.159275601612329953e-02 2.439155076565390212e-01 2.526288016058790276e-01 1.432690931184242844e-01 1.118983828797669999e-01 3.802491306423867040e-02 9.679475137331446100e-02 2.140845487655324841e-01 7.502094211279049241e-02
9.531250000000000000e-01 2.133594083872477343e-01 2.320782847557280315e-01 1.048645260501908719e-02 5.641722041419238165e-01 1.329822582540712561e-01 3.060856450438798615e-01 2.209377209175883705e-01 5.723834071768407750e-01 3.793415673481027039e-01 2.650658902680119722e-01 1.751539797428991810e-02 1.185619363863223419e-01 4.306287187522969684e-01 3.927633147718980200e-01 3.253520456545563183e-02 1.805839469383085094e-01 2.514447692746404894e-01 1.281483054797132870e-01 2.730331845815727604e-02 3.296810397835504003e-01
9.687500000000000000e-01 1.081963410634317474e-01 1.592230597113023227e-01 1.627462764130309381e-01 3.985085085135819938e-01 1.958959390035119874e-02 1.468730759940137243e-01 1.571773648793174383e-01 5.717061059510221144e-01 2.712356727285498148e-01 1.114211816334420846e-01 9.042512638086544485e-02 1.610332134385644015e-02 2.674407313371940931e-01 9.396569727523008952e-02 2.719915095597674401e-02 9.183734218566597107e-02 1.841192932558398387e-01 6.755806506269785260e-03 3.596044310422401580e-01 3.973286991406420054e-01
9.843750000000000000e-01 3.640990733314050654e-01 6.361632705250298836e-02 2.809070756292571525e-01 5.416309004823257611e-01 3.925325437601921708e-02 4.511463495110895061e-01 2.274796483404125658e-01 5.652589865870578656e-01 9.321040161584336070e-02 1.601714453547583294e-01 1.643937010373569818e-01 5.838422886954827695e-02 1.147666297490904652e-01 2.467170388660720193e-01 1.237676991456631431e-01 4.449851525679960340e-01 3.313404786867219509e-01 3.206330038376942540e-03 3.815986060245937228e-01 2.080594137703009050e-01
1.000000000000000000e+00 7.142782467237649424e-01 7.441237471252898361e-02 1.867111469337686680e-01 3.462104858641063543e-01 3.585297731676353929e-03 6.239173774715204429e-02 2.718799963172468387e-02 4.661770212290216042e-01 3.046859512340592269e-01 1.285929207789900941e-01 4.103662426187684176e-01 4.771894771892609688e-02 5.882226691461961421e-02 3.164593401185105681e-01 4.222569624021785262e-02 3.524844040624157682e-01 3.695312501777355818e-01 1.478951696088387779e-01 3.167377658903320348e-01 1.909856874377837688e-01
1.015625000000000000e+00 5.288198857223496141e-01 8.594713747772372847e-02 5.106013835703423487e-01 9.003527115668284730e-02 4.176740011568734479e-02 2.899556046252546593e-01 2.372379777440229709e-01 1.534423089839676013e-01 9.490302286793884587e-03 7.659488046286373752e-02 4.884724898340407628e-02 7.854685713619059817e-02 3.904703052917295469e-01 2.755095671276780456e-01 1.507818782366983357e-01 1.608026393919446961e-01 5.590144535399454995e-01 3.742988659202043517e-02 1.984860519599990769e-01 9.910935284272137658e-02
1.031250000000000000e+00 4.688856309658918087e-01 3.665135954926330986e-02 3.112950340482668055e-01 6.297754770060461083e-02 2.276232449498324650e-01 1.420194955797108582e-01 6.631297992547752207e-02 1.558419741970698269e-01 5.505654518009803905e-02 1.008121516527009098e-01 6.498431989549444121e-02 6.891980836151262446e-02 1.013117400169498243e-02 3.106256795807350035e-01 1.607940573435431494e-02 3.228116712784919184e-01 4.368920410069827009e-01 5.700000806389307964e-03 2.736347108058090893e-01 3.295393192562064977e-01
1.046875000000000000e+00 1.568721428816895747e-01 8.450651746497045425e-02 5.397336517739516337e-02 3.612361581115417497e-01 5.361604861010788037e-02 6.119397801060776770e-02 3.423566168116921188e-02 2.768318719248106796e-01 7.552752100615323094e-02 3.017847863055580504e-01 4.120121934554402815e-02 5.508012397325137005e-02 9.476413273631707768e-02 1.540838959518595619e-01 1.563208674776955798e-01 2.520552850505106135e-01 1.454269818676729720e-01 1.623658417046545954e-02 3.469011100932688219e-02 1.933665570026670277e-01
1.062500000000000000e+00 1.105880143598497456e-01 1.146832521620363421e-01 3.265035456733045294e-01 1.402684223152662057e-01 1.423613883520982726e-01 3.867559681684036299e-01 6.903452052074819656e-02 2.933729903334124089e-01 2.682229531165814529e-01 3.045420561770196821e-01 2.037905252859815997e-02 5.716096255046601397e-03 4.088810604094497703e-02 2.840914685222444835e-01 1.359014342610130599e-01 5.136839909696394590e-02 8.754746708782634723e-02 1.315131430273073498e-01 1.195536391288810028e-03 9.772323847287640863e-02
1.078125000000000000e+00 7.124821928131930271e-02 1.635272628288783336e-01 3.739642796384574641e-01 1.232992956509566390e-01 1.667919276136881901e-01 9.258716626991175813e-02 1.652373163455444771e-01 5.374273201745081163e-01 3.874986578027751483e-01 1.561562003927564057e-01 6.664941714981691134e-02 2.396190482459083573e-02 2.666205177176179269e-04 3.800669139011221831e-01 9.487511220998051664e-02 3.212199621827669938e-01 6.494274706033065225e-02 2.200779346623180643e-01 2.097394174262442179e-01 4.042486923471886283e-03
1.093750000000000000e+00 1.193043272158538122e-02 1.427742127444587422e-02 7.726439289866013360e-02 1.074490053682353591e-01 1.765647628700403315e-01 9.573933898277252330e-02 5.105882861444832610e-02 4.877372821322550900e-01 3.784876500191403873e-03 8.172424517635387686e-02 1.082674371683889636e-01 1.067138684706867534e-02 1.162769349432517807e-01 6.609972792144365450e-02 1.833108252828864748e-01 7.626586008220267998e-02 1.083544973881680890e-01 2.015453330961358702e-01 6.165264305430784124e-03 1.400578046538823035e-02
1.109375000000000000e+00 1.539089429347888227e-01 1.829665739445470451e-01 3.049406210512277393e-02 1.926674595744901422e-02 1.261202700392453635e-01 3.246782619703238171e-02 7.493587467229622101e-01 1.211598744545827437e-02 1.325751368028680877e-01 1.303913741385112901e-01 3.753727881210469630e-01 6.186280695464117449e-03 8.106634472262862212e-02 4.927903224821720413e-02 6.591891811830595527e-02 2.949084861168539407e-01 7.610036448523094244e-02 2.299878533835787997e-01 1.957566706398487875e-03 8.346597302295187884e-03
1.125000000000000000e+00 1.294670145914862680e-01 1.619952674006356064e-01 2.697867128610538512e-02 4.670729160159120541e-02 5.262061637706855199e-02 1.167543920295052579e-01 7.654090574134085612e-02 1.832841356126808652e-01 3.737934403044977927e-01 2.897975826933148480e-01 2.581390898791354749e-01 6.281587858427503668e-02 2.518143474145982386e-01 3.566575739172746506e-01 1.193908006340411165e-01 2.821972797007733513e-01 1.141877365252352561e-01 4.035415388471146336e-01 5.406527305038683062e-02 9.289835003454087470e-02
1.140625000000000000e+00 7.529883977899090586e-02 3.664784095972439815e-01 4.388091090350763196e-02 6.467052678600396232e-02 2.508703438902896155e-01 2.148409553911810599e-01 2.575620628639953003e-01 1.044019019283115926e-02 1.734604922160944834e-02 3.025482374828277199e-01 6.477631699201570614e-02 2.146306377900723261e-01 4.419752205927797717e-01 2.976960495053119007e-02 1.627080782128616510e-01 1.912876860819243408e-01 1.634286326399826683e-02 3.133168922769500875e-01 3.567561569683784795e-01 1.414224375115609444e-01
1.156250000000000000e+00 3.312406067807858179e-01 2.442230473723829287e-01 2.373505619901498387e-01 2.110470034370422465e-01 3.178861330545597608e-01 2.860569784050871478e-01 6.785834895037194670e-02 3.425350566237726074e-02 2.209045811678816973e-01 1.829507359708894554e-01 1.772814343115699520e-01 2.727379416909179177e-01 3.439344644247270266e-01 2.181197120060821264e-03 6.000664308968120531e-02 4.691748403626574970e-01 1.608843350562444707e-01 3.252006393188632272e-01 5.851021215516573060e-01 9.311015565791699866e-02
1.171875000000000000e+00 4.055453658652067306e-01 3.849743376638775638e-01 1.175803990789915238e-01 7.571296737457156034e-02 5.687748121401375867e-01 4.587823002735318956e-01 4.515502054575605828e-01 1.101828768439999315e-02 5.858351815065788726e-01 1.912081031781548701e-01 5.450408203317187034e-02 3.539220336139673601e-02 1.799684556323041251e-01 4.536117732927187896e-01 3.364695939309432227e-01 1.455167953933965766e-02 3.754776795567179026e-01 1.539008994325012369e-01 2.411457391694177832e-01 4.557292374299855564e-01
1.187500000000000000e+00 2.735629377834529752e-01 1.725487167861870785e-01 5.002940906073025662e-01 2.025416194242715406e-01 5.592010748091495731e-02 2.664093482824195225e-01 8.360947084426709197e-02 1.016032610420808113e-01 4.623331934019974110e-01 2.295271372679582103e-02 6.283025536490125136e-03 1.378274705268547340e-01 3.090446758935788130e-01 1.881112571269151212e-01 5.221466763089626095e-01 3.409782060131029136e-01 3.999658139218121300e-01 4.251638737253448652e-01 3.017481721775241432e-01 2.308107611610738519e-01
1.203125000000000000e+00 1.172980514798267065e-01 3.036779674556756570e-01 2.849691950317909117e-01 3.892670997352390971e-01 5.981349362448555584e-02 6.030614890284259344e-01 2.368047944936288174e-01 5.814088570583429982e-01 7.402394378030584532e-01 3.254326920185886957e-02 1.709431607012650844e-01 3.523082008785080044e-01 4.789926034306911662e-01 1.801451619207607852e-02 3.117577868945721753e-01 3.893096181473420514e-01 5.049243167843951996e-01 1.411953036036665554e-01 3.001183420832878590e-01 1.959339212706550093e-01
1.218750000000000000e+00 6.339721683334008373e-02 7.479674964539198556e-02 1.813533003026688017e-01 4.036003456279237123e-02 5.792828228985003741e-02 7.726937450010333552e-02 4.625600799375866740e-02 3.618171633886547167e-01 1.150887272796406041e-01 1.059322274214430787e-01 4.575474351561799047e-01 2.326220997307886229e-01 2.909448859226855706e-03 8.715401031996994341e-02 1.243742930436352312e-01 5.092121722422868896e-02 1.953809814790023469e-01 2.275497560319062751e-01 4.318562260216667892e-01 1.568480333473740856e-02
1.234375000000000000e+00 1.936851038264078562e-02 5.060755271438373629e-03 1.222008366358286607e-01 7.068327783468145165e-02 6.473241604736916510e-02 1.059790634024585509e-01 1.495751687557344833e-01 1.921885714406285639e-01 2.647790676457726367e-01 2.227823918126461689e-01 4.198299478209628899e-01 2.826627525885129499e-02 3.029856283845020273e-02 4.333833893965224893e-02 5.602096572998346152e-02 1.343946455573402365e-01 1.342824550566036786e-02 1.689644073071117913e-01 9.255371870516906907e-02 3.662714976260112998e-01
1.250000000000000000e+00 3.845180741035104238e-02 5.754357725902617404e-02 4.522464758109389499e-02 1.722263261965230885e-01 2.828189876095324462e-02 3.239204980389602251e-01 3.207117069625239347e-01 2.666324951434194748e-03 6.373961720975464262e-02 2.088465891854185685e-01 5.907749089717041491e-01 1.593640606746068444e-01 1.187425724442832814e-01 1.991148493897985372e-01 1.713381822889301631e-01 1.919565797697336262e-01 7.950463742147899360e-02 5.171355087999500444e-02 3.791885212931536131e-01 8.534790338896232342e-02
1.265625000000000000e+00 1.230304852378998580e-02 1.648398252105800349e-02 1.939934833006750903e-01 7.977796414013803294e-02 1.050374104413353132e-01 4.690959835508800024e-01 7.269425269039825332e-02 3.526686564644994637e-01 2.529339925623678292e-02 1.502376906379966903e-01 2.175579615538873468e-01 8.062345219382528738e-02 4.311834783485867656e-02 3.874838890754424003e-01 4.114806606367668596e-01 2.026788053116340971e-01 3.369844539323249566e-02 7.261077749604201437e-02 1.544673802872610913e-01 7.243779429523289348e-02
1.281250000000000000e+00 1.773225784298364249e-01 6.845911143730470938e-02 7.736670433242442968e-02 3.541526306498465893e-01 4.365431315953607894e-02 7.440724738377897662e-02 5.820519252017970768e-02 2.612122545460075496e-01 4.463629183316224908e-02 1.066842187643026324e-01 8.029766859731693853e-04 7.441120769666696722e-02 4.174421449767855563e-01 2.010006069885995617e-01 1.039667754314803905e-01 1.411823410660056344e-01 3.114347647334824928e-02 2.084488867701756731e-01 8.345804463584900745e-02 3.838998704852972926e-02
1.296875000000000000e+00 3.171250185508702746e-01 1.084934784086551418e-01 7.831030783638960602e-02 1.990625726262637840e-01 5.649559053954699567e-02 4.089510734515817147e-01 9.552740534549666873e-02 2.759309377021378906e-01 1.771988336317430190e-01 2.884325675806036493e-01 1.034647214364089879e-01 2.778506473335740079e-02 4.492688581035335638e-01 1.398273592040168156e-01 1.724331915495683556e-02 3.831813428635132135e-02 3.166734481408521595e-02 9.189685674426521789e-02 1.857339446790880547e-02 5.031613442238801193e-02
1.312500000000000000e+00 3.912273926762683263e-01 6.506419584296327732e-03 2.155985748713264705e-01 3.064268450997325588e-01 3.173556302098892029e-02 4.235806781897678841e-02 2.875573883285926780e-01 1.613080093986564711e-01 1.729796226593628139e-01 1.437405437582598700e-01 6.077725950789016063e-02 1.469507131499935282e-01 1.469385797320648390e-01 9.172449148264247287e-02 3.599743200571279417e-02 1.666959630942759507e-01 1.367606792169344943e-01 1.057820156696722413e-01 2.132830768564084600e-01 7.633229546439883328e-02
1.328125000000000000e+00 2.184181752394488418e-01 7.450941861068108296e-02 6.849407262040745070e-02 1.189963283148038654e-02 1.598789792666502896e-01 4.321693602644988697e-01 1.432412043897283993e-01 2.950360007911454474e-01 1.760730224865824090e-01 4.045555825554371654e-01 2.173713193235615737e-01 1.932474415268626566e-01 3.287244219854507099e-01 2.147759419602919551e-02 1.363447824431276711e-01 3.680922512310502159e-01 3.845872248374323510e-01 1.823370082327489469e-02 3.007574021360234773e-01 1.876417956587178026e-01
1.343750000000000000e+00 6.378532361491671132e-01 1.163508628236762515e-01 6.848124579963019154e-02 2.487098395300123832e-01 6.783234947762138700e-02 6.050568513429610551e-01 2.689593319676244487e-01 4.552660561353020774e-01 1.822832287407046836e-01 2.073635359546299184e-01 1.531125978269037846e-01 1.810100741929130952e-01 5.551639242667181194e-03 6.446100876025533111e-02 6.384353575168233430e-02 2.696569797723258888e-01 1.100708575469672990e-01 6.273276278650569138e-02 2.319114758168800139e-01 7.661401638128471914e-02
1.359375000000000000e+00 5.572621766018297507e-01 3.333983824284055680e-02 2.554803385323509701e-01 1.079306279519297584e-01 4.455147581825282671e-02 3.066001683146643009e-01 1.271419441555093031e-02 4.750836379846472557e-01 2.209803479081832445e-01 4.257794538411050628e-02 2.013767305272310404e-01 8.552955869106860370e-03 2.114124784012794481e-02 1.350005413113674335e-01 1.067161135206618795e-02 1.699371214152793075e-01 1.798395589634390890e-01 8.354471137269546890e-03 4.967696320997304626e-01 1.361044505013952743e-01
1.375000000000000000e+00 3.768445121349996985e-01 7.176600088608008077e-02 2.729920355134370369e-01 3.260028384661315393e-01 6.008618656471801517e-02 1.657976743213455603e-02 1.768397976156409757e-01 1.272374483099658893e-01 5.987070614572740507e-02 4.659185392514336721e-02 1.792409456400551604e-01 3.635449525147348149e-03 1.085007592766893368e-02 5.812541485601284419e-02 8.274871845299773543e-02 1.267766988452545818e-01 2.797272466383998180e-01 1.589279132547190554e-01 3.527531022712904196e-02 4.137443719653308843e-02
1.390625000000000000e+00 1.825221621980584186e-01 2.057899107226745516e-01 3.781597735961614998e-02 2.054376928824874771e-03 2.577074763985149480e-02 2.709835373011339477e-01 1.626451597010566685e-01 1.808578544564878876e-01 1.431696103926004826e-01 3.594126692077817542e-02 4.457188361907474250e-02 7.781018402416576196e-04 6.993548513730903082e-02 1.806880517096915058e-03 2.410559061310671158e-01 1.169452637936706793e-03 9.136432199833269263e-02 8.598644694857190962e-02 6.310108451926398077e-02 2.177086524864105532e-01
1.406250000000000000e+00 1.293529823133105494e-01 6.065439553552594981e-02 2.796064681836833987e-01 1.944463978564830442e-01 2.064690383612434454e-02 7.070365644533946337e-02 8.570906943423148294e-03 8.662126093857187847e-02 6.906547555884387860e-04 3.843066110073105335e-02 2.170144090202422715e-01 2.110937938413741909e-03 2.720637968527980788e-02 3.665424014419733229e-03 2.747915074852847472e-01 2.349712532204225601e-01 4.379270601825297274e-03 5.596179984006165870e-02 7.046538618986726565e-02 4.325149451148160851e-01
1.421875000000000000e+00 2.147812880879002573e-01 1.192275673401484715e-01 2.605652139426082314e-01 2.097145747820076175e-03 6.090370976230707195e-02 7.262282375981078675e-02 8.047619296597133265e-02 1.505745793868280558e-01 5.779535998593898077e-02 5.164992720955542856e-03 8.624460468763543719e-02 2.143903717034568827e-03 2.362768828286074263e-01 3.645924925518607973e-02 2.656860075878986205e-01 1.261081467461351857e-01 2.707850422785044314e-02 1.050250319875051241e-01 1.466756021053536585e-01 2.738766822718288196e-01
1.437500000000000000e+00 2.531923431130211899e-01 2.271098257849380742e-01 1.756288717892072471e-01 1.258917619090625661e-01 1.967484887287767326e-01 6.603228236406749607e-02 5.102273201521221463e-02 6.757393807586178480e-04 2.979770588816504362e-01 1.049714678478719763e-02 1.329732369929283176e-01 2.381955460407461991e-02 2.058064772103705697e-02 9.269065417096326864e-02 1.081624661795332759e-01 2.427224105869886794e-01 7.096690869244579036e-02 4.600246385005087868e-01 2.743455635084549298e-03 1.478204279878870264e-01
1.453125000000000000e+00 1.080440013727700654e-01 2.311207722880048027e-02 6.981626570077978378e-02 4.857345250193739056e-02 7.664252363778682742e-02 5.131869577773492258e-02 7.386650868936554815e-02 5.023963696476165808e-01 1.779729289611811094e-01 5.872530955451466667e-02 2.472905326652184432e-01 3.782941642303686101e-05 9.664815116741655443e-02 1.573394933855029043e-01 5.044426829887754121e-02 9.676445004821521145e-02 8.364647357256083104e-02 3.649470462442844787e-01 1.160419419761994503e-01 1.410079124571878006e-02
1.468750000000000000e+00 1.470388056715025704e-01 9.437904888390965391e-03 1.374765682359040675e-01 1.593929945235406376e-01 6.937496762430127306e-02 2.856778509738537308e-01 8.573612984021612704e-02 1.732111395762958583e-01 2.587198515995026704e-01 1.265631821733835816e-01 1.755427931677718267e-01 4.245336819089760155e-02 1.997816670568003938e-01 1.714007867236735372e-01 1.766055619513135638e-02 1.199743038371644532e-01 1.388139163499004791e-01 1.640977175931888632e-01 1.093435457475828571e-01 2.316146545304882953e-01
1.484375000000000000e+00 4.228453535674740055e-02 8.181404452949442296e-02 1.397184110055062602e-03 2.056230604490811853e-01 2.286880192550375390e-01 1.101650328687783370e-01 9.072810791838661904e-02 4.021706459600784545e-01 1.487607817314175740e-01 3.835662260006341140e-01 4.916080733498698341e-02 6.173717147140207750e-02 5.159633692287569906e-02 1.986391151818664436e-01 3.262678419931184961e-04 3.369164750438189554e-02 1.092171928124869712e-01 9.931080336486587667e-02 3.019028436677988481e-01 1.528391003134187409e-01
1.500000000000000000e+00 2.542000653684829692e-02 1.236360654923437247e-01 9.256005256450367327e-03 1.302206288259931954e-01 4.185498914020595040e-01 2.498331554404126242e-01 1.260336485987527122e-01 6.586185210464966244e-02 1.374909759528177844e-01 3.511753454531613139e-01 8.828958324330310470e-02 2.695052117676717193e-02 1.490907465264283416e-01 2.069116896312687970e-01 1.166650362898329768e-01 1.891381189755356462e-01 3.910360797093438007e-03 1.772105435728240919e-01 2.873912486242268804e-01 1.888289016508722107e-01
1.515625000000000000e+00 3.639807795691085614e-03 2.173746215375757518e-01 1.596577471039019314e-02 2.684324042316383122e-02 3.239233276934848083e-01 5.664473528466749258e-02 1.624043434124674001e-01 1.442017079120381795e-01 8.979694078915222144e-02 1.607027968313905555e-02 1.232033989298826765e-01 1.376065085496947817e-02 3.963248750404180926e-02 1.337067597258320001e-02 1.072143596804177174e-01 8.028410698932959833e-02 4.275947875653403618e-01 3.297892084826193476e-02 1.428001496867396108e-02 1.422195203781634887e-01
1.531250000000000000e+00 5.678452292567386095e-02 1.458483051444591228e-01 6.872483284053577945e-02 1.752935603190458325e-01 2.597677052119108376e-01 3.299350033277331229e-01 2.066750368423583284e-01 5.085186696405378376e-02 3.904365626164314484e-01 1.711078341807248382e-02 1.815390810715735714e-01 1.042246150319809661e-01 2.321566064114432681e-03 4.374390816914868196e-01 1.897087926223247345e-01 3.900798672340876627e-01 2.667192275529906564e-01 3.234965166005093207e-01 5.243536055940740959e-02 3.389306596083386802e-01
1.546875000000000000e+00 7.230834235452435199e-02 5.485965880898029112e-02 5.780159292507754815e-02 3.278153514049481770e-02 9.547004124919604429e-02 1.440135074593031639e-01 1.646536604685409633e-01 2.731927818516113327e-01 4.057605072336489260e-01 4.118538416539911651e-02 1.021832923610200838e-01 1.977524369527237647e-01 1.317046117129499483e-01 1.549699405309045153e-01 3.478692808026059846e-01 3.749426375608080897e-01 1.585554590667806463e-01 9.675091079394304572e-02 1.597394880399001793e-01 5.933305394685160772e-02
1.562500000000000000e+00 5.022752645939011079e-02 3.388372969084900432e-02 1.422571699350823060e-01 5.985588531109782562e-02 1.681667586653443069e-01 1.159035973393547081e-01 1.694387730482328769e-01 3.081753015532205740e-03 4.742702267718234554e-01 4.871407326342185734e-02 3.637630676577306432e-01 2.146765754205386401e-01 1.959992002327108976e-02 5.361280630108242011e-03 3.464652654548659449e-01 2.529867184899155762e-03 2.497361987113791704e-01 8.217665812666913663e-03 7.745597333050288635e-02 8.947844393324075329e-02
1.578125000000000000e+00 1.347598614227500102e-01 4.684540205541054547e-02 3.058628560911216820e-01 2.236096524547049325e-01 2.830970359725382829e-02 2.567015621967174144e-01 5.227959280581589291e-02 2.818758421281843465e-02 1.782392606298212889e-01 1.242885557521479500e-01 2.223286865893436826e-01 2.300387745042504761e-01 1.622469567196047624e-01 3.202809595053723868e-01 2.088726894456354177e-01 2.754054852623872285e-01 3.376583062635090116e-01 5.799017998040212341e-01 2.529107782950834604e-01 1.049767744197712127e-01
1.593750000000000000e+00 1.928322457732246642e-01 5.357599855558608376e-02 2.836906150629348589e-01 4.855655675788182052e-02 7.855244114509332687e-02 5.423624427917510954e-02 1.325563472591778091e-01 1.762305473770964803e-01 2.699884649097633593e-02 5.464804189532899148e-01 2.154714545499298306e-01 3.361547275718465566e-01 3.068259503744948380e-01 2.920058766648148674e-01 2.747400705611243235e-02 3.967583589692407209e-01 2.545481925440750692e-01 2.987923641725613311e-01 3.523075286844100096e-01 4.783067943896175678e-02
1.609375000000000000e+00 2.599626559170198359e-02 7.646076204819576144e-03 5.582546748814745316e-03 9.326489539243730531e-02 1.716949681222112722e-01 1.635732091896945073e-01 2.374751795133780430e-01 1.895105635684980402e-02 7.702573419563797652e-02 1.127886464258009702e-01 1.036737665189772228e-01 9.086595389250294585e-02 1.374224803216967349e-02 2.445743176159032584e-01 5.792986461327587211e-01 6.520249974196022646e-02 4.829922421990261866e-02 5.995559428084191057e-04 1.326041170885745579e-01 1.068938642327667415e-01
1.625000000000000000e+00 4.837759894644014236e-02 2.048629409287502489e-03 1.639672401780747080e-01 5.723368927592664690e-02 3.491556002533528491e-01 2.821223461497692209e-01 1.903070837727237619e-01 2.517499513632658337e-01 1.244726415757526211e-01 7.561254819093476964e-02 2.950409814350902354e-02 3.004135639513332706e-02 1.039658495725982873e-01 5.241735781634553060e-02 3.328819779636117970e-01 9.857920939649519876e-02 3.865999596940373172e-03 2.115159936487003359e-02 1.273656062370455144e-01 2.500800334020724172e-02
1.640625000000000000e+00 1.846601125903513940e-01 3.947731263220807807e-02 7.978791735611698993e-03 9.637636515035317986e-02 6.786106310713072021e-02 1.391112286517368068e-01 1.314896703276911827e-01 1.753631187713585726e-01 8.636777151452669499e-02 1.304452725500070687e-01 2.887292610637764642e-02 6.262186067991015737e-02 1.380470151846237628e-02 2.533683096662550649e-02 2.197410463616878695e-01 5.629837703104449698e-02 1.089882342907908391e-01 1.222930914914052841e-01 2.621865893379701773e-02 2.853829292474088786e-02
1.656250000000000000e+00 8.592291475531933787e-02 6.383475023998490261e-02 1.671448529581133768e-01 6.542810210012289796e-02 4.456022048860402984e-02 1.704181476151532815e-01 1.316391932908478335e-01 1.558531640745924873e-01 2.438525118358682992e-02 2.129121334273720023e-01 1.407345019856181823e-01 2.296840383043166622e-01 1.723435748245210064e-01 2.253211247073687862e-01 7.907252653242684282e-02 4.632974368414941556e-03 5.205528534782924988e-01 3.283926561638546814e-03 7.660782834824733656e-02 1.482574751606907104e-01
1.671875000000000000e+00 3.553293111334452914e-01 6.164987255926267229e-02 1.534228071353680167e-01 1.802449223584659532e-01 1.112575624468602198e-01 1.061039878976407641e-01 1.223279306926639276e-01 1.925110445657682856e-01 1.003486097976371005e-01 1.137971453326478040e-02 2.849581281600317359e-02 1.261144143491919889e-01 5.967892238701220931e-03 6.991062055525995578e-02 9.972828814778759987e-02 1.021999575129297344e-01 8.277126895280671748e-02 2.178972303000585309e-01 1.316583642802295895e-01 2.039821979080675418e-01
1.687500000000000000e+00 3.017573921432977202e-01 2.362976757136447115e-01 1.583171559302487819e-01 1.809133841365523354e-01 4.240820116196495314e-03 1.568556466984951103e-01 7.345716583596942351e-02 8.210199067540118953e-03 7.743611801216643276e-02 6.855302094663062729e-02 4.659013255714289370e-02 3.497119978114160421e-02 3.587359781966170669e-02 2.217155889852365780e-01 2.611563345475977904e-01 1.127913029220841412e-01 7.602358923940656654e-02 1.552506770643975742e-01 8.872136374775684009e-02 8.782631180260704051e-02
1.703125000000000000e+00 2.307392195114276734e-01 2.727216517476827723e-02 1.371882657619797885e-01 1.247369640871818924e-01 8.100293533779029387e-02 6.591677052279526494e-02 9.158421336877818619e-02 3.237684075297973807e-02 2.782644204971602697e-01 3.237525262102444734e-02 1.868688318193842679e-01 1.021793955573378626e-01 3.241862837400439346e-01 1.144566672509897132e-01 7.924429334032438710e-02 4.100765847076149884e-01 4.164725198537980733e-01 1.125181660012602447e-01 1.270772049871124187e-01 3.263820059319456207e-02
1.718750000000000000e+00 1.279130785051932617e-01 3.548638861584440529e-01 2.060669847264534893e-01 2.319511794455659734e-02 5.646677841514524676e-02 2.027692421841871262e-01 1.376695303523719528e-02 6.347339871624839425e-02 5.127470053904945903e-03 1.081732526204939732e-01 5.340236715280619606e-01 2.678214465460135307e-02 2.981572718477162875e-02 1.747610017577877484e-01 4.250634796882051675e-02 7.978831113194781444e-02 2.091555659753501772e-01 7.189714959391615978e-02 2.917131028695775230e-01 9.213602127898819563e-03
1.734375000000000000e+00 9.780058786376348567e-02 4.014386712956654057e-01 1.875682572744650500e-01 3.290329439527783228e-01 2.568526010031308981e-01 7.851345494936258496e-02 1.397769954217690513e-01 8.321879349510002966e-02 1.480965231394088400e-04 2.325363011229819935e-02 1.948880445362902725e-01 5.265656092084212980e-02 5.173794750079534904e-02 2.053530138772210190e-01 5.375564860751486790e-02 4.965882223042489274e-02 9.156910144781024719e-03 4.620374460282789530e-01 2.072286493155085785e-01 1.230470739281916415e-01
1.750000000000000000e+00 3.461400998944928059e-02 2.772437656288043173e-01 2.075040451287133714e-01 8.215626909199658101e-02 1.730705873230660094e-02 4.925370042998567649e-02 7.991608942252666214e-02 2.056747924920301202e-02 1.019744890454774289e-01 2.893533170780024019e-02 3.394972849497187029e-01 5.499676992743283283e-02 1.732557909582814193e-01 2.593699066445875889e-01 1.440065418852611578e-01 1.002897900631983912e-02 2.475056648975311122e-02 8.269559086894871791e-02 1.432098424006877646e-01 1.512435051690799725e-01
1.765625000000000000e+00 1.992111918895518585e-01 7.454380165936527747e-02 1.969598283889450185e-01 2.712847572509958782e-01 9.674756629507132166e-02 1.574488734000965839e-02 5.651976731990481229e-01 5.462286490549056461e-01 4.812217133721817530e-02 2.389576101724660562e-01 2.377708534258676232e-01 1.455450129194137965e-01 1.953293058081040645e-01 1.382248482725171590e-01 7.306589783406437777e-02 5.370216227061257175e-02 3.017144993387532170e-01 1.360840753654134483e-01 1.632063948003472167e-02 6.265367417730123567e-02
1.781250000000000000e+00 1.992192530250250504e-01 1.103599469933590205e-01 3.156593969420033452e-01 5.754790600207703583e-02 1.827944999421076203e-02 9.769658629280628115e-03 3.040974073359693081e-02 1.381451627581356811e-01 3.190567232263585157e-02 2.464416422515491034e-01 1.012076451704223556e-01 1.677132102033408179e-01 3.485344704082150580e-01 9.431448321949277569e-02 3.719856370617443536e-02 2.509876706866214779e-01 1.705027869731780754e-03 3.016649143014515921e-01 2.451937017254962048e-01 6.522551009514733489e-02
1.796875000000000000e+00 3.859150973264844353e-01 8.727707956628305563e-02 3.819486032481822502e-01 2.898893827858933792e-01 2.330430109630613478e-01 7.819011500913132517e-02 2.442713390952725439e-01 1.125883759086383912e-01 1.161108969977570071e-01 2.133269731234189170e-01 2.559178446701879106e-01 1.794349407108893624e-01 8.121646536298453289e-02 1.682329051685586482e-02 1.634356485757541000e-01 3.428991452784414286e-03 2.290117605775187359e-01 1.994118252098890653e-01 5.405921516521321468e-01 2.473438261657104342e-02
1.812500000000000000e+00 2.697010675321294682e-01 2.847573241368455896e-02 2.151945111801550903e-01 6.251129550566269892e-03 2.708969459208146469e-01 1.067484683726578898e-01 8.794426111755036801e-02 6.473561205677750294e-04 1.124209170194896690e-01 4.509740235607117426e-02 2.854960178781955626e-01 3.438070561203289410e-02 9.937272170771427326e-02 1.352764025711187812e-01 2.738900401642829427e-02 2.028194600048949248e-01 3.223263049639790712e-01 1.371738933891109569e-01 3.999354709084561310e-02 4.032904308390447556e-02
1.828125000000000000e+00 5.949903007676516850e-03 2.047216260695559065e-01 3.846175550732194165e-02 3.584263791604873073e-01 9.646201634991639906e-02 5.348096662785772892e-02 9.886951637898200307e-02 7.849840460298058639e-03 6.510989471207791202e-02 1.700176066402813713e-01 2.185799396453311227e-01 5.079202662690673713e-04 1.186976790072389321e-01 1.718629094116427003e-01 7.845085089533966605e-02 8.622885019027919096e-02 2.257025849535762296e-01 2.321341047655250123e-01 1.484393392290377645e-01 2.293442489875595347e-02
1.843750000000000000e+00 8.809310104531184460e-02 1.912536511924357585e-01 9.674743560114640317e-02 5.267664331474265077e-02 5.954924598003760727e-02 4.175001791586432226e-02 8.216735992944778450e-04 3.061357514323084783e-02 5.342904499767250348e-01 1.766209699438303637e-01 4.311618403023245727e-02 3.177230369414783123e-02 2.015168395532925261e-01 1.172450014513682637e-01 2.014896095183092359e-02 1.171435847020235385e-02 1.142864077846394814e-02 6.309374317769164686e-02 3.866410893807060711e-01 2.565263321745625200e-02
1.859375000000000000e+00 8.043261796425725529e-02 8.155375811335315028e-02 4.427425569102930170e-02 8.913978739127677298e-02 3.803117761366237720e-02 6.268581555283794793e-02 9.338107660989122816e-02 1.703354914685929755e-01 3.661930786992821261e-04 3.542410051536386273e-02 3.689557028691609758e-02 4.402971830515308577e-02 3.173602970764345943e-01 1.352712108726095153e-01 4.201376706101755398e-01 5.367492027548745152e-03 1.413948753331585040e-01 1.503778026813742952e-01 4.995115417378425127e-01 9.727952521756234872e-02
1.875000000000000000e+00 2.663316260364176347e-01 1.914618322491974944e-01 1.309747956185906004e-01 2.827357122352337493e-01 7.176490152245912357e-02 2.516611701474108509e-01 2.483123608060105181e-01 1.522051472268339256e-01 7.749781472608187685e-03 2.745837979072006663e-01 7.755860693580959864e-02 7.925701714543339702e-03 1.198401609722415107e-01 5.181512703800442501e-03 4.994795843252182177e-01 1.954265657584123433e-02 4.024679097578841985e-02 2.421216110100071206e-01 1.285668665192492809e-02 1.818561711026055461e-01
1.890625000000000000e+00 1.261430060437249978e-01 3.083282070263829722e-01 1.166518229102117693e-01 6.566491878143538609e-03 2.407203805736339020e-01 4.193521718065653658e-01 9.338552164313968645e-03 1.959267080484503598e-01 2.472211465121851824e-03 1.749201252709658705e-01 1.932726218504341176e-01 7.063236998527644417e-02 4.349074479618306871e-02 1.211468467889855599e-01 3.642535425268366156e-01 1.814573325568246201e-02 9.198999107006862463e-02 2.749459555958174151e-01 8.578946341969279771e-03 8.301784957250940566e-02
1.906250000000000000e+00 3.824967742420971595e-01 1.922274648231183658e-01 1.039574129697010546e-01 1.799381851043266312e-01 3.809347140054051839e-01 2.205812991494798814e-01 2.307601747014814686e-01 1.428329492929409361e-01 9.244838506042088455e-02 9.407180399652113889e-02 3.557740141179977500e-01 1.552432137882239771e-01 2.096432899758222859e-03 2.726411596864843911e-01 1.956759800060305088e-01 3.889147913929566491e-02 3.139125269459623890e-01 4.367960070129498495e-01 1.973869491153670830e-02 1.560391864727108668e-01
1.921875000000000000e+00 4.141033242709604711e-01 1.397247830667063262e-01 2.220891506165016127e-01 1.734282845135321494e-01 5.640253594058280279e-02 9.778694561165601762e-02 2.008456941884701197e-01 1.591454581476513530e-01 1.141955057379710620e-01 3.498661814470237497e-01 1.113766055097988039e-01 3.891596051283183200e-01 8.281362287218199669e-02 2.784063554760614623e-01 2.173068617712960518e-02 9.204105175654345161e-02 5.109539054651334421e-03 1.190270758110989341e-01 3.143650357212821045e-01 1.616803610714287187e-01
1.937500000000000000e+00 4.437146768947083930e-01 4.811691620321748714e-02 9.088999386890403431e-02 2.102716118121007449e-01 9.483182593698467888e-02 2.175294683204439042e-02 3.094411439709692790e-01 8.751754731502728313e-02 1.114400616635888124e-02 1.678860471827418599e-01 3.897124971958030870e-01 1.684450785394486505e-01 2.418600143409948833e-01 5.755171957966308260e-02 2.703117129573318067e-01 1.390836589258273026e-01 1.138197712808912132e-01 1.795257725914154584e-02 2.489987932965690987e-01 2.712656273526400930e-01
1.953125000000000000e+00 8.819691610951428673e-02 1.596488345181510116e-01 3.730393851235625502e-01 1.353368892500958209e-01 3.116093749959442660e-01 8.364776713689743570e-02 3.031294245352568750e-01 6.466712825988392595e-03 9.001303463263934934e-02 1.848697498934754602e-01 2.391917335276417533e-01 3.280784588660168866e-01 3.912650144524480039e-02 2.319613173963509800e-02 4.835388488743912888e-02 4.409475264362607699e-02 6.682752005553412034e-02 1.086604868161847454e-01 1.745347921948582626e-01 5.325595988100602363e-02
1.968750000000000000e+00 2.177258564402470564e-02 5.215737106757176167e-02 2.331122351811126120e-02 6.288508814992668783e-02 2.334107184221671794e-01 3.686485726905761595e-01 4.097192383712553593e-02 1.612157858596887927e-01 1.899905310576725515e-01 8.530800866548049477e-02 2.233939024708441468e-01 4.854908031079168129e-01 8.762827288600026632e-02 1.555961475980539577e-01 2.846443981061512196e-01 1.135328447304170540e-01 5.558263988111222104e-02 2.026173544422330275e-01 1.424999055045130525e-01 5.004994094998981707e-02
1.984375000000000000e+00 8.044854899788163316e-02 2.330520785158970293e-02 1.599722040063084050e-02 1.158224092721745896e-01 3.127078191158803033e-01 1.891507336029654429e-01 7.541989555379463583e-02 1.012362307615000817e-01 2.817276397016416079e-01 3.775219523670936272e-01 2.233208123281755775e-01 8.830956269124810160e-03 1.819595389981608358e-02 1.114895476328436469e-01 3.609962735170050285e-01 2.265980558828745162e-01 7.413672646981774028e-02 2.119627054839292590e-01 1.435184905826864810e-01 8.057728178275626318e-02
2.000000000000000000e+00 5.443332498106823744e-04 3.024665191522856941e-02 4.303569353290749577e-02 3.197739115644491602e-03 3.197373378763657820e-02 3.254621076986154438e-01 1.014587644597216565e-01 1.600508254810375508e-01 4.815082578520449297e-01 3.009516981125116009e-01 7.008523259439106493e-03 2.196396698657442359e-01 3.478056804954177952e-04 4.999189183073439735e-01 2.677476020787578417e-02 1.720108911617308223e-01 4.413073226409644501e-02 2.198737747858966751e-01 1.267663170098386584e-03 3.289666396166838602e-03
