0.000000000000000000e+00 1.163687016703933777e-02 2.324099759292461431e-01 1.369656786475987320e-01 1.440230199223893615e-01 3.308673633705034312e-01 1.626387054017165365e-02 8.777264380861925230e-02 9.191190497661127709e-03 4.349238117150323185e-02 3.285150192219455506e-02 3.378387487704380410e-02 7.210574069977326861e-03 8.402745985453398403e-02 4.846762376857089577e-02 1.677853942944309770e-02 5.163844442954209496e-02 2.459946406882432823e-01 8.099972566235799643e-02 4.721333216483719619e-01 1.593104697641816586e-02
1.562500000000000000e-02 2.519038556339381341e-01 2.059906688879472592e-01 1.956274167781542062e-01 6.014604639839815636e-02 2.437846294748521048e-01 8.200966558547169438e-02 2.753291228425191473e-01 4.175924283988299152e-03 3.689805110586792669e-02 2.114541517057654668e-02 3.939482545599744256e-02 3.166552165561935684e-03 3.585050127872794166e-03 1.369773339814771562e-01 6.046273231267448867e-02 3.453957424526898912e-02 7.129839727390380189e-02 1.086062050674461987e-02 2.309442858214957872e-02 1.146524241003745587e-01
3.125000000000000000e-02 1.774943128866179054e-01 3.628667889926959211e-01 2.017387152292382246e-01 2.055642098022391479e-02 3.100820415766428542e-02 9.184878695454867792e-02 4.161295630508179411e-01 1.617778755064321616e-01 3.087408225132646233e-01 2.893158929716361238e-01 3.337512197053143503e-01 2.782188978612971653e-01 1.797691054668267563e-01 3.268585768859976759e-01 1.032114246778734340e-01 7.892734357029028425e-02 7.641643449066934726e-03 1.750151964216435999e-02 1.930462607923557339e-01 1.267432665563150533e-02
4.687500000000000000e-02 4.633302650814739021e-01 1.369059432177003634e-02 1.463135429785357988e-01 1.941716439680459261e-01 1.446190712886674321e-02 2.495490287178134953e-02 4.249684653269682373e-03 3.437826188253396142e-01 6.164928416898773911e-02 1.673539869178739328e-02 4.462017736904701215e-02 5.797281417482365307e-02 1.008689183816918744e-01 4.882966787132968500e-01 2.328949045051614264e-01 2.456039542942821396e-01 1.564430360533416650e-02 1.666749957195105269e-01 1.022389736182350711e-01 5.468550526022564889e-02
6.250000000000000000e-02 2.936919773854091420e-01 2.887938885166202452e-01 2.511015945814583893e-03 2.235733525256266840e-01 9.033062627820755142e-02 7.734315352221075857e-02 3.096003077682995749e-02 1.755577488022075916e-01 5.912588973260455433e-02 8.299378381446601005e-02 2.077719733372021885e-02 9.012525785914934917e-02 3.447579916190224303e-01 4.939447778401656608e-01 2.040594322847023596e-03 2.205234875692923813e-01 3.091085569739063788e-01 1.988906231222621890e-01 1.175020970787471301e-02 2.097277334477626876e-01
7.812500000000000000e-02 2.445179277857559841e-01 3.122487859263762822e-01 1.569926071562771034e-03 2.156266764121381185e-01 1.161565725252487052e-01 4.920442224141879234e-02 1.396767868427398751e-01 3.478164198967310244e-02 2.445222322330009856e-01 1.861106173300858535e-01 1.555719313829950767e-01 2.339602217544146656e-01 3.952684171317156214e-01 2.510389544491162250e-01 3.392462562036422519e-02 1.196263488216296571e-02 3.242334382222573641e-01 1.333115818630129512e-01 1.458805874359221655e-01 1.762381635139375069e-01
9.375000000000000000e-02 1.353804769376271699e-01 2.107402398293430901e-01 1.995625493149925586e-02 7.025317098815005157e-02 1.792380323856287982e-02 1.747004636278328971e-01 3.120680289434560675e-02 5.408489248155681078e-02 8.324058155266156334e-02 1.586033102413310835e-03 3.402767147234492251e-02 2.657197804666414087e-01 3.460636414419103746e-01 6.147900383287344811e-02 1.686889225443741758e-01 9.869396380187828166e-02 1.003954016069727173e-01 9.778294498606979190e-02 2.491037693199715242e-01 1.712595306827955910e-01
1.093750000000000000e-01 2.922642375332709305e-02 2.892438312462908834e-01 1.394636062548880728e-01 1.749184018539664542e-01 2.410702505890476022e-01 3.897078381659692670e-01 3.502473279381770332e-01 1.572637927496965127e-01 3.765997132796335412e-01 3.429523619924145228e-01 3.302607112648922039e-01 3.857833402539610074e-02 3.711170957723439745e-01 1.866616343911450537e-01 2.485429089487538323e-01 8.563111760628029645e-02 1.935965602491943605e-01 6.606944698989827836e-02 5.842342241259089741e-01 5.088968432645633172e-02
1.250000000000000000e-01 2.402528522135778111e-01 1.751768420697016326e-01 9.180733545616864832e-02 2.252029248709223885e-01 4.415642588739709939e-01 5.070733823616667690e-01 5.712837405472477592e-02 4.704696289606767889e-01 4.024461647141499565e-01 3.775297881241485576e-01 7.046826349176990578e-02 1.425467336955210662e-01 2.103175307155827345e-01 1.254593003090095638e-01 3.005275363157005053e-01 3.057719006307005882e-01 3.018770874383600589e-01 2.345517023129121970e-01 1.832863662816323902e-01 2.097287257399159666e-01
1.406250000000000000e-01 1.801651227432362057e-01 2.045711386176732316e-01 4.358796313835268665e-01 2.191484873092415242e-01 2.125808667284782016e-01 4.975801195758147166e-01 1.685509963449137172e-01 4.513229345393683367e-01 3.530687823959205440e-01 6.366416024822750819e-01 5.292875405885493628e-02 2.084158334158769943e-01 2.912105967525884243e-01 1.019174880744389555e-01 5.588197005505216725e-02 2.752955950144877484e-01 2.732604280465969482e-01 1.995518814869513269e-01 8.928402796009990428e-02 3.263017694019089698e-01
1.562500000000000000e-01 1.737860628505101257e-01 5.674169754989093484e-01 5.789606784747277635e-01 3.358744177604102155e-01 5.832944038955123478e-01 1.141894485890054649e-02 4.255347277675803341e-01 3.174273136415448615e-01 3.863029675900257476e-01 5.321044081995240926e-01 5.132055391823696633e-01 4.630138798130736255e-01 4.551819686015374233e-01 2.838279217292332124e-01 4.116021802459274292e-01 5.633916669105998309e-01 2.626208818695864866e-01 4.247112240465120148e-01 1.030240129180200470e-01 7.644260219201692852e-02
1.718750000000000000e-01 1.052055856657231336e-01 5.087076801535562742e-01 6.355807303465650371e-01 4.213798501178535050e-01 6.282148302814299923e-01 6.521044785223204521e-01 4.151824297670259067e-01 6.381315074559315015e-01 3.819367031796214729e-01 6.162517630017765313e-01 4.736844111315608452e-01 4.405617912446181395e-01 6.467611157445006809e-01 6.318337820955385320e-01 3.696428683813992033e-01 5.295014749468551774e-01 4.154032823444986366e-01 6.750006786273705650e-01 2.542760116999657205e-01 1.277859473169724869e-01
1.875000000000000000e-01 7.599056680702761524e-01 3.717581981874188979e-01 4.792585357146329494e-01 6.354188280955985757e-01 4.355871011778583157e-01 7.392979320362551565e-01 5.224947941737895230e-01 7.363824505957790034e-01 6.882005811240208271e-01 7.643310263895115586e-01 5.696800438850909698e-01 7.266996391389735077e-01 7.895963476298962780e-01 5.480708518003238883e-01 4.455443772955029469e-01 5.859993415398918604e-01 3.895174095285317550e-01 4.362314239273289984e-01 5.394987312733517948e-01 3.253243138476158980e-01
2.031250000000000000e-01 8.456136476590512263e-01 4.031130613228994242e-01 5.994828260222082594e-01 7.558509274762446051e-01 5.962655391433281382e-01 4.391850076482658460e-01 6.173472530676938907e-01 6.172276587771539091e-01 7.475392196065648864e-01 7.657988539725441024e-01 3.240242081462027524e-01 7.987586275218346854e-01 7.369359590338290245e-01 7.048137904412355992e-01 7.928650371403751507e-01 7.878501436312539408e-01 6.814232650280279691e-01 7.181551181642035209e-01 7.811882106239471657e-01 9.406634122287279784e-03
2.187500000000000000e-01 5.483667336140193305e-01 4.286852836823361046e-01 5.095224145102503766e-01 6.960191689417456473e-01 5.109048366903817806e-01 7.898956257225373534e-01 7.514923515100447871e-01 4.356286450939912402e-01 8.047212878721825557e-01 6.585620529443978466e-01 2.908980760372827379e-01 4.717088685637788603e-01 7.263745799573745332e-01 5.262000933997467156e-01 7.923310117158005594e-01 5.247078927692903072e-01 7.357406476245508253e-01 8.092115438057957411e-01 5.699804198649296438e-01 3.806474855477722796e-01
2.343750000000000000e-01 3.626278394427122631e-01 6.639057253303565220e-02 5.480924741514863197e-01 2.964706836879532070e-01 5.612174713828089745e-01 5.270783691237985735e-01 4.006810135780629611e-01 6.759231905340120639e-01 2.094775814640945089e-01 4.933768633466985021e-01 3.503744591565814415e-01 4.500780271971487750e-02 2.461311275090229955e-01 1.811780982619292379e-01 4.659173936595134569e-01 3.059010374108759311e-01 5.662438382909533718e-01 2.133997086220016104e-01 2.854651560206300509e-01 9.661167197202005785e-02
2.500000000000000000e-01 4.109045953608601587e-01 1.460153263412962699e-01 4.284191140991181479e-01 3.779320188194346675e-01 6.608652630032562092e-01 5.613403600845390251e-01 4.679473495591323084e-01 5.964462144542174160e-01 2.188709023312450375e-01 5.420366567130523450e-01 6.404438346715390917e-01 1.658019742523891837e-01 2.238349179472401140e-01 6.118556146623367331e-01 4.099369174899417656e-01 3.938814321598404500e-01 5.935689973494764349e-01 5.298308445977255587e-01 4.250501274559175813e-01 2.807926929554550033e-01
2.656250000000000000e-01 7.504913942904019031e-01 6.091070510404165139e-01 5.583072769401332680e-01 7.178441644014124101e-01 7.472314069520402668e-01 7.821044533321541703e-01 7.841804808755519218e-01 8.513770750613224303e-01 7.088954787581731587e-01 5.706275100357084407e-01 7.830013602820886653e-01 7.393256909366732188e-01 3.529386779906700244e-01 7.685646370320929899e-01 3.318359337599389725e-01 5.661036832336605595e-01 2.992419578384806766e-01 6.841239593092933724e-01 7.492534660523807455e-01 7.500478306748187274e-01
2.812500000000000000e-01 6.589867963474564938e-01 8.309240767517324100e-01 2.713342477849410295e-01 4.842459450887472427e-01 5.553811098923859824e-01 5.764124571085668114e-01 8.281732513872637202e-01 7.011697852978638901e-01 7.917769981758954190e-01 1.664757886030355238e-01 8.362105982511202074e-01 5.189817068793989296e-01 3.508946898596493891e-01 7.902211873803701714e-01 5.302190326553370969e-01 4.849011178260598798e-01 1.760201893248054261e-01 5.572509067353165202e-01 5.303997928259627237e-01 8.820274699456296386e-01
2.968750000000000000e-01 5.007520179316536924e-01 7.778474348301983587e-01 4.464961812388126283e-01 6.431987382962144340e-01 4.752602693744143458e-01 5.319857583909136656e-01 5.806285402065690660e-01 6.594165390336935717e-01 7.110550601657054104e-01 3.772089689258585343e-01 8.363033095126716221e-01 5.607639690694550261e-01 4.084403736271736141e-01 8.027483878666515915e-01 5.999528430378384680e-01 2.881685263802684083e-01 5.982257708222105119e-01 5.215663405111915507e-01 2.146160507456663646e-01 8.237530150201867185e-01
3.125000000000000000e-01 6.274876522697419023e-01 8.593734336868810164e-01 4.314411843084700049e-01 5.842558949939157253e-01 6.530199264445977203e-01 4.901363956663135069e-01 3.937429474750981928e-01 8.738104440117969718e-01 2.182273703917146090e-01 5.857178713741598708e-01 6.868645757444303834e-01 2.161269693682488502e-01 5.835013242204122319e-01 8.771026752213318955e-01 3.761705186116146016e-01 3.296003723245852779e-01 7.090447860595967544e-01 5.245985058342012008e-01 5.626113745823027035e-01 7.500106921611230382e-01
3.281250000000000000e-01 6.202893343620896616e-01 2.703379163482294012e-01 5.465215154916231999e-01 3.133401075892752186e-01 4.964978757602028780e-01 5.348479564828189092e-01 2.203920250646511092e-01 6.686866027599139839e-01 3.732735442276035043e-01 2.281500275365810626e-01 6.598391115960432485e-01 3.307672446133345101e-01 5.114482554798945868e-01 5.776862679065889461e-01 5.366553057636239688e-01 3.975688386500903504e-01 6.247683720953332021e-01 5.442256267967199301e-01 6.454663986867840153e-01 4.187434522291765826e-01
3.437500000000000000e-01 1.843250928874216321e-01 2.780348471037026314e-01 8.350945432619722997e-01 6.239446811355458394e-02 6.634821637212831025e-01 5.217221739418669291e-01 3.251386033325718850e-01 5.917090280234186261e-01 5.504540450211455882e-01 5.302211466684032537e-01 6.792743645083085813e-01 2.962750907901159914e-01 4.576149266409817451e-01 4.051076133591212103e-01 5.398067789780994774e-01 1.953487985116752201e-01 4.223507582855518527e-01 7.360343140940853734e-01 6.479626719384855571e-01 4.617190843658826038e-01
3.593750000000000000e-01 3.102835278650626916e-01 2.517367849284264936e-01 7.805125916367957606e-01 3.755626261418926193e-01 6.424339745753917530e-01 5.303028776475955386e-01 2.321186141603603648e-01 5.180746839832653938e-01 3.336564334305851531e-01 4.786726334059226984e-01 6.730112991740911932e-01 3.237715609872045541e-01 5.253713723910563571e-01 2.710593148757687865e-01 3.761347004482199496e-01 3.691149799477281279e-01 2.876519578873018568e-01 7.498883796253541512e-01 6.837279611546642766e-01 4.705861523477868347e-01
3.750000000000000000e-01 1.034572535574644764e-01 2.889332317922667093e-01 3.145910548921264094e-01 5.101481695394202154e-01 4.531554223675128279e-01 4.099957814374843301e-01 3.299701638734604536e-01 6.201013908207578806e-01 8.626823675823591664e-02 8.017260901161982201e-02 2.578017280327812299e-01 5.558851360127403662e-01 5.851938394066519278e-01 5.222023306217216110e-01 3.613450755348983079e-01 2.166894156430781149e-01 4.497286955395748964e-01 3.770239928236658877e-01 6.998693647947841212e-01 2.776236622830118295e-01
3.906250000000000000e-01 3.960033757342743543e-01 5.710815280603499799e-02 2.978196966308555571e-01 5.094115331708355399e-01 1.659330219748019475e-01 4.513262381059665596e-02 1.247770296366120142e-02 1.563220558419889661e-01 2.058552611908341656e-01 9.618853466456084300e-02 1.013291588334172891e-02 6.390169726311768772e-02 2.997261367773522422e-02 4.034165797666558473e-01 6.653568302716171556e-02 7.302480996793633827e-02 5.635549969566581163e-01 3.355124553166202173e-01 3.460981431343957970e-01 9.772107125028978158e-02
4.062500000000000000e-01 2.334707014537971415e-01 2.216196001543415950e-01 4.847890759851101183e-01 1.958262331657831534e-01 1.574381240168102047e-01 4.452707570829116113e-02 6.302308464079027506e-02 1.157667411370328914e-01 3.172291312928518514e-01 3.406113767773304157e-02 1.815912041224703177e-01 1.604850275719973962e-02 3.141436139265394445e-01 4.843001251764270654e-01 1.185407354229958965e-01 1.276938614964924848e-02 7.522551600285745099e-01 4.077308675466874699e-01 1.993123221450575633e-01 3.035298185590233899e-01
4.218750000000000000e-01 4.493765797005703222e-01 1.655927975168768607e-01 6.377896433226019068e-01 8.545811708035734588e-02 1.180027411501918949e-01 8.445509393979107327e-02 5.775304365682623065e-01 2.346143562629956492e-01 2.057025820897269153e-01 2.877558480102684335e-01 3.068260442847351444e-01 3.555603355224691842e-01 2.233010323837482658e-01 2.434201884770189062e-01 3.371512976375007908e-01 5.438573438682994809e-02 1.894262886605067309e-01 2.510541014637219237e-01 8.029992900449266224e-02 3.659752208855907574e-01
4.375000000000000000e-01 1.174761259209442521e-01 2.490086762874717807e-01 2.991060399415811366e-01 2.373318769422917973e-01 4.542185643930474886e-02 1.418529770494801334e-01 7.789341112721646920e-02 2.642773012207702554e-01 1.759714732444151164e-01 2.476089446791582827e-01 4.147241887333149440e-02 2.122331971216262769e-01 1.144781163940679636e-01 2.327389937417844931e-02 2.376226688475867321e-01 1.741934001701169465e-01 9.424613899655487348e-02 2.311273621899694597e-01 2.568676975618205960e-02 1.597851646219349275e-01
4.531250000000000000e-01 3.319344298349622552e-02 2.815151888005609226e-01 3.416027377770166490e-02 4.621182535202332797e-01 1.428987777400457793e-01 5.485550942618083736e-01 4.566684455196969722e-02 2.807251158836888624e-02 5.999766126513039755e-02 1.184473606720061190e-01 1.327116650157197375e-01 4.283889463110635565e-01 1.058781676306515956e-01 3.224034927042597476e-02 1.692708247456433113e-01 1.383492582169085217e-01 3.685472963135864588e-01 1.459234963261720197e-01 2.348470158661280227e-01 1.653307428119457356e-01
4.687500000000000000e-01 6.149837653097523643e-02 1.742523150482475913e-01 1.932062120895109425e-01 3.238503352534629620e-01 1.553398073916740785e-01 2.812384596519220681e-01 2.152022106465089624e-01 3.686451365327254592e-01 2.595223217306875940e-02 2.325931833764923740e-01 2.768605672585298244e-02 2.502565686686335500e-01 8.543192764683092688e-02 8.517765123362149027e-02 1.177380433769929374e-01 1.293072879116405338e-01 1.787992699449321987e-01 6.972162316142280214e-02 1.936417925888612723e-01 2.816572299457409945e-01
4.843750000000000000e-01 3.474697151550357743e-01 8.480493473898145784e-02 2.083454873626803747e-02 9.327880333938574908e-03 4.337687880683856467e-01 7.406776516480148564e-02 2.094156286980542181e-01 1.664529425758787540e-01 1.500045423567872814e-02 1.910137567648315382e-01 4.031904238427340414e-02 1.123220271996957093e-01 3.750937022744962879e-02 6.274700933974992900e-02 9.025347925524408732e-02 6.253540515715210191e-01 1.184520210038783605e-01 3.474017098217978272e-02 3.883255236675882405e-02 1.257777813341885431e-01
5.000000000000000000e-01 3.095419681193294359e-01 1.324373513191252627e-01 4.485282058413839201e-01 2.152457372401563040e-01 5.004370480898461260e-01 1.280242740892496012e-01 1.090143429487067800e-01 3.773860085860024083e-01 1.716233213123723456e-01 1.005897174496557800e-01 8.568228963200384685e-02 3.215558425553121658e-01 6.477487964340696361e-03 1.941222253283124075e-02 1.606003047904981385e-01 2.121423380796825381e-02 1.693671368440317071e-01 4.545606263919332868e-02 1.570261334395952058e-01 3.827563976295333958e-01
5.156250000000000000e-01 4.458945609544673339e-01 2.273810642196902321e-01 2.433998488428783802e-01 1.919670187564195551e-01 2.299029579920456312e-01 1.320010938145266266e-01 2.303508778012877123e-01 1.015410848994304470e-02 1.626740372895288944e-01 1.704136345693176013e-01 3.430032892624807483e-01 1.924307135682245262e-01 5.897987435526600569e-02 7.850693685658770293e-02 2.512774301206732036e-03 1.474175995138573558e-01 6.442459951703449761e-01 5.282282819521291230e-03 1.144912364140271976e-01 4.324303733659153326e-01
5.312500000000000000e-01 4.388626300326726737e-01 1.509802044218530870e-01 1.918090876036064596e-01 4.532901562378756355e-02 2.976365492803962343e-01 1.893682225691070142e-01 3.024938580629877305e-01 8.417251948189788391e-02 1.958426955671448977e-01 4.087622769361175523e-01 6.220991890921204887e-02 3.223394531109934902e-01 2.577439769851738380e-02 6.609890903563928610e-01 4.101673357266114039e-01 2.730044388386876908e-01 4.092074241543671720e-01 8.689927979526852753e-02 3.037418638511609967e-02 2.871604312578731055e-01
5.468750000000000000e-01 3.380306021266532568e-01 2.854079634201356908e-01 5.275788752145515147e-03 1.100260904135627743e-01 7.342799122607003570e-02 1.517390415595884327e-02 5.280345850992121393e-02 8.356416456127080394e-02 2.603034339471312908e-01 1.114998746464912482e-02 1.309611317532249353e-01 6.071872880405765338e-01 2.081235609157361111e-01 2.674321008423940493e-01 1.986659996119073124e-01 2.355719201130188623e-01 1.011494806097312238e-01 6.676869117284679744e-02 2.392971031106592705e-01 9.103786471154737270e-02
5.625000000000000000e-01 1.986219147905772808e-01 4.556469758668048042e-01 6.619194169169063946e-02 2.122566562313548122e-01 3.418019129787295274e-01 6.033246999095652485e-02 1.158503316080871925e-01 2.101636309614056397e-02 4.669819836358703180e-02 1.561560985984128402e-01 1.331366535027554421e-01 3.663958037998601980e-01 6.187660341860923285e-01 2.855086641677523004e-02 1.580925199401436443e-01 1.884541767042887672e-01 8.840092288236800488e-02 4.026344707853579119e-01 2.220665486863628302e-01 2.111847305591071228e-02
5.781250000000000000e-01 1.283367331730500549e-01 2.144705008125018797e-01 5.214577801533116785e-01 4.822065065857932820e-01 2.536519617465298193e-01 2.656030239495006939e-01 5.366593553488851771e-04 1.092423376290539982e-01 1.198288963447202843e-01 9.417087016714134617e-02 1.907554727724398158e-01 6.611131562523399514e-03 2.895686475559867273e-02 9.096329707974321055e-02 8.205853424639349136e-02 1.778245116362905109e-01 4.933665219045750561e-02 1.651818144647347608e-01 5.451199793332514587e-02 1.249008419619727916e-01
5.937500000000000000e-01 3.671462529795711527e-01 7.449303428154475659e-01 3.583167786200000537e-01 3.673657481748192621e-01 5.366130671530696707e-03 1.288435291578671725e-02 3.304956051815786250e-02 7.107562787014858052e-02 2.827063356323835774e-03 9.156482247274994046e-02 8.474003096401264146e-02 2.604541264447010618e-01 6.551418794400278023e-02 2.837059583660795243e-05 4.401196652554455468e-01 2.222780328043461040e-01 4.809158535414021635e-02 1.210868356186340089e-01 8.510298030789691104e-02 4.417382333347690260e-01
6.093750000000000000e-01 3.008999830942080123e-01 2.484176753101846602e-02 6.754569020225571763e-02 2.008932407075574023e-01 1.520306448255301923e-01 1.330739666746912353e-01 3.909442138221725684e-03 3.481671993643458557e-02 2.385140355218713371e-01 8.378211543252570004e-02 9.826868865424330524e-02 1.153628079294312381e-01 6.450060572699657657e-02 1.801159296873892923e-02 3.996255870264369681e-01 3.812277790099726227e-01 2.458283158306192283e-03 1.412854703919426969e-01 4.846121106478939317e-02 4.138884393856541166e-01
6.250000000000000000e-01 3.295347745539012885e-01 1.261802216787704378e-01 1.085208693898093851e-02 8.387189719227648721e-02 2.949633147950342926e-01 1.600995757057995239e-01 1.632695414383897869e-01 2.266885419313244554e-01 7.568955298628598886e-03 1.060022357528972864e-01 3.216907814704571267e-02 1.370935714855565091e-01 1.359052902511380390e-01 2.510543472299134882e-01 3.792404771612047920e-01 1.089948315667992051e-01 3.322675399222383558e-02 1.584326746126145935e-01 1.018877720608463294e-01 2.197414889119964077e-02
6.406250000000000000e-01 9.021231953874359055e-02 5.030382593482861375e-02 2.461207506666046319e-01 1.672069463351887886e-01 1.241953005690876605e-01 8.404494312329896522e-02 9.725623050382076196e-03 2.289648409371057292e-01 1.040593620703775535e-01 6.363753676308699092e-02 2.978803253846677018e-02 2.768794640342954749e-01 4.858335067866884627e-01 3.465941126920119575e-01 1.290143751240294956e-01 1.267753621970934830e-01 2.451030701898367636e-01 3.030224750133389544e-01 4.688222454516453586e-01 7.879204080006710353e-02
6.562500000000000000e-01 1.210920076364051939e-01 4.244171967591445910e-02 4.555113439858923807e-01 3.242407112134321201e-02 1.361982074589178637e-01 3.937281410830531514e-01 9.962389813895158180e-03 2.149068375001742526e-01 1.779724916925893852e-01 1.453924534698026183e-01 1.703390631890631252e-02 7.779977985464039958e-02 5.316298751089948427e-01 5.514187433191890531e-01 6.753719088583717833e-02 2.525330703602901017e-01 1.023352087484860617e-01 7.603235685026624169e-02 3.851513753797715656e-01 2.136985432321555911e-01
6.718750000000000000e-01 2.335401841263731737e-01 1.269653383608852770e-01 2.184763797296713772e-01 3.813306243472129597e-02 2.580452113423278293e-01 4.161160916508107599e-01 8.411467689125715075e-02 3.766940020252368404e-01 3.137357157171810629e-01 2.501184519377685350e-02 5.448230911430141515e-02 7.484336482238360122e-02 1.830473980299216485e-01 4.370569917974894691e-01 9.077297895082808710e-02 1.434059787020450782e-01 2.911456647349755511e-01 1.661329271537575480e-01 1.284991606417361099e-01 2.856333003849686469e-01
6.875000000000000000e-01 4.228205526076822540e-02 4.756713512529958665e-01 5.498755747596803523e-02 1.460215193978508796e-01 1.550836207409210521e-02 3.536953412381425577e-01 7.468951631934157842e-02 7.756731573291182624e-02 2.610197895932131820e-02 2.309602018826366690e-02 1.638865423297906215e-02 2.814422302666401143e-01 9.908055333744958393e-02 3.786206721826858024e-01 9.979378948711295494e-02 9.417320667663587469e-03 2.411043619797039739e-01 6.644187087679279125e-02 1.281402014481419493e-01 1.621865230514201173e-01
7.031250000000000000e-01 7.156382664270458105e-02 9.966896197023629445e-02 3.316758606549639193e-02 8.425795159447946325e-02 5.353464669362478084e-02 4.744666153526486824e-02 3.807959595280328013e-01 6.829568565555071968e-02 2.943979850588943417e-02 1.688260916126574918e-01 1.011319435823678364e-01 3.644910679967273692e-01 5.849383861317702937e-02 1.591011790251559144e-01 3.053867507296378347e-01 1.994491867371512295e-01 3.281557466882204510e-01 2.416418334675434765e-01 2.916687839563204820e-02 1.321603659796794505e-01
7.187500000000000000e-01 1.048954896305876183e-01 1.145123762791275535e-01 1.323393745824721912e-01 6.036491739383791078e-02 2.596321571010358764e-01 3.736608437349691388e-03 9.797656536367148339e-02 1.774513681885692834e-02 2.031107217796023490e-01 8.442704478557250258e-02 2.029499277455728556e-01 4.905960055071295622e-02 3.075903426089913184e-01 1.254482348563740746e-01 6.548306528819225480e-02 4.077845725024271117e-01 5.064248786113038081e-01 1.454251099663214364e-01 6.414011981728834355e-03 8.780878880028045869e-03
7.343750000000000000e-01 2.171303641021351816e-01 1.788760068352755750e-01 1.138157811824900556e-01 1.371269457150603721e-01 2.084806232293932304e-01 2.235283218979120523e-01 5.917314695977925892e-02 1.832864123219417329e-02 5.196660293103412265e-01 1.073288320911834209e-01 2.899905193644813917e-01 1.699347138760802034e-03 2.938083300220792338e-02 5.446782852845101219e-01 3.104504794183814975e-01 1.202429722663770351e-01 2.087792462948418193e-01 2.621223479759828834e-01 7.261646890366402207e-02 1.489913354800208312e-01
7.500000000000000000e-01 7.028507892790640532e-02 1.364866564880952982e-01 5.619455045025991552e-02 8.866185920680212662e-02 2.467879347897585993e-02 2.114966079234887331e-01 1.867546887493560792e-01 1.845164390897363962e-02 9.647354335763297373e-02 1.092392393064554879e-01 8.120740810442979643e-03 3.065074215898737076e-01 3.134735250659064776e-01 3.299011577331590894e-01 1.455252889439438702e-01 9.040474061055537094e-03 1.566469482324356066e-01 3.515472274933545971e-01 4.985149256413864416e-01 8.236591720071903544e-02
7.656250000000000000e-01 9.472371482993786895e-02 1.014233856372794979e-01 2.817660080877547601e-01 2.451482614151927752e-01 6.006209532940040563e-02 1.620135829129712712e-01 6.215646870308444427e-02 7.735975158302818566e-02 6.839222147513528138e-02 7.856546194531344174e-02 3.531053076677842517e-01 5.338821093894824399e-02 1.583520245026523998e-01 3.931959716943705385e-01 3.105225946088296385e-01 7.094430545966357027e-02 4.276868439047487591e-02 6.267538093904882757e-02 7.077620420188261985e-01 9.300344308242938221e-04
7.812500000000000000e-01 3.236814021193118451e-01 4.900155270641000649e-01 4.640199521041962205e-01 2.426881125520635174e-01 6.574938655407074339e-01 1.230128843020578122e-02 1.539796410670185751e-02 4.493341294880562886e-01 1.368299977723454186e-03 4.089609455531618282e-02 9.722929105240070424e-02 1.008545556211875305e-01 3.086273539065699512e-02 1.355586497022348569e-01 1.139784823088545174e-01 1.204137045965805869e-01 4.929482327047860629e-02 6.487321807625082148e-02 7.373988457964870957e-02 8.753934335099326780e-02
7.968750000000000000e-01 2.402539024108255039e-01 6.133976076192582810e-02 1.308477009482234554e-01 3.432383278314271036e-01 6.620996684979559843e-01 4.336767530838349094e-01 3.355215637556033248e-01 2.007603749081198485e-01 3.517209647189462052e-01 7.457602330327663467e-03 1.598060302366877961e-01 6.471672276181200667e-02 6.020396162166308067e-03 1.524402446378642362e-01 1.924438513089332670e-01 2.644315366438910186e-01 1.406796186477784483e-01 4.908103004506544909e-02 6.537565650777203696e-02 3.195011806564750367e-01
8.125000000000000000e-01 1.010442847750099571e-01 1.847884418139798812e-01 7.123197536819884934e-02 1.370372947505845394e-02 4.437763770453381773e-01 1.931079872009215659e-01 4.592036995057666715e-01 4.335414617665094006e-02 5.400046966649098973e-02 9.643802155736724835e-02 2.073935400649289107e-01 6.921001215203585744e-02 9.892092844602218271e-02 1.996926300665207155e-01 3.920610338386249505e-01 2.644034080717753143e-01 1.306706196976046078e-02 4.413153697803785525e-01 1.648113514694894352e-02 2.492019954336370524e-01
8.281250000000000000e-01 7.126973914030031165e-02 2.929454757919324193e-01 2.962848814064530933e-01 4.950026149116985852e-02 3.248667069280427033e-01 1.386574311861753228e-02 2.394512675653588940e-01 1.582514400908626995e-01 2.663654808605706026e-02 3.109214241422972314e-01 4.456954107424948575e-02 1.758474141221301468e-01 4.269192384184121794e-03 1.409770252668165746e-01 3.796858098745931609e-01 8.490671648552995665e-02 2.540520324343903402e-01 3.554163597215794779e-01 9.532165305824695858e-03 7.979122180380691931e-02
8.437500000000000000e-01 2.818814559482587523e-01 2.547450348575146517e-01 8.125855051548364072e-02 7.815374579419904350e-03 2.203316583599388302e-03 1.078096460635888793e-01 2.196282272420857773e-01 7.237273960616300017e-02 2.519271679961164190e-01 1.138959098182320932e-02 2.289866859110717690e-01 6.740717033555751470e-02 5.532974927415718752e-02 1.653748025474878480e-01 2.224689686206137162e-01 8.960302786499986516e-02 2.959322210664596109e-01 5.661928192392928771e-02 1.099694520515528684e-01 1.709306812419294705e-02
8.593750000000000000e-01 1.076310590179671012e-01 1.216374253873278855e-01 2.300977165320547690e-01 5.915319936422611669e-01 3.602310416932619774e-01 4.875969790346502269e-02 6.000431276296489536e-01 1.212221070697817593e-01 3.814822472503464623e-01 6.826852495713155167e-02 3.232828756026120964e-02 4.003051372493093840e-02 5.655947996729018476e-03 4.417856226034232170e-02 5.574582578962034582e-04 5.432668190210152709e-02 6.602018602265193048e-02 2.005759400620297228e-01 2.957930344630070318e-01 8.864351034811551733e-02
8.750000000000000000e-01 1.631722159832006136e-01 1.776248937432833852e-01 5.896920454935985489e-01 1.724468812284266628e-01 8.025531421610503091e-02 3.391453758684303404e-02 8.966961229938778810e-02 2.014589144383258437e-02 4.743625271258813253e-02 3.627308106333483884e-01 4.219256757990191148e-02 5.728199975287131401e-02 8.670814428418299746e-02 4.221388135507592176e-02 1.646604560843690224e-01 2.385861263243405084e-01 3.286840234440126518e-01 4.045983578790741247e-02 5.208664539244121927e-02 1.408732131105057926e-02
8.906250000000000000e-01 1.687107501903036266e-01 2.774679136504459298e-01 1.349745674362201331e-01 3.823797421502701521e-01 1.240344850842911018e-01 2.326720952714597945e-01 7.555757433214292662e-02 1.579119884175540223e-01 2.742203911753883228e-01 1.447087907529688300e-01 3.190423224611656505e-01 6.390962537469453697e-02 5.135405812991121477e-02 3.706926454794534642e-02 8.967918298558577583e-02 1.185139214273287500e-01 2.279997928048496936e-01 4.225817112670599007e-02 1.393597143534425209e-01 1.433710583412506345e-01
9.062500000000000000e-01 2.440322797632911780e-02 3.307526805845455442e-01 1.024894379306191955e-01 4.191523539643240981e-01 1.522466243390689089e-01 4.027319676548350019e-02 8.027467149446021466e-02 2.204445520824261096e-01 7.085408737256707057e-02 1.996244270530390941e-01 5.874926454927741765e-02 3.084826838167785135e-01 2.565064623582154479e-01 8.428860091222687432e-04 4.248740817588260443e-02 1.562612717073530999e-01 4.506888096435961999e-01 1.489736606100053318e-01 2.635606455911375656e-01 3.072294940043227007e-02
9.218750000000000000e-01 4.226242440831597114e-02 9.652960307879403234e-02 3.122459696570947796e-02 7.944892371158077116e-02 1.785418304873212514e-01 2.492780957322635049e-01 1.193862715288980698e-02 1.942213884554936931e-01 5.594751956964977291e-02 1.219469480063258525e-02 1.215857343371233995e-01 1.311429543533678688e-01 3.677418204120679046e-02 2.531767105212056057e-01 9.445251458765953345e-02 2.108296185020726646e-02 9.229226387905813123e-02 2.984395534603628275e-01 1.307651437464273092e-01 2.876640026546632978e-01
9.375000000000000000e-01 1.823388450542144101e-01 4.488726427485090764e-01 6.611815749327742964e-02 2.340644161511017673e-01 7.243556019115127143e-02 3.138578037298942469e-01 2.348128430735938466e-01 5.637478980223455116e-02 1.164116350967682872e-01 1.410151261358236208e-01 4.888743962049289273e-03 2.878786453935430201e-01 2.667610615928174556e-02 1.214253454846007246e-01 4.166067719618555404e-02 1.359939268791739153e-01 4.343488352606084818e-02 1.694376232334496024e-01 3.071531373343509008e-01 3.235977890067794904e-01
9.531250000000000000e-01 9.790562696331489914e-03 6.200932908251480247e-02 2.791121711181088899e-02 5.313566789394571360e-02 1.588363460773206115e-01 2.551672032343885732e-01 5.010437545454078379e-01 9.728620859610391525e-02 1.702490493088097134e-01 1.765347349979123626e-01 2.806511115334908713e-02 2.035399493126413897e-02 6.666171226562791347e-03 2.176281587073022605e-01 1.882658988005696254e-01 3.105608774757569537e-02 8.640085550562937033e-02 1.149450194512215695e-01 3.089676551315184011e-03 2.816619877735971819e-02
9.687500000000000000e-01 1.723387516035662370e-01 1.868913422894874152e-02 1.482611075525719635e-01 4.944417414441527187e-02 8.773070129253747462e-03 2.116507379421924961e-01 9.596533066053718197e-02 4.788869055207645165e-01 2.938821652375259719e-01 1.449019557944604131e-01 4.726005349965291952e-02 5.826296726273408333e-02 1.799246805357397616e-01 4.756087957950188017e-01 2.441068096404728771e-01 1.491622763074024714e-02 9.479082581860120982e-02 7.118305913888069505e-03 1.877543779895466877e-02 4.879014048437257944e-02
9.843750000000000000e-01 3.050637711477917069e-01 6.278790161826428018e-02 2.906199666881774113e-01 8.687319610067792408e-02 1.580878299634091155e-01 5.976515145985288741e-02 2.658621169724476041e-01 2.583884344353040707e-01 9.554975423417379557e-03 1.070218871499854646e-01 8.427570289312413809e-02 3.804656447864349783e-02 2.506317365821556509e-01 2.329518648924637780e-01 1.888693373292229249e-01 1.604621335496224654e-01 1.588551862603209547e-02 9.236414506752242681e-02 8.694572526391854128e-02 1.793199560557647010e-01
1.000000000000000000e+00 2.554794969927745019e-01 1.849952132613538053e-02 5.898172195181126953e-02 5.096561524850325153e-02 2.794372459989604707e-01 9.952916440854465974e-02 5.132762044298168347e-03 1.577176895334344575e-01 1.520851523833625651e-01 2.913677422125056093e-01 2.840792258541160326e-02 3.211653185735050681e-02 7.092799799646715142e-02 4.015889566589939119e-01 1.520154226412680936e-05 1.097356664654342007e-01 2.867409491212170036e-01 2.353210058261046705e-02 9.143364652509888835e-02 8.657596526610733534e-02
1.015625000000000000e+00 2.995631621034157421e-02 1.634667652858053377e-01 2.944646831774869883e-03 1.663850046120356196e-01 5.359446630406794476e-02 1.059220194505041679e-01 3.390255541113630922e-01 1.471291832644392727e-01 4.328325907138189099e-02 3.722081796219440242e-01 1.147939966352178910e-02 1.619832344261599444e-01 1.938083170483822781e-01 1.598036429268781811e-01 1.015015949056845973e-01 1.598456254349850392e-01 3.237494156155762415e-01 9.038212880206265842e-02 8.305753859026024366e-02 5.750678620572687028e-02
1.031250000000000000e+00 1.648372672001545969e-01 4.903086440481162905e-02 3.603522543305685139e-02 2.778834573805051833e-01 3.255215226784886201e-02 2.503616602505502331e-01 4.018400639740161706e-01 1.129681599867040807e-03 8.878709365649077243e-03 2.413993698728492676e-01 1.758145115079930848e-03 4.149917559674359130e-02 2.222315989750147380e-01 5.235830767480630088e-02 6.395070055386053998e-02 8.184164684619063546e-02 6.423542415360899982e-01 6.497131290334677567e-02 4.646160063171818622e-01 1.041673248130590562e-01
1.046875000000000000e+00 2.269541838028509007e-01 2.749532349951157584e-01 5.631834921222784313e-03 2.504908165745405313e-01 3.106768584642050079e-01 2.100126978572970093e-01 1.676263694822069661e-01 2.386724299687436324e-01 3.674985900842179798e-01 1.258217095795558793e-01 6.925859503568192188e-02 1.911301542518535901e-01 2.343624028427842565e-01 2.273091915994893963e-01 7.147367042305280416e-02 9.437166139762666328e-02 3.045654045407371058e-01 7.630906841090598879e-03 8.467978122339529790e-02 3.486389791086529077e-02
1.062500000000000000e+00 1.080059314215473798e-01 4.826815404133912857e-01 3.211512877238314329e-02 5.339816133749025751e-02 2.505294550876905335e-01 3.050514238899992292e-01 1.856860118069108834e-01 1.205554857079349090e-01 4.319827511047990565e-01 2.340891895147919066e-01 8.047658294899283360e-02 3.410933292521425297e-01 8.837680188883391408e-02 2.626211348035015769e-01 1.829509368763489463e-01 6.688838567353672104e-02 2.115506676364810046e-01 4.871992264162859354e-01 3.411801421326107753e-02 1.669992100720789074e-01
1.078125000000000000e+00 2.274413722449943887e-01 5.569380658900293518e-02 3.602528307781651534e-03 1.997193827519865572e-01 5.886590826488738437e-02 3.222064105786142107e-01 2.060365482779642765e-01 3.830127199977772512e-01 3.235302257998106668e-01 3.024729302275786652e-02 1.012378761671250404e-01 2.186041885093580606e-01 5.814297367743198608e-02 1.185585268939609999e-01 4.836794512196822271e-02 9.996649895377375528e-02 7.843274116954039588e-02 2.552209337872997086e-01 3.244447523775342151e-02 1.478543712979283817e-02
1.093750000000000000e+00 2.842734328572367117e-02 3.465850359585189167e-01 2.592197963368192068e-02 4.553740953157659616e-02 1.229955959794285097e-01 2.654824464565333497e-01 8.769541675813022352e-03 1.548104686034083577e-01 1.671472459664120336e-01 1.960660872422306800e-01 2.446930113121039974e-01 1.114923995857803989e-02 6.437736901870613759e-02 3.374583696252434484e-01 2.583089634106091603e-01 4.142441407200804782e-01 1.081951655539080820e-01 1.212669806219724838e-01 4.519287915954889878e-01 2.046122206976140612e-02
1.109375000000000000e+00 9.448558428073465520e-02 3.943239094413564794e-01 1.981950612731063835e-02 2.247787944888909178e-02 1.025952372986634747e-02 3.599655243970104751e-02 6.985410866208388581e-02 1.128601595221213200e-01 1.270443859210158496e-02 1.523760267901268506e-01 2.559309312793192071e-01 2.468274968730901561e-02 1.473224222366519565e-01 1.314678314552646804e-02 2.502999797068985455e-01 1.637722911494279565e-01 3.550527058863017088e-02 4.068903322653347199e-02 9.761767147737855643e-02 1.657065592368596185e-01
1.125000000000000000e+00 1.724200964660292934e-01 4.559022372000542944e-01 4.967368183401755372e-02 9.615446392510929030e-02 3.188883915673192126e-02 8.872459348516299749e-02 2.072306398471132627e-01 4.077301600459733999e-01 1.616552498439788599e-01 9.136623619501600679e-02 1.933976199935490137e-01 1.629156507499990580e-01 4.051746142519164762e-01 4.388481836141167741e-02 8.852751316298336504e-02 2.614752301053387407e-01 2.062452356768351980e-01 7.320601802133813729e-02 2.487639125377086591e-01 1.684797350211822975e-01
1.140625000000000000e+00 2.156498924488388647e-01 1.079570772548922586e-01 3.006483201822223172e-01 6.608962367691337270e-02 9.548332759380079304e-02 1.396581646597512549e-01 2.434040341674621466e-01 2.000794801162202319e-01 6.693566985938850800e-02 2.701192318397830916e-01 1.508608109274929832e-01 1.106892429206439107e-04 2.504901937726995431e-01 1.559172638685407397e-01 1.835180022161812252e-01 8.856063533125843601e-02 7.318183623057353260e-02 1.402754936407978881e-01 5.032355158291380859e-02 1.185196198884014424e-01
1.156250000000000000e+00 9.705766522688194509e-02 3.492371865723433721e-01 4.682142631642931263e-02 5.767052759573729204e-02 3.699930083865706626e-02 2.937801909194082683e-01 1.636836031620861887e-01 2.351957370814940496e-01 5.402487048396933944e-02 3.440071349558145725e-02 2.098589179620205247e-01 2.216670310763170742e-04 3.422791866324619708e-02 4.052019603207381859e-01 3.201871710917776892e-01 2.575789012972911629e-01 8.078129320780511047e-02 2.622782540430134701e-01 1.979878481459310391e-01 4.719023353784890934e-02
1.171875000000000000e+00 3.736334431918857391e-01 1.221354176454683138e-01 2.781994715991615852e-01 2.951734893647785588e-02 2.821015930393103166e-01 1.223027686814580212e-01 1.257207754750970796e-01 1.585856723780055821e-01 1.157134488999635030e-01 3.394937121446034434e-02 6.390533362364755887e-02 3.625871707307128100e-02 1.844831519317050028e-01 4.854257687397343923e-02 2.124270247871019313e-01 3.292233546598893629e-04 9.099977870579886718e-02 4.417068249616321746e-02 2.113833209554988324e-01 1.344607796002023625e-01
1.187500000000000000e+00 2.144665724421942199e-01 7.170869522555011269e-03 2.206673816006536060e-01 2.017956040870135248e-01 1.419580977095635625e-02 2.337001951029923641e-01 2.373514851049460944e-02 2.484641267474179682e-01 4.236145708761613893e-01 2.639627289456796255e-01 4.356292983872763758e-01 1.830014441049047924e-01 1.739148660324832396e-01 4.263481155569009279e-02 3.508377513416420790e-01 1.006638790005913026e-01 9.025404645892515232e-02 7.061333751675763493e-02 4.174352813344393565e-01 1.700165117681260718e-01
1.203125000000000000e+00 2.943757325568834848e-01 2.719086177698195050e-01 5.278914661653182766e-02 3.307541371964203281e-01 1.417539668358069049e-01 3.170612241917330487e-01 1.430009977299281400e-02 5.556237991352416805e-02 1.086717176731714224e-01 4.896912936475788514e-01 7.557443592136295352e-02 9.499496195853465719e-02 1.629937693713752467e-01 2.457366875005319307e-02 7.738144669283895938e-02 1.219810795811719778e-01 1.080858299384175325e-01 2.089910093248238121e-01 3.656710971299056284e-02 8.156733739320634613e-02
1.218750000000000000e+00 8.791245749553094554e-03 3.135929011040947678e-01 1.608379395640829879e-02 2.918393239897999480e-01 6.988411732943196064e-01 1.740968480875429436e-01 4.633106999540904936e-02 2.891563496707296246e-02 3.300893382716734714e-01 2.047853937152188664e-01 3.255549016279472851e-02 1.963443184872006031e-01 6.392785013907207325e-01 2.520841695943869532e-01 2.602713628407353208e-01 1.291643770175343875e-01 1.129262326543093720e-01 2.157654202171992996e-01 1.494601006991233549e-01 4.706638263282938439e-01
1.234375000000000000e+00 3.381039810651046418e-01 2.960405678152230324e-01 3.134312030488119877e-02 3.600783464085903773e-01 2.010176708682767377e-01 1.160387400223144780e-02 8.799866040511965248e-02 6.712873298548625856e-02 6.003697350376605013e-02 1.111108422371476084e-01 3.447762150310437756e-02 1.149181097653884792e-01 3.554486822232722498e-01 1.064080931114530643e-01 3.626464985538680602e-02 2.814466518617094182e-01 5.950921100892368754e-02 1.677233327140479624e-01 5.441191178488478247e-02 1.005098195207684147e-01
1.250000000000000000e+00 6.397977162018217423e-02 3.973689410373746900e-01 4.250602961903005711e-02 5.979176982643762822e-02 4.712208222602081165e-01 1.984345042284933192e-01 1.815728341942688673e-01 1.261989222898317331e-02 4.463863697803979735e-02 1.693027924594279338e-02 8.016088101582514308e-03 2.871368614191476265e-01 2.539947402428075485e-01 2.502812783850119280e-02 1.411263477534145487e-02 1.251562221618151283e-01 5.115010095174580412e-02 6.436807457212410100e-01 2.349244032996330445e-01 5.091184533738998264e-01
1.265625000000000000e+00 7.645647169268615650e-02 1.864776211162318953e-01 1.045116782704683250e-01 2.675844663683807356e-01 2.272895520076186338e-01 1.098717464448604186e-01 1.520670951486738365e-01 1.422327605090861757e-01 8.098612750994346743e-02 2.273028641984398829e-02 6.003024237809469199e-02 8.193695512445765827e-02 3.981017030449377631e-02 8.281667932981379154e-02 2.320141366870201449e-01 2.223224163012809951e-01 1.117445857008257382e-01 4.983603062097057834e-01 4.886857320631848856e-01 3.934522627973370823e-01
1.281250000000000000e+00 9.022116759504572592e-02 5.600121718170536500e-02 4.719388183440527407e-02 1.746019601869462645e-01 2.640131758081055817e-03 2.275721624839353863e-01 2.291444870994029936e-01 3.673556501814095321e-01 8.965558285232694269e-02 5.357367884685140802e-02 6.271096198577680303e-01 2.449391840728944447e-01 4.125481452884376954e-01 2.239878475453184747e-01 3.596718662338235228e-01 2.635594765369868586e-01 4.250732842893928942e-01 2.432167732517436787e-01 1.979497651983587458e-02 1.400262535858252944e-01
1.296875000000000000e+00 3.235618521100099843e-01 4.375462678044090281e-01 2.124696218669728034e-02 3.184678396099566156e-01 7.021504013202949090e-02 1.839868249976233383e-01 1.779327598387659554e-02 2.662385097873322115e-01 5.497730204205371340e-02 3.312681260657479587e-02 3.799369879368333369e-01 1.647457254044642216e-01 3.996389797711488029e-02 1.713668891584719245e-01 1.950966923011921705e-01 4.158123469451269899e-02 2.512699278570505821e-03 1.537193070212104773e-02 1.097108237227833877e-01 2.439023252471772540e-01
1.312500000000000000e+00 5.741065975674124883e-02 1.716345619575032969e-02 1.976602855858552443e-01 1.877498788548172537e-01 1.532885617381009313e-01 1.147315353454269465e-01 5.640190710384899590e-05 8.772777362446254612e-02 3.825398666253154167e-01 4.151486067415046874e-03 6.959319270209229913e-02 5.073030933432427086e-02 1.047155474689952653e-01 1.931510764608492525e-01 6.117788333527640621e-02 8.842043873589219144e-03 1.143341418609143933e-04 3.228796829772443422e-01 4.565107534670569817e-02 9.021375012324733128e-03
1.328125000000000000e+00 6.340282471973124334e-02 3.906246238980703306e-02 1.464825172151087429e-01 1.281510972626149006e-02 4.584830424977583141e-02 1.397410780763302385e-01 7.556507324699231198e-02 2.037124956626745753e-01 2.477127862478975540e-01 1.040060621388078782e-02 6.577839636626182929e-02 7.794491240181913860e-02 9.702245604788622968e-02 3.879723964610684583e-01 4.313074827032571390e-01 2.612555213758028794e-01 2.987720841404726407e-02 2.478561580500099337e-01 2.405055434446352891e-01 9.122225333448878704e-02
1.343750000000000000e+00 8.630913072013804421e-02 2.651218827758155747e-02 5.154819241362119248e-02 1.556987326268475247e-01 2.581044816555517207e-01 1.209364520733344347e-03 1.325201166623479060e-02 1.977386400348469242e-01 7.254583714645558568e-02 1.752687334113036954e-01 4.676989377126759134e-02 2.311466326630692847e-01 2.433681097648150438e-01 2.743136359122132391e-03 2.583968745564562131e-01 2.792310805209278768e-01 2.465722910709694238e-01 2.067491478411881134e-01 1.071912319794940220e-02 3.932054566079076080e-02
1.359375000000000000e+00 2.980573376111412265e-01 1.397344790290539797e-02 1.426241529366489569e-01 1.205010991514111757e-01 2.600034957350059669e-02 3.783601043041388556e-01 2.388158119107468558e-01 1.043664944773222553e-01 2.681853700731205437e-01 2.087548966287271213e-01 3.833024860374607823e-02 4.341614948855392411e-03 1.272709555939772422e-03 9.714024370919674412e-02 9.188708505860383735e-02 7.950826134940702783e-02 7.420667845181147526e-02 1.616565808356162093e-01 5.101818001702073530e-02 3.309892978537834485e-01
1.375000000000000000e+00 1.791414663236762794e-01 3.875960721969450851e-01 6.688182657457839020e-02 6.247356616752948108e-03 4.981000656887027422e-02 2.746952753436140426e-01 9.670188063460286032e-02 5.906455695725576494e-02 5.881886397780685533e-02 9.394223466247300647e-02 5.420622466220718916e-02 1.495461249961993477e-01 5.963817508271861134e-02 3.452974636609542625e-01 6.691055098099994713e-02 1.345308884352740264e-01 1.888907653927439090e-01 3.181294989348122937e-01 1.862271888835958025e-02 4.672531770759473790e-01
1.390625000000000000e+00 1.327272642358959254e-01 4.022574853307276377e-01 5.361557350045808440e-02 1.574228998924932788e-02 2.387891773893759811e-02 3.860058428298727695e-01 6.416548664375310192e-03 1.382687687141501698e-01 4.088137926755206625e-02 4.904369550735459410e-03 1.521400062181593182e-01 3.538370899096956318e-02 2.055747396651674830e-02 2.863404199644694059e-01 5.742373966779694763e-03 1.807748912724757018e-01 1.482079114235303197e-01 1.244312661898274164e-01 1.303398247308836799e-01 3.400205552343691928e-01
1.406250000000000000e+00 1.868610038586941344e-02 2.125240910862465429e-02 2.666080510561846251e-01 8.657442724603309214e-02 6.790581699553535633e-02 2.460898511652385989e-01 6.539846767480683720e-02 3.664193018170133070e-02 1.313824510563173405e-02 1.412675920675083296e-01 6.219022598122827573e-03 8.078463995945824039e-02 5.636496040209095643e-02 3.666507371819957006e-01 1.582943190920032273e-01 1.234077902354752815e-01 1.798491413316799237e-01 2.982609199962719948e-02 2.987787639849544263e-02 1.740650649885853718e-01
1.421875000000000000e+00 7.177148746397750412e-02 1.180840389229751985e-01 5.305640317681215024e-02 6.582084455035053239e-02 1.220312064055266432e-01 1.941231664296475812e-01 7.813158219093536971e-02 2.536163853056941017e-02 4.436872148366515778e-01 1.121602275121991177e-01 1.585394327597251518e-01 1.463418114355380661e-01 1.582678967161505737e-03 4.183111035994273585e-01 1.876662046745181667e-01 1.625724327204088882e-01 1.108928744935113592e-01 2.417169404659224863e-01 1.044725589165183682e-01 1.500750884103845342e-02
1.437500000000000000e+00 1.358596684703404500e-01 1.803448682580370832e-01 1.293926757533294669e-01 7.221623787372227765e-02 7.607467016998950560e-02 2.038254133763931220e-01 2.680216074636591617e-01 4.437584779729682877e-02 2.284260902925280001e-01 3.310046329056641201e-01 1.851488050016822026e-02 3.146264102093576098e-01 1.933170375486129855e-01 3.557851046206318424e-01 2.999257675781524801e-01 5.359026508715767356e-01 2.218671806505201349e-01 7.788450799605070585e-02 2.043052260730610914e-01 1.598395282509411930e-01
1.453125000000000000e+00 8.208471795086189765e-03 7.792771728795037933e-02 3.416246132474647923e-01 1.242631289859199573e-01 1.591594001233960498e-01 2.041197333264907834e-02 1.476861352806468908e-01 2.858643569915710891e-01 6.025174516043987211e-02 5.172665736837295247e-01 2.117335996542641374e-01 4.076675587130525191e-02 1.175554034319703425e-03 1.269591023507684324e-01 1.789148904261904094e-01 1.748427869458233364e-01 1.009832871164618034e-01 2.675345001835219283e-01 2.233950793029239601e-01 5.671393009603326735e-02
1.468750000000000000e+00 9.308230899476731268e-02 2.848968302922728034e-03 2.812768162883310108e-01 2.238365330944358800e-01 2.995144176905253364e-01 8.859478064690205074e-03 4.011058660595677727e-01 5.730744176744962948e-01 1.368725249561569823e-01 1.388847737008623573e-01 2.067141449345196169e-01 1.608572357165243688e-02 2.104752892237348183e-01 7.061684207662556334e-01 3.940058351468586628e-01 1.407438555068448068e-02 1.191380631330942325e-01 1.953937339697691955e-01 3.043886737283801880e-01 2.158499912513154040e-01
1.484375000000000000e+00 1.711340896657061184e-01 2.090380112399370938e-01 1.497337509587587101e-01 6.400811580722660932e-02 4.025404486668834186e-02 1.410213772750749661e-01 7.923266800213280003e-02 7.520628983402115331e-02 1.098959381564061921e-01 1.645058936048257314e-01 1.585099156271460308e-01 1.126526089349404319e-01 2.131847974404005031e-01 3.278321628211650074e-01 3.898471021092966282e-01 1.673927909495363242e-01 1.291935289540926679e-01 2.085280923828130017e-01 3.414402105826034872e-01 2.564620136434014319e-01
1.500000000000000000e+00 1.358866304063220398e-01 3.036578165257090012e-01 9.768063407228998185e-02 1.113362021052924089e-01 7.688501722845840491e-02 1.391687271281868976e-02 8.955942750667597596e-02 5.412000169271617006e-02 1.529609935333139936e-01 1.780949624605228931e-01 2.435177802959079263e-01 1.350142539331554165e-03 2.205684407785738210e-01 7.957476246437932346e-03 8.787097684802458453e-02 2.163071103309676668e-01 1.682214693043925791e-01 8.786265100662529748e-02 3.905441286940627976e-01 1.383569241725183252e-01
1.515625000000000000e+00 4.433016476442659670e-02 1.391316771804850250e-01 1.665349678782081511e-01 3.405003936606573745e-01 2.384585897687560019e-01 7.840578474953044733e-03 2.247199962296677345e-01 6.377592973773973418e-03 1.912352660601991661e-02 3.268826076436785050e-02 3.791704303962014633e-01 1.978739403545744513e-01 9.189357119208979574e-02 1.119066584902001782e-01 1.326105492306587919e-01 2.254763504204348179e-01 6.411216839140550239e-02 2.528163040111208737e-01 5.319002638895559132e-02 9.443903483941085142e-02
1.531250000000000000e+00 1.978888538877354442e-01 1.471217694558892286e-01 4.030775208599478021e-01 2.779111450778792847e-01 4.193487082646301101e-01 1.614744888638022513e-01 9.821504010619698521e-02 3.948780154374383899e-01 4.405712425096941498e-02 2.561866339232719142e-02 2.434443031213911202e-01 3.116026480771535295e-02 3.415256135458010767e-01 4.210406643441400032e-01 4.277562178666963200e-02 8.421260919104295306e-02 1.017963860418972799e-01 4.120413664475345433e-02 1.467210306665077124e-01 6.380038022330414282e-02
1.546875000000000000e+00 2.876221074972648006e-01 8.858525124488270119e-02 1.165669906607803563e-01 4.581791664839934830e-03 1.389003976678656882e-01 7.439892724155199033e-02 6.749991038228819740e-02 2.268956384862948206e-01 2.370996746987547379e-02 3.003654975868307320e-01 8.461364700029899710e-02 1.895023335536458187e-01 2.846730646070900206e-01 3.308240521999835093e-01 3.041738990569803902e-01 2.302436488815753080e-01 1.610790058240347405e-02 9.778180388466634065e-02 1.010927374426872499e-01 1.914116378460738177e-01
1.562500000000000000e+00 2.198112154899687642e-01 9.641302510588280195e-02 4.901693158524808580e-02 3.229902748288968617e-01 3.138662256639701553e-01 2.739199027621540550e-01 1.521020628828383126e-01 1.218253336843584944e-01 9.138951918364800198e-03 3.454705593007820230e-04 1.199324279391588421e-01 7.466700237376774907e-02 1.173297058920779292e-03 2.051331696012903827e-01 1.327159667566870371e-01 2.511950338662062854e-01 8.563085286567652388e-02 4.282287058689137615e-01 3.545776066023653694e-02 5.496987451908784683e-01
1.578125000000000000e+00 3.582172037450234714e-01 4.396358256221526845e-02 5.245356543866935839e-02 8.117486361883585744e-02 1.868761086105854563e-01 4.666440424295392742e-01 3.092839063797330201e-01 2.578627222086638526e-01 2.327714153774888273e-01 1.442350390321258946e-01 3.602017477580176097e-01 3.801787543002718706e-02 1.892661688727911296e-01 5.275759691403501123e-02 7.677261791299960780e-02 9.534184012592533675e-02 2.664079454876365841e-02 2.482884630899980793e-01 1.897471141238205872e-01 3.413343066419280425e-01
1.593750000000000000e+00 1.376305848451140623e-01 7.201868716628812006e-02 1.366101681023831060e-01 6.835150017951982689e-03 2.051561190246540822e-01 3.109388690025882140e-01 4.024278504615257379e-01 4.085496525598044659e-01 2.091195786556668545e-01 3.817492273879715368e-03 1.535394033294776826e-02 6.717491908437167591e-02 1.057430777463446436e-01 5.560076367739463787e-02 9.704893424722925432e-02 8.368166836796904484e-02 7.733218751345027897e-02 2.750370241505178948e-01 6.563078827302918361e-01 4.099402202015017260e-01
1.609375000000000000e+00 7.441779975975740258e-02 3.336670637753357815e-01 5.388777952943411831e-02 9.796543758793324619e-02 2.537610006153994888e-03 7.172764023129622746e-02 1.155076426432596337e-01 4.826590718968963856e-01 1.642235991407879070e-01 4.962431399725332481e-02 1.430720665324017316e-01 3.754116007756611029e-02 1.426494331620088152e-01 6.099136785086407830e-02 1.073152320330464093e-01 2.928803941811621847e-01 7.169507879931892591e-02 4.613263689951604962e-01 8.831765542257485890e-02 3.613146017356456130e-01
1.625000000000000000e+00 5.859464749185439719e-02 1.208383884255862135e-02 7.212572265273196892e-02 3.783359826977439333e-02 1.091141677130891552e-01 1.218075531409971296e-01 1.444358896896757172e-01 2.810475957417971071e-01 1.024926065951868442e-01 6.438580664137960596e-02 8.136266959396053211e-02 2.556888960949153522e-01 7.704260648696677205e-02 2.105989319751325195e-01 1.289993227809926313e-01 4.953219890933927005e-02 2.405930207744783611e-01 1.679949945913013498e-01 1.191635651637999033e-01 1.426453293123672583e-01
1.640625000000000000e+00 2.080498151272477600e-02 2.880586068734599658e-01 4.498507620268752533e-02 5.079325472350280923e-02 2.714993407013137627e-01 3.457686640613210627e-01 3.732246441263824266e-02 1.164463686012571185e-02 1.269718782843639038e-01 8.601995486730616702e-02 1.324839398155490400e-01 3.169553772273852044e-01 2.320893538941798048e-02 7.389577235204061734e-02 2.835160420217847088e-01 4.861273237656561774e-02 2.279123140802685743e-01 8.215135300674837604e-02 3.384764023799755744e-02 5.134346724477198975e-01
1.656250000000000000e+00 7.483515676257183891e-02 7.476987550631591928e-02 1.473757308505031782e-02 2.138250257904315554e-01 2.295383371989841159e-01 2.712672767755569536e-01 1.671020490148854565e-01 9.054814518114306932e-02 6.630098008697354883e-02 8.311291086903552228e-02 1.425969867481575448e-01 9.547331749171485138e-02 1.060962915134825574e-01 8.811086971259651790e-02 1.097766021967609557e-01 5.299288412932737918e-02 2.833707415842121047e-01 2.193215172518382383e-01 2.500529483563340150e-01 1.459229671809345215e-02
1.671875000000000000e+00 1.453424602160074096e-02 1.428246528778763513e-01 8.646732899490425228e-02 7.803063583979678863e-02 1.590501530017141285e-01 3.313930409386013909e-01 4.920013252076767957e-02 2.543608456627070025e-01 9.774680244533179296e-02 6.317052904402266356e-02 2.676110545112131422e-01 3.643393484591439524e-01 1.729986486177266872e-02 1.187769110616285900e-01 1.996264647713019424e-01 2.244018797398065201e-01 4.220701652745125210e-01 3.020360759388743266e-02 7.022679158567407542e-02 1.197148038992697783e-01
1.687500000000000000e+00 2.313832005113062446e-02 1.497445772785878926e-01 3.764879942342681113e-02 1.315809162750125050e-01 2.247771036985396209e-01 5.766350258395991357e-01 2.073060965217465509e-02 6.957736369015211919e-02 1.151852208426753094e-01 7.283420214451993141e-03 1.434304198812316744e-01 1.753537666285570895e-01 3.042096210126332342e-02 1.416154823085584158e-01 2.454380373533848192e-01 2.528748046807077210e-01 7.922068993410757987e-02 4.316389004476787333e-02 4.258037936223971719e-03 4.135125003866237381e-01
1.703125000000000000e+00 3.051750562660503208e-02 3.327617161841879279e-01 2.084070277347383707e-03 1.991633669023347986e-01 2.557801568825394667e-01 4.250319844904369426e-01 4.866666122784470139e-02 4.271187627008119631e-02 3.570202084014430510e-01 1.840768594805488045e-01 2.091630977814014081e-01 1.205685546042828959e-01 4.057570848174723091e-03 4.400742382567028876e-01 1.442657124517714683e-02 2.598571219673773691e-01 7.006500283448310884e-02 2.394147229303766333e-01 2.537140863959279069e-01 4.699463254282226776e-02
1.718750000000000000e+00 6.354794699879838527e-02 1.768102516833677529e-01 1.822888470859050092e-01 2.544426538496023446e-02 3.363167898810963119e-01 1.273859297734696583e-01 1.126270152224557314e-01 1.508666784107562386e-01 7.701377399367599630e-02 3.454518619031382021e-01 8.239482279065647730e-02 1.108304768591786144e-01 2.659173311418337217e-03 5.017754993977228128e-01 2.151349420103403076e-02 1.486410389576059699e-01 1.810365070943377452e-01 1.415526075336081824e-01 2.174683497831628454e-01 1.044270124387256110e-01
1.734375000000000000e+00 6.556617793031195573e-02 2.880975614093461701e-01 1.196570835128736576e-01 3.357871111259475017e-01 1.270301807378250991e-01 3.542122046772425842e-02 1.944975345636338060e-01 1.129473797002779750e-01 3.080941006851882213e-01 2.101269183564265508e-01 6.379761548497742130e-02 1.378553480712847168e-01 3.899386759929986956e-01 2.639575141926611135e-01 1.638828441197612285e-01 1.592692622034583005e-01 5.159889602758630650e-02 9.597616849872793454e-03 2.339040058850756221e-01 1.078016005911022479e-01
1.750000000000000000e+00 1.116124096876393995e-01 3.653425275883984136e-01 1.419556061112587503e-02 3.460282801950649578e-02 3.257536593512935230e-01 3.580465410545010524e-02 1.864231557478034053e-03 2.938011298101703139e-02 1.624129185623005012e-01 9.679775426524019066e-02 9.393498212822524052e-04 5.792078673651954168e-02 4.822827835416641090e-02 5.016694914079156131e-01 6.593008485948093078e-02 4.349086109450557569e-02 6.588369155338089089e-02 1.054417031586664388e-01 3.102905651932486020e-01 1.647720725484623228e-01
1.765625000000000000e+00 8.174203579110542184e-02 2.285452827869408066e-02 5.321144394309601511e-02 5.410018698560111611e-03 1.976934982144001041e-01 2.096674892729535888e-01 2.008031331577283529e-01 2.863649607178116452e-01 1.457123856818014762e-01 1.458555383245032089e-01 1.367782069205397411e-01 1.288206801249834332e-01 1.324667919229273183e-01 6.342221096915162670e-01 1.216358574882930449e-01 1.077082399438135385e-01 1.896057817556339592e-02 3.378650918312003926e-01 1.122666080764106455e-01 5.437796981545569563e-01
1.781250000000000000e+00 2.791099966764650220e-01 4.352858243978848241e-01 1.677559375401079314e-02 8.012904770007753252e-02 4.350385460757236200e-01 1.137299902140840591e-01 5.946016794487527651e-02 2.073176548606420200e-02 2.106712803445527638e-01 2.538492661855760169e-01 1.113844848721171621e-01 7.960710649020093232e-02 2.447348373645948788e-02 2.775376099475914682e-01 3.253757644384788067e-02 2.082456198598218317e-02 2.367283102668663389e-02 2.515969182025077910e-01 8.079732167323341874e-02 7.303819832885777297e-02
1.796875000000000000e+00 1.925967053131999451e-01 6.067641584628388207e-01 2.327762060952486001e-02 1.939149901392142328e-01 6.641430888996277537e-02 1.929892091850443081e-01 3.042340145909836480e-01 1.625466411376634279e-01 1.378135504346393869e-01 3.038272815037593166e-01 1.046217841654817765e-01 7.842862450909751648e-02 1.268038422638049778e-01 2.687712275861501299e-01 2.278731316230918624e-01 6.548253137407693270e-02 2.620403820373225501e-01 2.067275960955156922e-01 9.580378747807741235e-02 1.134437834544693713e-01
1.812500000000000000e+00 9.948254758401046949e-03 3.853584784283884956e-01 1.522161716087427064e-01 1.944674895645380312e-03 8.043924868159922636e-02 1.179865988330566079e-01 1.725123483431646176e-01 1.206858046392775552e-01 1.320484526256417157e-01 2.053332642955370546e-01 8.739070939332869992e-02 3.267923834650435233e-01 1.662635327560054235e-02 2.100063520732709521e-01 5.840964145238856098e-01 6.323128774353520276e-02 1.157318240769592832e-01 1.366835841490603998e-01 8.477090124891649425e-02 2.159669001730783744e-01
1.828125000000000000e+00 1.495844086151289776e-01 1.628938472937796755e-01 8.282332005172331202e-02 1.461340322113140466e-01 2.228684166291441393e-01 1.064967610649382723e-01 2.079436879254752679e-01 3.818184615726284703e-02 1.637375549565717181e-01 4.417526325071995386e-01 5.646702496183673980e-02 1.574073528222775242e-01 3.370228057493791785e-02 2.002985599492408935e-03 4.521525177893561120e-01 1.542141403677119160e-01 4.910829898430553453e-02 2.387619773022552419e-02 1.511172630139278328e-01 2.126583293573927336e-01
1.843750000000000000e+00 2.230559006868929744e-02 2.619088282083322783e-01 2.231505270688521458e-03 1.456134434671282341e-01 5.485531748666733903e-02 1.367014013543498829e-01 5.733433636553937618e-02 9.156780392813894387e-02 7.457518180514075001e-02 2.560598773518673599e-01 3.950763387474773847e-01 1.230310107403047304e-02 2.314121330506620777e-01 6.597718507475110183e-02 2.042450442406125999e-01 1.593483336068230172e-01 2.473938212750497190e-01 1.002329105042984447e-01 8.424647167474172416e-02 1.298091835888177947e-01
1.859375000000000000e+00 7.928105478807873086e-02 3.622400465679893877e-02 9.305370772737082963e-02 7.793744722692723392e-02 1.350467234388446069e-01 3.013567067613616701e-01 3.372334416828551285e-02 2.805414922850693049e-01 8.265611101021456963e-02 1.391513754283143223e-01 3.027513829788736621e-01 1.710838248330411593e-01 4.892120580349403058e-02 5.575401990631774218e-01 3.668411553172473694e-01 1.496777717429148002e-01 2.241829466068221144e-01 4.085966072702343355e-02 8.968375140516161859e-02 1.527903706027440855e-01
1.875000000000000000e+00 2.094515791628992485e-01 2.212784770594400097e-01 3.240230843051179477e-01 4.006097064246581796e-02 6.442581975306221898e-02 6.811540221317764765e-02 1.573282452333045478e-01 2.680764586044198650e-02 2.020677681811989812e-01 9.733419245842367395e-02 2.077010666199444744e-01 4.965865840362271993e-02 2.470153569157933215e-01 3.766915044195403017e-01 1.889469332037876370e-01 1.632466168592564826e-01 2.721215992170994413e-02 1.609668002872952364e-01 1.898269735087295962e-01 3.108717634393296306e-02
1.890625000000000000e+00 4.449626751957534709e-02 1.271237414746583250e-01 7.206103771121988300e-02 1.417496143717390522e-01 1.628549203921201560e-01 2.674612011242983867e-01 1.343872427560129090e-01 2.540649370015425276e-02 8.030382208987082993e-02 7.247729563594415558e-02 3.923024857678834021e-01 3.471234362573931420e-02 2.573456435323369096e-01 3.327837209023286613e-01 2.094249163050873001e-03 2.299070649358502319e-02 4.052239522964182217e-01 2.105471614740822006e-01 1.749448430366962459e-01 1.737904642692165644e-02
1.906250000000000000e+00 6.766536034751392814e-02 9.088046864867084518e-02 1.865365967928869495e-01 1.026116430715145467e-01 1.254730869034881464e-02 1.255337564982775267e-01 1.270145621409247416e-01 2.709046969505796154e-01 5.676803616140826091e-03 9.170227807193027936e-02 2.852547841636434156e-01 1.521635590420431228e-01 1.026261029897910376e-01 3.422552746102991428e-01 2.753236567406926460e-01 2.497226259871445642e-01 7.714914683641303783e-02 2.115326886598542164e-02 1.535141024865171455e-01 3.124974573861428323e-02
1.921875000000000000e+00 6.995961321238068631e-02 1.780489712409264735e-01 4.098039512825793484e-02 4.599412560197131405e-01 2.796096185209897556e-01 9.282828533331866430e-03 5.811394397688151026e-01 2.174098459263099775e-02 1.270562239119569503e-01 3.006435288934709571e-01 8.627552157898626950e-02 6.816882910466164069e-02 1.263133878217355122e-01 1.417742585392160748e-01 3.165833362914460825e-02 4.549288713200143053e-01 4.411903962188083728e-02 3.591342255443704667e-01 1.345853827835946093e-01 1.248615385559208590e-01
1.937500000000000000e+00 6.857664652272817130e-02 3.706431946673921507e-01 3.836926082775778688e-04 5.037381824524145291e-01 2.676595651429910516e-01 7.843502717137215696e-02 2.451655116055449779e-02 1.413831818753835956e-01 4.569903510389710516e-02 2.540223185845159604e-01 5.287394151626039623e-02 5.348568572246087394e-02 6.700503844678323828e-02 3.703618367087805480e-02 1.617976196113004791e-02 2.156185566958002120e-01 2.075539103148094089e-01 1.040329503457766425e-01 1.235288300632431530e-01 2.353977562918208033e-01
1.953125000000000000e+00 2.314187848450075524e-01 1.083796367367151764e-01 6.139714609731557193e-02 8.956910496687564560e-02 5.485871798185429360e-02 8.741243369277039432e-02 1.366935902407202530e-01 6.804708083210395109e-02 2.397808567778293709e-01 1.096671510182435361e-01 2.000041810486164195e-01 9.496583904227044737e-02 4.364164484756981599e-01 2.626677405348519165e-02 1.855981303666577251e-02 1.437561284410748541e-01 1.118287190737076997e-01 4.784902700870721226e-01 2.427858068480282794e-01 3.465536685779358611e-02
1.968750000000000000e+00 9.598488740909190409e-02 3.865831857404618960e-02 1.621972482172204938e-02 7.964072378208249259e-02 1.418207426440230290e-01 1.280023418983344541e-01 3.535528211739452087e-01 2.736885206721008101e-01 6.111201423185339335e-03 2.492735384753542310e-02 1.785551156684759763e-02 1.605821723713695137e-01 3.480023777234203530e-02 2.077741825167289391e-01 7.986831225992920003e-02 2.294569771566505323e-01 3.909865227001115828e-01 1.803323524461457328e-01 1.735298363607305216e-01 8.674565508610378173e-02
1.984375000000000000e+00 9.576945632412531273e-02 4.681939677589785909e-02 2.463551059106004748e-01 1.173633174974327564e-01 3.436715343250151822e-01 2.731745061940861995e-03 1.171851332466586487e-01 7.319289394818387362e-02 2.380902830790551927e-01 1.874809574061409370e-02 2.354280277657540554e-01 1.313003076461161378e-01 3.602355385476919969e-02 3.218603646811062924e-01 9.095684548055024687e-02 2.936017678601846592e-01 1.556674210306782935e-01 6.978932981280777659e-02 1.051283528237016152e-01 1.897161115337588355e-01
2.000000000000000000e+00 1.749903797868366043e-02 4.895710958828941584e-02 2.110957604606279736e-01 6.746168877431613087e-02 1.998323061575933979e-01 1.943738203084950655e-01 2.483189219094590061e-01 1.532823388815350574e-01 1.112543863303055297e-02 1.594720974421157955e-01 8.670894925515663931e-02 4.680713949890780712e-01 5.541171061772514062e-01 1.037601277052567061e-03 1.631460584562125643e-02 2.186579920618342554e-01 1.943868258167471830e-01 4.699166107579642593e-01 4.473155011353676658e-01 1.661217947158031005e-01
