0.000000000000000000e+00 7.572313190537925676e-02 1.646006409386180716e-02 7.218248101138168005e-02 6.325570000888142141e-02 2.291286862321764151e-01 5.301910364469530901e-01 7.501973281049088838e-02 1.171924477582955565e-01 5.156860578451418764e-01 7.310805119863433843e-02 5.201191776915409931e-02 3.162182672971852737e-01 2.254774002717548909e-01 4.387044823648044711e-01 3.046420276930100410e-02 2.277498563675295351e-02 1.999938074894495321e-01 1.165187166147487463e-01 4.769442194189414674e-02 1.727104450974651859e-02
1.562500000000000000e-02 5.253197381114987040e-03 2.245386974667858138e-02 7.145476292358581005e-02 1.557066691382343569e-02 1.093191371223793673e-02 5.780281405194716005e-01 3.321527297658126432e-02 2.537431671594769789e-01 1.539656338149622550e-01 1.068442611846586038e-01 3.904223400618796469e-01 4.866771391193845941e-01 2.361431398195678807e-02 8.017962651592287771e-02 1.019762185745904243e-01 4.530629411640197390e-01 1.562745664208604335e-01 4.418594155586275107e-02 8.270482553094123113e-02 1.200172568303407988e-01
3.125000000000000000e-02 4.697146256922621332e-02 7.010475278173422531e-02 3.372090354159519299e-01 5.994331299495752052e-01 1.700283538539570927e-01 1.325640703214499561e-01 1.060918509867166681e-01 2.083690840512911029e-03 3.534293244459738720e-02 1.906595619602089731e-01 3.269602178037510631e-01 4.528393105798331902e-02 2.220631526544663836e-01 2.039559515955535474e-01 2.591307158635539065e-01 8.027578743037323827e-02 7.806275500896873130e-03 2.279068015827865820e-02 8.740887103489761167e-02 2.459106955609229594e-01
4.687500000000000000e-02 3.348967066389355041e-02 1.250586022687440457e-01 2.914624150689408277e-01 3.628047074126625748e-01 3.717868004044356384e-02 9.098593115295003017e-03 6.044371477691255073e-02 3.468604459109993488e-01 4.258949129152455049e-01 2.061419882350673527e-01 3.622550167269791843e-01 8.375554409080739060e-02 3.140875153459721791e-01 7.668851130001841073e-04 7.552454021935682549e-02 2.385415169387860440e-02 8.642470430629173306e-02 2.269615359354474615e-01 4.066947365656035929e-02 4.226479579170718259e-01
6.250000000000000000e-02 3.072790835243291441e-01 1.697911149272190168e-01 2.311825236349369095e-01 8.806403480933989655e-03 1.156999439151719100e-01 1.586905239945243240e-01 2.403162902595802619e-01 7.078662005586038308e-01 3.202040526629609807e-01 7.352770484161390285e-02 1.089619816500555921e-01 1.037577035883700677e-01 6.500303473672389143e-02 2.847376462900374008e-02 5.544875372293784493e-02 2.471359710132969012e-01 4.955125806811459116e-02 1.378053314515261807e-01 4.475777797372399586e-02 4.789672130470213895e-01
7.812500000000000000e-02 8.180259633225095417e-02 1.850730833780152018e-01 1.235009529145358192e-01 1.903134430541381095e-01 1.341052804541808252e-01 2.822924725001821344e-01 3.275259740084594529e-01 4.709914940623952107e-01 2.435086216683146898e-01 3.672524821278698448e-02 1.893742305219653643e-01 1.200504233882067479e-01 3.525017291890600868e-01 4.339624745144749496e-01 7.743775907059573249e-02 6.645348528668387766e-02 2.087302523998798773e-02 5.625548008230945030e-01 3.480600062288496388e-01 2.694174029046990659e-01
9.375000000000000000e-02 3.494391166561279238e-01 3.166201745078258134e-01 3.786646367210736441e-01 2.176592187953465540e-01 2.670791929337987813e-01 2.627060948043124511e-01 4.129567240429751762e-02 1.633894233285058117e-01 1.437026747236617996e-01 8.274527381814636429e-02 3.169030750537159963e-02 1.410636056839175909e-02 8.119170737680075911e-02 3.826437514500028447e-01 3.380720014229497000e-02 1.031100783400185489e-01 6.010825347199892643e-02 5.217903953670595119e-01 1.923979470283726512e-01 1.179821748439297546e-01
1.093750000000000000e-01 4.071520482276598241e-01 1.044126720626021437e-01 3.595394062010736497e-02 9.506179240408869913e-02 5.372387073950191105e-01 6.875904555684093922e-02 5.105253943701459213e-02 1.355425868142123291e-01 5.040041035853615181e-01 5.288077097658994141e-01 4.031547487000440300e-01 9.756873517935825413e-02 1.820999443938279005e-01 2.135597687755449725e-01 3.753870225968536367e-01 3.568084388081500524e-01 3.050961698887260654e-01 2.074873320329524706e-01 2.181045212651874787e-01 9.434595374145555990e-02
1.250000000000000000e-01 4.272197467744426880e-01 2.897465927405088945e-02 4.616598194585927462e-01 3.681474128353788566e-02 1.699324867496004865e-01 1.277641960452690628e-01 5.795382293918878158e-01 2.127269218634851855e-01 4.980028621570220526e-01 4.364443871461552438e-01 5.188605511575455215e-02 4.036600285056836657e-01 4.123222043083368260e-01 1.605068390550295487e-01 5.005798438198307831e-01 1.638164133923348531e-01 4.945431435535488918e-01 2.716850628224896647e-01 2.230098815556467162e-01 2.094121976498881932e-01
1.406250000000000000e-01 1.093134714009607600e-01 2.062204399870836979e-01 5.370930356522107818e-01 1.010512815222331801e-01 6.038087737928101578e-04 2.498962911618265448e-01 3.558056142631238483e-01 7.264632031464550443e-02 5.448924550707711090e-01 1.921562808321377047e-01 1.738098769939696864e-01 1.580454124874973720e-01 3.269921263642387443e-01 2.012362437702979734e-01 3.376867712967041024e-01 2.477309481927942869e-01 5.946131073015354929e-01 2.334085137492450390e-01 1.691138184931232913e-01 3.278934712353569481e-01
1.562500000000000000e-01 2.774261456896332315e-02 3.993004527793603264e-01 5.304322813882929033e-01 2.021537459015497196e-01 4.000012289951193623e-01 3.795588215217730599e-01 3.776665685628281532e-01 1.607755455286770108e-01 7.591549180629701965e-01 3.521686321120384155e-01 3.723432732862091976e-01 2.599400349428100943e-01 6.294199186806312962e-01 4.885868141076677440e-01 2.172643263751855291e-01 5.820955542724856047e-01 5.803726413231905523e-01 4.865404292949510046e-01 6.540793130631654684e-01 1.743332290395726014e-01
1.718750000000000000e-01 1.282387744802510332e-01 5.850851498429057163e-01 5.295421460082466725e-01 7.101920607676434072e-01 8.527283704038743917e-01 6.418001510400045406e-01 6.186773425916887170e-01 5.663602434296246546e-01 8.321371329655199434e-01 4.452835794688470572e-01 5.942086338477274854e-01 6.341282676414834452e-01 7.195484430642986595e-01 6.847705085349162779e-01 6.516078910501799104e-01 7.427068727209252819e-01 8.059788330739842133e-01 5.939390891968616693e-01 8.435969205756486122e-01 3.374801492641925083e-01
1.875000000000000000e-01 5.635341148534424027e-01 7.883557058847108223e-01 6.588708912343042012e-01 7.743365363797950485e-01 7.935395007379775212e-01 6.631309062625243556e-01 6.177251999157565843e-01 6.210229510445672840e-01 7.864898228051871998e-01 7.628538554767521074e-01 7.900284731701832097e-01 7.763329370117528772e-01 7.864147744311161814e-01 6.792623381472805422e-01 8.288743947199621598e-01 6.667010783416069675e-01 8.113380480151152208e-01 6.720866900969163504e-01 8.165116694142111609e-01 5.541677344072689637e-01
2.031250000000000000e-01 5.640685106299127005e-01 6.121753818460191621e-01 7.253651249364668763e-01 6.497383289122358185e-01 4.221264211631906571e-01 8.079305580994131653e-01 7.023236053209436225e-01 5.642170229651138902e-01 8.377332919119189203e-01 6.752410933388053316e-01 5.605926651017713036e-01 8.139944944743782163e-01 6.279157291617033509e-01 3.650739774553080630e-01 6.599977924752773450e-01 7.640165957499294169e-01 7.402955724827990913e-01 6.420140310932903605e-01 7.383617834663900314e-01 5.541278584882327607e-01
2.187500000000000000e-01 7.174384960788691146e-01 6.284013573387645657e-01 7.685685204323118302e-01 6.001438639887699544e-01 6.321715284876808782e-01 8.459319293079959889e-01 7.902474966620216534e-01 8.218380735103688606e-01 8.542950664694917151e-01 8.970863295256212844e-01 6.927247096803663684e-01 8.416180500805467979e-01 7.991556659492550230e-01 7.861006990991348253e-01 7.398561239943136636e-01 8.414732336832837500e-01 6.281439701969513401e-01 7.397285887106248570e-01 8.071395414131762314e-01 5.891913022087065244e-01
2.343750000000000000e-01 7.980811399431947395e-01 8.096480197868783923e-01 8.868751096165358172e-01 7.415232052273511565e-01 6.673305653271093263e-01 8.150666055286486245e-01 9.221884955107995108e-01 7.577550227752041234e-01 7.303274684223465263e-01 8.828702489202366888e-01 8.570145797471895310e-01 8.705331558575271078e-01 6.034046666421007954e-01 7.504494137482675686e-01 7.371997872480483549e-01 8.407645212757466346e-01 7.278965767019560662e-01 7.586410132962366770e-01 7.556391186770451407e-01 7.438545336069086744e-01
2.500000000000000000e-01 8.673011813672970582e-01 9.267248070810105709e-01 8.669398998351811603e-01 8.674119882314490493e-01 7.239529498550341113e-01 8.799702404244206244e-01 8.688356422346278363e-01 5.453448455017355645e-01 7.295938778051059836e-01 7.531738477731028114e-01 7.920104035759981675e-01 9.079072943800744477e-01 5.333594729212239871e-01 7.581185797884036903e-01 7.555185682821613513e-01 7.484250876241441697e-01 7.608237180860608628e-01 3.614692910207267795e-01 5.859979601301361640e-01 8.004169228453178464e-01
2.656250000000000000e-01 7.895954143150344384e-01 7.628221623589203082e-01 7.510777251296303358e-01 5.942098114561992217e-01 7.662725841522500803e-01 7.964010351334036564e-01 8.128184572107995942e-01 7.877494288641765374e-01 8.148578819754357383e-01 6.395840634369470701e-01 5.878590510732615293e-01 9.372770894096710270e-01 7.456086362545518709e-01 8.450987978877031459e-01 6.986391890142571448e-01 6.250019274858947815e-01 6.383763220708351671e-01 4.980516882695896208e-01 7.522443770976591226e-01 7.715973872500458963e-01
2.812500000000000000e-01 6.787541596503291474e-01 8.130587134583507902e-01 4.996813345521911587e-01 5.392668562840441382e-01 6.029251181286710004e-01 6.040396863541569461e-01 7.895544306964645820e-01 8.734674643333655286e-01 5.798000482255809551e-01 8.155550726919020832e-01 7.549680849393068938e-01 7.603069650821490111e-01 6.472307454199458521e-01 7.636577852878448924e-01 7.017778109249900309e-01 1.911699228372636394e-01 2.540696233919136904e-01 8.694678294359600157e-01 8.299721974643327060e-01 7.330805759089681350e-01
2.968750000000000000e-01 7.100384296740357426e-01 6.009560578217415516e-01 4.129975177559885857e-01 8.496199479349348938e-01 6.063258970005115378e-01 3.131119613808828195e-01 2.583559552850201446e-01 6.489344484753022391e-01 5.644732754911585548e-01 4.861528292045730892e-01 7.493468780648732119e-01 5.834904042018084214e-01 6.122593351931409078e-01 6.205561560687118394e-01 2.569390928698829235e-01 3.342766631978758007e-01 3.152896894706367359e-01 8.679615767370921775e-01 5.050783847917764691e-01 8.830660859727715861e-01
3.125000000000000000e-01 6.721188820875410030e-01 4.587005392962480443e-01 5.957926387291295756e-01 6.087253092807475285e-01 5.869159941311685724e-01 5.511048928614270537e-01 4.636025670604184690e-01 7.013158002792631018e-01 6.696138462888343579e-01 6.815675439192105944e-01 6.488432022160564028e-01 2.715660532495862700e-01 5.965496954360459680e-01 4.327795129420323739e-01 4.761504123415579159e-01 3.715532069109725999e-01 5.505964595404215789e-01 6.982623306771014171e-01 5.287272010937262845e-01 6.372116386700816815e-01
3.281250000000000000e-01 4.938731036759475002e-01 4.567639323711587540e-01 3.463922396302238638e-01 7.161633438698398191e-01 3.572043916415210130e-01 7.681226709325624791e-01 4.743862411096178011e-01 7.759285585795786533e-01 7.107183009724192813e-01 4.700700606702851170e-01 8.252274279147093772e-01 5.682952373475456120e-01 5.037051936701222310e-01 4.198844219900541574e-01 6.084863548265362354e-01 6.025246680451495918e-01 5.045444222517451172e-01 3.910657858911843476e-01 3.404456760674302584e-01 5.816107644789655362e-01
3.437500000000000000e-01 5.383965222790972893e-01 4.527180274746522848e-01 6.546724605555438448e-01 5.429865685207960757e-01 7.249295514180149613e-01 7.500391580328370500e-01 7.115220551298050422e-01 7.820598028979361960e-01 6.031299167805668215e-01 6.354358831543642783e-01 6.397290055758066973e-01 8.533365373626462524e-01 8.451575554776128429e-01 7.586625127595922891e-01 5.225745852883724174e-01 6.641819049902700778e-01 5.433294991955393005e-01 6.065959875102681087e-01 6.713025743015801350e-01 6.483483742800441041e-01
3.593750000000000000e-01 7.148738272805288396e-01 4.797618801187473192e-01 6.230603947715108726e-01 2.348306863314127135e-01 4.019441686635986666e-01 3.912321847513179351e-01 6.483771574955622397e-01 8.430886358987308427e-01 2.278492242004623580e-01 7.589575030992260496e-01 5.847258610710748261e-01 5.361358135699431093e-01 8.793950834132465699e-01 4.589053016970966459e-01 4.676146801834933364e-01 2.309077200970925670e-01 4.414221630620233650e-01 8.230075951948475632e-01 4.736133113330514566e-01 4.259750590755065902e-01
3.750000000000000000e-01 3.891234932345427056e-01 2.833571058602171178e-01 5.287899344085510434e-01 4.026734861005096811e-01 4.969252117889795817e-01 3.236558489640613545e-01 2.635769012273232459e-01 7.748288504014139155e-01 3.498764643389204454e-01 4.484405093141528020e-01 3.504183951629616933e-01 3.637448183174311622e-01 8.359366179303597821e-01 3.702008507393748649e-01 6.702889053929841356e-01 1.673058837111289499e-01 1.348124466011757783e-01 7.749850117916770031e-01 3.619246244263856216e-01 4.882783842334105229e-01
3.906250000000000000e-01 5.217030637578287111e-01 2.664974414641078093e-01 3.061157427837719047e-01 3.965959230610788810e-01 3.129825395286904288e-01 4.430729217454418278e-01 3.082125202180124313e-01 7.022910676120213136e-01 4.042243726763851686e-01 1.898348712958655427e-01 6.685530790587579375e-01 4.998964651328373088e-01 5.165604536972595584e-01 3.036739185071264391e-01 2.114080744750513330e-01 4.406197219060999926e-01 1.855567930812450639e-01 5.160453441960043408e-01 4.294355230788017286e-01 5.074141206856260800e-01
4.062500000000000000e-01 2.884689948285134586e-01 6.174417272999586231e-02 4.735479416218083687e-02 1.739878682523458009e-01 2.450042371580685718e-01 7.249509857323848117e-01 2.012656317294456154e-01 7.242686377927005648e-01 1.828387932452278097e-01 2.374083733405785990e-01 5.072599865519964446e-01 3.339370251453958049e-01 4.544737117592698716e-01 5.905195111380125983e-01 1.394898080569758336e-01 3.963309812586203185e-01 5.068717257862453279e-02 2.481477099908592499e-01 1.685835834380981779e-02 4.235199780700770189e-01
4.218750000000000000e-01 1.333168612876630965e-01 3.895564779977518568e-03 9.882701591008077879e-02 1.433826258811828416e-02 4.533918719717106582e-01 4.123953604894128322e-01 1.410111164152186014e-01 3.748074807596669111e-01 2.174201781825355340e-01 8.335751626494040945e-02 2.650257172795262295e-01 3.530629669100805446e-01 5.922742085851611105e-01 6.331242910145602476e-01 2.638109764407349858e-02 2.950535760230352245e-02 9.596257926844972697e-02 4.763952597288986235e-01 8.154150034413656933e-02 8.669444087136395083e-02
4.375000000000000000e-01 3.836215079950528600e-02 1.950063079463303052e-03 1.068824009975179873e-02 1.959187765492151692e-02 1.246478195981433473e-01 8.727277079666338755e-02 1.016329085077618960e-01 4.022686359311057891e-01 3.482900663741068104e-01 1.630768593337223460e-01 4.580908765679135852e-01 4.777194075739914225e-02 4.419749200301804071e-01 1.219306022185621952e-01 7.146273225684011965e-02 8.290451811025553730e-02 2.525950085786268229e-01 4.709669472991497852e-01 7.404283102672457560e-03 5.754454095067351553e-03
4.531250000000000000e-01 1.334478482548138167e-01 1.872230466080232122e-02 1.719850014291449680e-01 4.524389202624892053e-02 2.000195093050153861e-01 1.431435855245680178e-01 2.139224740309799699e-01 1.500392362882207453e-01 1.374655044277987570e-01 9.795291121114814425e-02 4.170331673522861271e-01 5.246694616745659762e-02 5.365706178143952315e-02 2.242616302432581810e-01 1.359989144895424884e-01 1.396684744698507320e-02 3.749296735578564604e-02 8.810992820576012130e-02 9.408632068276351346e-02 1.113951121516820048e-01
4.687500000000000000e-01 1.852531563070745069e-01 1.358468538689606431e-01 1.856015635681782516e-01 3.905242730686336872e-02 6.722828795133821422e-02 2.960761950280654461e-02 1.790218022506778750e-01 8.836335669257708997e-03 2.015250724153119788e-01 4.786060715370342444e-02 2.637133802799915359e-03 3.440028604689179814e-02 4.241509157953888415e-02 3.885246742103004580e-02 1.803269990367680209e-01 5.291399964182352811e-02 6.069948846825966304e-02 7.713385471593550702e-02 4.351895635544274499e-01 5.010399021737411279e-02
4.843750000000000000e-01 9.662644703355127707e-02 2.660399919511578434e-02 1.448389729593213271e-01 1.295150398335974395e-01 3.739995322215043383e-01 8.581060238344646873e-02 4.944554889225044603e-02 4.021761687075938591e-02 2.693525525082694494e-01 2.021754090011206317e-01 1.227671694216266873e-01 1.070854212879553680e-01 2.568465152641138394e-01 3.012211329369957058e-01 3.328546751351093569e-01 2.514260959965908815e-01 3.058361107609816054e-01 2.894509584423343163e-01 2.192167138939064008e-01 1.809768055660789790e-03
5.000000000000000000e-01 1.828517987566865774e-02 1.893477295160472529e-01 1.504341362700790663e-01 5.710628757193384614e-02 3.582932357642180099e-01 3.915766296659458079e-01 2.610497500678338190e-01 1.364034371287897451e-01 1.643544164369678262e-01 1.382103690396810913e-01 2.793084431926357025e-01 5.062481175568842584e-01 5.212765507203190873e-01 2.103010053301196947e-01 1.683498399983890392e-01 4.319529412135295621e-01 9.537758374835324238e-02 5.957426885337120392e-01 4.474399939502536894e-01 7.642295202371311019e-03
5.156250000000000000e-01 6.426425406750813085e-02 3.055615022999165764e-01 3.337537131594094930e-01 3.081372417849869705e-01 1.294086322463815775e-01 1.736603607111497360e-01 5.656644426394206171e-01 7.807164397891386276e-02 1.721161841284025995e-01 5.850617796914043822e-01 3.025360164899789650e-01 6.806119528971379951e-02 1.900841461121647591e-01 8.776565742050775054e-02 3.083357769285545724e-01 1.992340196841215286e-02 1.586717725860607164e-01 4.371255216485983586e-01 2.248693894262730475e-01 2.194100466695534657e-01
5.312500000000000000e-01 7.354866636520525358e-02 5.210903388883272314e-01 2.778420231474575397e-01 4.255251920412417982e-02 6.106327834269296290e-02 1.910510247384858695e-01 1.702829665824089345e-01 5.172764053573205428e-02 1.895397391776925677e-01 1.832169907765043571e-01 3.240844035891329300e-01 2.964526878527925513e-01 3.476021172776912888e-02 1.452158796010733117e-02 2.419777860035912387e-01 1.767283271607296979e-01 1.599050246279951903e-01 2.858872584203041023e-01 1.126286087144855314e-01 1.459351707487591410e-01
5.468750000000000000e-01 3.029149424481900055e-01 2.487194371164391238e-01 1.456349543878996955e-01 3.218563380694396958e-01 3.971911168136679771e-01 2.141211951838919159e-01 6.758465025165917572e-02 5.953959705834228622e-01 4.485730253104237564e-01 2.022145851773090031e-01 4.700686538316341256e-02 3.155898863956794198e-01 8.178317086445908990e-02 2.569108584637425086e-01 8.801299459331399233e-02 1.188428606977315616e-01 2.530504034493662457e-01 1.859107580352802047e-01 2.453842440612010248e-02 3.065669970345581974e-01
5.625000000000000000e-01 2.738086077288883757e-01 1.205271653106783185e-02 9.136794699944303377e-02 5.048550660631837550e-01 3.282883934267389336e-01 7.180673697501742392e-02 4.205440206629090967e-03 2.707887836182497066e-01 6.262990237213186262e-01 5.045823651167360285e-02 5.707744952020222390e-02 1.040671786720828162e-01 3.374100429360564757e-01 1.044909941959839134e-01 6.680976233364066541e-02 2.029341465722215299e-01 5.713861923459416341e-03 3.028551214138369141e-01 2.715247938016696061e-02 5.808731869752699062e-01
5.781250000000000000e-01 1.215960928079162923e-01 3.613130575109225855e-03 2.511092645668182022e-01 4.155901604277004863e-02 1.300832616859768087e-01 3.134751459669620766e-01 2.185048281162649542e-01 2.942133317067887055e-01 4.963029985133375344e-01 4.310336446365111568e-02 5.052710947103197237e-01 3.288168167160505917e-02 4.244428463975327137e-01 9.190581250913874845e-02 3.228744883842522007e-01 3.332400216048828634e-01 2.844356725671108865e-01 9.518382342219712522e-02 1.120307655345837011e-01 1.287508351776648075e-01
5.937500000000000000e-01 1.562850415776457016e-02 1.670242339599225731e-02 3.922519940770573255e-02 4.977588856286328800e-02 4.300908990048892822e-01 1.278338098688808766e-01 2.295406338541540470e-02 5.376603414783142076e-01 2.241769635724750465e-01 1.266038382132111950e-01 3.743814670520284049e-01 1.685121889322508948e-01 3.197023895975201202e-01 4.053301271179189369e-01 4.761484915618624525e-02 1.544953510545556130e-01 4.248904862607265631e-01 2.762690474749486813e-01 4.236484247870113129e-01 7.452559874646130789e-02
6.093750000000000000e-01 1.666522306456655056e-01 1.293061554231541843e-01 7.153124300474331121e-02 9.253215610795920143e-02 4.111202285240075360e-01 2.455871380700360151e-01 9.298674747550096653e-02 2.865470737637084708e-01 2.853258199308330578e-01 4.501030747887570932e-03 5.347321080814796401e-01 1.730225376115622216e-01 3.570970885000884776e-01 2.090071222265240669e-01 2.353402107828366507e-01 9.573168873347479360e-03 4.473873409939112950e-02 9.451520075100887375e-02 4.711425529489258746e-01 1.946054849946623477e-01
6.250000000000000000e-01 2.760822591950573557e-01 7.345659192084948164e-02 1.497978802035242751e-01 3.575059964399750906e-02 2.536496437729827691e-01 2.059985433126926002e-01 9.921824424055250558e-02 2.794838737088966019e-01 3.989537794752137656e-02 2.569536618182216570e-02 3.330606947955921382e-01 3.936881717509260192e-01 3.630784692371639144e-01 8.762272541897640765e-02 4.493657557369288430e-02 6.198008703183383733e-02 2.768599121178910716e-01 3.633756766436062602e-01 1.448498452059275021e-01 1.651342574524116702e-01
6.406250000000000000e-01 4.207223912705334024e-01 6.431461703302883415e-02 1.346976716778410833e-02 3.022249003872383155e-01 5.630284232000823952e-01 1.584484732604448942e-01 2.717830076618076296e-01 2.507156163408817418e-01 4.188776506493505081e-02 3.596923300614504604e-01 2.968574999906319414e-02 2.858008130506527467e-01 2.972648595098030255e-01 6.066924424455711895e-01 9.855625449681525152e-02 1.214715555668224728e-01 3.082289328363607694e-01 4.751399287405826399e-01 4.125321764312702144e-01 2.875690587261644504e-01
6.562500000000000000e-01 1.848743899158382109e-01 3.217735803333474087e-01 1.036189099706159682e-02 5.456207639936111464e-01 8.819300414980536795e-02 9.598062695765634256e-02 2.124164545358381562e-01 5.039407869220322578e-01 4.280040861545742620e-02 4.188339653339696600e-01 1.681459794551983522e-01 3.460829450861848122e-01 1.665870069213641336e-01 1.435990802597533755e-01 1.197307965537519892e-01 5.372885149354522660e-02 1.087341869776079079e-01 4.113386934677797924e-01 3.795239512295275897e-01 2.848979506975179987e-01
6.718750000000000000e-01 1.871819708086159828e-01 5.220475471399829703e-02 1.001341773079016673e-01 2.142360061704061125e-01 8.860375324353071680e-02 9.619629618195253695e-02 8.805169485441925736e-02 4.047385359603385413e-01 1.127547560882836836e-01 4.378103567438621502e-01 6.470067234616130314e-01 1.200499896637906155e-01 5.432722647668972726e-01 1.814139638986568548e-01 3.074183833094356125e-02 1.175287661718603105e-01 3.316352935160056525e-02 2.135548683106843759e-01 2.523849350429126503e-01 1.789989881678616390e-01
6.875000000000000000e-01 3.443269865241497807e-01 5.724293583052540019e-02 3.785398769333697677e-01 4.011966183517531870e-02 3.014688090941473053e-01 2.291642938972335564e-01 2.204541333766638078e-01 1.455493683530471594e-01 3.327553624465728888e-01 2.572664362746823752e-01 1.614210580957984031e-01 7.476759752597756936e-01 1.750787742853656404e-01 4.110062025789659040e-02 7.886127460286262991e-02 1.892910083566307078e-02 4.097035728093025853e-01 5.625347535995621311e-03 1.505321535801123489e-01 3.474033503373120113e-01
7.031250000000000000e-01 3.257002877315282596e-01 4.000000860410136277e-02 4.252552712956197967e-02 9.684591990991429922e-02 2.402155746932544689e-01 5.412230183981911469e-02 7.778940790066611599e-02 1.549514945830778034e-01 8.419962410128141450e-02 1.222865825164020162e-02 4.942499320353217068e-02 5.662485678027644465e-01 7.993317951744643990e-02 1.941566403585840428e-01 6.741916968174692382e-02 1.179213725827261798e-02 6.174951201096849918e-01 2.275392095026038952e-01 3.798832818450341153e-01 2.472463663882322193e-01
7.187500000000000000e-01 9.106945398397404967e-02 2.182056141302851360e-01 7.623387957375663253e-04 4.550750097206686662e-01 2.998421281962049875e-03 1.863508158081648991e-02 3.378716732905417963e-01 3.162071776259265526e-02 1.362337024704781963e-01 2.331168608905149486e-01 1.992077664625198086e-01 1.629294072437886542e-01 2.761362401822186063e-01 1.690696108759945082e-01 1.874201140164790391e-01 3.923540936922340072e-02 3.800014185361644814e-01 3.003433819536361349e-01 1.134297734469287416e-01 7.870500053723326894e-02
7.343750000000000000e-01 8.798227208727461834e-02 2.446045384496793873e-01 9.253782957866658887e-02 4.297379207497863118e-02 3.947909367635255712e-02 5.521109781406589867e-02 2.269304660152105246e-01 1.144317791607897677e-01 2.786987081659638710e-01 4.249897853895296396e-01 9.939545570327663893e-02 1.386198468754125945e-01 1.927054189054710348e-02 1.727296310679042324e-01 1.210074054544387628e-01 5.931576706385956882e-02 2.070308460993882382e-01 1.824062348379640319e-01 1.619392013054070101e-01 1.111795644593230326e-02
7.500000000000000000e-01 1.077835052251976261e-02 4.659222327860646634e-02 1.872936685717664640e-01 4.503674354957481335e-02 2.031910116265650823e-01 2.092035547222248493e-01 3.943781348693459754e-01 1.287527183572986511e-01 1.068526742606666288e-02 1.383279589552956490e-01 5.654652546487794716e-03 2.229926773547533936e-01 4.319164039309764808e-02 3.299614890414051538e-01 8.281441443311476913e-02 1.731661135132619642e-02 5.713429030137726766e-02 2.013452929123885349e-01 7.955438979006187322e-03 8.826622668451838960e-02
7.656250000000000000e-01 2.859428633770950690e-01 5.211942739882190478e-01 2.742272125769746327e-01 7.565482567546601145e-02 1.105854305892441797e-01 2.603132107758197589e-01 1.310330829165319289e-01 1.276004720973440421e-01 1.330087234319533573e-01 6.222221502443045504e-02 3.623801482743205238e-01 1.664072045322184390e-01 1.744622199131103946e-01 1.478534878479786652e-01 1.687636504484016087e-01 1.830041319303649938e-01 1.753409682418297921e-01 2.426099015578416229e-01 7.207806054246891636e-02 2.631673135375721395e-02
7.812500000000000000e-01 1.477913629012778951e-01 5.690176265353128482e-01 3.548991999465971880e-01 7.827894489271662593e-02 2.935630281623139576e-02 3.793632428725862704e-01 1.612156094365342976e-02 2.003212299816285180e-01 2.842370278003670814e-01 5.240567554015812535e-02 4.262113944550641187e-02 1.792529472787597888e-01 6.543240214556421686e-01 2.881776467845055534e-02 1.269783104716206423e-01 1.293832767781351485e-02 2.256873802464323675e-01 2.186250988682838792e-01 1.856333842860469763e-01 7.935815249572769625e-02
7.968750000000000000e-01 3.983252939032482474e-03 8.828848977521897012e-02 1.332713599114677405e-01 2.325177849807014141e-01 2.395055795284662670e-01 2.243267133571752794e-02 3.312434447275353858e-03 3.956706261910848954e-01 4.175285192829703007e-02 5.057068535801952924e-01 5.489007784377065990e-02 1.906465441218757328e-01 5.990209184751347227e-01 2.391158284559524380e-02 2.537353668576975210e-02 1.043867615310912489e-01 6.006265688146857767e-02 3.688149214416969190e-02 1.507904771105630648e-01 3.531925303225333379e-02
8.125000000000000000e-01 2.764182843423707014e-01 2.998706860219148562e-01 2.355483089570055699e-01 1.938032410553196597e-02 2.327144685395759194e-01 1.162872853857833261e-01 7.264620614729583314e-02 3.194138087914385332e-02 1.101372387990502549e-01 2.119218411951138414e-01 1.008788231622595316e-01 5.589853205751186410e-02 5.787786059587892579e-02 2.342124369797677352e-01 4.077929429969321534e-02 6.016337739329173651e-02 6.572220148527700700e-02 3.164686115376577069e-01 3.389494782478608692e-01 1.425653361381689355e-01
8.281250000000000000e-01 4.163187049024818652e-04 1.873798756678303132e-02 3.881970658916835126e-01 9.848528284612551031e-03 9.844180285486585358e-02 1.624166375319236466e-01 4.058714282574022586e-02 7.124492889426694252e-03 4.602454954354230354e-01 2.839140494785726831e-01 2.878081720109141456e-02 2.683914113664618434e-02 2.578426577201358705e-01 2.672439341718090833e-01 8.087005145177734999e-02 1.823826682755739503e-01 2.222569950914448852e-02 1.444188460916306371e-01 1.310322883675095647e-02 4.263277287196543669e-02
8.437500000000000000e-01 2.757824336607483384e-01 2.802355108615830481e-01 1.965910934122546971e-01 8.346970402426563684e-02 4.993291106413266095e-02 5.479684273679864548e-01 4.935001003249974566e-03 4.660514464421135900e-02 5.169417444371823267e-01 3.104524502853266421e-01 7.007941469670142531e-02 1.313927205212155613e-01 1.648045256858725882e-01 4.765625333135414116e-02 1.796198740863967636e-01 2.353459517299799908e-01 4.158261529469946538e-01 1.433641276021090094e-01 1.694365581062959036e-01 2.486689934442300742e-01
8.593750000000000000e-01 3.256082282451909782e-01 2.314726639171332256e-01 2.296773626151291936e-01 1.387763870873485496e-02 8.943280724147401051e-02 6.170105409026742649e-01 1.742708091801924986e-01 3.369306598472198572e-02 5.752241607068387941e-01 4.722413286714684938e-02 9.897461919870786939e-02 8.656923240762526631e-03 7.084626381969114095e-02 7.976721658999065545e-02 3.016919186392446051e-01 5.564886991308450048e-03 1.765234945431937708e-01 2.353732798977306306e-01 3.598450873784989068e-02 9.307633056305639196e-02
8.750000000000000000e-01 6.166216070628459667e-01 3.103791075386216347e-01 1.828792443461351447e-01 2.138782735337104168e-01 1.471953084207812124e-01 2.626247915617911932e-01 1.592716548340011584e-01 1.625111199878320201e-01 2.602280550934772951e-01 3.230804735781950959e-02 1.009581987844450357e-01 2.365953626133132925e-01 4.323279611973272485e-01 1.370967302554704052e-02 9.545129315020126071e-02 1.395346963783995475e-01 7.846545061248813568e-02 3.908970935619993647e-01 2.181123364205940218e-01 2.365987709884629642e-01
8.906250000000000000e-01 2.436212417587519663e-01 2.426627851612270792e-01 3.542572324269781248e-02 2.791006922144523839e-01 4.755580809885746052e-01 3.732791451568318597e-01 4.338985944452265486e-01 1.104202693999343024e-02 6.038626811764780111e-01 1.900490472121314431e-02 1.103945575854331923e-01 1.411903979965211942e-01 3.161501084167213649e-01 2.133703271288901748e-01 1.113263652944865428e-01 1.285736311677829480e-01 3.020503640152012725e-02 4.209739725493806817e-01 4.446622738676916375e-01 1.810749946462018589e-01
9.062500000000000000e-01 1.835056678323502832e-01 5.266313040987958827e-01 1.475743162676509436e-02 3.352294809925857044e-01 1.039121431460977157e-01 5.220198500043867103e-03 3.357576767487671643e-01 2.801697089447694952e-02 3.283331846987687097e-01 1.172179884802281302e-01 9.420865877571996116e-02 3.001085044332130192e-01 5.897218339850454627e-02 2.548585324578889894e-02 1.915001956897978419e-01 2.023895348852651765e-01 2.049949032954965708e-02 3.379736998048489260e-01 1.375396786877109978e-01 7.001657771861463653e-02
9.218750000000000000e-01 2.819509879057738311e-01 2.136916241849353415e-01 1.803516632752609136e-02 9.951518396731760807e-02 3.123606864534188010e-01 1.769464064856714203e-02 4.297284716386762932e-02 4.440733522338361494e-01 2.487986418218916251e-01 1.648414132291292633e-01 2.152040700228588788e-01 3.435962279835739208e-01 3.145254805111066254e-01 3.245562288624295744e-01 6.684195262889329470e-02 2.287908547071470233e-01 5.051343250442033028e-01 1.902561212784106837e-01 1.153912389362270613e-01 6.769016948346345819e-01
9.375000000000000000e-01 5.530119134744154036e-02 6.765294173680548584e-02 8.671647104385590832e-02 1.355905750022108336e-01 3.789043700021021421e-01 8.375261793013236145e-02 3.918777901661650298e-01 3.038173075671544154e-01 1.160216066032165733e-01 1.063240593913667292e-01 1.815068809813733530e-01 3.970123510211134299e-01 4.158872060945292132e-02 4.333763462108792264e-01 2.493262657766904811e-01 1.881767816292508888e-01 2.860799099976421567e-01 2.061341189182245570e-01 3.220144432032457926e-01 4.494094877036661773e-01
9.531250000000000000e-01 1.107924782233227490e-01 3.507972578179837098e-01 3.556289750926677207e-01 6.619817740532236983e-02 3.657450875570487092e-01 4.268752257672338984e-03 7.216409745801558029e-02 2.074227521167234037e-02 8.031856978816739878e-03 2.733513984769019856e-01 1.152355236314706599e-01 9.775901194094040181e-02 2.736556759168313757e-01 4.284429623954724153e-01 3.921055401052434553e-01 2.007342879512861653e-02 7.926398320881304638e-02 2.975164016399414191e-01 3.098892629878179095e-02 2.939409871579709566e-01
9.687500000000000000e-01 1.181977725338652224e-01 7.525071673558736407e-02 2.752945682024621754e-01 1.797138798606661911e-02 5.930882279829702286e-01 6.667153862409597176e-03 1.196708307699170526e-01 2.114014677750485904e-01 3.186071590672455711e-01 5.041242305853452788e-01 3.875554223143721777e-01 1.913207702358462811e-02 2.157659585520083634e-01 1.658179055205671049e-01 2.560375589404567109e-01 1.070047639817153090e-01 6.295806235770941284e-02 2.212629261688548454e-01 8.929796053105992781e-02 7.428966446339856089e-02
9.843750000000000000e-01 8.831883902696858676e-03 8.822578689273159747e-02 1.287538215123874841e-01 3.111267011142518357e-01 1.836368311549807786e-01 4.383626690123654246e-02 1.639390974588960173e-02 2.213042561586723300e-01 1.059344354561266438e-01 4.621768224783118773e-01 1.875488512074646730e-02 1.772162672187643506e-01 7.215467580348915166e-02 1.775991381903259392e-01 4.681749560078171113e-01 9.996912087728683505e-02 3.096443285517323507e-01 1.114346003938657993e-02 1.287917498744927669e-01 1.590923127807769288e-01
1.000000000000000000e+00 5.825146601385067235e-02 2.941531768086880771e-01 1.491885702279568682e-01 1.434352143428959392e-01 1.125165388437148473e-01 6.456033548159093027e-02 6.516397676364676927e-02 1.685168432741633582e-01 1.405956279788465324e-01 1.006463185366209406e-01 3.599787930771775751e-02 1.809690747425952984e-02 1.580183790098397822e-01 1.496404993815215190e-01 1.551943852359347412e-02 1.255994309391615486e-02 1.438301363136071653e-01 2.067963865924273004e-01 6.675133341698015997e-03 1.641577418015363332e-01
1.015625000000000000e+00 2.174340144180213485e-01 3.051742409290225319e-02 1.467252185954507140e-02 2.625812457426763280e-01 1.969261845606634087e-01 1.040566459605586636e-01 2.459981104994396831e-02 9.597877026911144638e-02 1.146336537851031928e-01 9.461403269811538563e-02 1.152920757267137802e-01 3.025328800752734582e-01 6.764331403235955553e-02 9.230987882261874888e-02 3.008741852316068610e-01 1.078457971933546727e-01 1.729793607335470274e-01 2.029649118435701560e-02 1.461605595752017706e-01 4.604359588455333996e-02
1.031250000000000000e+00 2.354748396568016600e-01 2.496576731540584709e-02 6.236786859462896404e-02 2.576168832767731787e-01 7.853440345939502031e-04 2.494405699848903542e-03 1.349808202426087955e-01 4.874380013689789959e-02 5.562050886313403553e-02 2.970976019774080878e-01 3.032900979491470403e-02 5.272926429599369275e-02 1.153722465011078890e-01 2.035354751515186522e-02 1.975389916602277030e-01 2.270534422173486055e-01 3.344767986322274012e-01 5.514002257174811794e-02 8.925597238147701604e-03 3.651058301882231100e-02
1.046875000000000000e+00 2.021945215616800517e-01 2.257305758385688699e-02 2.380635829406596224e-02 3.370071684967286541e-02 8.904879520405778459e-02 6.900992221020001149e-02 2.179644078127273288e-01 1.029243290582377152e-01 4.794666448900708478e-02 2.075471097579335844e-01 7.657366757387813749e-02 1.327296702544925322e-01 1.032557326303371395e-02 2.185022097651932171e-01 2.691216534653503301e-01 3.776146662744812345e-03 2.173729565155265997e-01 1.829870127856768058e-01 9.049985879403714406e-02 1.661970113979701069e-01
1.062500000000000000e+00 1.891458488917883984e-01 3.286800712133600838e-02 1.068335612366040771e-01 1.395946972012755971e-01 1.117899604722452783e-01 1.393342541562536396e-01 1.309100612215328141e-01 2.324899307610802657e-01 1.788701681125406395e-01 2.306224766587056108e-01 1.264340344452576370e-01 1.118497063894231536e-01 4.135741648273354339e-03 2.080605198752028540e-01 2.172902663052085626e-02 1.896561297262206770e-03 2.098614917610770389e-02 1.627373132669665268e-01 7.473077320251865496e-02 4.586789909269316234e-02
1.078125000000000000e+00 7.113292156222356111e-02 1.708341042996100734e-01 3.893542274947751902e-03 2.523417205536565011e-01 4.266775084039227395e-02 3.430647938373539846e-02 1.083855099288335289e-01 2.768791032602754484e-02 2.729548265918620986e-01 6.784452073929711502e-02 4.150725212281016624e-02 2.746713255240022453e-02 1.955932802668376366e-02 2.802851277248450956e-01 7.494249318842608476e-01 9.452389848370515435e-02 1.856859054104948725e-01 1.995548818749640352e-01 4.008612002195908325e-02 1.021057349486186872e-01
1.093750000000000000e+00 1.114181475497182106e-01 6.917250429973575976e-02 2.246391886392238302e-01 9.185849731771016449e-03 1.653967528271723941e-01 4.037418342343452315e-01 1.834172828179910231e-01 1.743739763389633990e-01 1.203005165933718201e-01 6.899446993587425581e-02 5.574791075893823639e-02 1.303022125726230052e-01 9.453342484721254102e-02 2.823422632508211516e-02 3.573214712921520819e-01 2.586480270689478500e-01 5.978798821297053034e-02 2.342210324250413103e-02 1.175464672294317670e-01 6.320519331381142802e-02
1.109375000000000000e+00 2.413156697539258974e-02 3.214912603198928909e-01 1.572799785919567206e-01 1.500573752432712293e-01 3.647911715218431911e-02 1.004798744402082000e-01 9.030732633321740532e-02 1.437020566707673808e-01 1.356765349805153509e-01 1.169485096717374911e-01 2.613909875899343704e-02 3.231376195178409932e-02 8.853876402881648289e-02 1.446785265010186450e-01 1.565163058214452396e-01 1.829198622308600419e-01 4.442479312037561079e-01 1.218016207829273195e-01 2.029583324750811602e-01 8.607733034223455371e-02
1.125000000000000000e+00 2.836338864141469893e-02 4.125675781739660541e-01 1.176896011687210974e-01 1.313032517234940903e-02 7.323664621725853308e-02 1.352914958112413635e-01 3.029244564244351276e-02 9.723482879497427622e-02 3.424637496839046391e-01 1.247106605724381811e-01 2.665749743035153094e-02 5.549727787043759464e-02 5.124668602455135363e-02 6.365687072112925782e-02 5.182816708391817240e-02 5.442422797555750320e-03 4.036258081057282621e-02 8.243314004860340105e-02 1.188761492933869124e-01 1.653492151842858859e-01
1.140625000000000000e+00 8.793158296363415283e-02 3.733268824102378702e-02 2.528168388077035589e-01 2.752413186032111603e-01 2.510967919335211351e-01 1.551899340908013680e-01 3.049007226983760921e-01 9.011387769438772288e-02 7.396065171722215892e-02 4.426937710488917377e-01 1.506892371743653869e-01 2.443635278616825557e-01 2.779817204472731507e-01 2.892839192419181457e-02 1.837658814500072457e-01 9.138633927242384436e-02 1.595559732946684808e-02 1.324519619913670510e-01 6.799859085278170401e-02 5.495644275637340259e-02
1.156250000000000000e+00 7.754102476009840095e-02 5.390825176332079138e-01 1.287565879745676545e-01 3.119667672894456678e-01 2.212429868237559549e-01 3.539679202759826726e-01 3.439920932190604907e-01 2.986261274448944250e-02 2.692224483645459451e-02 4.583462869194235290e-01 1.385347663535793084e-01 1.973256013301733641e-02 1.406474759852925083e-01 5.935032538128190427e-02 4.923584302431992590e-03 2.648823805056568226e-01 1.568645860487062962e-02 1.802669798700235193e-01 2.997702480898302782e-02 2.101924580248047958e-01
1.171875000000000000e+00 2.837872113279194530e-01 3.368464467542063058e-03 2.638188101066513136e-01 2.381995357713435346e-01 1.532438046128372922e-01 3.176143143401505831e-01 1.311999635862882707e-01 4.165699969508737666e-02 3.150311963975524487e-02 7.051339538858895917e-02 1.329741131024200496e-01 7.436953185132440247e-02 1.082308219314142006e-01 3.486964010483838833e-02 1.386757619407006370e-01 9.079443057427401265e-02 2.787457581562520145e-02 3.296733050249758823e-01 1.380304388976610619e-01 1.511401664080179452e-01
1.187500000000000000e+00 2.958229866305527866e-01 1.228687050545371612e-01 2.127196322650106719e-01 3.047483534725607137e-04 1.169519533401858907e-01 1.412974523652153203e-01 1.782227559303628805e-01 1.626636759196450621e-01 4.598132732544454870e-02 4.821043775989138774e-02 8.986784464956078244e-03 2.020238874934790485e-02 1.745748805890688649e-02 1.039591029427790539e-02 1.341522478621820502e-01 9.267693919981338790e-02 6.729055515235275731e-02 3.291923642200274558e-01 2.026588287194058258e-01 2.540749669650886090e-03
1.203125000000000000e+00 7.226503331640867778e-01 2.009936881400946063e-01 1.829598216026217302e-03 2.653351677723310084e-02 7.917873327681818063e-02 1.902035106343278811e-02 2.828979889214479071e-01 1.485628836222115112e-01 1.104068096740029037e-01 3.302998750489021806e-01 2.520952744209510876e-01 4.152478129959921715e-02 2.179372275869569976e-03 1.776060172599100428e-01 4.065123519943365515e-01 1.213639618391467168e-01 2.029504934473622731e-03 7.830386727995063134e-02 9.239909721653591368e-02 9.425564948839078305e-02
1.218750000000000000e+00 5.974973991377621196e-01 6.703803347944357893e-02 1.003931091904217282e-01 2.437674486302037202e-01 1.709674589258304844e-01 2.454249502912261849e-02 7.983259010938775768e-02 2.407375942009388758e-01 3.965436235271471016e-02 2.093293006608664131e-01 4.183526519919810172e-01 1.450008524842536506e-01 4.337397289580807169e-01 1.282703403322204283e-01 9.984492878449638398e-02 2.484948316596308215e-01 1.092217783934885250e-02 1.690730829016744430e-01 9.337159627518906713e-02 3.261931190335338737e-01
1.234375000000000000e+00 4.620137088348064691e-01 2.603592388941289304e-01 4.178117004200083973e-02 1.812071123784767535e-01 2.493759536564981172e-01 1.455406523695262078e-01 9.065139583434203563e-02 2.979327017873205086e-01 5.922460946976738916e-02 7.305096593687043782e-02 1.745080723235925835e-01 3.315940597956012342e-02 1.640052457678839171e-01 3.581576230639618719e-02 1.040901367401375621e-01 3.498752740130295913e-01 3.237187321402633655e-01 3.002475166842015764e-01 4.005329176971916122e-02 1.643517869831967737e-01
1.250000000000000000e+00 3.851248991788576714e-01 1.033898558188938582e-02 1.291501606417038740e-02 1.250803194436359185e-02 2.861455366394643485e-01 1.244811538275758349e-02 2.859713082548059893e-01 5.403270042367395304e-02 2.224437003228962872e-02 1.925923319289468000e-02 2.208221922648869254e-02 1.861727456320832336e-02 3.105269683051858354e-01 1.509022878717139748e-01 4.249833143544874403e-01 4.737619632249316926e-01 3.890356871416948414e-01 1.021192211745881456e-01 6.231273826212807565e-01 3.330518476738022482e-01
1.265625000000000000e+00 1.534527546674457031e-02 1.314666695505986860e-01 9.541228940983022266e-02 5.769949578223727837e-02 4.061606055896888057e-01 1.100444706042866400e-01 3.748935163679157356e-01 1.211157503546707176e-01 4.442335639058277164e-02 5.901288171038590602e-02 2.168704928910585306e-01 1.697437443964629755e-01 1.240282220687200787e-01 3.638346221179964979e-01 2.600773373185512605e-01 1.424055540666335495e-01 2.334325210033027370e-02 1.209920503949229731e-01 3.909781535937584818e-01 4.840182765072985616e-01
1.281250000000000000e+00 3.623292027479945721e-01 6.684335456770365558e-02 1.522891774925383135e-01 1.138095960671354490e-01 8.731275759913557574e-03 1.634970310353519862e-01 1.194252234982020877e-01 3.724451009339377894e-01 1.960736093760775955e-01 9.575089408315531903e-02 1.976019461023662271e-01 2.181190567323827365e-02 5.978930480732241697e-03 1.485227407629786250e-02 9.027735462051240944e-02 2.398925689235839320e-01 2.570320890443842168e-02 2.484535528422571748e-01 1.427331071652394590e-01 1.267384198394737038e-01
1.296875000000000000e+00 3.088493155216933128e-01 1.445414874067838529e-01 1.319631529006993209e-01 1.781557641710981577e-01 1.317226625314210087e-01 8.086017038195364437e-02 2.241949169216113646e-01 1.445988662148085524e-01 5.972085224436907841e-02 1.528158902692360877e-01 1.656510246059136049e-01 2.592356314297393771e-01 2.504937780764378563e-01 1.043635803906522649e-02 2.622016566022082329e-01 3.381294079136915737e-02 1.976926537306301634e-01 3.344829958460651675e-01 1.720168223349058945e-01 1.250330882302677082e-01
1.312500000000000000e+00 9.953893111130585059e-02 1.613545858595273608e-01 1.557816447681775567e-02 3.156697179999907177e-01 2.614960656593008914e-01 1.860755572983242567e-01 3.145203844322154441e-02 3.078802407467232105e-02 1.559234243769725414e-01 2.873037647801579206e-02 3.716429361650634700e-02 2.938820910409585818e-01 6.586114564972343766e-02 3.606434321249260555e-02 4.632946911941038248e-01 1.991230900838045770e-01 1.107651595424056362e-01 1.473038380222538302e-01 2.915030718931765560e-04 1.422374738989028720e-01
1.328125000000000000e+00 4.401791697324969332e-01 4.819556245540751460e-02 7.790918890230624783e-02 4.503523158921814984e-01 3.346629021087398348e-01 3.844002210465052860e-02 2.238018718372167606e-02 9.873883433354103956e-02 1.674447506610535763e-01 3.929925120383301884e-01 9.483486563333054509e-02 6.022581819934536007e-01 3.340646629900170805e-01 3.889741619615965096e-01 3.132420047445911293e-01 3.073136841517544182e-01 8.360097409082181685e-02 6.440750846037555932e-02 1.950382733158458615e-01 5.436422248538048951e-02
1.343750000000000000e+00 9.064339294580997519e-02 3.503462124807080885e-02 5.027129437795323404e-03 2.528212264035690771e-01 1.904882288365898069e-01 4.023163127749573853e-02 6.184705588540992394e-02 1.212638721622731758e-01 6.546517760849226986e-02 2.681393164388414796e-01 5.076587880920907514e-01 1.682712618069391874e-01 2.841753820197767122e-01 2.688853778408191175e-01 1.881319432677872605e-01 3.824172882406284835e-01 3.723583741329979935e-01 2.892313669043479751e-01 1.054838759859509367e-01 1.337712379039006361e-01
1.359375000000000000e+00 6.977485758030813057e-02 9.750678002125888477e-02 1.083344366114048357e-01 2.592902005768775164e-01 2.274269218114935709e-01 1.062026102858391607e-01 3.082090053090094095e-01 4.876335569737377806e-02 9.329720468461587257e-02 1.737034707903259145e-01 5.230189679508646661e-01 3.425149383435876493e-01 1.702029665157399063e-01 4.541123104535146372e-03 1.391965272437539758e-01 2.736271156949884875e-01 2.299085473988117245e-01 1.571382931608489297e-01 2.881502722271819805e-01 1.566098392894023639e-01
1.375000000000000000e+00 2.093667531990717479e-01 1.970124041333725859e-02 7.985192931036624864e-02 1.190770290502470366e-02 4.431712540003486245e-01 6.359856301947523565e-05 3.740054512041721124e-02 8.331539678516597727e-03 1.374518803698042413e-01 3.732922253797498202e-01 1.557700199424800480e-01 1.057775942603526309e-01 2.684978233500316929e-03 1.431849824744291060e-02 1.800726455928124969e-01 7.197609155604682563e-02 1.184535243149655304e-01 2.845440588712759566e-02 1.563436118228956340e-01 6.114647219848607512e-02
1.390625000000000000e+00 1.288359201913396312e-01 2.411361589699992647e-01 1.228959285439358978e-01 1.001764718700245416e-01 5.411961449702799853e-02 3.982835613869524505e-02 1.173074029028577103e-01 2.222905912895373551e-02 3.171639444053641621e-01 8.113561491504357737e-02 9.726187268740964231e-02 1.638418417640097047e-01 2.320435981140709369e-01 1.061293675894613847e-01 6.732414980062631504e-02 5.601774417408012657e-02 4.890755807284546397e-01 8.254122585428565195e-02 2.075479519513280871e-02 5.998004163100285890e-02
1.406250000000000000e+00 3.508732783470219774e-01 2.938408677562566185e-01 4.281551250499694983e-01 8.975904741787257834e-02 1.384057576117172020e-02 8.038548227971976934e-02 2.355063367730859600e-02 1.146355401387683798e-01 3.488306528485165398e-02 3.269427664908585718e-01 8.725376694450609483e-02 1.611617981596338567e-01 3.247906982932919490e-02 5.939749879067560308e-03 2.019908732750991254e-01 1.676508603499588523e-01 1.887085478137821293e-01 1.938696607278043993e-01 1.707859653381028908e-01 1.202345402678486538e-02
1.421875000000000000e+00 1.279898242139773379e-01 7.347486792395524491e-02 3.960734598560926578e-01 2.748954703306857178e-02 7.845922883140617199e-02 1.421802327331328497e-01 3.206797552236727300e-02 3.078290410309458269e-01 2.480385241949839004e-01 2.914839132171990754e-01 4.161999325666144722e-01 2.662858496543544784e-01 1.219947243062125680e-01 7.787654457383702544e-02 1.632781611831503610e-01 3.170762491788129411e-01 1.655470395164129194e-01 6.811189582012980304e-02 5.688177044602642507e-01 4.909275708399121751e-01
1.437500000000000000e+00 3.389406297328731443e-02 8.914924763339561464e-02 8.223717808867596346e-02 7.320191682261496802e-02 8.941930852536750240e-02 2.620667021246246287e-01 1.224222540655914848e-01 1.623303989012972737e-01 2.493865461183452925e-01 5.156064577532084442e-02 1.024480789676323472e-01 2.992703952744230067e-01 3.373261188059534788e-01 2.157641455095299088e-01 1.569113163526147658e-01 5.190329722176158928e-02 7.464595334041133380e-03 7.482029821826303995e-02 1.223898661156855444e-01 7.584987104508220113e-02
1.453125000000000000e+00 1.464787922468698267e-01 2.598911760629316059e-01 2.942612832543523571e-01 1.664406299959323987e-01 2.288845258053986975e-01 3.896263797749924956e-02 2.473228645209464560e-02 9.968217325465827949e-02 6.311706920261449250e-02 1.169299427756767540e-02 5.813056068972220075e-02 8.201472214703638131e-02 7.109784360993059993e-02 3.271458052987792908e-01 2.942482541181629663e-01 7.103300571882260883e-02 5.960386462980015593e-02 1.608506927671430886e-01 6.636916429266123685e-02 1.569218904511467463e-02
1.468750000000000000e+00 2.808383787556620881e-01 7.145272999102872391e-02 9.673434413519643726e-02 1.385983704261394001e-01 2.617948410059041126e-03 6.851281367272569860e-03 3.377408280150591691e-01 2.306165222846378038e-01 1.230685203197711408e-01 1.055644646009244320e-01 3.255742552854973965e-02 1.563495302217010607e-01 2.555765561590930129e-02 1.886461356521058619e-01 4.013766492296750449e-02 6.687987510822888948e-02 4.793913301792122050e-01 7.191525149819692764e-02 3.325546491630398949e-01 9.194142376179641196e-02
1.484375000000000000e+00 5.663230472250145864e-01 9.530065369164851530e-02 2.586660979287520035e-01 2.916493646526833183e-01 1.990663096925004150e-01 6.092054299333633099e-02 2.694156274159993369e-01 3.983258521266090646e-02 1.457609984091166599e-01 1.095971422224449876e-01 4.172305239629352930e-02 2.507532727322911992e-01 6.422124301499906873e-02 1.765202651781019316e-01 1.459015247030771290e-01 3.134460800941354375e-01 9.489279787867611893e-02 1.904582461626636580e-01 2.676711968751200113e-02 1.286073050723613165e-01
1.500000000000000000e+00 4.598715630659398479e-01 2.914962040947196020e-01 2.581586323780949987e-01 4.535371781757353005e-01 1.399724751450669158e-01 8.337736657764971415e-02 4.349863579932304880e-01 8.794291503393285303e-02 4.527660858224239471e-01 3.647929117032911849e-03 2.404795552188151650e-02 2.838660728537808486e-01 4.191828945917799865e-02 3.566979138070747180e-01 1.820363217015499580e-01 2.026463872833634550e-01 1.086953681052831439e-01 4.522895131690744808e-02 1.739569725211622953e-01 2.412862886013730779e-01
1.515625000000000000e+00 3.741890896456363524e-01 1.181364091398406230e-01 2.227332972527944488e-01 2.882994257955791562e-01 3.726540418859224796e-02 5.843991028573810448e-02 6.142138777224095264e-02 2.097797200247106808e-01 2.112210345924863397e-01 1.303947100087470001e-01 1.037186851251837849e-01 1.010574624518835278e-02 6.357040711172452785e-02 5.404714739303231319e-01 1.998417825860238084e-01 1.467156908738869170e-01 1.024199185212899543e-01 1.544216019023981479e-01 6.521991950426207774e-02 8.920640923758191287e-02
1.531250000000000000e+00 2.713099974792977931e-01 7.756636874311295671e-02 1.934444667600441203e-01 3.374777458811895059e-02 8.273989121560944293e-02 9.185946566128892765e-02 2.046792714026589560e-03 1.071261128164043355e-02 1.661402106160113357e-01 1.722020798394803820e-01 3.235293379186169327e-01 1.459288931859910841e-02 1.653301356345829309e-02 1.492179838124922941e-01 1.933524874040260799e-01 1.731492089000734591e-01 4.347780939644440429e-02 6.184133539096264842e-02 2.958326861079084158e-01 7.746433606991101617e-02
1.546875000000000000e+00 1.677098680603684167e-01 5.312269445636691456e-01 1.955185906669436660e-02 5.095084862682473792e-02 4.389837022533998323e-01 2.255855366134977835e-01 2.418195414617532388e-02 2.501596117117441467e-02 2.957405298811963679e-01 4.480494730063894204e-01 1.311024038027625849e-01 1.172854083137931241e-01 1.475759978261448890e-01 2.383489982047749811e-01 9.555994337271464523e-02 1.868320101789639476e-01 1.067123769356890794e-01 6.215575588043155131e-01 9.116610255183932310e-02 9.585349119370130400e-02
1.562500000000000000e+00 9.432480928646588825e-02 3.155295576756225739e-01 5.732525201511765728e-02 1.714578283574793582e-01 1.414587636196729392e-01 8.908047232356687550e-02 2.982305786551611715e-01 4.323318199189804534e-02 1.023427562226842530e-01 2.098500348363632195e-01 1.814633455813837240e-02 2.891457711024917332e-01 3.256529236297511232e-01 3.353062496488664473e-02 1.167985613726570532e-01 3.543794417921652951e-02 2.065676343314221900e-03 1.022479309817802690e-01 1.753361705099714951e-01 2.790269533893806053e-01
1.578125000000000000e+00 9.176357526408399079e-03 5.781898157979092207e-02 1.313345105693385084e-01 9.543525311464017002e-02 7.068293553070011115e-02 1.376153035638511685e-02 1.234458480825157689e-01 3.822202464167117480e-02 1.917778061587840366e-01 2.046187724966999077e-01 5.637814223682079129e-02 8.776795266197084944e-02 4.165633293644295521e-02 5.728085449261556723e-03 1.337085629318601476e-01 2.702558707008517191e-01 1.799536112947376990e-02 6.421545598438820057e-02 8.460834033683627478e-03 2.290304286970727132e-01
1.593750000000000000e+00 1.195312890078482487e-01 8.135749607248862758e-02 2.010734221331706428e-01 3.467563843078939612e-01 2.568859754283050467e-01 6.783184688211313373e-02 9.208357900486976999e-02 2.850967765742251983e-02 1.652462515810564914e-01 1.027662525890929712e-01 9.114706018099057172e-02 1.183611469685163196e-02 2.986544337549311146e-01 2.139141294748655824e-03 1.159995573204293945e-01 8.689457157334053161e-02 9.674858529332169832e-02 4.559246965466584589e-01 1.591474408521638406e-01 2.661394389140110395e-01
1.609375000000000000e+00 3.844179106613379582e-01 1.101202469992367122e-01 2.653242323061366648e-01 1.005153579280085169e-01 1.316679715539571249e-01 4.648177776347611201e-01 2.862704383145499576e-01 1.944789828067697013e-01 1.292410281516734316e-01 1.639633661762907382e-02 3.554556775901946807e-03 3.447762746116785348e-01 1.314669507793956305e-01 1.384345368748882976e-01 3.527308334423618491e-02 1.838540918601638818e-01 1.640677800043143508e-01 3.835834667496707540e-01 1.252091280233386394e-01 1.695519800341506733e-01
1.625000000000000000e+00 2.788587361172386037e-01 3.151208341876032271e-01 4.239998921000455168e-01 1.127320540314924319e-01 2.078238554637789615e-01 2.708078536138848746e-01 4.501915624369084989e-01 2.072796240406108437e-01 2.983219100110686139e-01 2.074137701026298672e-02 1.829967834139692440e-01 1.877226106495936409e-01 2.151744872424249735e-02 1.300208760740818037e-01 4.961607058430120287e-02 1.069339640295654398e-01 1.779434675226657658e-01 1.555377622581697872e-01 2.816961984876064848e-02 1.069088711343539472e-01
1.640625000000000000e+00 1.203997980969079007e-01 8.637138547236460073e-02 5.445658659470540425e-02 2.204282846513083149e-01 6.018625046029596470e-02 9.358602844940402954e-02 3.875994597886726623e-01 1.777818804699017726e-03 3.664659178643053100e-02 1.981266935313911459e-01 5.130937101114225324e-02 1.346797025983255680e-01 3.055419254966884601e-01 9.326818302675103645e-02 4.235334563539519537e-01 8.211153198559109634e-02 7.180407145288546233e-02 1.681209563903613606e-03 1.327866121170831470e-01 3.512354573015810232e-03
1.656250000000000000e+00 2.182492985185166545e-01 4.643276631428909160e-03 6.371682286572075693e-01 7.017097077173108932e-01 7.039619887551556987e-02 1.422920679898792284e-01 2.417705920845090728e-01 2.113164686417569327e-02 1.126009374436997418e-01 1.293389358689825408e-01 2.823252010888429586e-01 3.312176757276052291e-02 1.234314999108911820e-01 9.920077904499323418e-02 1.133225547197083127e-01 1.167521927925088687e-01 9.779445015117543827e-02 1.445900938137583969e-01 2.561761184399060642e-01 2.220728458914764669e-01
1.671875000000000000e+00 2.594022749578546727e-01 9.771420709968654805e-02 2.170846212300268918e-01 4.278964937103548194e-01 1.133743264811245682e-01 3.917714504870618147e-02 3.839353874180903570e-02 8.790677486385860273e-02 7.792847597987717645e-02 4.865301459626737435e-01 1.051674206877137724e-01 1.512671712423717119e-01 3.048881164502604268e-01 6.580489638447670209e-02 3.044596832647752591e-02 6.290770698967144969e-02 3.804093192086979713e-02 2.790949748910950823e-02 9.786711844528933613e-02 3.484661404370809068e-01
1.687500000000000000e+00 1.742151565972893945e-01 7.076696498656144529e-02 2.920977086485505164e-02 2.581893277851686763e-01 6.805186599111782975e-02 8.380082152065369827e-02 3.308632860861128178e-01 4.476549734207061620e-02 3.402708424456429848e-02 3.141889486773067897e-01 1.095117898731839262e-01 9.422464729019908170e-02 2.781021248552223435e-01 1.173864088568327413e-01 2.062487712785441435e-02 3.795743537343384405e-02 3.023116291228343799e-01 2.079941292331289326e-01 1.121387794407799343e-01 2.994452974170690451e-01
1.703125000000000000e+00 3.320756843591793905e-01 2.487207019041729750e-01 1.660307324369784954e-01 4.121276214260457538e-01 5.200151869132655369e-01 1.355803269772069830e-01 1.368170855978957101e-01 1.512324031355636311e-01 1.671221905042075684e-01 1.619694329633954112e-03 1.161587971210479575e-01 1.815168561296366390e-01 1.521162157738321086e-01 5.378299070137665394e-02 1.147542902307086554e-01 9.516203419709083622e-02 7.862563165395169973e-02 1.751585199220232966e-02 5.387309312022421203e-04 1.926901403319864203e-01
1.718750000000000000e+00 4.382859234149185657e-01 1.675868460806575902e-03 2.947711974814522518e-01 4.619886540958988985e-01 3.341561174420279445e-02 1.518036748463029439e-02 3.433192565140869013e-02 1.119303643226510908e-02 3.895208036512394778e-01 1.317386691812565958e-01 1.554896887015867757e-01 4.917155201991275232e-02 2.292953131920701659e-01 7.550392680985579252e-02 7.422006196214664397e-02 1.250965162947391685e-01 4.830276748768977044e-03 5.544238080717380640e-02 1.168848572309518358e-01 2.316765470314191555e-01
1.734375000000000000e+00 2.051883464725327844e-01 1.928106929774899558e-01 4.606182473509565917e-02 3.845529167040848129e-02 3.771455928686172354e-02 1.846805350586649130e-01 2.944291213433794432e-03 1.941291960878673006e-01 6.666599744337539657e-02 2.922553803256641158e-01 6.235613250955676645e-02 7.678114168729101296e-02 1.164352613847043638e-01 2.868659959030518958e-01 1.804210490509372822e-01 2.713900326206505897e-01 9.845944411312347599e-02 5.201354384904269268e-02 1.834372204901426884e-01 6.900618461861454667e-02
1.750000000000000000e+00 8.699872446723527775e-02 1.693573175582714085e-01 1.023513001549804973e-03 1.939017798186969121e-01 1.136689123370713816e-01 1.195104003157489297e-01 3.087693838203120923e-03 1.127399119576257408e-01 8.019040710522232218e-02 8.742927493050751953e-02 5.430331891872136607e-02 9.618077588367951458e-02 1.579002003038598445e-01 1.544868542162869951e-01 8.742547520501431704e-03 8.774418391129464034e-02 1.712892148223343347e-01 1.538785564244934956e-01 7.468251220033426951e-02 1.197988347323183760e-02
1.765625000000000000e+00 1.393857285728563322e-01 1.172227791998326635e-01 1.229635732394854519e-01 3.516326621992786616e-02 2.313556350754040758e-01 2.952534735872832175e-02 4.954738274094123290e-02 1.225739644372812048e-01 1.806212379120898381e-01 5.838282003875020637e-02 6.591742601130483326e-02 8.821465118487867296e-02 2.785229502616707806e-02 4.577206757363524309e-02 2.198764136390425061e-01 2.505978739290531596e-02 5.084723714813802475e-01 2.451182339131758592e-01 1.998866443418919892e-01 4.560651150571656473e-03
1.781250000000000000e+00 7.917329763467697776e-03 3.707435795776874154e-02 3.154183806474802204e-02 4.285419039111227485e-02 1.905133020178793046e-01 1.160298326688330023e-01 4.956517142669084053e-02 1.532489976569752221e-02 6.785542618365146550e-02 2.998884954567085925e-01 2.681660147441762218e-02 1.710312010680508366e-01 6.542080966115650098e-02 1.374615216417494901e-02 5.177860451690043109e-02 1.032933423189401623e-01 1.691623708701326181e-02 8.447111967381118122e-03 1.392117552557003979e-01 1.815551381749412330e-01
1.796875000000000000e+00 4.480272127877791351e-04 5.235273323757677622e-02 2.335098050902394695e-01 1.289800386907779262e-01 6.477074855725549474e-02 4.116148194972442387e-02 2.288665604414139854e-01 9.752328158293760429e-02 2.763652634300915040e-02 5.441064129398352767e-02 8.790263727691242923e-02 4.492499433528658326e-01 2.598097408098882788e-01 5.551271733862882529e-01 2.466791634157430857e-01 1.503621729573851595e-01 1.373519360215455787e-01 5.424954296392532627e-02 6.512590267359776031e-02 5.935706089792487372e-01
1.812500000000000000e+00 2.592880228720390035e-01 1.714426510492980948e-01 8.246511736838092743e-02 1.821575658646613916e-01 3.200542254403978409e-02 6.955631206611680162e-02 2.399668946531420544e-01 4.232665144781528332e-01 1.388011780513131455e-01 3.740527815511406340e-01 1.256805972743938737e-01 9.877503661615641417e-02 1.521605703452569847e-01 1.028893609888090720e-02 4.056757525458006275e-01 3.055166887700707865e-02 1.388502430149219924e-01 1.821394961022452519e-01 6.250165928191959985e-02 1.142153746828619143e-01
1.828125000000000000e+00 4.824139534108767835e-01 2.473114705448829082e-02 6.860377940743092595e-02 7.195343138708191200e-01 2.935088175963677659e-01 1.364143484985059218e-01 3.342365768757359773e-02 1.104013075060416259e-02 8.067479523701368005e-02 1.510212019034985476e-01 2.007250182897249435e-01 1.053950032824107069e-01 1.098328651892338248e-01 2.063025182864898499e-01 9.130308699760047997e-02 4.478099476904359166e-01 6.841102985791552848e-02 6.967506461775450910e-02 1.690333359308531513e-01 5.706458542213521667e-02
1.843750000000000000e+00 4.778444743406718431e-01 1.482315892540393143e-01 1.299253561640713595e-01 4.638946553527810157e-01 9.405135132312861246e-02 8.879989594803661124e-02 2.913255849564268529e-01 2.583393649531615655e-01 1.486095402648885122e-01 2.669763891735524863e-01 1.032485472619370515e-01 1.843601792537448159e-01 1.080159582410273877e-01 1.016885983438312185e-01 5.389672955984466940e-01 5.390769928494656971e-02 2.312568463787555151e-01 1.279152202331043881e-04 3.437748211640001550e-01 1.869314554758727889e-02
1.859375000000000000e+00 1.321826143879874516e-01 1.251812598382290656e-02 2.698671185290278940e-01 5.638368881087946899e-02 8.959846607260713025e-02 2.459070240278179720e-01 4.542204696967836602e-02 2.864072456319485815e-01 1.431531696809488219e-01 5.667691500350907630e-02 1.316333427219570362e-01 1.213240352539051575e-01 1.567103034093252634e-01 8.219710798343024538e-02 2.732647174745910790e-01 4.495699269821418764e-01 2.641526159313988820e-01 2.256958158934296854e-01 4.589851518166767480e-02 9.633896479040993110e-02
1.875000000000000000e+00 5.496145361251529859e-01 6.048004727801248315e-02 8.240713169824816220e-02 8.547883499148127562e-02 3.306927737804378487e-02 4.218592965659862526e-01 2.556734413365509273e-02 2.718465704578698072e-01 3.707177041994674099e-02 1.131635100970192626e-01 4.571716334317721397e-01 6.282963263780950991e-02 1.253944061808574817e-01 8.815359561902483265e-02 4.499281578604323872e-01 6.481215066776734035e-02 1.062915967935855882e-01 3.072833486564745531e-01 2.702792128583808018e-01 1.694997172157837739e-01
1.890625000000000000e+00 2.523001408726583406e-01 4.248903488774851134e-01 1.671526042646719274e-03 6.040349693056288466e-02 5.616472834307679324e-02 8.163940001007469194e-02 3.608977822995791396e-01 8.316604969888492793e-02 9.214236137414753836e-02 1.249366521499080257e-01 6.961846608112783052e-02 2.965862748389462566e-02 2.460706996735361266e-02 2.419394344210053782e-01 2.936594976836122695e-01 2.621260773451972517e-02 7.673980914391335950e-02 3.283747782338169996e-01 3.336572450296277914e-01 7.139640465494978550e-02
1.906250000000000000e+00 5.819664791356592842e-02 2.334507442415938994e-01 1.076661368494131153e-02 2.270775447637562172e-01 7.894092461382427872e-02 3.466203437682904842e-02 1.538399893074749447e-01 1.028683319255607916e-03 1.767814301758433015e-01 3.028356402491975616e-02 1.248780492701484085e-01 1.264955192878640111e-01 1.735837531627494879e-01 1.500313744917455006e-01 1.628497167403033241e-01 2.220831807396494717e-01 1.771954595434655291e-02 3.348963146551401926e-01 2.876363217121569171e-02 2.666145053859756975e-01
1.921875000000000000e+00 2.098201161623244881e-01 3.229690342366898226e-01 2.154172689303062993e-01 4.457835157800543735e-01 1.186647282136480686e-01 1.876527789596806883e-01 3.331402780691443133e-01 4.841169536669963358e-02 2.719099142925019905e-02 5.707510670256740054e-02 2.327975069746474612e-01 2.360652683718520439e-01 3.927260755120444424e-02 3.867683635972146705e-02 1.168520415442269866e-01 8.068174307644258858e-02 1.675823106665207118e-01 8.419915675528933177e-03 1.279438042997487757e-01 7.894150435537954369e-01
1.937500000000000000e+00 2.384030608240736704e-01 4.904453876113233635e-02 5.887952753625042696e-02 8.334749425034622405e-02 1.251201105832993321e-01 6.609434077087340542e-01 2.005556564540151021e-01 5.756535447467767130e-02 1.749850006424579218e-01 2.346428780592932709e-02 2.308831280130736741e-01 5.440087423080957052e-01 1.593021626819969006e-01 9.455911774804714315e-03 6.291893176382241937e-02 1.282249322955236054e-02 7.144662145299313788e-03 2.460906344589196271e-01 1.627168273984733182e-02 6.831639556260857837e-01
1.953125000000000000e+00 4.113600973427269242e-02 1.790568803412862647e-02 4.464794513662773134e-01 1.001357796719024029e-01 1.203659819912487328e-01 1.703320271156028576e-01 1.705884032649318538e-03 3.613918208344023969e-02 2.939393413406353184e-01 2.389709831944357710e-01 6.522916694078526034e-02 1.645808234777303147e-01 2.258544958979780484e-02 2.127715712123035008e-02 2.053856254705435092e-01 1.274805342327602065e-01 5.101546386219666523e-02 2.991825056018413975e-01 1.386495910483592497e-01 5.183777587031135337e-01
1.968750000000000000e+00 7.646803841033512905e-02 1.101214618518831928e-01 2.012058872053875125e-01 1.382205101055206109e-01 8.207029778696021960e-02 4.747088340602587803e-02 1.739669508243755491e-01 2.877853359717849613e-01 2.165101760625131894e-03 3.526371483025650955e-01 1.502223930828452958e-01 4.883458616638323285e-02 2.528804753137224304e-01 9.159285068354654918e-03 4.936399816539576574e-02 5.276252435745486073e-03 1.259390361998345420e-01 2.288391143840649289e-01 2.139370600950638301e-01 3.420718109631631920e-01
1.984375000000000000e+00 3.207223731372819964e-02 3.112035911000771149e-01 3.003686683672068813e-01 1.617539092347231866e-01 3.173147906778511218e-01 3.734769630967223197e-02 8.422653405156622225e-03 1.536401113483802094e-01 3.643852875439205774e-01 6.445652398813370154e-02 1.720996397621777085e-01 1.227658044758559858e-01 1.786136302712883761e-01 2.931367560849262310e-01 1.173424546915709243e-02 3.225626856847986779e-01 5.165432103220228555e-02 2.187123423200845462e-01 2.522002120586520554e-02 1.491382420650516905e-01
2.000000000000000000e+00 4.168526150537473773e-01 2.349461772397956616e-02 1.258505693339917290e-02 1.147000861898283680e-01 4.981202526637044936e-02 1.706041716742588558e-04 1.176799874226355791e-02 1.294845474936172913e-01 4.662944136049626542e-01 2.451563118279103948e-01 1.369022001509231368e-01 1.743823611807345519e-01 5.678986155476038988e-05 3.761785699624954626e-02 5.998284326288112062e-02 7.749941529399737017e-02 4.415640992323020125e-02 1.394390167133715275e-01 2.044419863642224500e-01 2.691606309472349690e-03
