0.000000000000000000e+00 2.540025074429360652e-01 3.908357839860511496e-02 3.585833205672393081e-02 6.245689045307155352e-02 5.403217445695319282e-03 1.266366190045860873e-01 6.622678224459294105e-02 4.182231725501123903e-02 3.557938529477646661e-01 2.890205988951192739e-01 8.680696554178088387e-02 4.574865125219483575e-02 2.556689246440602137e-01 2.016057515143362348e-03 2.439372543570625385e-01 6.866823488615398340e-03 1.843122734034435221e-03 3.110788136174295112e-04 3.660090165491046155e-01 3.219830099078001273e-02
1.562500000000000000e-02 1.660564178627500775e-01 1.539805886989784600e-01 1.591062154826541619e-01 4.041247119312043473e-02 1.377115217071323283e-01 1.039014460992185029e-01 5.482769567503496116e-02 7.618540960745624757e-02 3.544385989989837227e-01 4.300159394386396383e-01 4.688598186329949284e-03 8.858537915625139259e-02 6.272318450597953732e-02 5.051648066449573871e-02 2.600494872796836332e-01 2.474467768036886853e-02 9.023012312385449152e-02 3.851620580391829779e-02 2.822991596168220596e-01 6.144041188862658931e-02
3.125000000000000000e-02 1.696325758272749229e-01 8.639876417823187660e-02 1.362253730703545385e-01 1.409007423452445507e-01 4.586301940154473983e-02 5.403403555168194705e-01 1.662306263886586047e-02 3.833345625853769312e-02 1.029552947323068429e-01 2.309772117108518097e-01 1.010852065423682306e-01 3.182034176776558226e-02 7.562606322562932804e-02 4.376395005455812615e-01 3.276537387344262142e-01 3.870439750206617485e-02 1.510856400320727544e-01 3.332152068119717536e-01 2.001394287899298519e-01 1.001094341858203424e-01
4.687500000000000000e-02 6.142754576746217721e-02 6.027026473764048042e-02 1.483796381878842441e-01 1.852978624712292299e-01 2.870124873904639565e-02 6.017186083334425950e-01 2.801738410011104241e-01 9.407991055420918125e-02 3.208293293098921084e-01 6.288041309631263454e-02 2.517146994415789263e-01 1.310453294185640605e-01 1.309627429127031006e-01 6.570636192214278637e-01 7.008368642712612395e-01 1.001771745140289660e-01 5.711531526009567816e-01 2.822521598404428289e-01 9.754673351574312534e-02 1.043856720612700989e-01
6.250000000000000000e-02 1.769838290769585043e-01 2.910890528230191121e-01 2.879294556559146012e-01 2.142394303203369252e-02 1.055714801505911876e-01 5.641556868885154730e-01 5.903697966903391769e-01 2.596095562755454944e-01 6.012076357921452008e-01 3.158150947074743753e-01 1.534213371820407623e-01 9.203406031922230224e-02 2.002273295833796041e-01 1.617230426299176571e-01 7.354151521852476669e-01 5.423015998909459512e-01 4.974294127854255176e-01 1.824462370519251142e-01 5.709793713820335292e-02 1.443481756985338371e-01
7.812500000000000000e-02 3.960865501178991721e-01 2.311730513119938379e-01 6.792512597180729861e-01 2.215543816466888638e-01 5.282124078868740691e-01 4.583623888215069830e-01 5.738277514675834690e-01 6.234202919007749699e-01 1.663651376673373206e-01 4.954550400143987177e-01 2.884936389597740347e-01 5.432955321966189688e-01 5.511798093602888748e-01 2.909498927903501619e-01 2.840649244163488962e-01 2.569017783113304310e-01 2.910004677235824566e-01 3.719901057033218605e-01 1.260262729604464116e-01 2.522398085430546111e-01
9.375000000000000000e-02 2.226995066591195838e-01 5.986968349432518766e-01 7.773540674216293800e-01 1.948151538809539951e-01 6.392060950996792945e-01 5.416963364655080770e-01 6.580458283977720368e-01 4.687035534999515751e-01 3.729469200753133262e-01 6.384148303791784551e-01 5.574559450518390413e-01 6.541535847560576711e-01 5.589023413291168696e-01 3.628507269431455184e-01 4.583839433173738098e-01 5.482563813838833289e-01 4.889880615071255376e-01 5.182660847959451589e-01 2.373646909116290671e-01 6.207798902679683151e-01
1.093750000000000000e-01 2.608180888329964531e-01 2.395019030712489672e-01 7.193276848958114478e-01 2.015675185817831783e-01 6.979471651697696233e-01 4.256591559914809086e-01 4.775500475801603972e-01 7.440530975374117784e-01 5.462602630745500010e-01 2.959106019473642379e-01 7.544613829448182374e-01 6.926256411001773250e-01 6.617640813677810874e-01 3.846307221130560450e-01 8.479923228499424148e-01 7.257737646976385459e-01 5.612583030645178495e-01 5.751328333095385714e-01 7.101496145096367618e-01 3.938749068321246161e-01
1.250000000000000000e-01 7.475487724805164325e-01 8.621720488135478089e-01 8.220340333091554763e-01 6.297363173534428205e-01 7.916032970437777427e-01 6.902530890733915570e-01 5.288917940458195410e-01 7.633870340514512520e-01 8.279649450470442096e-01 5.962474136804273295e-01 8.949694742515941215e-01 8.274683842712342585e-01 7.545411177448220208e-01 8.144086967643408004e-01 8.135439968090387719e-01 8.369290213130520240e-01 4.631508598170816504e-01 5.276076094011757922e-01 8.129588800879689048e-01 5.996297411449713621e-01
1.406250000000000000e-01 7.975141622963661803e-01 9.415859411781891675e-01 9.638021661254918548e-01 8.723682672381223302e-01 9.483461574879650247e-01 8.609697389803406820e-01 8.864946496177912305e-01 7.431950529515797266e-01 8.721714575729651031e-01 7.726569013513209239e-01 6.819459901338986718e-01 9.186584992249565707e-01 7.541537950932261092e-01 7.914571079727679148e-01 8.047134873828081236e-01 8.376190704551875754e-01 8.691909739092750220e-01 8.318851605628964085e-01 8.405021065990860851e-01 7.776563696794906999e-01
1.562500000000000000e-01 9.590471897658829903e-01 9.204188649141338274e-01 9.449523307893570312e-01 8.896100672677718091e-01 9.727774702679942154e-01 8.610184297898685335e-01 9.126002756368192248e-01 7.838856983772657383e-01 8.160712543449971657e-01 7.448223398482947122e-01 8.461817298132847665e-01 8.605502786681655802e-01 9.310160664006567055e-01 8.388553807333443135e-01 8.686382310519720207e-01 8.840521825597730254e-01 8.248296339317053860e-01 9.270791011506895885e-01 9.722189746903074914e-01 7.461592213209344848e-01
1.718750000000000000e-01 9.305586444918843014e-01 9.045993641697652743e-01 9.596398570666794248e-01 9.530364524877079635e-01 9.591558979534482443e-01 8.817320921896466546e-01 8.497067610905597590e-01 7.883668457733159496e-01 7.173903658387197346e-01 8.822274742018441085e-01 9.579303714520509550e-01 9.185992827718912901e-01 8.765290409186257126e-01 8.446871178437547201e-01 8.652949627958138601e-01 8.956012011738528900e-01 9.109595094531522941e-01 9.733661772955771729e-01 8.744502100832222125e-01 9.230732200144200483e-01
1.875000000000000000e-01 8.955063244276201262e-01 9.420847208360769720e-01 9.124199435250636148e-01 9.493363043243460142e-01 9.237181290764815422e-01 9.700708436016094449e-01 8.440777085000907842e-01 9.072400564195780559e-01 9.298679746577684924e-01 8.000015795129133966e-01 9.055418381292290597e-01 9.590662999179858650e-01 9.199064763040629700e-01 7.595307692267645461e-01 9.021128066137129586e-01 9.410700257645442379e-01 9.636142213752137975e-01 9.684152045426709376e-01 9.028965899385588134e-01 8.634461685955588939e-01
2.031250000000000000e-01 9.495522030035253858e-01 9.334308467784229180e-01 9.400981006113480198e-01 9.512613450379966418e-01 9.629320641365843869e-01 9.387517594020887701e-01 8.751853010859952375e-01 9.694169970560321259e-01 9.356090532178650276e-01 9.228590536447706105e-01 8.738493317414506301e-01 9.428521900095783170e-01 9.635549589465375320e-01 9.355595636638475154e-01 9.674314262148040466e-01 9.414100951002573048e-01 9.193517726012749858e-01 9.275229619651450541e-01 9.551935809984246628e-01 9.246167178440064527e-01
2.187500000000000000e-01 9.555779100124744962e-01 9.443514436718735139e-01 9.590914037203169817e-01 9.625274575572799751e-01 9.643661745471463487e-01 9.366605872847609815e-01 9.222126143153525080e-01 9.642311993790277924e-01 9.503173259444656074e-01 9.410947574717112296e-01 9.594508808042844228e-01 9.603556859988368055e-01 9.606850242454928468e-01 9.159767082915104552e-01 9.425157735026414851e-01 9.356833983950677558e-01 9.464068922100443704e-01 9.035895831085073437e-01 9.558723530286519221e-01 9.529659421817011644e-01
2.343750000000000000e-01 9.776130718834492583e-01 9.665163894671542355e-01 9.332673397376998192e-01 9.607003377999520088e-01 9.556619627717284349e-01 9.513130390498065747e-01 9.758513959729518961e-01 9.242783690468923119e-01 9.528571310292172081e-01 9.434041780224365903e-01 9.756865220177954878e-01 9.615379562434571703e-01 9.719764528994307984e-01 8.922249863276308091e-01 9.641372984100070598e-01 8.655688902959814968e-01 9.802128762642569049e-01 8.534522327254544516e-01 8.933111967553312160e-01 9.094737028128130341e-01
2.500000000000000000e-01 9.285754944743567219e-01 9.583937133599819136e-01 9.288470534194457340e-01 9.386165266132676654e-01 9.612306160032421110e-01 9.554760183960353537e-01 9.564707216304095816e-01 9.637696204672324685e-01 9.487449727322118109e-01 9.460524377631994719e-01 9.613565476218727257e-01 8.929481127373825045e-01 9.919926078350854715e-01 8.991955402749031157e-01 9.368661036896067662e-01 9.294249912333759633e-01 9.634154341078516870e-01 9.012657626111880704e-01 8.569091918746193359e-01 9.563851085892414172e-01
2.656250000000000000e-01 9.169490376433288015e-01 8.778329680762736453e-01 9.609134133940043787e-01 9.238830397800230632e-01 9.685697328706650566e-01 9.409716576517073161e-01 9.488941359084985816e-01 9.439952428771384296e-01 9.706716278393864306e-01 9.778239885055832747e-01 8.978770244752527496e-01 9.147873747947284917e-01 9.657848210368830122e-01 9.279624191356410368e-01 9.455632897592677333e-01 9.445766785230234053e-01 9.291287200298541382e-01 9.654659448364726337e-01 9.360240990260135785e-01 9.665671609844201928e-01
2.812500000000000000e-01 9.475056593259627569e-01 8.782622226204789273e-01 8.919610026354056753e-01 8.454140191076611188e-01 9.484049038532097464e-01 9.040360104408953212e-01 9.766863429387959705e-01 7.726908463594988064e-01 9.552326167590702299e-01 9.656144294121050686e-01 9.205708143362262286e-01 9.382958951629202238e-01 9.058008848171035243e-01 9.564231386669528323e-01 9.229145132591424217e-01 9.267060000762554761e-01 9.104074019448643584e-01 9.518073647520122194e-01 9.748338079017490054e-01 9.744489264185071109e-01
2.968750000000000000e-01 9.372999663701659934e-01 8.796080884119270582e-01 9.257523108179032123e-01 8.810167154375659893e-01 7.799218950164551467e-01 9.605142492115877895e-01 9.519795128600249123e-01 7.548934289673472353e-01 8.433167615359298264e-01 9.474359259811003797e-01 9.360674587524253631e-01 9.240225730221388600e-01 9.216054053383956335e-01 9.263941358211700283e-01 8.564952588529580746e-01 8.975639549440241893e-01 9.243591368634361816e-01 8.689158674644222868e-01 9.714608697088045197e-01 9.582594673580786537e-01
3.125000000000000000e-01 9.282760923210000570e-01 8.080541455730380074e-01 8.978691483452533317e-01 9.347260025194686905e-01 7.775402214247485455e-01 9.659329471440112336e-01 8.521313808369750387e-01 9.015793765189445974e-01 8.596151714659910903e-01 9.144946857196557533e-01 9.350894134679356151e-01 7.959236333319739121e-01 9.363293476932998960e-01 8.524448786529341682e-01 8.343307679088773909e-01 9.100905053512845511e-01 9.707958868813242326e-01 8.507967222045232925e-01 9.502790363094784087e-01 8.784183962637851506e-01
3.281250000000000000e-01 9.508008895869675126e-01 8.831440511738302135e-01 8.881369814602617652e-01 8.978804425576943915e-01 8.107641805437146854e-01 9.410142865693547076e-01 8.394040117956420577e-01 9.121238621273756175e-01 9.142078974664622493e-01 8.785789257691626331e-01 8.282246535305944901e-01 9.172506952572200278e-01 9.277965200583359051e-01 8.516317835206898001e-01 9.374571481709020881e-01 8.264180104171072738e-01 8.912830663204456272e-01 8.680548798759784024e-01 9.157366194716252128e-01 8.496338887516236005e-01
3.437500000000000000e-01 9.546779243811203131e-01 8.357990267499143533e-01 8.566637968612303977e-01 9.579236283604102287e-01 8.659965380570509019e-01 8.294481602054185609e-01 9.303178470150207380e-01 8.933593053448151133e-01 9.416969276674805878e-01 8.849190396343108445e-01 7.876746161211264363e-01 8.448347160019541446e-01 8.206112829808752673e-01 8.970333906208183272e-01 7.755764735070814764e-01 8.317203329634959008e-01 8.958277923052663239e-01 8.180751039378250100e-01 9.128524172841657736e-01 7.058751663639776242e-01
3.593750000000000000e-01 9.184555479786461474e-01 6.337665638444144323e-01 8.624850014793389308e-01 6.514885120640929728e-01 6.659064676487658208e-01 6.785024061749092006e-01 8.257054273782626908e-01 8.873701255049967207e-01 8.350264646672048707e-01 9.308296433547462723e-01 4.558016997721722752e-01 7.310480207232576966e-01 8.409240593083943116e-01 8.659462553777665939e-01 7.189556325487214128e-01 9.058119620067951461e-01 9.070991023255331465e-01 7.270037887358067330e-01 9.008151137605631131e-01 6.002845007786768994e-01
3.750000000000000000e-01 7.485265122219889600e-01 6.150040712587346858e-01 6.218213115807778024e-01 5.673584826231656830e-01 7.766026258683549344e-01 8.394351315319974471e-01 5.590056063923658503e-01 6.832045819711385359e-01 7.163335029533075549e-01 8.083291327505774948e-01 4.718567362131777521e-01 8.348216978351069573e-01 8.570800471073902749e-01 7.083089340148697177e-01 4.202269936356782809e-01 6.798851555792945200e-01 7.794840442199136854e-01 9.490996825366512235e-01 9.217212049663391360e-01 3.412552847452459681e-01
3.906250000000000000e-01 8.573715727885351523e-01 4.248047593043316472e-01 6.868301634279552204e-01 3.891049576135587329e-01 4.452951658074441044e-01 6.742403102214284960e-01 8.577077949520398592e-01 5.457109101453100353e-01 2.178625611376042714e-01 6.604413017268006003e-01 5.736354908053052926e-01 7.116348194081639766e-01 7.769858485438538853e-01 5.292273686149161493e-01 7.034257196360961528e-02 7.809446070779846316e-01 3.510555033293900062e-01 7.975783976423828081e-01 8.636419923280308497e-01 5.215858793864170950e-01
4.062500000000000000e-01 7.226814690627570981e-01 2.070580073967623058e-01 4.656279330686035611e-01 1.369650902683817728e-01 5.701747744845767629e-01 3.689063106306243456e-01 8.186892269582044523e-01 1.518648892755814495e-01 2.106778160777103837e-01 5.343062915901424237e-01 7.426457392846385064e-01 4.859874983367022949e-01 3.910134558758199264e-01 5.161744027847601224e-01 1.331911666580561926e-01 5.181516651282009889e-01 5.707164892446691118e-01 5.222182696903561183e-01 6.495434944049163217e-01 5.569785046654072147e-01
4.218750000000000000e-01 2.733145766556363543e-01 6.442427748853978287e-01 4.880159964564122488e-01 3.847855858732389112e-01 6.881097208623628836e-01 3.684299368369340355e-01 5.870903006633739762e-01 1.789356958186488766e-01 3.073705752414646608e-01 3.940433727179565304e-01 3.792799522652790523e-01 7.247638608346778089e-01 9.813225283219380313e-02 2.329574118363021140e-01 1.935102359824098506e-01 7.965979746948292917e-02 4.376380017781903997e-01 5.288835980915610469e-01 3.975927386415828435e-01 4.514414682977591631e-01
4.375000000000000000e-01 3.002662685665892783e-01 5.289356917929289859e-01 2.908211167776900141e-01 2.257185623860124002e-01 4.962537234241866102e-01 5.067376722020136004e-01 8.628425892022589805e-02 5.472257927987160819e-01 3.800404657701307309e-01 1.886067881848614569e-01 7.929890258848344697e-02 7.254492125423240845e-01 1.054511187819778678e-01 4.658936199579538640e-01 3.869356485269992429e-01 6.688859614380714830e-03 6.484251768081022993e-01 4.096865539613186447e-01 2.919697686724674335e-01 4.565497950597297572e-01
4.531250000000000000e-01 1.237832148727723569e-01 4.662531044673904473e-02 3.170829267338579061e-01 3.242531974215833168e-01 2.987559829963638003e-01 4.077130802919771702e-01 4.174781484135226504e-03 4.161727176200032130e-02 3.831071388410564049e-01 4.882395671249317032e-02 1.852544097559656044e-01 7.947181813590629973e-02 1.206331667075819791e-01 6.513417152221195883e-01 3.141095210980778263e-01 1.229628247749117581e-01 1.900108432504436784e-01 2.353819682329565399e-01 3.710411294941058369e-01 8.060007601801173760e-02
4.687500000000000000e-01 2.475250222742904627e-01 2.555566326707938568e-02 3.640973654459429831e-02 1.118260223563423833e-01 2.471119046070616443e-01 1.087709970229682882e-01 6.991995150725559272e-02 2.440564818970034078e-01 1.676833041988211592e-01 4.881963836152012487e-02 9.343025116385129947e-02 5.337167817167266792e-02 1.797686432916678068e-01 2.951595412550637176e-01 1.189924726460832444e-01 1.537005672619813912e-01 3.148440770290354407e-01 1.773374052696307102e-01 1.596845205108153240e-02 8.253227304492918859e-02
4.843750000000000000e-01 2.000933138820823465e-01 7.982539448092422496e-02 2.244424412077274111e-01 1.414221107221105556e-01 2.847491073209514056e-02 6.787898814543187609e-02 3.565935869295420724e-01 2.155511966070709218e-01 3.895615265050746817e-02 5.291968730468896709e-01 4.274873666876575218e-01 4.478627301989970277e-01 1.457953458325455393e-02 3.257028131653111891e-01 2.430176144633972718e-02 2.953307043041627500e-01 2.102497165778484389e-01 1.585864007464269157e-02 1.397704043987935962e-01 4.577689170965672238e-02
5.000000000000000000e-01 8.809533311050305121e-04 1.215663330447433188e-01 3.757634866565050524e-01 1.275933439516178380e-01 1.995578283834796574e-02 2.198305613157501837e-01 1.696492914695753862e-01 6.662459996903344339e-02 7.364320461883307189e-02 5.639595280452337489e-01 1.204094571941281971e-01 4.839746571312850132e-02 7.210408280795689573e-02 2.577075481735348686e-02 1.065270902551796739e-01 3.972716659303677789e-01 3.569363875852562540e-01 1.469439659871161208e-01 5.830082016899591421e-03 1.451104929267275738e-02
5.156250000000000000e-01 1.220932620730377227e-01 2.208638410232494909e-01 4.543873392174356263e-01 1.726235978131349146e-03 8.141524502010130324e-03 3.905380485534133972e-01 4.854699999986944459e-02 7.418088332675169816e-02 1.741771367085622468e-01 2.772900520037017147e-01 4.960932539619805626e-02 1.383214765158320425e-01 4.646136430229054351e-04 1.907734303385350549e-01 4.148714122293246653e-01 6.125753667265734781e-02 3.897523126971799146e-01 1.054936227899415796e-01 1.734976255104792864e-01 5.938520260876367640e-01
5.312500000000000000e-01 2.701944916116158502e-01 3.929648940937058854e-01 9.456964702235871878e-02 1.862985746803521581e-01 2.255723782875085071e-01 1.450193745702681725e-01 5.451477066603069299e-02 2.026442229104827575e-01 3.594432838409533093e-01 4.152745041593673969e-01 1.148914908542015417e-01 5.921105670188616665e-01 4.777446249734826900e-01 4.285219849429180994e-01 1.063419587469807137e-01 1.737379598569972483e-01 1.884636756662873558e-01 2.249592190252500401e-01 1.165878343442917769e-01 2.849877823954875544e-01
5.468750000000000000e-01 3.234321018310972184e-01 4.606111489492323852e-01 1.449193802446669954e-01 1.049704347511973418e-01 9.425623917272300811e-02 6.089068689260196399e-02 9.017670906524920260e-02 2.548030217492950333e-01 7.157354672357086889e-01 1.560585164659335500e-01 2.433317939717518641e-01 6.374449746036815467e-01 5.341231239067214531e-01 5.187028088769196632e-01 2.049169544052602543e-01 1.100405321080781540e-01 3.046500219244085983e-01 1.532441361922055045e-01 1.347705686803160607e-01 4.030288377285649176e-02
5.625000000000000000e-01 1.981420094994600090e-02 6.278226743349933914e-01 6.134042510941599691e-01 2.454739015542613256e-01 1.759872911030803955e-01 1.054891491565525530e-01 2.162839638342099191e-01 2.735358019354099945e-01 2.935543685123803148e-01 2.510333014327640333e-01 3.745624814742204989e-01 2.695491270885772006e-01 1.485433845443140388e-01 4.691743234116544925e-01 2.190497427914862294e-01 1.828217787577790798e-01 1.326479928637641116e-02 1.525810421372914560e-01 1.743097370664206391e-01 5.062501743933309761e-01
5.781250000000000000e-01 1.665038013874941547e-01 2.188277123002811408e-01 3.175469155212303218e-01 6.595757080605198219e-02 1.228042215481496002e-01 1.068656694271689217e-01 1.463905344096906591e-01 2.189140489807749612e-01 1.743124718299997669e-02 3.953180232114161252e-01 7.635492262718214518e-02 2.045422556543986525e-01 4.474691944288518020e-01 1.707322611828847869e-01 4.994962403102093385e-01 2.738800617642243029e-01 1.236715779078437633e-01 3.323008022510351989e-01 1.305674548067544405e-01 2.834547188073123780e-01
5.937500000000000000e-01 2.067723894046989419e-01 7.299446985484496497e-02 4.590375999561374654e-01 4.823108070855419149e-01 5.146078501536570649e-01 5.960302458889253918e-01 3.257528034830365488e-02 1.469272721529412684e-01 9.067344390126066966e-02 3.456786660988465654e-01 1.501251924218037215e-01 4.055736986488131524e-01 4.402253008559335323e-01 2.616114697466317453e-03 5.300620154855000266e-01 5.425701870553041317e-01 4.697542603623616059e-02 1.494014760857876045e-01 2.339978573587015165e-01 2.421038090748437455e-01
6.093750000000000000e-01 5.660927487789703116e-01 3.100942714259043997e-01 1.480662183494339257e-01 3.217651755288963300e-01 4.406238825166165496e-01 6.555838095915753616e-01 1.515131928881549295e-01 4.141353231155445180e-01 2.610286963830503182e-01 4.324395670062370911e-01 3.256162646681525219e-01 4.258109551406583648e-01 9.389113068216452251e-02 4.233911742141086704e-02 4.332489989802216224e-01 4.048638613105750017e-01 4.107027187211435559e-01 9.410772323347076085e-02 3.391193608197820564e-01 6.933265310701229589e-02
6.250000000000000000e-01 2.469418353597398197e-01 4.333516952278428924e-01 8.032269018348420220e-02 5.723124766240238470e-01 1.571422373270464912e-01 5.442120102326561959e-01 3.954939148667316329e-01 3.287346358160717630e-01 3.021775171807305482e-01 5.403611120015635594e-01 5.543397624213302066e-01 3.800161152825976552e-01 1.206816895647515597e-01 3.515304463878361485e-01 3.184231279310494878e-01 1.338202035269300816e-01 3.829025154266026409e-01 1.704142271137759970e-02 1.269432667452208841e-01 1.713270665317791208e-01
6.406250000000000000e-01 2.756061390008763268e-01 3.565991035825471500e-01 6.921763921204743264e-01 4.376107773700221304e-01 3.199948217098782521e-01 1.912428340091462120e-01 4.009190697394050540e-01 2.157130286356192250e-01 3.929046029629077452e-01 1.407680729577568401e-01 5.422753545538704367e-01 3.113846950748318521e-01 1.033722337245221862e-01 3.588586235442269290e-01 3.307813858994017031e-01 1.417096760769105679e-01 3.030086134860109359e-01 3.839870450639561172e-02 9.175118408787256985e-02 2.958015498892722743e-03
6.562500000000000000e-01 4.248873889443444685e-01 1.505292192624377301e-01 6.603881161723459403e-01 2.523047206883098359e-01 4.170146949584641050e-02 2.800409437715082883e-01 3.747153306503113179e-01 6.410583396599039974e-01 4.801163887204558112e-01 7.921484824885284548e-02 3.619987139785921793e-01 3.955112821162336256e-02 4.503973619740294643e-01 4.686433597473135815e-01 4.086562059152356041e-01 2.363491348328367325e-01 2.002094561693347208e-01 1.258219433786890162e-01 2.230107879520823455e-01 1.418541589080437870e-01
6.718750000000000000e-01 2.987406105998000605e-01 2.720358362361524618e-01 3.999635605120471782e-01 9.382098931719066656e-03 4.595490572448824862e-01 1.082218164089576370e-02 3.309317280638358061e-01 6.384031686677508199e-01 3.977894892662005577e-01 6.877892193418536082e-02 4.389500921783512366e-02 1.866176734341785381e-01 3.339390614009989933e-01 3.514416174332514187e-01 2.498838744283733981e-01 2.783812799726044229e-01 2.558703939504610725e-01 6.114933185743566535e-02 3.581829472106648482e-02 1.502421557153504617e-01
6.875000000000000000e-01 2.783984421329587788e-01 3.733668348462898523e-01 2.078854686276787878e-01 3.851857343548860391e-02 3.047086752289828726e-01 2.033963819663072992e-01 6.729753030455568608e-01 1.247409666434118741e-01 1.595464294158756013e-01 1.511062013158067374e-01 3.369953788129127492e-01 5.692455731963752541e-02 4.046238290662796944e-01 1.158040015339894535e-01 1.073432346690718214e-01 1.031479331279919198e-01 4.496035164232212167e-01 1.544902726687100991e-01 9.198342392234198917e-02 4.084695567461928967e-01
7.031250000000000000e-01 3.042131009185464197e-01 1.877310127273264587e-02 4.607725576231463602e-03 3.231952199564100403e-01 2.470381934980740019e-02 1.981576587437718640e-01 6.766782178665886605e-01 1.101957550064202500e-03 1.193527098100800876e-01 4.236866312429888870e-01 3.928606600000237314e-01 2.352703576612696079e-01 2.080703211308396472e-01 3.666477660157208551e-01 1.318265609200337252e-01 4.997876551417557156e-02 1.990387340905866165e-01 1.205905285973181418e-01 1.589677836063988492e-01 4.174273001655087745e-01
7.187500000000000000e-01 3.994633212621982038e-02 4.025776111179182187e-02 4.607211244041715947e-02 1.804884377736060974e-01 6.473237896825101423e-02 5.544181884818408235e-02 3.835019291999648972e-01 1.705870893335269950e-02 2.744764107034172174e-01 5.758546846714839296e-01 3.688099853611740420e-01 3.464781643118040703e-03 3.296756978862030452e-01 3.025709676483178678e-01 1.094222851548614511e-01 1.800236516881786042e-01 1.586097489032878283e-01 2.435873665656853454e-02 3.662663583472051676e-01 7.169675480725772043e-02
7.343750000000000000e-01 2.908702538409295157e-01 1.617205030419555378e-01 1.251796521548753649e-01 1.526923421148753679e-01 1.475125506196323100e-01 6.265260755001658688e-02 2.643425732437872377e-01 7.768135789342202335e-02 2.954156539317335795e-01 2.223496863117704614e-01 3.061128062273852507e-03 3.869812953695517949e-02 4.416049212069497742e-01 1.375858326920424979e-01 1.819538512069924507e-01 4.596835329402922943e-01 2.435000698363493088e-02 3.605047292439358952e-02 1.214496598481872441e-01 3.188907835475902619e-01
7.500000000000000000e-01 2.460564238677453996e-01 8.178390962426994315e-02 1.710305735854751319e-01 4.389607296407701566e-03 1.831579516939629004e-01 1.955123996430237210e-01 3.029754610149157715e-03 1.251563249871676629e-02 1.266691193566390206e-01 1.030020894538816456e-01 5.018115336555020040e-02 4.665311493472518167e-02 5.015460413723684674e-01 3.155541363176405656e-01 1.489556608644545532e-01 1.010430389825042602e-01 2.705193156082216777e-02 5.498022068435375054e-02 1.619856671080726618e-01 2.014283515481032905e-01
7.656250000000000000e-01 1.214103275751497180e-01 3.602112262049936842e-01 1.480948626942184265e-01 1.090660748098589428e-01 1.335136940749903078e-01 1.906677336355356578e-01 1.752736248521077553e-02 1.256499080903281107e-01 1.440608761210263045e-01 8.301452311553290941e-02 6.141319390989873755e-02 3.845347734843901355e-01 1.840625735823981646e-01 1.177771980722935787e-03 1.244854709348274108e-01 3.135655298466641372e-01 5.147181209715302463e-01 5.053080711861462210e-02 8.760027020925857666e-02 2.089939634506459906e-02
7.812500000000000000e-01 9.270390995563299041e-02 7.118102209122369184e-02 4.028170105353188341e-02 2.823811594051694462e-01 1.551986137946762823e-01 1.473589658132496150e-01 2.230383388350355989e-01 2.285627462181434033e-01 2.399422609716201499e-02 6.324918291274295168e-02 1.136658281765807743e-01 2.415699319973107217e-01 1.334342784028583716e-02 2.074243660121307953e-01 3.719960049782237155e-01 5.682796511327761202e-01 3.471724876407422111e-01 3.868928965796122887e-01 5.158196794148774827e-02 3.998420567514565094e-01
7.968750000000000000e-01 9.344395248636509083e-03 6.125192973509640398e-02 1.521296138926826573e-02 2.937304539567211353e-02 7.490067675141651171e-02 4.839034567277852861e-01 9.714412721894778724e-02 2.286910261740446662e-02 1.953538390432733030e-01 2.762776508532353154e-02 3.190765818115092189e-01 2.904409533838180346e-01 1.669549097628655610e-01 4.880192853980171441e-01 5.623505428996997818e-02 2.381785683784012064e-01 7.250878642669603691e-01 2.629932331109020582e-01 2.684941846023104414e-02 1.620336248138179100e-02
8.125000000000000000e-01 6.034200200576845911e-03 5.379231629482596894e-02 3.431341511344258161e-02 1.433781368899701980e-01 8.288269941374969141e-02 5.874354413218751958e-01 3.212029123562318289e-01 1.897836493830564603e-02 1.485117378278178746e-01 2.369267448873047521e-01 2.351649726515317451e-01 4.584142421588653926e-01 1.060940174375979567e-01 2.547470072455703186e-02 1.331690627229989154e-01 1.429465458128113264e-01 2.802720685043103011e-01 3.263213676857749240e-02 1.782988305358420289e-01 5.747723916144367035e-02
8.281250000000000000e-01 7.649595505639664172e-02 1.221117407395657245e-01 2.609177282377301288e-01 1.144294858893513261e-01 1.991619399748432995e-01 2.383921668435673713e-01 2.141560455993139211e-01 2.544951649501122140e-02 4.839807818945481288e-01 2.548369549439739035e-01 9.491372603310818667e-02 2.695355316197237672e-01 5.905689762295455308e-02 4.314983417870242588e-02 2.436743373304489368e-01 3.671247287238987855e-01 1.546711548633747380e-01 3.976511009038972283e-02 1.273626727876776277e-01 3.058749781671614154e-01
8.437500000000000000e-01 4.404639741592814191e-03 2.078341326651791943e-01 3.705620145858740111e-01 2.997227527060195573e-01 3.527064818638269705e-01 1.169952346822694111e-01 5.085300589607166799e-01 4.233331436919098856e-01 1.025847348170264850e-01 2.718173091359736282e-01 2.780520395073854401e-01 2.991745645221925431e-01 3.085563083052630939e-01 5.821499268521734133e-02 3.986294438009852642e-02 1.978424603255252850e-02 2.621333811407949299e-01 3.153805778729563136e-01 3.510520352242618158e-01 1.800981933196491025e-01
8.593750000000000000e-01 2.358563802743599280e-01 5.221018800753778333e-01 5.344271381603141746e-01 4.700174105551562231e-01 1.545261604362617724e-01 6.344089855565401836e-02 2.925663531060116243e-02 3.002721222262713652e-01 2.015852535712255034e-02 2.269256203550476525e-01 5.833672296472446339e-01 5.740379115160409995e-01 2.044332313763810860e-01 1.312639264443536680e-01 2.841608633677420448e-01 2.034309118161364005e-01 2.555492775018513574e-01 3.356493814720989399e-01 2.243674347273292291e-01 7.588872316965546150e-02
8.750000000000000000e-01 3.278458845833919222e-01 3.608650939601680818e-01 5.645952077275794290e-01 1.149972753697212913e-01 1.015755136909227974e-01 5.461339171397708858e-01 1.346139378919271601e-01 4.243022991890905149e-01 1.940192344347617739e-02 9.061535198625496335e-02 2.001148576357828779e-01 4.302233065578527360e-01 2.361226267074340301e-01 3.121515108984225240e-01 3.421684073998189635e-01 3.157390449067592475e-01 2.354542558934119845e-01 5.248411483393277122e-01 8.586761578360732616e-02 3.422698353371150803e-01
8.906250000000000000e-01 2.258580196595555700e-01 2.193974393964510661e-01 2.004238517458152291e-01 2.196689037504396536e-01 2.785744819618798940e-01 3.167884405692099614e-01 8.957565381994496423e-02 4.700448997159979436e-01 2.654288291447888248e-01 2.058830548372419522e-01 8.404974358717698379e-02 1.174707200325960377e-01 3.274179652767623960e-02 4.975911015622944134e-01 3.553679026635403471e-01 3.897408950790650639e-01 3.212447327334789771e-01 1.170130872546588791e-01 7.789041036577738775e-02 3.178191640282785335e-01
9.062500000000000000e-01 4.620096475207123299e-01 2.740316195547195521e-01 7.573000305978155877e-01 4.378266477713920191e-01 3.299818587602587061e-01 1.818865610441538494e-01 1.551961504435452888e-01 1.782502327196734682e-01 2.974409620587055714e-01 5.393908740151635017e-01 9.979656775935592805e-02 2.756203802313812457e-01 3.225366863275151430e-01 1.727965302630615763e-01 5.928296550445461000e-01 1.817949854462752035e-01 4.467829239548220532e-01 3.993627644761317541e-02 3.282772137331296802e-01 1.156860148941596944e-01
9.218750000000000000e-01 3.594658531803303081e-01 4.108089370295220502e-05 2.732632447305062273e-01 3.894775201184900726e-01 1.843554428946528601e-01 2.230748467823865377e-01 2.310823564966154875e-01 1.750661318713883641e-01 5.813638394745705984e-01 4.901150224198799199e-01 4.000037467711062278e-01 2.012904104521748561e-01 5.054334382122828151e-01 1.533024036097477803e-02 6.676679884029683709e-01 6.271857083125507992e-02 1.885631451410218345e-02 8.350454855759212314e-02 2.196046531712016470e-01 1.025738050087569575e-01
9.375000000000000000e-01 2.396841169186544607e-01 3.160322127404353032e-01 2.746921602607323987e-01 3.323202404007875588e-01 4.387632546568515785e-02 3.216244547647428842e-02 3.347642123434169670e-01 3.860304289453814763e-01 6.304837623054637685e-02 4.478418286350668853e-01 2.445538005633518253e-01 9.646992707095387865e-02 6.831459889603141988e-01 9.739161408449083235e-02 5.249170274334438169e-01 3.373099839344053108e-01 1.772076139249917637e-01 2.818778488213268263e-01 3.651618400608326320e-01 2.148312878941375514e-01
9.531250000000000000e-01 1.035617842529821808e-01 4.572233545107570185e-01 7.311789915332429779e-02 1.514042382141179699e-01 1.010891677272703626e-01 1.207593057745766918e-01 4.491825330814183670e-02 7.324731850491962570e-02 2.301323820397255526e-01 2.755035954695320144e-01 1.902948899731228272e-01 1.281620685677652693e-01 5.395435303803924887e-01 3.033897071233100928e-01 9.301330393742181235e-02 3.928846053792164339e-01 2.957841038821847901e-01 1.931484376786466632e-03 7.897638199169088047e-02 2.279856946817781504e-01
9.687500000000000000e-01 2.970385409274526115e-02 8.273749602929773850e-02 5.050145163006804910e-02 1.688471992555879916e-02 6.983294528143964286e-02 3.148321961575690775e-01 1.306024133728304337e-01 2.993357473121114332e-01 3.884443185900480211e-01 1.435754558549559232e-02 2.632559209816581203e-01 3.925307051734516772e-01 4.235985990242196464e-01 2.074354995650348754e-01 5.209199613333238832e-02 1.009119652374171616e-01 1.092448159894146564e-01 3.736330492325442010e-01 1.337723005895282979e-01 1.689209595558876231e-01
9.843750000000000000e-01 9.968397856209923469e-02 3.196913444105527885e-02 3.988207781606279562e-02 2.191578779977681468e-01 1.662574692586621938e-01 5.088948422138204197e-01 3.016343902735882376e-01 1.799024126471739371e-01 6.373594183528720480e-02 4.857271465462125598e-02 4.453156454425680200e-01 5.534563806221546450e-02 1.977222110618497286e-01 4.127171877593006633e-01 1.020669599480964751e-01 6.766382176211452326e-02 5.919303188452366138e-01 1.328004382439883502e-01 1.779929245144223349e-01 5.924993028348018304e-02
1.000000000000000000e+00 1.795650406893917542e-02 2.153022834947483297e-02 2.612421847023689847e-01 1.152086103332414790e-01 4.409097284691322616e-02 9.891907874349830515e-03 3.521858170015246259e-01 1.155944587917795002e-01 2.975145864251393241e-02 1.848980657395526694e-01 1.799668824014946933e-01 5.504478174084195263e-01 2.557804361677537552e-01 5.198364930724700406e-01 5.726855786395503856e-01 1.851309375274499611e-02 2.016153926542468278e-01 2.657566486059566024e-01 1.571231884976683757e-01 1.148752373252317494e-01
1.015625000000000000e+00 9.666758370388307819e-02 3.365948302013809235e-01 1.232838979716823630e-01 3.251473330539929318e-02 1.317049641298883300e-01 5.460964579955152748e-02 4.770090419071544574e-02 3.176445319756183994e-02 1.409104060274594672e-01 4.831832295232838664e-02 2.254729085296091340e-01 3.360322882848648662e-01 2.051519010772187013e-01 2.845685128753962512e-01 1.022413666232291352e-01 2.517081360516576667e-03 2.644291487148687225e-01 1.491783262508854513e-01 6.299550297660301557e-02 2.758415953232123616e-02
1.031250000000000000e+00 4.131725087437058963e-02 1.014954646401324129e-01 5.697443627257847698e-02 3.127377040703924888e-02 2.359967506638691037e-01 2.785849323166884606e-01 5.605007315681086871e-02 2.150024466654590904e-01 3.215950853006531163e-01 1.220932648784813501e-01 3.410197372952558648e-01 1.605862030207265943e-03 2.798293933894089314e-01 2.942955880982561778e-01 3.368029776559030020e-01 2.040758751947026606e-01 5.131537812695022988e-02 1.114906202767814991e-01 1.576936485574689795e-02 1.253945892792517891e-01
1.046875000000000000e+00 3.169866308961128420e-01 1.203991256551198291e-01 7.504131937431571427e-03 6.368849807656445927e-02 1.303994764195970900e-02 2.333728474172625522e-01 2.661855421952691869e-01 2.361696312820966981e-01 1.926274992830468991e-01 2.701455110433590434e-01 3.772718074936980415e-01 2.829575427434419810e-01 1.965282796317097957e-01 8.272337049405802112e-02 9.436692784683562915e-03 1.615583854670545327e-01 4.526266829697803140e-01 1.818236764366397418e-01 8.371888958989423535e-02 1.654396500773336331e-01
1.062500000000000000e+00 2.447740706377143638e-01 3.598863095486461161e-02 7.068015559957442628e-02 4.692415140360237796e-02 6.743269076504644632e-02 4.263306579207535446e-02 6.417601076678610683e-01 1.535028759697009693e-01 9.444119745503432028e-02 1.808641869330115670e-01 1.233347234340533179e-02 3.038622627426292855e-01 3.143651937408417085e-01 4.037156274309985915e-02 1.874705864164117053e-01 4.932092148845726443e-02 2.883290938228064149e-02 3.627532986158534811e-01 3.745202083621733402e-02 2.914794271594184361e-01
1.078125000000000000e+00 4.640772476380701506e-02 1.854976189143122123e-01 2.127187953830704525e-01 2.919444493633442939e-01 1.295200986919553821e-01 3.242873808697570581e-01 5.132377271378566475e-01 1.798190914215603564e-01 1.039976210363962178e-01 3.518949500089556953e-02 3.430157570215404406e-02 1.424151377883592084e-01 3.170080775625082614e-01 1.799738963253158242e-01 1.364930260520775540e-01 2.410879962256067335e-02 1.822681956733488984e-01 3.352928789096225048e-01 1.145491987631316183e-01 1.155095780103890246e-01
1.093750000000000000e+00 3.854740142325193547e-02 2.109724777088558267e-01 3.278973829729920353e-01 1.039339110797690147e-01 1.097587407922751279e-01 9.535743414740666113e-02 1.615996692159912471e-02 3.499221677845223422e-01 2.598678203394188535e-01 1.241645081396175465e-02 1.295231654455521533e-02 2.201209973305121304e-01 1.957420919873664733e-01 1.045930503367600573e-01 1.882895586890099074e-02 9.097331181417268875e-02 9.548287622912798520e-03 2.742521891725004934e-01 9.666182382004523399e-02 3.630200650320437872e-02
1.109375000000000000e+00 8.164894109197219640e-02 1.843902753912124437e-01 1.226921396958004229e-01 4.490274023666990799e-01 5.290675766607848274e-02 1.473227966295303781e-01 3.159689233369217254e-02 2.372521049938556004e-01 2.404177614320187339e-01 1.887574082882395310e-01 3.810997978025532779e-02 1.696816208770149381e-01 1.824302554556626044e-01 4.650808910605659652e-02 3.217717244202330813e-03 2.409962963548385184e-01 7.831220271806997590e-02 5.140139673404661713e-02 7.840647490757082783e-02 1.396883542894603036e-01
1.125000000000000000e+00 3.221468501955092600e-01 7.366798170713104166e-02 2.676227781159251640e-03 3.555564177782971624e-01 1.227804190916484267e-01 1.531742013857712859e-01 1.635241924890737941e-01 1.431625573201016632e-01 1.929013799465220946e-01 2.165287118064717839e-02 8.483133070866730185e-02 4.002009755598701646e-01 4.245944153239081253e-01 1.780325819692065922e-02 1.518696706118063955e-02 3.426588707233896997e-02 1.591015899903286679e-01 5.870792917151673729e-02 1.655761272253253036e-01 3.263531888403188586e-02
1.140625000000000000e+00 3.000397500873756562e-01 3.987125098714735388e-02 1.889565455278074957e-01 5.525502544941170852e-02 1.121376417442287443e-01 3.933293725957383302e-02 4.192275757063205766e-01 5.954075351130331401e-02 3.456922530603525473e-02 5.984695177946273287e-02 1.347814662897459104e-01 3.388873939975622918e-01 3.073370913718465602e-01 1.656254756539582776e-02 2.035188632514111362e-01 2.542430492463702008e-01 5.958349214719693698e-02 1.396259504743196933e-01 2.450275662602738880e-01 5.254476910907775189e-02
1.156250000000000000e+00 7.441764007163144401e-02 4.264015958214763258e-02 4.125799135907404214e-02 4.924329177428007215e-02 5.525688150758351069e-01 3.310999936251324827e-01 4.852733218724073483e-01 7.685407627795236285e-02 1.217195286009490618e-01 1.872061604916271799e-02 8.418075520796337863e-02 4.421812343972120196e-01 5.663301791975646760e-01 1.209871598860636221e-01 1.437254747331082327e-01 1.584185886786586006e-01 2.740666596106594022e-01 6.509519995468576736e-02 2.395332486439909203e-01 2.183354337770794865e-02
1.171875000000000000e+00 1.716135394978807460e-01 3.449753793486509679e-01 4.943991010005985287e-01 1.014350169913114386e-01 3.352846090725823958e-01 9.699288895745733496e-02 4.634880585562923400e-02 2.369723621143122183e-01 4.895623031584170337e-02 2.943241773124939398e-01 6.349006449980736100e-02 7.358564216431006111e-01 2.991016056696637615e-01 1.500082905166833305e-02 2.202565164073248816e-01 2.060092038472129405e-01 5.062575739152488374e-01 6.595285545708760508e-03 1.298594290630544767e-01 5.563638266864575493e-02
1.187500000000000000e+00 7.777140644186908425e-02 3.639168050095168971e-01 3.644459407285430275e-01 1.352326511219905866e-02 2.150828183433245444e-01 2.963514019336180305e-01 1.209489563792469531e-02 2.631875940587135032e-01 3.213113334826682155e-01 3.570455503637525174e-01 5.063444477076191053e-01 4.759346809175873938e-01 3.940709567533694502e-01 1.540235837651883211e-01 9.903766794132330686e-02 2.692893530511649147e-01 1.663858210611927624e-01 5.589795107727851819e-02 5.437820492355874835e-01 2.961723348125589461e-01
1.203125000000000000e+00 3.496128718017870174e-01 2.125671856065644016e-01 2.923761975987401729e-01 1.387336739964512844e-01 4.693684700088052164e-01 1.666550619610635553e-01 3.116846237913982742e-01 1.899012720541545449e-02 1.758960303080634724e-01 3.193736533158375579e-01 5.484552894417634716e-01 4.485209629866237502e-01 1.463908459159053432e-01 1.267001092698087361e-01 2.976173837919287093e-02 1.439432016588657048e-01 1.661793613945338199e-01 2.216062724639970560e-01 1.688807533078781897e-01 2.379784905588207093e-03
1.218750000000000000e+00 1.132385501235973480e-01 3.314991511399753010e-01 2.540478755219709450e-01 2.683215562639311158e-01 1.961281200033663796e-01 1.181427316225000940e-01 9.976833002532473071e-02 1.451970325283461205e-01 3.514768501558260261e-02 5.498266133511470199e-01 3.005005083631396845e-01 3.327207506588135133e-01 1.270038308271327632e-01 2.845177587071640035e-01 1.815341539804728455e-01 3.053454545572888978e-01 2.524779366584327667e-01 3.741702029294369791e-01 1.565104689585432307e-01 8.670460749851305327e-02
1.234375000000000000e+00 4.819192365568620851e-01 1.140753978639841570e-01 2.388386245470699998e-01 3.544548568479083950e-01 1.228902912531063818e-01 4.333811791450464107e-03 1.363487351226757294e-01 4.266413200130651506e-01 2.607136449959147548e-03 3.128696435831607725e-01 1.091621754072656797e-01 3.064724297056132807e-01 1.695204271816091179e-01 6.448797854764448667e-01 3.364975319023869038e-01 2.461162562348664928e-02 1.335119659355997190e-01 6.342654056241290306e-01 5.069990284228826499e-02 2.658364402424456818e-01
1.250000000000000000e+00 3.644720644822441735e-01 1.299915917759129902e-01 5.944757285596689034e-01 1.931227324717843530e-01 1.728257628851484207e-01 4.125660146182524857e-01 9.624130435209600834e-03 1.166448859283574779e-01 3.460375427474401411e-01 3.527489550972707777e-01 5.761396224079927408e-02 3.297201998715782456e-01 8.457857808767561825e-02 4.393999776035547589e-01 4.505278989646153975e-02 2.399913677159156572e-02 2.517630607055195147e-01 5.834139095827234334e-02 6.607118265653921796e-02 2.339550123325937758e-01
1.265625000000000000e+00 5.542136054703282466e-02 7.390277471468326143e-02 3.047898018528029107e-01 2.752708447430015082e-01 1.914320755557319398e-01 1.866363932415658622e-01 2.817768919756892879e-02 3.403759311158364165e-01 2.337828234359111412e-01 3.117196684004288065e-01 2.465617936382158981e-01 4.587451378705228455e-01 1.340729595525664564e-01 4.650757589060495745e-01 2.113623052113956183e-03 1.514117350008506446e-01 1.538963151960491722e-02 1.196562338175491125e-01 2.778469552566847911e-01 1.976039155594179475e-01
1.281250000000000000e+00 3.559632858235927677e-01 1.386172573892428643e-02 5.450174921395507521e-01 6.919615280465710727e-01 1.176783132238571200e-01 2.050660286853965217e-02 1.217348387682915672e-02 5.116776867178706167e-01 1.302015637142722448e-01 4.673138015087501818e-01 1.205470721779039606e-01 7.574165020496240186e-02 7.254840991638343561e-02 3.205251527619637497e-01 3.326857037504173387e-01 5.557147002007753467e-02 1.179613196383632046e-01 1.675587181658339531e-01 1.714060685822502705e-01 2.675015114158289520e-01
1.296875000000000000e+00 4.568905236589589913e-01 3.755883269560754412e-02 1.323176760955727949e-01 6.326846585373510079e-01 3.760173527371628299e-02 1.014395694531131445e-02 1.059113297465557116e-02 2.965651516121634024e-01 8.641403057444847768e-02 1.642322769335171906e-01 3.050817386108246182e-02 8.806789411514440169e-02 2.459580676800353360e-01 3.424978109134014792e-01 2.788314290242024374e-01 2.225595623081559615e-01 3.229007501124031565e-01 6.876746172902751999e-04 2.946774639441161400e-02 5.683483642409362796e-02
1.312500000000000000e+00 1.076579463246400831e-01 5.397525794897702067e-02 2.055545294126129297e-01 1.848663124279659731e-01 8.684334702111644322e-02 1.853765631190150698e-01 2.264111786589723396e-01 1.963850515063242652e-01 1.791676496955359188e-01 1.285118622017594747e-01 3.440363718601949228e-02 2.648705034318420970e-01 4.237446110988983272e-01 3.430198876179720302e-01 5.992885702000603360e-02 5.602050843816139963e-02 1.008724539828640410e-01 7.460715212697614784e-02 8.504042001740061071e-03 1.390164819131705087e-01
1.328125000000000000e+00 2.961473351879111426e-01 1.642646495618164558e-03 1.308995235374112859e-02 1.350094951778066099e-01 1.749262129720982328e-01 3.175121462552441681e-02 3.978195583357580500e-01 4.090799759133571106e-02 1.205666491212342567e-01 1.535697402018131041e-01 2.830246226782359154e-01 4.391656104175554326e-02 7.730676267635824828e-02 3.339190653177133150e-01 3.890284507687378213e-01 2.930755500761048071e-02 3.413294439478368192e-01 3.087352809247450591e-01 1.552888455749633356e-02 2.513133392204263128e-01
1.343750000000000000e+00 5.135153104244860600e-01 7.316806413360983641e-02 3.112716052970891656e-02 1.574490806455564329e-01 3.113616009140618979e-01 2.085439193986415307e-01 3.670846525238808389e-01 1.999389067962381583e-01 6.090440312172754611e-01 1.210644114506589514e-01 3.730593007006321460e-01 2.655542598253123887e-01 6.700481796774672427e-02 2.044983901662267012e-01 3.025431431226702217e-01 7.235399937894999856e-02 4.984623662555501267e-01 1.689073398957164907e-01 8.583640268835225628e-02 7.317846726190813111e-02
1.359375000000000000e+00 1.041754043228432375e-01 1.986618417075839416e-01 5.857659922324590790e-02 8.821578809854045689e-02 2.576986802267194898e-01 3.150175840118858983e-01 2.487446610015753568e-01 1.440700706144962782e-02 3.943906643970432890e-01 1.628901817992585155e-01 1.119445721463042526e-01 5.157676055823486733e-02 9.014566929380808322e-03 1.797841523159076083e-01 3.398292527310384920e-02 9.913682610545419827e-02 5.077568756350892692e-02 1.116541875405308443e-01 1.267655972403528841e-01 3.805917389042762777e-01
1.375000000000000000e+00 9.464894498176887327e-02 9.914525716580997738e-02 3.464269563645425154e-01 1.033149024886282769e-01 1.312497100465055341e-02 1.069780947474136823e-01 9.678333495567389977e-02 1.940653347772728354e-01 6.507424560956145410e-01 7.319421801084657897e-02 7.923837136219238908e-02 6.723298120704519765e-02 3.108042337201207331e-02 1.371713480703721511e-01 4.963258792611764669e-02 4.350891417241531944e-01 3.970558887769676804e-01 8.984182542913540792e-02 6.693323824371942565e-02 1.358164384405070035e-01
1.390625000000000000e+00 3.512513032323605899e-01 1.238804039033048615e-01 1.974538171770270634e-01 3.956765948946836670e-02 2.723727357469643215e-02 2.747935535914178273e-01 1.548400068602512059e-01 6.936177075007556037e-02 5.139857645663120644e-01 9.746493280946215421e-02 2.199924183264987954e-01 1.935859676970134958e-03 4.470448097824488154e-01 3.830466923237816346e-01 4.731704305119233470e-03 3.368335877483643048e-01 4.230355143890511260e-01 6.866970711534092948e-03 3.914247075080566629e-02 7.925382493931798500e-02
1.406250000000000000e+00 1.047283286410723019e-01 2.721906377116143916e-01 1.162218163585546915e-01 2.576994223863888350e-02 1.703036116778708364e-01 4.698557889864901638e-01 2.420143408742550239e-01 4.444054620101101083e-02 3.718339897184501364e-02 1.679805305732504916e-01 6.228739612454853303e-01 1.079621972408842043e-02 4.190344624426657894e-01 1.121339439435414115e-01 9.830351565969060179e-02 1.494493825327042336e-01 3.392717739061763549e-01 2.544380064760120436e-02 7.474602604621087554e-02 1.925958770477391724e-01
1.421875000000000000e+00 1.521735142590243672e-01 3.419540264676245722e-01 1.677094258123610904e-01 6.590873029013170903e-02 6.979291518985253351e-02 2.087599933906481853e-01 2.458439049873974158e-01 3.405862049322972568e-02 1.014001148983006279e-01 5.203515280301664742e-02 6.729792508744505963e-02 2.872261182501325560e-01 1.575968720132694678e-01 3.140422776297073504e-02 2.228207636497843702e-01 9.019649741058671788e-02 4.195440485287737498e-01 2.108939488567718734e-01 1.386371508862559720e-01 2.095507415742635660e-01
1.437500000000000000e+00 9.437035831886179948e-02 2.314648308713284086e-01 2.140842865823017471e-01 6.826470282655560697e-03 2.983566918813842714e-02 2.611314056497261449e-01 2.897376341261205801e-01 2.531628300762811534e-02 1.399290906828404846e-01 2.896255543558093337e-01 3.561218129663571985e-01 1.561873022675283607e-01 2.893874226420632689e-02 8.649833871076066660e-02 9.791229129528995420e-03 4.387992091574647452e-02 1.230154129263774515e-01 2.181163243235885452e-01 1.599743054477401893e-01 1.045229247581271059e-01
1.453125000000000000e+00 5.938012575453818775e-02 1.692032851299158508e-02 1.781114376519619125e-01 1.482148132256323747e-01 1.671876305144709141e-01 3.378628084790098463e-01 4.556919628252355525e-01 3.590392221130601913e-02 1.019178004749474037e-01 1.931287573550310999e-01 7.211682437606914409e-02 4.226793146477360597e-01 2.330527071451627130e-01 1.874350865324423132e-01 2.340615834240394599e-01 4.722689640312908131e-03 2.387510647139482467e-01 1.219175147536976783e-01 7.119116862642452248e-03 5.209595148887673915e-02
1.468750000000000000e+00 1.140112741727482698e-01 1.581185068081651657e-01 3.893601967674761161e-02 3.576489697600717110e-01 6.013261486469639178e-02 4.926046777299266516e-02 2.486350865447995995e-01 3.530534086806903088e-02 5.137786371499102056e-02 1.215025357107475147e-02 1.305421627013224062e-01 3.301240695929677504e-01 4.037888728672714422e-02 8.616816555307553471e-02 2.842850945390376638e-02 1.417970517279399933e-01 7.205656910845378849e-02 2.512647993530746082e-01 2.937127656558841809e-02 1.735552429399004892e-01
1.484375000000000000e+00 3.242208362543840816e-01 2.943218600225113932e-02 1.418977784965668731e-01 6.543930867728297018e-01 7.204526628952895306e-02 5.542295353867248558e-02 1.837329214499295316e-01 2.243618995837025065e-01 1.940773090663608369e-02 1.536063586199725717e-01 7.518396129571790210e-02 1.034711049110934727e-01 3.117402059274189119e-01 1.148930163526765413e-01 2.787372895593185906e-01 4.694849353095353374e-03 2.569602185235186215e-02 1.285795467924991664e-01 1.973848478253286132e-01 8.807835290497331715e-02
1.500000000000000000e+00 1.917802801027541568e-02 2.191531198658533686e-01 7.144125595374478666e-02 4.772228005995746841e-02 2.253930385515877932e-01 6.679720392941516927e-02 4.472742520945691136e-02 1.584640141288609916e-01 2.482329548186341106e-01 3.996394266886080238e-02 3.802549197319143176e-02 1.590858699282836630e-01 7.559506088024213477e-02 3.290464999841696825e-01 4.139292700213679232e-01 4.219346225582382842e-02 5.412761775469004943e-01 5.872609682581493573e-02 1.425472504248789241e-01 2.144013129281629182e-01
1.515625000000000000e+00 4.018558514241282742e-02 2.299173917572996939e-01 7.121080063356832052e-03 6.045342688367783684e-02 2.266723512812343910e-01 7.674997757457489855e-02 1.029992399267538709e-03 1.158174849752757751e-01 1.102552649853965894e-01 7.828673495747764943e-02 2.005048722516943605e-01 4.532127220725907790e-01 9.148228765326563150e-02 1.797270843274070273e-01 6.683877106296846893e-02 2.096708971489326945e-01 7.197168315780756720e-02 1.892000275164599787e-01 1.534795089674275970e-01 2.277819686783947792e-02
1.531250000000000000e+00 2.250920688922317670e-01 3.503363124232673487e-01 8.170972841175519474e-02 1.816291869194422148e-01 1.107314603399641752e-02 1.066822453159938788e-01 2.927959006884426896e-01 4.980673899755864997e-02 1.013644410661023593e-01 1.109838512435913083e-01 2.548484727653991255e-01 4.655094201367498963e-01 1.631336336350138194e-01 1.400902529473172509e-01 2.807495374331666071e-01 7.432625908464607356e-02 1.126321070415715192e-01 4.377748488951600514e-01 3.445431824499687323e-01 1.899060282998357545e-03
1.546875000000000000e+00 1.590930102402118018e-01 1.600513264497804150e-02 2.605774163973911123e-02 5.197434623180471197e-02 1.491596066202505871e-02 3.022175887033469802e-02 4.911635700059586163e-01 5.522632369745030662e-02 1.726153465297576919e-02 9.556366262689221236e-02 2.481321997931268952e-01 5.077624941976321971e-01 1.818308818854934283e-01 1.876716750635962216e-02 1.070499948383669547e-01 4.572358291097786825e-02 3.559893906594819302e-01 2.645768010396978842e-01 1.988666669570018572e-02 2.002632760601081308e-01
1.562500000000000000e+00 2.900897720885479703e-01 5.362675801884634556e-04 2.884298256786898412e-02 2.320434036021173929e-01 5.535897256567234859e-02 3.215218284968251461e-01 2.848775285403516988e-01 2.212408878303073478e-01 1.979596731015556554e-01 1.472612930610966986e-01 1.035502557010573588e-01 3.765824105543557482e-02 2.272497702374100346e-03 1.177205769011980957e-01 3.378139677938945401e-02 4.698321278653821292e-02 3.975310318656576775e-02 9.181348113060229521e-02 1.795502589742589694e-01 1.517413884531006452e-01
1.578125000000000000e+00 3.232879173184885491e-01 8.729397049168523270e-02 1.615174030970053798e-01 1.140050930958397442e-02 3.248656242683735096e-01 2.376038811429926623e-01 9.662425510903731307e-02 4.973600587317110640e-03 1.403137397464860325e-01 8.137128560983959702e-02 3.330848484508021623e-01 2.059337816986842595e-01 7.279632068872196604e-02 8.281730060259150095e-02 1.514426931968268324e-02 2.044465333986823785e-02 9.776460433600180078e-02 1.669264211486891636e-01 2.827762580137443971e-01 7.616931782294149300e-02
1.593750000000000000e+00 5.667105713068634060e-02 1.494467417304179147e-01 1.300364053047373680e-01 4.192926873604279486e-02 2.263134614008849854e-01 3.666918581204855476e-01 6.609872188245917435e-02 5.605322070902788584e-02 2.156658009040298696e-01 1.995766895960156828e-01 1.385220571808950391e-02 9.325895617084505040e-02 6.703403664520465877e-02 9.106182174265417192e-03 6.815265372857136350e-02 1.520477649853483604e-01 3.775983287388180454e-01 2.208123935623564627e-01 3.842866490250735345e-01 1.416934014611365145e-02
1.609375000000000000e+00 1.818326000243692675e-01 5.580884970349435370e-02 9.076711153225235085e-02 5.131123224349793538e-02 9.935376162047308835e-03 9.375963835915727962e-02 1.701708480256154676e-02 3.395776150660166914e-01 1.560920534105089963e-01 2.047054060296190081e-01 3.638897034134504910e-02 6.774052128334548395e-02 1.003932567501648609e-01 6.700002355955199385e-03 1.962476168824092426e-01 3.877067362989532473e-01 4.342287270302266911e-01 2.452569200980740105e-01 1.851925318660625069e-02 2.167718039228512805e-01
1.625000000000000000e+00 6.450669425195401652e-02 1.703225210107070856e-02 2.515004206279251031e-01 2.855125805069694267e-02 5.048954420936765941e-03 1.448825074871604515e-02 1.153844410235888712e-01 1.157741614301350530e-01 5.627602110598726309e-02 3.369445343451362707e-01 5.228742647878494021e-02 2.280239112757525000e-01 1.651944080539714532e-01 2.730749913574749277e-01 1.220359038245091288e-01 2.505500925272123314e-01 3.912021409089348478e-01 2.656265385665202983e-01 1.809143629609667459e-01 4.626026079692633908e-01
1.640625000000000000e+00 3.162509225389534828e-01 1.039241859096164469e-02 4.295075447703468052e-01 3.769850693717924361e-02 5.551805180438167120e-02 1.468910723448053346e-01 8.586292889945640328e-02 1.069052458225611818e-01 1.172780054088297386e-01 4.155971351464924912e-01 9.982442531044666278e-02 4.200994995841276780e-01 1.196520095587156191e-01 2.779669088421715117e-01 2.452954320703669769e-02 5.217295566362407239e-02 1.237172967954520558e-01 1.461608079214230319e-02 3.429315782550796526e-02 7.763321126607779232e-02
1.656250000000000000e+00 1.144465869061985219e-01 7.664901029902294882e-02 3.996271709416780726e-02 1.772800171709377343e-02 1.872520877843824594e-01 2.958778892973831787e-02 1.035535512383832235e-01 3.973631361908080972e-02 2.456888535582803512e-01 5.357606027046292289e-03 1.318008525120968888e-01 2.807576988957840580e-01 5.451756054150569408e-02 6.168793570570644258e-01 1.126887296464542526e-01 5.427544581152301401e-02 1.990823370483713883e-01 8.566224244296821722e-02 1.254908247837891455e-01 2.738098980890820711e-01
1.671875000000000000e+00 1.036357076419741202e-01 1.566310629971873203e-01 3.865461307184721307e-02 2.662428708522979193e-01 9.652177838211434269e-02 1.813562541966038874e-02 2.329670263703764455e-01 2.238920701913490324e-02 2.988978297964225428e-01 2.164372500438297986e-01 2.474575414691507907e-02 6.578140057926665230e-02 1.322790287685130517e-01 3.657283174140872894e-01 1.496911041505822604e-01 8.210398014291131474e-02 1.285358658781453334e-01 3.035272606636513215e-02 3.690330690897828531e-02 1.695935401752356533e-02
1.687500000000000000e+00 1.655444097767702349e-01 6.492844210716462727e-02 1.872149383741386064e-01 1.672495221759565664e-01 2.405127966754155577e-01 1.144543613246449543e-01 8.327718103244947934e-02 8.103104137428429610e-02 1.553206308568543526e-01 4.137282741341613557e-02 3.997389978919094755e-01 1.235993948719852076e-01 6.658864125470943807e-02 1.692499974139162477e-01 2.317808697806812701e-01 7.483442426706068962e-02 4.411224344198907271e-02 2.404657488286700284e-01 1.245914902562769155e-01 2.326433538211794549e-01
1.703125000000000000e+00 3.663793775227400795e-01 2.746120914674285429e-01 4.530515120393203282e-02 8.635786301937402321e-02 1.741734693842588444e-01 2.600345737102229948e-03 1.029105818829783303e-01 3.725553176359287094e-02 2.456535218881709393e-01 4.137762279698260770e-02 4.652182201831165931e-01 6.525075931337972861e-03 2.726418027485459361e-01 2.068043870643716114e-02 2.414302749091953859e-01 3.114671693468637481e-02 1.813096467784355570e-01 1.060540090481638803e-01 2.143566598821083219e-02 1.801006099942929484e-01
1.718750000000000000e+00 2.696083954488220358e-01 3.295450329760418740e-01 1.448693266797519419e-01 1.654049048151086942e-01 5.730303104774031597e-01 3.249691141425247731e-01 1.120754417502816715e-02 1.731580213133045859e-02 4.813240441411017478e-01 1.123193150825666786e-01 1.881399492300874499e-01 3.294671364744369141e-02 4.260927802641768097e-02 2.796007046601493504e-02 1.425847672612315202e-02 1.706517220336931928e-01 1.606028125330798140e-01 8.958271816344007266e-02 3.661627480511527866e-01 4.982252964305683984e-01
1.734375000000000000e+00 9.388208798639695318e-02 1.863510428267843300e-01 1.752414316827712315e-01 2.930204364098181191e-01 2.174933758108587439e-02 5.303101428157834807e-01 2.417668552330627108e-01 6.172270943117887099e-02 3.790664617585440960e-02 1.116225854940130907e-01 6.141994861785256277e-02 3.597235798360232800e-02 1.600367509623737139e-01 2.766648435994188346e-02 2.443322926356348845e-01 1.501157255406448260e-02 2.577957316971593582e-01 7.154969450601064707e-02 4.420598821568192394e-01 2.555011953673999581e-01
1.750000000000000000e+00 2.231299057185731072e-01 1.829599557909276086e-01 7.188664145747172829e-02 2.325101628405150389e-01 9.807974679840339438e-02 3.506501624546863871e-01 3.258369148122351455e-01 2.777879471909159292e-01 7.654277818465391077e-03 3.793146490240800750e-02 1.382556714060933223e-01 1.332296332385539683e-01 6.248765527462400021e-02 3.314325974330782631e-02 2.162718247356344714e-01 7.791219770696602293e-03 1.426041302899686836e-01 1.700382911436368050e-01 1.334284048786266857e-02 1.422406418484041257e-01
1.765625000000000000e+00 3.031526389584046632e-02 1.401061901415656397e-01 1.914529319972656518e-01 1.623260915070252886e-01 3.543897874859304464e-02 1.249681555951575179e-01 2.717109549496356524e-01 4.119911228246849605e-02 1.892899410404843552e-01 4.423811363812461817e-02 1.341976595207203943e-02 5.719847781213489857e-02 2.107038345128037227e-01 1.236597477863119465e-01 1.238428190073839752e-02 8.920129669906304293e-02 2.631640440102887835e-02 7.155271604989225931e-02 1.318161630678093277e-01 1.756484045025953067e-01
1.781250000000000000e+00 4.816351855033186580e-02 1.786607186973476584e-03 2.295521248566199587e-02 1.794861641417996867e-01 2.578054207915661533e-02 1.182099283086872343e-01 4.585453384563994983e-01 1.889600229113926333e-01 1.137658956933123022e-01 3.826983535207142961e-02 3.424840107935352845e-02 1.646464855770793656e-01 5.791570445942014755e-01 1.595630140455558954e-02 7.016919978110003342e-02 2.971184224562196108e-01 2.348458114431805632e-01 1.351504211898619801e-01 7.958163631349943201e-02 1.302791283101792652e-01
1.796875000000000000e+00 1.584337621917280559e-01 1.648905110659774909e-02 3.158078895425113324e-03 3.270571557841425170e-01 1.426406612854140554e-01 1.474276201555213828e-01 2.150302745053773168e-01 2.777301529807134073e-01 1.730857260733582315e-01 3.814206493962765121e-01 1.186860763709223082e-01 1.948262150111124136e-01 2.284362234746898090e-01 4.439585397465519584e-02 2.997361045088658416e-01 2.248768946090153875e-01 3.270502955707101922e-01 1.656472114572802301e-01 7.382720615274115938e-02 1.105966902509713107e-01
1.812500000000000000e+00 1.533540340189795334e-02 1.119944414989153779e-02 1.145400328427937375e-01 1.105191103544748837e-01 1.838339843495459813e-01 1.075368047070911492e-01 1.090923803445657120e-01 2.156142402299501271e-01 2.337108048959852247e-01 1.131027678240339035e-01 3.242324664967536352e-01 6.626177046281467309e-02 1.490528181493518400e-01 1.430484688561294571e-01 2.730824786185504643e-02 3.561769653792272727e-01 5.539837784024002898e-02 2.959482340602598849e-01 3.627895452272572041e-01 6.448373513611838082e-02
1.828125000000000000e+00 2.229196073741677303e-02 9.896940294096299995e-02 2.868896864652039080e-01 1.765541071310447185e-01 1.162103177860367847e-01 6.275393762510318718e-02 6.091353611297416204e-02 2.369957900891173433e-02 1.069473584267790350e-02 2.682291416495119832e-02 2.752731702572389638e-01 9.132591610993207043e-02 3.725482525269422363e-01 4.110200853138324534e-02 5.078973459051229489e-02 2.842510668997357270e-01 7.555962200206846335e-02 1.378730776949845527e-01 4.453321171646091314e-01 9.202493268262852688e-02
1.843750000000000000e+00 1.098677263749910510e-01 8.832545999588238550e-02 2.648246436742870968e-01 2.137881445150776327e-01 2.411691718139533785e-02 6.095554778529272549e-02 1.061659045681286467e-01 8.359457951469753678e-02 1.265927169265355923e-01 2.505647149302239751e-01 1.887119203538445145e-01 2.243324986154564826e-01 2.046189843667322317e-01 9.349182597596729372e-02 1.425338846183218655e-01 1.566335023014576444e-01 2.849378194084188909e-01 1.649903909518358192e-01 2.106047262743145597e-03 6.899187206183975477e-03
1.859375000000000000e+00 8.431838624677776006e-02 4.240890513924213540e-02 5.164622839458407741e-04 1.132270613420030131e-01 5.988935848034565579e-01 6.035492398527417812e-01 3.506054573268997665e-02 2.510738326364220143e-03 2.661157466016707968e-02 1.598974306402255741e-01 8.895232188906440629e-02 1.321851517552844468e-01 1.341746750321038684e-01 3.252037824692714796e-02 1.210947770047246796e-01 1.198879729353895529e-01 2.277303127056633514e-01 2.408152891023954047e-03 3.778152523485361347e-01 6.358049018949349374e-02
1.875000000000000000e+00 4.224346673812634512e-02 6.972526947433799194e-02 2.114642339295296769e-01 7.497417968235291219e-02 6.040302802962559392e-01 2.985255652059031761e-01 1.070590465336509478e-01 1.260726439558199907e-01 3.466035667732756953e-01 6.501897296166028739e-02 1.834556285860494407e-01 6.633084404397342204e-02 3.539521511795086506e-02 2.980115415914056376e-01 5.596314619026086790e-02 5.553747464584275761e-02 2.657097587724268836e-02 6.440007858118342032e-02 4.037785945698676819e-03 5.123987197484051320e-02
1.890625000000000000e+00 2.108814863969949716e-01 2.877817323017371753e-02 1.529969016742067367e-01 8.837045059080710085e-02 4.588554160642616814e-02 5.362414215143739005e-02 5.344182281127814876e-03 1.736062775024810600e-01 3.984154405326541248e-02 5.861088559771958362e-02 2.925076888077946524e-01 3.576198286689539346e-02 9.685745075346643973e-02 2.727998087768568336e-01 3.179059900354885837e-02 6.779468000345794873e-03 7.784774042407846539e-02 1.361397707529696799e-01 2.240630614680694521e-01 2.644321076473787335e-01
1.906250000000000000e+00 1.643793197702732856e-01 4.536448373394829509e-02 2.302434127864463886e-01 6.887138964681394082e-01 2.337319047853720494e-02 4.428717643927252423e-01 2.215309743745423887e-01 1.764302729837434747e-01 5.522934149487700173e-02 1.487468419371750783e-01 6.804085562978323329e-03 1.442319033343204653e-02 1.577072404417000917e-01 4.252082330186929271e-01 3.984660369814684300e-01 6.303297308133234966e-02 2.886003975474497052e-01 1.262284067225051820e-01 3.875816896642015341e-01 2.068448516748672139e-02
1.921875000000000000e+00 6.626940583692123021e-02 1.026061244354223440e-01 6.634407663299083345e-03 2.642566996140510716e-01 4.776087393869956114e-04 2.753456721832971132e-02 1.347669848986611692e-02 1.505828306311372822e-01 8.918610900473066330e-03 1.404129416539303676e-01 1.109373290261300542e-02 1.492189856766461542e-01 5.516043666307474808e-02 3.456952182301130105e-01 2.974274922937413801e-01 1.229452599506857258e-01 1.665601771877361359e-01 3.111247975920399325e-02 5.586270366120088537e-02 1.844630370211645942e-01
1.937500000000000000e+00 3.628673064869568365e-02 1.580722130398082292e-01 1.451142564748600372e-01 1.002707788673720263e-01 9.754017444129306491e-03 5.988750010783936567e-02 1.881616012869356813e-01 6.924897766828438939e-02 5.349552480957361217e-02 1.916720604348474688e-01 5.080903502283165910e-03 5.344736078028739651e-02 6.245400530158061458e-02 1.207212441013522236e-01 3.585317604222850330e-03 4.230552313034631473e-03 1.930350947621190527e-01 3.216747995529710691e-01 1.767925688451032207e-01 4.433282354213662069e-02
1.953125000000000000e+00 1.237478006184168124e-02 4.823346844939411376e-02 8.992258087393313615e-02 1.114630657810078279e-01 1.438018276159706843e-01 3.731282496114214642e-02 2.381976370531599108e-01 1.559041243496206430e-01 3.837305939404045407e-01 1.700111603399873383e-01 3.824974955668728610e-02 5.726827249131633685e-02 3.866852475469157585e-02 2.729965578629232059e-01 1.338309771629909647e-02 1.973939750969821438e-01 7.327977242627936594e-02 3.130906382672173360e-01 3.424394547300858016e-01 1.205849018481909285e-01
1.968750000000000000e+00 3.160325695230377652e-01 1.840001082729802451e-01 9.265278921182087957e-02 8.000913658598504674e-02 1.342589671692149544e-01 2.330082302961050678e-01 2.722998342000309546e-01 1.616912888014711280e-02 1.834508873998250966e-01 3.940841487147966893e-02 7.710516202106185157e-02 5.455797910221727581e-02 1.975287313505580053e-02 2.053660357351464461e-01 7.543866459499072585e-02 2.795339561393789252e-01 1.628081141078800420e-01 1.966418684289153451e-01 9.373121044534965529e-02 1.133348633044184706e-01
1.984375000000000000e+00 1.845654370164604569e-02 2.925717605351443873e-01 1.185935217803861519e-01 6.955650304460885176e-03 7.585760116917231177e-02 6.062890247050043563e-02 4.895962469330754352e-02 4.199897297069635216e-02 2.450065260076244034e-01 4.742323931820808386e-02 6.743846205282252870e-02 3.788607117201206790e-04 1.523228012202559878e-01 1.135392208854395929e-02 9.688376548787440423e-02 2.865537509258487756e-02 3.619678093766924652e-03 5.725928686875576545e-01 2.763280669946168722e-01 1.983268129413237046e-01
2.000000000000000000e+00 1.365228708220251642e-02 8.532110695978487383e-03 1.999982109968812261e-01 3.566926241069240389e-02 2.966984494172376571e-02 3.921611481164370416e-01 7.320043184379786431e-04 4.559630571004285454e-02 3.370478438691935641e-01 6.266856194138611946e-02 9.230737464331011111e-02 5.813404183731111369e-03 2.852716863076065756e-01 4.274449674318119702e-02 6.901179466417677044e-02 1.423502225864535292e-03 1.067761943565241622e-01 9.420925050424039382e-01 1.268641486519195283e-01 4.359824160428502765e-02
