0.000000000000000000e+00 1.881740760978090621e-01 1.511508478713512681e-04 4.362016043725058800e-02 8.503077418549819314e-03 3.082233193636318425e-01 2.583308293488467688e-01 3.583451236479715668e-02 3.614321888036263475e-02 4.667761154040545729e-02 4.150730285879025150e-01 8.327712067039527710e-03 9.939555063747966546e-02 3.156279994140520073e-01 3.149898171562018900e-01 1.002011111125618720e-01 2.773791846536773076e-02 4.017208629504678274e-01 1.327763719589853952e-01 5.124576971350666178e-03 7.079193806046792103e-02
1.562500000000000000e-02 3.476578950292208980e-01 2.992527832553612890e-02 2.698274163895436617e-01 5.193848382500439176e-02 2.834894133703740327e-01 1.957527939895533087e-01 1.076417995313039555e-01 2.052864572001394591e-02 4.877316193351280416e-02 2.447087039787461393e-01 2.469743890219361013e-02 4.519525024466856250e-02 2.823063256869996485e-01 2.168656282830667137e-01 1.555979968241876787e-01 6.132330219683362893e-02 2.032772643241884947e-01 2.331940925533703135e-01 3.059723168920057412e-02 8.611531918227909033e-02
3.125000000000000000e-02 5.074176036676249224e-02 2.329037682519383423e-01 3.288860565090771099e-02 9.195851682541913985e-02 1.182718065744588209e-02 1.554501682449508336e-02 2.218785824353751955e-03 3.451073951708621013e-03 3.598713668938699484e-03 1.870420875860323018e-01 1.451276009716235549e-01 3.831752745466370791e-01 8.190181464395235311e-02 2.853311419489132916e-01 2.068365768878193123e-01 1.950098956754673651e-01 2.638587551811930609e-01 6.216083854236750805e-02 1.805550101340549773e-01 1.618844944662265473e-01
4.687500000000000000e-02 1.665279588890743456e-01 1.871387390003706741e-01 1.434527369356342064e-01 9.990356969032467005e-02 9.506651147808617419e-02 3.795784186105501806e-02 8.773032582763413967e-02 1.122010037932098664e-01 1.793190097250012827e-01 1.831625273488053374e-01 2.896083546774959050e-01 1.034119127302900037e-01 6.943050323703393173e-03 3.072751511138681058e-01 9.574392222810677866e-02 3.346120648503943251e-02 2.505719015997889265e-01 7.594600634009943119e-02 1.112257338418628366e-01 2.819657196740504301e-01
6.250000000000000000e-02 1.762436110898040753e-01 2.960328119911392539e-02 1.670412265801083374e-01 7.361209239868042598e-02 1.538289584176514083e-02 8.148156912741197355e-02 6.655037129650674677e-02 1.496677769638349587e-01 2.025576106418074118e-02 8.807775746984745219e-03 9.980293107092368110e-02 5.080069393292404450e-02 1.061364099590366844e-01 3.414270342558371925e-03 2.292567961360280140e-02 8.141718778948098256e-02 8.119019059974599828e-02 3.527995760229343108e-02 1.178775566128462265e-01 1.205454419326094651e-01
7.812500000000000000e-02 3.061391983674586204e-01 8.401945206594009508e-02 2.229268713275618929e-01 1.103228268957619079e-01 1.928321355396540315e-01 1.805690053042109111e-01 2.610767207080565422e-01 2.954966099305441074e-01 1.163552782309528327e-01 5.965990437274024116e-02 2.054323914588846722e-01 9.668227487163003064e-02 2.274051343625425048e-01 8.949829952996012083e-02 1.007483625172128638e-01 1.607357168189586794e-01 5.851598766341060270e-02 2.708222777669139769e-01 1.639589690243018483e-01 4.592414206063191728e-02
9.375000000000000000e-02 3.239328367958405064e-01 4.566201067779886852e-02 1.689146086386253132e-01 3.960576695803041253e-02 1.088607429422736861e-01 1.709620961489372870e-01 4.381530982588467960e-01 4.529314045512906062e-01 1.627371599954456349e-01 6.462562659988181635e-02 4.066952108407071997e-01 1.245579646046423294e-01 3.237700091606941499e-01 5.455595197002903289e-03 2.254501461634922897e-03 2.796926053331807438e-01 5.284654715965963340e-02 3.356867435603893002e-01 1.516368673462527017e-01 1.296612830556558016e-01
1.093750000000000000e-01 5.621020633959696866e-01 4.242808701673341232e-01 6.676051211942403141e-01 2.754278662156883217e-01 2.597427879915858440e-01 4.144151284549894010e-01 5.514818814690291005e-01 6.749733500284459398e-01 2.776222176697922261e-01 6.016453027236396967e-01 4.812974769508663320e-01 2.831451443261154277e-01 6.016707889561303535e-01 2.665480252865482513e-01 3.892681728015636167e-01 2.139437936152426278e-01 2.545199279611686793e-01 6.265760295688636017e-01 3.941639349844009432e-01 3.705557043088475444e-01
1.250000000000000000e-01 7.686765770222185878e-01 3.122905106516599139e-01 8.301470721324691882e-01 2.242650073302920322e-01 5.910617878538094727e-01 8.642141715564670701e-01 8.849782387369792280e-01 7.768889575328162822e-01 6.318476278226166087e-01 8.113145222140160095e-01 6.178786443141162099e-01 2.960266400047009139e-01 8.613744484506964394e-01 2.902839488094846043e-01 5.836044511625329001e-01 4.973239482783138876e-01 5.360338874998533676e-01 8.248315677025785941e-01 4.497325606179605195e-01 4.931848015650353023e-01
1.406250000000000000e-01 7.196253908803039723e-01 5.289580220653027354e-01 6.907602682690241469e-01 5.317367107417206862e-01 5.629578055198607434e-01 8.900663286118977169e-01 7.466093026622918627e-01 7.484859119268775229e-01 7.621109878703185014e-01 7.660679205865591479e-01 2.128691298868345405e-01 4.976437869890296128e-01 9.218589289284006005e-01 5.884923035176559125e-01 6.908961486285140063e-01 5.125196278011068252e-01 5.158836422923981369e-01 7.274414428367625973e-01 5.590572855192555979e-01 2.577524277123496854e-01
1.562500000000000000e-01 8.581303972745994990e-01 7.699885548137210822e-01 8.537701955763605799e-01 5.633545428222143103e-01 7.985435747413802687e-01 8.231621736261878208e-01 8.949071208634291619e-01 8.463299149058640669e-01 7.728693965550317291e-01 9.060807565115922557e-01 1.123953995642820308e-01 6.129527999083589362e-01 8.052031055869803833e-01 6.133355290828143014e-01 7.288260962466798221e-01 7.073553089899634605e-01 6.839006877820427155e-01 8.640549364510541341e-01 7.021227826853512211e-01 6.593856501538362114e-01
1.718750000000000000e-01 9.607254855650163572e-01 9.123501808637592969e-01 8.952241678793183555e-01 8.488043303464243294e-01 8.937941508768189047e-01 9.036784869579421731e-01 9.551840006134088013e-01 9.346402214598336089e-01 7.316131198233735144e-01 9.665680341494605754e-01 6.446423197758835988e-01 7.931637618220340746e-01 9.190230438342466002e-01 8.505187324806935401e-01 7.092831139718976941e-01 8.199951950319803728e-01 6.809559910903504321e-01 9.698232939160780219e-01 8.817086048121095532e-01 8.493333265664763099e-01
1.875000000000000000e-01 8.567239251114441290e-01 8.134228272095325174e-01 7.556660842283906554e-01 8.729629012101388641e-01 7.173940264381513110e-01 9.449799679915111827e-01 9.305759002574146566e-01 9.520066911444210467e-01 8.727186609973976994e-01 9.710600683649938114e-01 7.752064368930956517e-01 8.931899693354015124e-01 9.533226844060613825e-01 8.928805784091803366e-01 7.291098619517709656e-01 8.197912622296419372e-01 8.699407108835445213e-01 9.591637888758974828e-01 8.866474901333893932e-01 7.456862788865858960e-01
2.031250000000000000e-01 8.835441936191569257e-01 8.446053318132690224e-01 8.440901672855036786e-01 9.299349550193979352e-01 7.230945524589384998e-01 9.049690303182618134e-01 8.667524342643596613e-01 9.194738374533446557e-01 9.087087328559156907e-01 9.648213913097868355e-01 8.313255371789830539e-01 7.671881225008355676e-01 8.504936472477181431e-01 7.223899105690104738e-01 7.530219799063866404e-01 8.301439213601107259e-01 8.870475234093126993e-01 9.575298406242543914e-01 7.670330470068090767e-01 7.836434674019621127e-01
2.187500000000000000e-01 9.105850159642027153e-01 8.676505790575432808e-01 8.186827177259877741e-01 8.819574195398161010e-01 8.895895520258970679e-01 8.686605005205105812e-01 9.013414485527538877e-01 9.232746723061372451e-01 8.851146152301461179e-01 8.318819967507588009e-01 8.637185615976273878e-01 7.338364367691467827e-01 8.674161080680659053e-01 7.106152692672347282e-01 8.347682824603473994e-01 7.348133893795869565e-01 7.799322418840815008e-01 8.967055701039663429e-01 8.727380494562133606e-01 6.628379950741336568e-01
2.343750000000000000e-01 3.637375618789243092e-01 5.776600783964154218e-01 4.486177719851398016e-01 5.721248213849202680e-01 3.785669883242617217e-01 2.340165795032058405e-01 4.045162676213257535e-01 5.059306741156337495e-01 4.660866510242846483e-01 5.562712987121469776e-01 4.767224865583450377e-01 5.837135534343793619e-01 4.997363802968686208e-01 4.354727143077607998e-01 5.633645919339189678e-01 6.600820550924018093e-01 5.740265022046162624e-01 3.597359866130662165e-01 6.426037289998552948e-01 4.109138392455589650e-01
2.500000000000000000e-01 4.110776261654270902e-01 4.893511653892839153e-01 6.570220991969402125e-01 5.591468443173026603e-01 4.730307853416537700e-01 4.498333498940810249e-01 5.437838351490246191e-01 6.159788169397487634e-01 2.554784293332788003e-01 6.273042100696930579e-01 4.736630728911609411e-01 5.676051125041132739e-01 6.053385834935495202e-01 5.531853369536223752e-01 4.962406651334215213e-01 6.289600898580305355e-01 7.202424943095654397e-01 4.937035640353911181e-01 6.034369743015961518e-01 4.545590492005865402e-01
2.656250000000000000e-01 8.250406462459431989e-01 7.034517192690769027e-01 8.889462849749950601e-01 9.523536230216634868e-01 8.580955749898119267e-01 8.673963595947399297e-01 9.239483570361867182e-01 9.291349624408247188e-01 8.686247456991288418e-01 8.904736331741821553e-01 8.016301927677691452e-01 8.043325919400891033e-01 9.210372901352512631e-01 8.332178442014677167e-01 7.655350764552345533e-01 6.033707077035547206e-01 9.268583497257935067e-01 9.172811420947257766e-01 8.769161467569034363e-01 8.384419186923490752e-01
2.812500000000000000e-01 8.490670210124160455e-01 8.302335037926510397e-01 8.464800535708945084e-01 7.895231680639904770e-01 8.038302853019795302e-01 9.114337983349183325e-01 9.570476903696902848e-01 9.227611861243633085e-01 8.904375276931366656e-01 7.154441602189582916e-01 8.734545084993874386e-01 9.236399723128533301e-01 9.159287792796233507e-01 8.563999129957825529e-01 8.909393204012184819e-01 8.251385203013295033e-01 9.157479474520073826e-01 9.000912387643634771e-01 8.567718989240097338e-01 7.492408067544309436e-01
2.968750000000000000e-01 9.076434987542153499e-01 7.508919117978072322e-01 7.445650784258310839e-01 7.115016373384416282e-01 7.622077006117728981e-01 8.626652946447485037e-01 9.213237944009263769e-01 9.392790645667146165e-01 8.134722724432645879e-01 5.976068139408656776e-01 8.404787345054285375e-01 8.632519059872638678e-01 8.380318159736910300e-01 7.482908701616468594e-01 8.999919493153046846e-01 7.502346659778907911e-01 8.747940617699535570e-01 9.372156866750752657e-01 7.834359729597809574e-01 4.834179282229351116e-01
3.125000000000000000e-01 9.256785008225232314e-01 6.265733314844161850e-01 6.001519795798422319e-01 6.683119774093145837e-01 6.506900586313209001e-01 7.078730690478438614e-01 8.588350189555474801e-01 9.001934725751153943e-01 7.873211790319732950e-01 6.470502546835806834e-01 7.884372145609823690e-01 7.065481874073983315e-01 7.536765945170276204e-01 6.888353585271752566e-01 7.009908745059229007e-01 7.144974631173726110e-01 6.079304775205226496e-01 9.301452554069696843e-01 5.313757879930436356e-01 7.082268259486965700e-01
3.281250000000000000e-01 7.469471373896142685e-01 5.358026471340117114e-01 8.624087419780094299e-01 8.749246071560914384e-01 7.916877807746192097e-01 5.638643138907789565e-01 6.995180839882428891e-01 8.704245553166130023e-01 8.055804459466612277e-01 6.241716955978531267e-01 7.609567189988836189e-01 7.891361969764199014e-01 6.586918737808140634e-01 7.381219340142955998e-01 7.669061420576828159e-01 8.512226660196257066e-01 7.864930817317041800e-01 8.253600735468719085e-01 7.803149361841095200e-01 7.539868766888929708e-01
3.437500000000000000e-01 9.151950592649096272e-01 7.524329051694366166e-01 8.507893911490581607e-01 9.050134897609849460e-01 8.428637813102661802e-01 8.774372089569915101e-01 7.640886547747529622e-01 8.964833551093108754e-01 8.845436298972906286e-01 8.330976482200724842e-01 8.805166959303263319e-01 6.490457424011265575e-01 7.771115526280863994e-01 7.544734825227727981e-01 8.120935921188319195e-01 8.811524294077585084e-01 7.671757143314559269e-01 8.087858867133066454e-01 8.632919670978252968e-01 9.043404459906264625e-01
3.593750000000000000e-01 8.418020928339283726e-01 8.114600979411884518e-01 7.323429280513866768e-01 7.807229797486915368e-01 7.384657321056902202e-01 9.238609613396796538e-01 6.067698303940931570e-01 7.841899110982075705e-01 8.894916542823291250e-01 8.649027480795770106e-01 7.504838854991414676e-01 5.698196856738875216e-01 8.177066315737795410e-01 7.475622150893678208e-01 8.348113334485219861e-01 8.748597591939222262e-01 6.617129363725071656e-01 7.623483056198212537e-01 9.069857205414816326e-01 8.893770935287534929e-01
3.750000000000000000e-01 4.098262134789711908e-01 5.430617981740007982e-01 4.923381376909403140e-01 5.455917550527368265e-01 6.553731579672628094e-01 7.283919242951126805e-01 5.560669204739513427e-01 5.540350632768520356e-01 6.161252657493586637e-01 7.383221553974701479e-01 8.003422215214075486e-01 6.414246835561508986e-01 6.264563534271451184e-01 6.210938637123915029e-01 3.821766665890009018e-01 7.244965076349181299e-01 3.748701996835461792e-01 6.449149871184908234e-01 6.796995956728244526e-01 7.442725662748754800e-01
3.906250000000000000e-01 3.488760968791645989e-01 6.034497725122749817e-02 4.867089392562758132e-02 4.390799616709579328e-02 1.939303300494226723e-01 2.602060005283796662e-01 8.906741041871579778e-02 2.775060658047828199e-01 1.127549288030089553e-01 1.517358424988158316e-01 4.866624601695001932e-03 2.761050083463773563e-01 2.456370815319932829e-02 1.442299956477559666e-02 3.125294759996017357e-01 1.929063699149723699e-01 2.689932307404827583e-01 3.735090047354137077e-01 3.740660380502365823e-01 4.546705788514978086e-01
4.062500000000000000e-01 3.026172200683008295e-02 1.574122380283288214e-02 3.867202127107888243e-02 6.723252331205298304e-02 1.644907835184654388e-01 3.902195992994226398e-02 1.708204321721091545e-01 3.363172392636638586e-01 6.605107693318491846e-03 3.425105897135079930e-02 3.861227479995580497e-02 9.899465205471701112e-02 1.688317104250165041e-02 2.552153845874172156e-01 3.402440570991366320e-02 1.867329049351147685e-02 3.800730148596163649e-01 2.699122927905556885e-02 2.724506448362453703e-01 4.618309782590382384e-01
4.218750000000000000e-01 4.380390049849030576e-01 3.094274905390592516e-03 2.325926529139560328e-01 2.766632760608666031e-01 1.354220739852224631e-01 2.382110375295550253e-01 3.721718026612756414e-01 2.239760593133987288e-01 5.551602513420412777e-01 1.987742689401499618e-01 3.947272731708112992e-01 4.081297497067165603e-01 2.286348131978201415e-01 2.499287323644428516e-01 2.559811501414942514e-01 1.015178869009267099e-01 2.614937612639452458e-01 1.048379620497556786e-01 4.059085581309410801e-02 5.018773975144864563e-01
4.375000000000000000e-01 4.274749418094385134e-01 9.880737842855829081e-03 3.380197829845458246e-01 9.475332599171372439e-02 1.963261769463990891e-01 1.298914546691755101e-01 3.391236612325897459e-01 3.510333576766356822e-01 5.130888975256634454e-01 4.484915842169707317e-02 3.038066101845783296e-01 5.097081121993243258e-01 1.711790997974114645e-02 1.573496203906064039e-01 3.829091459327939317e-02 4.198235056701048462e-01 2.888172797819985038e-01 2.881059837888655384e-01 8.420423768620678706e-02 1.302829561018530591e-01
4.531250000000000000e-01 9.064012476676273911e-02 3.264457658980771115e-02 2.864017528727508255e-01 1.247073777215828572e-01 1.772346225958316701e-01 6.803628403223357934e-02 8.351089816095225160e-02 1.276715547352498537e-02 3.047591229122670886e-01 1.069811912123390524e-01 6.598357605517146673e-02 3.448949408313963239e-01 8.109001591377563989e-02 2.034586169672386313e-01 2.666047370316743659e-01 2.378100603539795299e-01 4.320622224150703627e-01 1.403538555400882237e-01 3.474450587969803855e-02 6.017945508556388212e-03
4.687500000000000000e-01 3.662494820347100138e-02 2.564167436771610520e-01 1.176005341681289340e-01 2.587800072850050537e-01 2.375651466022962038e-02 6.074740354940083575e-02 1.693475888522144035e-01 1.253290731074696851e-01 9.536347673891734655e-02 8.808463017685908003e-02 1.768543523957271171e-02 8.771074894066578642e-02 6.392642681625074208e-02 1.392903405631086278e-01 9.153804574864041199e-02 1.678826981830142395e-01 3.453614347859441241e-02 3.665751740774167433e-02 3.307567965826470335e-02 5.971107570160400640e-02
4.843750000000000000e-01 1.122324743340650244e-01 5.362951242225029447e-02 4.477628080382755615e-01 7.610375943697732237e-02 7.426176166047152027e-02 2.607491034427866228e-01 1.475295636463490323e-01 2.116028600190040521e-01 3.406868663387319779e-02 9.363407073663181091e-02 2.488300679678218108e-01 3.178341299240780571e-01 1.689536105652243991e-01 2.004557965136139486e-01 9.232506551062415190e-02 1.601800224262581451e-01 2.147737521474084033e-01 7.136753199784556800e-02 9.812221384590123774e-02 2.411012048315245571e-01
5.000000000000000000e-01 6.384901896563838219e-02 1.969780228776475961e-01 4.330764990058129649e-01 4.021442620362136733e-01 1.501402638828338021e-01 3.569643874545892492e-01 1.763781149544036975e-01 1.343536449674987698e-01 5.017899218751501467e-01 4.334361971858418094e-01 4.641771318644024036e-01 5.029454353648210585e-01 4.462082152666571044e-01 1.557342030695458845e-01 3.149589873630549014e-02 1.294246297914557753e-01 3.089112775371015140e-01 6.185805531500068039e-02 6.295944281761708394e-01 5.577708268086654098e-01
5.156250000000000000e-01 1.591968192146175909e-01 9.550216962884625072e-02 2.958119412043165863e-01 3.189188770461465205e-01 1.622695530133881903e-01 1.092204267982029020e-01 9.091455270750281592e-02 1.898321023370133920e-01 3.976722194336052563e-01 4.730061734216523539e-01 2.765757383035904460e-01 7.613534405351352063e-01 7.792709512949315409e-02 4.961171974688992625e-01 1.226255123343645143e-01 2.990253323250923190e-01 3.428267869612736662e-01 1.547639625572402311e-01 3.514762373981297761e-01 1.163107034194235112e-01
5.312500000000000000e-01 1.025142258040397623e-02 1.310405346886179823e-01 1.822556391074273488e-02 2.597032987051759445e-01 5.705516984225889737e-02 6.941010485244075712e-02 2.192142623175634408e-02 4.331852857224054165e-02 4.272008520962829459e-01 4.830605821980016312e-01 4.503697280794052848e-02 5.887751833580721073e-01 6.177654454283400265e-02 2.472492381225779301e-01 1.453554128813685509e-01 1.551390836799537154e-01 2.083598093357718617e-01 3.584174285421707906e-01 5.094958182459810025e-01 3.370394959676729640e-01
5.468750000000000000e-01 9.941737148205709307e-02 1.155681244068401115e-01 5.695029860794593307e-02 2.932047830539692007e-02 7.893927702382473599e-02 3.599476040611392924e-01 1.880956594419408434e-01 1.593888762919260238e-01 2.595297252417579914e-01 2.977497887500482610e-01 6.435325279205406090e-02 1.240555828888711271e-01 7.725971290165049854e-02 3.826750635844360787e-02 1.493814359792816626e-01 2.974518950977973059e-02 2.155676848953224645e-01 1.947537230264502206e-01 2.846873753165526932e-01 1.824011116895975504e-01
5.625000000000000000e-01 2.319721067627759925e-02 7.181746012364984000e-02 1.886672122425993581e-01 1.729313989678323560e-01 1.094262135619037818e-01 1.616130921416181199e-01 1.989787676500250901e-01 2.988602703524344609e-02 1.868223059714454182e-01 4.010945182625563765e-02 8.588044065355791498e-03 4.376465518403748756e-01 1.334508805491299854e-01 3.090217974888589403e-01 2.963475706708771362e-01 5.511065345305531452e-03 5.634771963400506123e-02 2.134508080400483454e-01 3.796624602953023453e-02 2.588224059883511008e-01
5.781250000000000000e-01 3.718315955962210873e-01 1.807507985945301099e-01 3.976353510692418047e-01 2.326810938850175647e-01 8.075788872965350418e-02 1.964324966433216857e-01 2.366780468637200430e-01 2.554782322642070724e-01 1.979739797597001028e-01 9.244453552660243656e-02 3.089486511329929685e-01 1.700966626802678239e-01 2.940290355611067941e-02 1.187072816534423952e-01 1.468832726465699352e-02 2.555172427598597085e-01 2.073034579738020078e-02 2.533064106054400133e-02 3.385696701433109617e-03 1.347913855897636959e-01
5.937500000000000000e-01 4.530767604188820075e-01 2.412132462251978440e-03 3.788667373953764073e-01 3.039995978369039453e-01 2.471069651843245396e-02 3.838022485081462043e-01 2.576386952214289594e-01 5.656068830190189578e-01 4.579145080823003866e-01 8.608314680416781495e-02 4.147910733145479534e-01 4.669205456449110336e-03 1.809779847063309743e-01 2.361844674354810769e-01 2.054457640331484591e-01 4.008138762519135034e-01 7.289190270506248903e-02 4.319383528000458328e-01 8.867263929873525630e-02 2.314545085474044583e-01
6.093750000000000000e-01 1.053923950300724721e-01 5.331580312286476192e-02 2.211585035939252486e-01 4.161810770387883718e-01 8.182058128895222660e-02 6.906298135877261823e-02 2.539816423205212836e-01 2.389293986769075728e-01 5.715660410676681735e-01 1.136530754067764486e-02 1.595127697961124663e-02 1.000535803679635932e-01 7.384264418007955300e-01 7.599953987062711691e-02 1.086356516349328560e-01 6.205544300099796740e-01 4.701998185192309172e-03 2.929470533235784546e-01 6.236686613000945976e-03 2.620930576409759571e-01
6.250000000000000000e-01 5.560307196936383617e-02 1.014406578100715550e-01 1.590349052485118819e-01 4.815012437523732980e-03 1.939807608709073761e-01 1.878011980087228566e-03 4.602345953962204417e-02 3.701872230957204968e-01 1.900587411371314761e-01 1.064023455058630968e-01 2.653647004555081401e-01 2.761441669319273928e-01 3.000035228783211605e-01 1.685235665689653606e-01 2.049962341194487211e-02 5.211770401765249972e-01 4.356291026003495520e-02 3.806010081758715025e-01 2.882428047108696045e-01 3.313818829439694191e-01
6.406250000000000000e-01 7.257048977195456052e-01 3.550029240175096024e-01 1.247077995911212850e-01 1.042065161572141262e-02 3.569342261409540473e-01 5.481569794868371703e-01 2.899202518569432563e-02 3.771430936972638981e-01 2.332870890549494647e-02 1.118261713964418952e-01 1.805695327311887810e-01 1.525169823059703833e-01 1.348325532434958840e-01 3.528909649368025536e-01 4.969690810565475791e-01 3.544523589942172315e-01 2.032419355017460461e-01 5.038155119504826862e-01 1.795447585616067321e-01 2.366995712695585119e-01
6.562500000000000000e-01 5.547922947862393706e-01 4.213696921199978629e-01 2.553041742607516928e-01 3.020311811444593639e-02 2.291812801326609528e-01 6.009785189107359482e-01 7.109577695538957243e-02 3.909335017204916274e-01 5.800820888882540771e-02 2.645803219108347482e-01 1.416210913411115602e-01 3.305046349318267462e-01 2.476267611748678987e-01 7.845382530932562548e-02 2.848558895792370829e-02 8.098534356292031583e-03 5.282689689274158162e-01 1.336355545837691339e-01 2.412928064847063292e-01 1.523010461856043329e-01
6.718750000000000000e-01 1.620531914364553849e-01 1.727637754407670700e-01 4.710970534545926847e-01 6.448450776911091031e-02 7.639652348311945507e-02 4.402547010960342760e-02 8.568892977926113874e-02 1.101407608213217926e-01 4.432235858201390155e-02 3.193754145700206104e-01 1.578335113437904710e-02 2.868213376701196915e-01 1.290051150093464438e-02 3.198482721265048512e-01 1.781802896515142787e-01 2.290419370708851321e-01 3.154667062540774530e-02 6.012739339248501097e-02 3.211308936979165307e-01 1.430031042691196352e-01
6.875000000000000000e-01 1.725242623044635770e-01 1.342686204110467296e-01 6.080472166380954807e-02 6.460815162610498985e-02 1.783330193134931990e-02 2.135898708478084773e-01 2.180472874485099022e-01 2.798250456800894723e-02 1.030835354503718965e-01 1.731492288059852391e-01 4.965314987933130975e-02 1.515251305975679197e-01 2.271810571190837139e-02 5.157865248726587470e-01 1.880858363964133806e-01 1.576561979652325307e-01 2.643822045075872595e-01 1.831036016288717649e-01 1.953224638827593396e-01 8.198622986160304660e-02
7.031250000000000000e-01 3.088096337587605267e-01 3.706197960302382022e-01 4.523131449568989354e-02 1.322012245698694910e-01 1.584917726262201898e-01 1.979651405259965635e-01 1.729217521646975453e-01 1.380442574525791721e-01 1.992131005358356299e-01 7.133198909681334743e-02 9.768965711552907161e-02 1.024556534988636802e-02 1.042946017239592682e-01 6.121373627501519588e-01 9.458027731344709199e-02 3.230869558262804420e-01 3.625773855217809261e-02 1.570476569133779365e-01 4.470335900470728818e-02 8.870798386938882896e-02
7.187500000000000000e-01 2.204013947159783049e-01 1.427023884256525821e-01 2.448128330743141456e-01 1.799254501491323044e-01 2.797149567880758553e-03 1.735164909403273115e-01 1.414464222117205738e-01 1.539039749518510657e-02 3.033167574975616509e-01 7.125671440922377864e-02 2.178188340951390124e-03 3.493087946789413256e-01 1.089758244752122018e-01 3.426110870954588994e-01 8.546413604050878687e-02 2.372691181432776408e-01 3.071061004017855978e-01 2.970620541970888859e-02 1.495385922106591270e-01 3.121516699269521466e-01
7.343750000000000000e-01 2.027367177595327738e-02 7.237494807363710481e-02 2.518846222519707800e-01 9.347430927681166582e-03 8.048704436602548140e-02 1.335104336236083399e-02 2.951388379576861398e-01 1.257714610197669183e-02 1.468333181909724783e-01 2.880530741946506906e-02 1.856712095324393463e-01 1.121638327509277833e-01 1.079144366869490002e-01 2.147519753266729226e-01 9.450401795995740442e-03 3.278143439310334667e-02 8.995666107166215564e-02 4.639324544933952355e-02 2.587597233485301462e-01 3.867372444565555373e-02
7.500000000000000000e-01 6.134911858278532804e-02 1.011067346625557917e-01 2.756603947549878253e-01 3.208500340810135354e-01 3.161446240208427572e-01 6.943729970199505330e-02 2.426987168649532428e-02 4.618932367639196068e-02 5.139772521060241572e-02 1.174250008158500141e-01 4.613889764296908585e-02 2.073665371771381549e-01 3.563338452376801219e-02 1.408987298511976127e-01 3.816416857905711307e-02 1.587235957481904214e-01 2.438600564363049839e-02 1.097818389384827287e-01 7.559747276230639745e-02 1.106541719128031620e-01
7.656250000000000000e-01 1.452836547404303680e-01 1.889816571726204431e-01 2.220165666049851438e-01 2.664737265638785768e-01 3.189721235951391565e-01 2.275326299575820554e-01 4.230410531631042526e-01 2.073157720702497597e-01 9.039593737642469262e-02 8.161403545717971914e-03 1.871083550143631813e-01 2.384687705705894611e-01 8.514706364758634072e-02 1.041337253176986694e-01 8.007914221154334156e-01 4.847467664840102719e-01 4.425453668058222656e-02 6.359153078735634013e-02 3.734193198726476481e-01 4.549586227168984226e-02
7.812500000000000000e-01 1.858247280732575890e-01 6.976524837218038566e-02 5.291406685699156544e-03 3.279129580278078993e-01 2.639921078399427579e-01 3.429250744235232684e-01 6.868713153064037388e-03 2.880927023145818944e-01 9.701561079470797169e-03 5.180748436548682223e-02 3.482989361279776458e-02 2.035665399602158976e-01 8.336201095555036134e-02 1.707241703688172629e-01 5.434581453650280496e-03 4.460541204146306060e-01 4.657672137139590857e-02 9.840855191798693336e-02 2.786300164549448954e-01 1.821228776707261299e-01
7.968750000000000000e-01 2.601645302044445773e-01 3.447846968810292043e-03 1.336310411885734684e-01 1.700451355443016177e-01 5.627971826166617841e-01 6.692136210146779063e-02 5.011863029704895917e-02 1.496977709074088503e-01 1.698485947690293874e-01 2.968325152096054631e-01 1.656034465488606666e-01 1.190174058174609389e-01 6.964845174883867174e-02 2.030580530379117454e-01 8.242052446130507248e-02 1.970684735374805124e-02 1.972317718469220049e-01 2.401276916820820062e-01 3.367080366984488982e-01 9.070358712131125489e-02
8.125000000000000000e-01 9.057608637085555470e-02 1.739595691896922980e-01 4.442900475236183921e-01 1.451181701884937392e-01 3.270222236415308847e-01 1.079808674832272997e-01 9.180605027521965278e-02 3.354737302146326705e-01 1.987512851109696499e-01 1.249929453705471774e-02 1.756985068192242760e-01 2.704006549540563520e-01 5.918759698098998573e-02 6.694075329201915059e-02 3.446300558766790013e-03 3.443888262691825047e-02 2.910149532531968175e-01 1.443324870822791130e-02 4.254683980972976398e-01 3.836407573415167443e-02
8.281250000000000000e-01 2.132093901752331877e-01 1.731427342330475461e-01 9.766730418539536218e-02 2.836369317404398016e-01 1.073639179458365372e-02 1.621316802646360633e-01 1.105000870842565153e-02 4.370043932697523226e-02 4.781810003997298553e-02 1.619546403546180680e-01 1.732592673774140668e-01 3.265885677622817340e-01 2.010801196989432660e-01 5.603745511975208793e-04 9.447360082060771505e-03 3.327922502689648065e-01 5.620739432572584987e-02 1.031365861505300768e-01 2.008687879902975038e-01 2.623789247653431911e-01
8.437500000000000000e-01 3.772181945339855291e-01 3.945738543793724240e-01 2.755338917205358840e-01 3.837771575063120832e-01 5.817755781996378217e-02 3.771194367425146354e-01 2.520040570798122714e-01 6.146234216803855843e-02 2.544874160543204589e-01 4.914550090095968354e-02 5.589671201742993367e-02 2.322744921610652435e-01 2.967591342400790477e-01 5.088517009446873185e-02 4.050961865368649661e-01 3.363282052915576165e-02 1.253227824906297527e-01 6.354939141506875389e-02 5.578021233888394992e-01 1.480342397888942951e-01
8.593750000000000000e-01 1.289654565640184491e-02 2.226495256325944083e-01 1.631705099529208169e-01 4.454835405392597314e-02 2.744087615570088290e-01 3.300047620170540319e-01 2.400991750736015118e-01 3.194835943701754277e-02 4.009376534531235992e-01 2.339245286976103858e-02 3.605444723302127230e-02 3.051624936042384717e-01 1.555329898852192694e-01 1.201071434459227150e-01 1.158850686192190726e-01 3.458239677587755523e-01 6.272543143255511489e-02 1.122345998203367647e-02 1.033590773291494236e-01 3.640545025388424727e-01
8.750000000000000000e-01 1.330409731387247885e-01 2.707528401684857096e-03 2.702424882036360554e-01 1.173344273140517063e-01 8.807608155629345625e-02 8.307620324240615195e-02 1.311612115363422482e-01 2.170214202630300349e-01 1.163324048646395409e-01 6.352481405622253940e-02 1.079094928922633145e-01 2.848826388130667464e-01 1.479108459979208701e-01 2.480649135604106048e-01 2.696212560111049469e-02 1.697315424221524094e-01 1.854324726239630350e-01 1.040939130446535965e-01 1.319502423623474530e-01 3.475031557753356370e-01
8.906250000000000000e-01 1.551480178340936822e-01 6.028684192665736963e-03 3.599971205859751611e-01 6.341310320865983785e-02 1.063657682593635995e-01 8.709412337228228385e-02 5.622532181440385163e-02 4.840107692860152327e-02 2.380069101029348155e-01 1.291852357713335897e-01 3.387043979153591122e-01 2.659801321927689477e-01 4.091128910025036425e-01 1.172688902499420954e-01 1.458606058790643256e-01 3.647296945721165140e-02 3.011177929140878423e-02 3.072715323912974528e-01 9.778399272438192957e-02 3.118034598274290609e-02
9.062500000000000000e-01 1.989064590278169509e-01 8.786765814526743823e-02 2.189536703868349699e-01 3.338028297975314390e-02 1.326814453061183133e-02 2.926720966194429341e-01 6.380909583259493367e-02 2.914440733740686351e-01 5.525085374203770883e-01 1.954745747059077610e-01 1.084314331403700149e-01 2.107302686606230269e-01 1.431633172108248142e-01 2.663473028897709316e-01 4.674971386419454755e-02 4.897984136511394637e-01 3.707480499999332157e-01 2.559784305034392138e-01 9.943006978810733920e-02 7.257809226451016060e-02
9.218750000000000000e-01 7.012115443888189414e-03 2.602723922771119636e-01 2.746944891735035865e-01 4.005570982708915595e-02 6.269767695831054977e-02 2.319572157173883653e-01 7.286030199939161345e-02 1.575893920413789229e-01 4.136374308689199641e-01 5.433576102878436842e-01 1.697126662850986095e-02 1.929391511234755663e-01 3.671312237569437920e-02 9.636082255963483723e-02 5.785833516287929024e-02 2.515149687848395876e-01 4.559654869696718738e-01 4.381389649545708309e-01 5.595025225293842608e-02 2.669320272696340882e-02
9.375000000000000000e-01 2.386656893072644225e-01 4.851139518227064878e-02 9.978209619752055615e-02 1.392061462889760369e-02 3.266698772025991484e-03 6.396194977517762059e-02 3.613444629092092963e-01 3.691584340290773314e-01 9.896033961263516962e-03 2.689523711642844428e-01 2.315333275081611908e-01 2.524071183696128817e-01 3.558162374575323667e-02 3.595285416372866888e-02 8.107146206376462938e-02 4.249746410617902259e-01 1.086601477034159491e-01 4.449661309669762366e-01 1.830313684861082420e-03 6.057143451509534177e-02
9.531250000000000000e-01 2.716170710670360311e-01 3.237746694750300303e-01 2.414573627401894740e-02 1.513260479603627598e-02 1.615019236397446933e-01 9.351894865728264949e-02 1.837449156721926435e-01 5.605169771949303215e-01 3.074770918901594818e-01 6.484932973617031637e-02 2.072553641543426195e-01 4.776924580622761152e-01 1.169021425289721861e-01 9.577730935503329934e-02 2.317604521095733283e-01 4.011665556044282099e-01 1.869165358703566426e-01 6.640279344990016042e-02 6.137032302009307050e-02 4.249270085769154409e-02
9.687500000000000000e-01 4.287947407499350105e-01 1.531808002029230453e-01 6.604812052672823230e-02 1.000643028039480131e-01 9.356780920236092147e-02 1.963030187425307826e-01 1.023980050700768474e-01 5.316772875665334297e-01 3.952413215330872198e-01 7.128912189527684962e-02 7.741192801908820635e-03 7.828617095519720126e-02 3.577626849144659449e-01 3.482701650407926675e-03 2.070882764866618098e-01 2.129121442197059733e-01 6.821624650204235474e-01 2.715369525598963080e-02 5.731382290939796703e-02 1.386210123873141305e-02
9.843750000000000000e-01 2.644425790138230647e-01 5.499171099425889109e-01 6.058201090393661864e-02 2.169798434919306129e-01 3.235638827699767184e-01 1.565786380615986351e-01 7.390194265373062343e-02 2.281731150247286177e-01 1.282924563802470275e-01 1.229879021320482435e-01 1.207451174419386097e-01 7.164676740921495195e-03 3.365367560476040937e-02 2.092069575195658337e-02 1.387870601734345066e-01 1.754071279351485102e-01 7.010299500752985302e-02 1.102031136066774220e-01 2.424044142731963669e-01 1.987279690271600945e-03
1.000000000000000000e+00 1.378762146892631713e-01 1.892769031627680731e-01 1.641482339953605485e-01 3.087401153792091457e-01 2.228234498797892482e-01 1.387290157524339596e-01 9.724011005893196113e-02 5.115890683016560692e-02 2.824840193123629405e-03 2.720079032752698717e-02 1.869976455045035263e-02 3.119122699946891286e-01 1.723845931102579443e-01 4.915434361649921591e-02 3.134293557033563521e-02 1.399597884850853347e-01 2.235008781746814222e-01 1.094322522995976738e-01 4.413272903221832077e-01 2.972152452184297355e-01
1.015625000000000000e+00 1.394738749369310755e-02 3.128802248514758189e-01 6.287194559238065000e-03 3.437532226453008932e-01 4.867173834765278068e-02 3.213779756947326982e-01 8.439676332286118882e-03 2.296358993023709522e-02 1.203166667416200597e-01 2.956907069639232166e-02 8.578183247141242529e-02 1.104304085988071227e-01 1.098496189755258229e-01 2.369611467015405107e-02 2.764597806893547283e-01 2.322747501319278457e-02 6.340895702313531501e-02 4.706685693957586569e-02 4.288091280456062665e-02 3.293740485145760927e-02
1.031250000000000000e+00 6.702233816211228268e-02 5.327593168255077005e-01 6.902064308439397056e-02 2.201844115182889378e-03 6.318753871055260429e-02 1.205341771017678781e-01 1.579350297088665256e-01 1.210190276203817333e-01 2.840070761577052072e-01 1.442895120285254129e-01 1.332456592640842430e-01 4.338380104337511561e-02 1.649611042352304435e-01 2.536194557461884380e-01 1.855527870277135297e-02 1.450644781548065740e-02 6.934345867775361383e-02 9.500242568649408526e-02 2.245629195361457768e-03 3.058647018908752790e-01
1.046875000000000000e+00 3.480564763899096081e-01 1.588312249725661041e-01 2.887347308341840502e-01 2.790523381330826669e-01 3.207113196887965284e-02 5.658963807141671465e-01 5.360223856340465992e-05 1.184754418025441153e-01 8.048058972924732046e-02 4.505894681444219674e-01 5.575711749666186628e-02 9.795979205704819295e-03 2.274138818158906727e-01 1.212461567823873432e-01 6.008047030289946633e-02 7.824042692330335225e-02 1.402779328764671785e-03 5.187960781560260748e-02 6.803129540746120918e-02 1.049951339783171400e-01
1.062500000000000000e+00 7.582726742411477483e-02 1.324153495782032508e-01 2.416047148225046182e-01 4.099977576576960825e-01 6.327338131467820370e-02 1.710647876601829598e-01 2.330615527651942187e-01 3.347327919311990363e-02 4.894805257236702067e-02 2.304541457073103206e-01 2.009470511349717992e-01 2.611863200672066496e-02 1.404261618675650414e-01 1.029795938449526577e-01 3.519910256618209027e-02 1.400226749355212297e-01 1.079719360139103496e-01 1.709435631357769936e-01 5.412287895743594923e-02 4.845316873082696103e-03
1.078125000000000000e+00 1.676265107313073266e-01 1.655675291707721722e-02 8.620302389815029387e-02 9.305598274949908322e-02 2.759824889167985518e-01 2.813666331714682195e-02 6.290381971755218959e-01 2.611218807109982887e-01 6.239763022477260584e-02 8.237015421236387747e-02 1.154808783590335723e-02 9.685013090264683877e-03 7.229570313839481233e-02 1.433288621939050357e-02 1.710975897604559426e-01 2.484124136937026772e-01 1.100649350471052668e-01 9.776548062287292867e-03 5.560141124349889941e-01 2.011251959447218560e-02
1.093750000000000000e+00 8.846500680752630852e-02 3.131396444308533894e-02 2.431064588506680682e-02 2.170569946635146283e-02 3.813488557687435554e-01 2.640819729058181964e-01 1.439230480529684886e-01 1.572195151395657797e-01 4.532188056350736766e-02 8.330412303446763089e-02 3.067139967381598067e-02 9.431996168528200553e-02 1.871383219011230753e-02 1.751213313213362821e-01 5.002059982693277673e-01 2.135194880234214665e-01 2.675426301441443666e-01 3.571577619651892244e-01 5.558763243049714975e-02 1.579383653832670690e-03
1.109375000000000000e+00 9.240151950644309720e-02 8.295189717540407681e-02 4.191832404505894671e-01 2.061590827432697448e-01 3.962097506994719520e-01 9.951357391797149843e-02 3.446944499392463057e-01 2.112107636682687140e-01 1.731348477896540727e-01 8.103350209233704804e-02 8.877325450786310856e-02 1.989868643606027276e-01 2.899777928928765156e-03 9.813844952938918786e-02 7.776321272032492293e-02 1.875699757101642051e-01 5.700343531524987989e-02 2.018010010203654392e-01 2.216789009496803187e-01 7.840912857497515931e-02
1.125000000000000000e+00 3.252643206664687647e-02 2.253159554071456905e-01 2.136878067446176810e-01 1.441796823744413425e-01 1.190458681353342291e-01 5.524138178231838836e-01 1.324822866723748827e-01 8.746325594695388006e-02 6.444024614572956000e-02 3.975392198216039230e-02 9.343163010271601787e-02 4.147687452472586522e-01 1.071394709570239467e-01 3.493106019273020668e-02 6.045562664360269733e-02 5.498901093381362015e-01 2.465129951363399796e-01 4.499492324584059011e-02 1.723511263121709214e-01 1.137692394665514445e-01
1.140625000000000000e+00 8.829313981975960707e-03 1.629232579650804480e-01 4.473111093405082728e-02 1.154909877302719573e-01 2.315795539427897565e-01 4.194499427851339224e-02 7.069952126343082011e-02 3.343222256555728605e-02 1.737889589146504876e-01 5.026487239776826488e-02 3.879581927593680479e-01 5.736841107625564318e-01 3.537535664543429992e-02 1.111985711188164944e-01 2.876705641113334044e-01 2.097642036398760790e-01 1.819190321482127837e-01 3.248802219038330469e-02 1.675740030799549030e-01 2.653205046462605576e-01
1.156250000000000000e+00 2.184550779653119112e-01 1.326687207913214428e-01 1.177027935529496028e-01 1.616332947475680737e-01 2.738291309543149366e-01 1.691498752303313424e-01 1.864958865680566291e-01 7.011935387634044003e-02 1.580528963753473348e-01 8.712859858335458146e-03 3.190602077139385595e-01 2.923527884791505271e-01 4.641929045556255490e-02 4.281683842285324837e-02 1.722368739032086038e-01 2.945480895785269615e-01 1.954208307219359661e-02 1.529053435896839952e-01 5.285328949461591819e-01 7.515799922167455682e-02
1.171875000000000000e+00 1.769570719711014428e-01 8.280168009380553529e-02 1.288406895691547593e-01 8.047114413324042703e-02 7.373871179142539589e-02 8.406673881788385982e-02 1.256189347650368549e-01 9.924447054561738590e-02 1.760358235838255792e-01 1.621782563684283709e-02 1.953269869675472170e-01 1.460129452086695451e-02 4.418977540792026759e-01 1.073510615021633086e-01 9.424703956171649744e-02 6.377576728233426938e-03 1.043711828762276528e-01 1.275369933372202391e-01 6.998257597574367508e-03 3.955929337775861490e-03
1.187500000000000000e+00 2.755547838060768973e-01 8.917431172099813536e-03 3.825151764761403755e-02 1.860736170718410298e-01 6.318532475222508882e-02 2.168090072688522163e-01 4.726533859150947592e-01 2.179701319196001089e-02 3.418496485563548570e-01 3.577603491043022665e-01 6.342226520852142779e-02 3.601873577707037644e-02 2.646753448901475458e-01 1.047975965784535834e-01 1.053124269672061492e-01 2.880716416728388296e-01 4.716168952983343376e-02 1.055589858281407167e-01 3.015974588077393603e-01 3.323387063190834656e-01
1.203125000000000000e+00 3.046412684264628856e-01 7.414214367987281840e-02 4.467675187835525308e-01 5.625942298118588036e-01 1.867496827769996037e-01 1.426074534194534671e-01 2.818198623396823282e-02 6.953413159694159240e-02 2.794702569865956665e-01 1.634022373027294028e-02 2.283582287088640195e-01 2.158778506964108973e-02 3.291890204752269122e-01 7.800312317899350811e-02 3.482051643954608422e-01 5.552915523355146377e-01 4.451709681884465086e-02 1.840835929019973144e-02 4.775453339229119298e-01 1.994927282790437129e-01
1.218750000000000000e+00 2.436333882643365867e-01 5.144678965798643588e-02 7.235924890193444758e-01 4.028371055102429321e-01 1.955662786637633876e-01 9.604535853265351586e-02 1.746865485321389688e-01 2.153035398292696134e-01 4.268313915671531622e-02 5.618625990308643431e-02 2.666240292913466675e-02 1.686704080068053904e-02 1.027683432952502945e-01 2.002611334115533548e-01 5.332985401107217388e-02 1.744184837415994060e-01 3.142556185260044765e-01 3.549472087733441140e-05 2.791723304434863273e-01 3.689606897535905317e-01
1.234375000000000000e+00 9.905695308502203422e-02 1.011348711821129509e-01 9.934969707566432273e-02 7.740905688896555781e-02 3.038881561615654481e-01 5.993652427824520262e-02 1.649175301728728338e-01 4.677785038907845139e-01 7.597881779134159005e-03 4.668541252393848540e-02 1.898733060660058036e-01 1.377528818294358470e-01 5.093457446749704437e-02 7.085346190664769395e-02 1.943475063611432019e-01 1.986244606698248372e-01 1.461415393024681139e-02 2.696979205291412662e-01 3.109823512403925988e-02 3.297396235734669778e-01
1.250000000000000000e+00 3.704782842387608494e-02 1.027590114378011676e-01 9.180080640209236503e-03 1.657028984279901029e-01 2.440148316745461288e-01 7.093395597842808153e-02 1.707959288346729831e-01 2.564993527542331897e-01 1.170285508086673643e-01 1.148009751450231597e-01 2.611076359227592070e-01 2.464956271216406647e-01 7.030918991964955900e-02 5.030265145103698377e-01 2.142582179994917402e-01 3.287247608318279168e-02 3.785609290442898574e-03 4.000108538383934792e-02 2.439072376556597824e-02 5.432616664016130803e-02
1.265625000000000000e+00 1.985758147965035469e-01 2.028363305506813707e-01 4.558471022546606993e-02 1.087631489523089856e-01 2.709086927851793534e-03 1.626466047981501850e-01 1.449882851356205093e-01 3.559492835860076504e-02 5.388486970023025346e-01 7.948153886797157397e-02 2.241022023268340602e-01 9.143166988277702523e-02 6.170794529533592254e-02 1.374496880419275868e-01 1.259568918440195744e-02 3.102169046644225880e-01 3.435245348241821196e-03 4.357951403742950092e-01 9.419520003403820951e-02 1.684278530416354752e-02
1.281250000000000000e+00 9.834691163487541132e-02 1.117799793545371928e-01 8.554340758953303536e-02 8.791381564762064393e-02 6.397583548157791122e-02 8.799451685218931743e-03 1.253580310326049274e-01 3.148495104314861237e-01 1.570730754623949066e-01 7.422832883204315280e-02 1.944862894571697254e-02 1.798602028209519846e-03 1.902599631139095249e-01 1.006576268717441630e-01 3.166753800774063654e-02 3.093768522750163230e-01 1.266384219290989932e-01 4.184145305007057059e-01 1.136900292858236822e-01 1.822149237546872025e-01
1.296875000000000000e+00 1.861974379332107243e-01 4.605211876994769193e-01 1.044738146731980927e-01 2.163944438591461350e-02 2.037161012693946005e-01 1.581391166965891437e-01 3.725345692027167699e-01 3.913162867980172765e-01 6.466934666511952971e-03 6.791967990895382556e-02 7.781449451537045259e-02 1.506528466452499715e-01 1.754601392647221758e-01 2.712436177474077947e-01 8.037819479564323188e-02 4.977948098160099588e-02 7.366281770061182399e-02 4.506057027209665888e-03 8.802529831211754197e-02 4.630267702808594371e-02
1.312500000000000000e+00 2.165562851559816038e-01 1.288196587228107037e-01 1.533573377568743339e-02 2.994128799577511768e-01 1.841793121541746570e-01 2.892084883360425129e-01 5.273431463634668109e-02 1.331879586450334108e-01 1.021973826906847835e-02 1.994333927059372680e-01 2.380153767997967781e-02 3.579883224450834400e-01 3.829950442826709489e-01 2.529225883102465544e-01 1.568081918338325720e-01 3.910100817774415649e-01 2.228600378940253923e-01 4.984658624542718380e-02 1.569427676075887679e-01 1.018510120980883893e-01
1.328125000000000000e+00 6.683172503291352762e-02 1.654830927658179351e-01 3.110541133756566240e-02 3.804183012518252971e-01 7.588892322952613123e-02 5.710919384742010191e-02 2.013607119385477651e-01 2.725742196501538400e-02 2.345628490349232209e-01 2.225541300764726782e-01 1.467997737945798964e-01 5.351453849399027130e-01 9.917646197725660251e-02 2.558443360991600746e-01 3.290259678510045610e-02 6.055238296486261662e-01 2.876370416269319885e-01 2.331990521657572313e-01 5.886781783104542976e-02 2.407948037099411909e-01
1.343750000000000000e+00 2.074853499307997007e-01 6.714141161134150326e-02 2.768766690933800734e-02 2.001534517589030615e-01 1.608992643930104716e-01 2.989583615085358512e-02 4.648411482395860966e-02 1.162656309090827761e-01 1.349390778040429062e-01 2.292535486046520798e-01 3.389204962571445295e-02 1.932083887189095239e-01 1.205789496231247926e-01 1.395416401818706971e-02 1.272129309140077047e-01 2.003334733187443761e-01 1.597060042629889764e-01 2.274909443882951188e-01 4.367881293714213908e-02 1.142824586462084929e-01
1.359375000000000000e+00 2.883282782897835794e-01 1.298889660414421013e-02 2.981327062478435902e-02 6.329760133883208587e-03 5.450973513164005663e-02 3.926377643377377269e-01 1.021317692256173831e-01 8.702095215832748865e-02 1.631617269045718133e-02 5.971588821499649313e-01 3.806388033382981928e-01 2.204986302062135750e-01 3.970275108037041867e-01 1.312697452159987954e-01 2.782374169779343043e-01 4.115175561727288378e-01 5.563860974672616561e-02 1.495561453326283985e-01 7.706207245018163732e-02 7.837705483153797892e-02
1.375000000000000000e+00 1.092751476578845554e-01 8.965740547287745499e-02 8.249704233298427170e-02 4.557480927963367123e-02 2.638716662452000525e-02 9.934420502208633763e-02 7.906746215617191723e-03 1.840528953516145927e-01 1.970405968647931938e-01 4.540758013515832081e-01 2.741952367517276334e-01 6.524542524063629834e-02 4.659646974298881639e-01 4.369268898044445515e-01 9.623519832924662051e-03 2.357876066641445556e-01 3.353125129369692592e-02 2.127298636598182191e-01 2.250052423037828819e-01 4.573190100672640951e-02
1.390625000000000000e+00 9.716144730531657558e-02 8.752630007967128478e-02 3.330357527348966246e-06 2.224410626681952718e-01 2.787863443614273240e-02 2.359157381100324691e-01 1.172410472796619509e-02 2.648146099285156874e-01 1.481185599012309895e-01 2.200928398098094541e-01 1.336994959342031331e-01 1.805039785066897204e-02 3.641786415084090622e-01 3.922503114489013232e-01 3.567988456180486156e-02 4.342450688821969385e-02 4.041065583805325545e-02 2.236785141967309043e-01 1.336883405020647397e-01 1.208693107607149986e-01
1.406250000000000000e+00 2.999922248723174145e-01 4.940463903495025816e-02 7.189887903709060724e-02 6.415777421552690263e-02 4.571556666054950313e-02 3.633081475469782662e-01 2.081568116971055926e-01 9.318425603546527658e-02 3.272502157244430721e-02 3.365723770373963974e-01 5.234957453026042179e-02 2.446019628909011367e-01 2.850723158504805954e-01 7.518063327394468309e-02 1.282047006670905820e-01 1.140459826353508975e-02 3.611799460203982126e-01 2.501814547052797801e-03 6.135296540479099475e-02 1.277365815210547602e-02
1.421875000000000000e+00 3.036075107267888207e-01 1.536412168917850873e-01 3.206745482655496554e-02 1.594564427959033540e-02 1.880313235166323205e-01 1.599771859630814697e-01 1.791789310953405268e-01 6.352288531155772522e-02 1.505148949783416679e-01 1.923574246838285484e-01 3.032403684932148333e-02 2.436650109031873387e-02 3.250619701926609761e-01 1.559381158800154654e-01 1.414840834861217922e-01 7.797777193946835161e-02 3.122343566124760605e-02 6.391283554374437015e-02 1.325107647055652205e-01 8.563059152840670277e-03
1.437500000000000000e+00 1.349863357897826965e-01 3.780885237344104866e-01 2.594086727618490906e-01 3.732182013636673595e-02 2.331872833367288067e-01 2.214386658441239442e-01 1.690607009118027526e-01 2.705515161917401712e-01 6.215058498153282207e-02 3.751717897625937992e-01 5.288345829716116497e-02 9.266744732367142301e-02 3.141790302036478466e-01 2.532075838111441102e-01 8.828549482856030972e-02 3.240548204856310427e-02 1.742857801097361936e-01 5.855683720688736882e-02 1.222552208871280355e-01 6.096954326909456018e-02
1.453125000000000000e+00 4.812959938552356653e-02 3.096649040882705761e-01 3.453265836930667354e-01 2.077564807252035295e-01 2.656408281045465891e-01 1.580918610465051888e-01 2.558749576605249265e-01 1.691391595759695887e-01 2.788457913081135997e-01 5.566213148795104981e-01 2.367531813373904837e-01 1.588148266232339290e-01 1.184914768914519488e-02 9.844189588138704816e-02 3.505970142147619151e-01 1.511814910983932253e-02 1.450954327667516031e-01 5.701865597587126022e-02 4.092160850959482288e-02 2.742399322720197041e-01
1.468750000000000000e+00 7.758618997139511697e-02 1.109717866338193054e-01 7.889338928392499242e-03 2.180410413108800280e-02 9.414856906576082873e-02 2.213310296451642123e-01 9.766935265913888331e-02 2.051863139346396178e-02 1.783969658870553782e-02 1.291818264080491774e-01 2.143255656743589255e-01 5.796798913948787019e-02 4.992213962190751586e-02 3.945301179552004184e-02 6.649771121838975452e-01 2.113294946068463853e-01 1.471624095209147220e-01 5.222952366850841521e-02 5.552058376958903807e-01 2.737177155926814182e-02
1.484375000000000000e+00 9.869875725323545845e-02 1.797501073245738601e-01 6.234530065872873061e-02 6.829872756709298720e-02 1.887320966834586944e-01 2.094826972706600732e-01 2.860325570052977065e-02 9.509211588348603916e-02 3.448548746869173343e-01 1.915759823409642904e-01 1.758096876576602241e-01 2.426153772604558168e-01 1.663678206084077682e-01 3.311336405746783534e-02 4.046348517121706179e-01 8.633839058143009948e-02 1.239707254910421205e-02 7.711140656379841807e-02 1.102008379476673017e-01 3.028178568733153608e-01
1.500000000000000000e+00 5.091328007364775976e-02 1.262662619308002887e-01 1.770418180854660684e-01 2.370721236529330922e-01 1.491105492216569239e-01 4.168713073831347067e-04 5.664766218310061247e-02 5.406730452806540049e-02 2.863280228921277204e-01 3.481521747822937107e-01 3.416635020152843372e-01 3.099424197730703545e-01 9.458637554813112414e-02 2.403525670225209743e-01 1.070595022825549664e-01 5.902250768763743494e-02 4.117360269002297291e-02 6.920536573950863968e-02 1.393905080074805125e-01 3.498073409070125428e-01
1.515625000000000000e+00 1.010670879294139485e-01 6.337474824459726763e-02 2.654275712666179319e-03 7.518863040289620880e-02 9.867046163278292426e-02 3.418819294511345475e-01 6.285905547567899494e-03 1.966810996297410075e-01 1.521688321879629269e-01 9.788442579881580230e-02 1.919371406333473251e-01 4.638888329699831781e-01 1.413073880335043442e-01 1.649898938918396840e-01 3.839495300868262517e-01 5.068864898523408637e-03 1.457375782487609905e-01 2.882031677371917899e-01 4.728236600914555443e-01 1.274375860726860987e-01
1.531250000000000000e+00 1.095664988778953797e-01 9.497158899238086760e-02 3.392455291646765958e-01 1.336139694576316261e-01 2.433730285228034168e-02 8.924464492811718525e-03 2.864392061409101048e-02 7.578476745247543500e-02 1.411124147787429228e-01 5.522782164615126603e-03 1.820528132216294726e-01 3.035580150249187481e-01 2.900528381763032848e-01 4.746833023548061720e-02 5.379040380178069791e-02 5.710696857604876664e-01 2.595742723874483460e-01 2.287758530598813511e-01 9.658572487815916818e-02 3.504229044000733290e-02
1.546875000000000000e+00 1.754342898879062140e-01 1.010527097969717882e-02 2.111542622186920182e-01 2.615181795971937007e-01 2.318380310376059183e-01 3.481495786101120316e-01 1.011879279705105508e-02 3.972068537514661379e-01 1.708023670325506949e-01 4.612385023942322526e-02 1.694230701001694650e-01 2.039392403271795828e-01 7.390435699350357025e-03 4.553672414778463240e-02 2.145179497474899166e-01 6.993933297081826872e-01 1.027064123238055800e-02 2.985811766001444240e-02 4.596309283857766964e-02 3.373624472965263549e-02
1.562500000000000000e+00 1.906303965161141867e-01 4.097568769232064201e-02 2.318480110787683041e-02 8.726519914834793279e-02 5.816111209756529288e-01 5.377231803313960168e-02 1.850769652149742706e-01 1.738667216970074259e-01 2.217892301994289495e-01 1.356230699655141571e-02 3.130614607933302485e-01 2.998648981082940312e-01 4.501727105791215183e-02 2.710662358458705290e-01 1.034591896304616204e-01 1.669864490913680610e-01 1.115977005509152520e-01 7.629985189415787461e-02 9.221973363847821292e-02 3.587074782689453900e-01
1.578125000000000000e+00 1.078684575294511921e-01 1.682697510667578722e-01 2.138543729372415492e-01 2.218212064667381966e-01 3.243399171570190975e-01 2.101800486397041035e-01 2.766804243201325536e-02 3.571543817103307872e-02 1.746975288074238963e-01 1.472388486194981319e-02 5.610507393233019058e-02 8.211735552810510430e-02 3.380191323547432347e-01 3.915996975449540507e-01 1.925721742434803319e-01 1.442356876637928588e-02 5.156461745108406047e-01 5.250136255685707715e-02 8.923745167041678694e-02 2.316988062929695516e-02
1.593750000000000000e+00 8.799514691898127627e-02 1.497098292962940058e-01 1.876442925123587013e-01 2.967914856497921861e-01 2.537388811046793063e-02 1.864361013214766161e-01 6.069319931673079066e-02 5.013557173996441296e-02 1.142411737826743434e-01 9.431093510749392894e-02 1.993823814273779360e-01 3.060122019305648866e-01 3.767465246211132990e-01 9.509507588569809933e-02 8.912511467701077217e-02 8.225615544007233715e-02 1.102257076732332947e-01 8.075383046538065282e-03 2.284262311537400281e-01 8.480282102872604977e-02
1.609375000000000000e+00 7.567772791976339064e-02 1.900338159795371684e-01 5.767069591837914455e-02 3.510017678367173674e-04 2.618054273743530280e-01 3.031810886440911568e-01 1.449710659291518211e-01 2.911193269304435810e-02 2.035038722317819571e-01 8.316524399178726323e-02 2.202231661930554307e-01 1.977853317189304239e-01 4.259189364794918609e-01 7.690370220092095088e-02 1.289724329646745882e-01 2.610424411159814051e-01 4.158878705253573477e-02 4.003090258301370552e-01 1.724395766570670230e-01 6.970626566979157800e-03
1.625000000000000000e+00 1.875022959644540022e-01 1.517650344785814454e-01 5.354481562014552776e-02 1.625756833633063836e-01 1.798778214948849319e-01 3.593363177947648396e-02 1.738880388618423978e-01 1.403123120377194333e-01 2.657148955579725635e-01 3.274892749297486083e-01 1.317182187326012277e-01 2.872121751152439395e-01 2.527770158890401686e-01 1.424323471351258419e-01 6.722550827222489866e-02 8.919740622256852602e-02 2.315858800673194773e-01 7.815184805660078948e-02 5.723153030271198594e-01 6.630093653983908097e-02
1.640625000000000000e+00 2.728671122851988873e-01 1.331824164476235195e-01 1.897306678086759790e-01 2.099292037407172670e-02 3.740678052003080373e-02 1.377190489072469548e-01 2.884951623087749217e-01 7.663125396569109814e-03 1.988789526338388958e-01 1.995823769964691907e-01 2.528343140279053561e-02 1.367400076057281866e-01 3.379072736656374421e-02 7.904006392784278245e-02 1.063673214048730109e-01 4.976032415817222693e-02 1.241176064804350998e-01 1.267645170252814923e-01 1.961864627918566417e-01 1.152245937096064154e-01
1.656250000000000000e+00 1.173651318274631511e-02 2.519560551988695996e-01 1.259817907403632253e-01 9.352556306629820904e-02 2.830141850725639494e-02 1.677919386035685856e-01 3.134699075888629921e-02 1.899470177220684008e-01 2.881623184818873917e-01 4.151039648038709617e-02 9.517442201484088704e-02 9.583363017385319871e-02 7.432814247637872795e-02 2.164828949967746718e-01 1.170431794554133847e-01 9.156943285733862292e-02 5.126572251719629936e-02 4.736409286218963566e-02 2.557192997735278639e-01 1.650307086262945144e-01
1.671875000000000000e+00 9.607390251272325543e-02 2.125375639276846362e-01 6.286207492162622368e-02 6.666215288160576291e-02 3.668915916946892137e-03 3.504743753420832553e-01 1.403481886385466448e-01 5.459518909655818042e-02 2.132154357455534610e-01 2.406164352444558341e-01 1.386184313498571297e-01 5.061107116895421365e-01 2.443850270383171874e-01 2.112583602594151483e-02 3.613924654749338383e-02 1.139314890225749666e-01 2.730220383608270365e-02 6.407725502156053077e-02 2.329439118793654728e-01 1.776185232102334144e-02
1.687500000000000000e+00 4.028776504601454950e-02 1.483112631295572803e-01 4.047976734058439906e-03 1.136198349484749542e-02 4.498989841013034674e-02 1.183934417421572742e-04 1.840458020634154479e-01 4.058055217150109001e-02 1.589402568571491037e-01 4.070569990924147175e-01 9.145019656288098930e-02 2.147655946908277325e-01 4.121480985554655252e-01 2.672821441569167011e-01 4.350175323969141528e-01 6.606568652121998231e-02 3.869934915959470385e-03 9.618177451416752566e-02 1.577339656569864967e-01 1.499739618500665617e-01
1.703125000000000000e+00 1.080598273349293731e-01 1.417378250867711298e-01 2.382685949298628814e-01 3.134411010012609633e-02 6.994854299202028780e-02 2.650003698403480268e-01 5.717725474827110681e-03 2.090107422734986675e-02 1.733338494942542329e-01 8.138884564215557171e-01 1.230414158359434754e-02 1.102434980296091022e-01 6.899084744347529219e-02 4.960649577817350525e-03 1.346769864428189745e-01 2.725795955021520500e-01 1.320897726774931391e-01 1.907294779492173797e-01 7.317385834818240786e-02 4.226334721185315974e-02
1.718750000000000000e+00 1.250980249570009251e-01 2.268500891861786328e-01 1.083261133988652203e-01 1.374241022618788999e-01 4.320864934255329304e-02 5.918210295364279699e-02 8.711640015127240788e-02 2.426899380269988971e-01 7.240474569395236037e-02 3.662841004258765021e-01 3.171923730918523865e-01 2.279542357848692025e-02 3.334819863382542104e-01 1.795062580733583837e-02 1.253224670452153799e-01 1.711199300110747001e-01 4.623527236612912650e-01 5.439651882283600554e-02 9.847528328316818014e-02 9.385126133278695604e-02
1.734375000000000000e+00 5.099405481982589687e-03 1.930356231991826599e-01 2.816942782507024789e-01 1.565836622736000439e-01 3.358250376982754165e-02 3.061437827086008201e-01 3.266671333983251629e-02 4.632797340755346882e-01 2.154914339328138639e-01 1.198441804500825769e-01 3.966003390356470648e-01 4.910644426985328465e-02 1.093904083876844902e-01 1.047096894774305065e-01 1.801356131429540930e-01 2.141636917481156976e-01 2.428327195003248951e-01 6.471379174446133253e-02 1.601439218091227634e-01 9.240721709865392514e-03
1.750000000000000000e+00 8.491766087942827224e-02 7.939459634297680868e-01 1.389290505605158543e-01 3.601813879254679995e-01 3.695029501264095184e-02 3.757233877074392381e-01 2.040546886959390335e-02 4.269030026103116243e-02 4.536689872241183030e-01 8.191570430640843226e-02 7.227171178983668454e-02 2.107287785047535361e-02 1.892077903567749575e-01 4.304247738589959127e-01 2.565377784099087122e-01 1.622445884775148006e-01 2.032769216775784649e-01 1.823150149978286783e-01 8.239463718896254674e-02 1.211570457728278595e-03
1.765625000000000000e+00 1.714148941945026761e-01 3.635358396132838399e-01 2.558532180349520346e-01 1.911439446543427567e-01 1.344421384903583261e-01 6.655502212459524225e-02 1.947057124640930170e-01 5.735106191615588211e-03 6.968059732481626800e-02 2.197155486504557276e-01 1.566981408444034218e-01 4.238373249509998913e-02 1.208986340742770893e-02 3.120699148846984294e-01 3.827011273702794480e-01 1.746071646667579080e-01 7.535672212433436323e-02 3.090113952122569008e-01 2.325879037522350090e-01 8.912012085333367861e-02
1.781250000000000000e+00 6.316901054903370505e-02 1.649833628088747395e-01 2.509291071709503218e-02 6.607926587498037796e-02 1.722649702882912415e-01 3.342359606855314219e-02 1.264653941808486504e-01 3.182179116231948629e-02 1.214506359740218089e-01 5.760152041202559747e-01 1.183308919800618031e-01 1.285929220308140997e-01 1.355981476512981565e-01 3.249332177666336419e-01 2.461122811965736623e-01 2.515662697309542506e-01 7.295889470761793283e-02 9.185476605024714414e-02 5.358583131913122188e-02 2.167647363761235953e-03
1.796875000000000000e+00 1.781430038006846794e-02 1.398994182763256267e-01 9.987739489900657186e-02 3.632980446744301095e-01 3.046272883839368784e-01 1.273561408097129699e-01 2.626083632747692742e-01 2.442822029211061119e-01 1.874460825858599300e-01 1.808895030363010803e-01 1.054552336606072492e-03 2.670861656466208545e-01 1.605475999607177962e-01 1.645002434794011204e-01 4.058567886841282779e-02 3.834035091316992383e-02 2.288707910918132138e-01 3.852722381824784104e-01 3.853545779649924508e-01 2.477004174649587998e-01
1.812500000000000000e+00 2.216196963492529093e-01 1.592142001028457876e-01 6.026423327813953956e-02 2.812756382340705352e-01 1.491549656599327200e-01 1.845571254942426076e-01 3.689826592084222701e-01 5.449670906274196522e-03 2.298832541318572564e-01 1.238961966496804901e-01 4.663756084364789611e-02 3.393948856727269092e-01 2.776086491802844947e-01 1.610672223517827309e-02 7.713074924898581652e-02 8.860917125579756415e-02 1.506763282423685124e-01 4.285160726669032805e-01 2.384397806441741763e-02 1.053954019592715230e-01
1.828125000000000000e+00 2.236724717679996199e-01 2.932907009401918841e-01 2.158550707044851746e-01 2.955890602552934676e-01 1.948743219118568779e-02 4.300661193507643865e-01 1.151043285708917927e-03 3.775424438327716625e-02 1.559562086429427119e-01 2.105396541478972774e-02 4.237514022021698218e-02 3.521295358949195209e-01 1.772141722650916462e-01 2.911272817690474524e-01 2.801029262549272758e-01 2.969041243950081843e-01 2.809350555053336529e-01 3.642400747192185984e-01 2.201664185986365596e-01 1.104130740568375207e-01
1.843750000000000000e+00 1.797086268402257325e-01 3.006912970238733163e-01 7.932158120567575632e-02 7.253155868121297090e-02 3.778314174665391590e-03 2.197119309162447187e-01 7.801916913435216760e-02 1.042969995402517717e-02 2.968809185788101254e-02 5.616641780179019994e-02 1.562115502548651891e-01 1.072246266116238730e-02 1.459331879306415836e-01 6.078204407319195979e-02 7.651973201548099845e-02 4.547088097219038894e-02 8.339708415053956325e-02 3.958032385372836637e-01 1.883546224857130524e-01 7.391513074626650248e-02
1.859375000000000000e+00 8.428390153977784183e-02 2.389545661414559444e-02 6.043248132293853325e-02 1.795092067620626675e-01 1.851906116593967921e-01 3.759660404376020670e-01 1.651569659368133380e-01 1.484401693425630719e-01 1.240640003290175153e-01 2.768447915833796569e-01 1.812635515922914331e-01 5.127695707602356739e-02 7.641274625260371933e-02 1.309003979319327826e-01 9.544065255611842991e-02 7.998235127374984932e-02 4.410001411423464246e-02 1.182949537776136900e-01 1.331558449286365242e-01 1.591493970176184602e-01
1.875000000000000000e+00 1.262305107093700772e-02 5.473036110210435096e-02 1.471333256664996425e-01 3.601827636029071855e-01 1.153818694881477980e-01 7.279861411296069118e-01 3.739027193183364628e-01 1.600651783550319784e-01 3.693445719112091984e-03 5.074713537217030446e-01 1.868541245464970524e-01 1.703026714006133369e-01 1.868673026302152540e-01 5.909877906623337701e-02 1.392296257493352840e-01 4.818061390389138943e-02 9.463028781552441926e-02 2.648540051066293199e-01 8.329199911019781466e-02 3.023086152888211989e-02
1.890625000000000000e+00 4.454741195758623457e-02 2.853093321475983490e-01 7.640907147128579713e-02 6.038317464070728224e-01 8.274362197134116359e-02 1.045694875926997565e-02 3.185976007299619606e-01 1.628190191428223743e-01 6.916570610762953764e-02 4.748136003455689647e-01 1.158314018601222933e-01 1.789344799055354318e-01 1.527435693430995167e-01 2.264707562196114632e-01 2.435598330591578764e-01 2.280170082707172474e-02 2.797846978741248182e-05 6.437558342760700547e-02 1.153831506264832024e-01 9.832399512259603139e-03
1.906250000000000000e+00 8.678875155529561236e-02 2.037987856915995238e-02 2.636141724097854078e-01 1.110443937682995819e-01 2.832640845446077194e-01 8.384666794760588238e-02 4.918429951392904176e-01 1.193899578752439638e-03 1.195539575745489108e-02 1.937536686219603066e-01 2.339836194101009570e-01 1.899608149747160635e-01 9.627448396149110299e-02 5.381604838268232507e-03 1.761694082094369951e-02 4.715261469444626680e-02 1.291196723262295898e-01 2.053130652348637564e-01 8.165420588792679513e-02 3.624790809040193129e-02
1.921875000000000000e+00 3.126219741580148481e-01 2.930861913641605865e-01 2.716761891014733005e-02 6.064775831248146037e-02 3.421067546787077696e-01 5.482128876384850802e-02 2.857348343469616192e-01 6.952174340307286371e-02 2.029947756766977696e-01 1.533280057422532761e-01 1.972527032960007531e-01 1.960864769729843970e-01 3.476002137898458882e-02 5.975219496302717342e-02 4.620168956927062781e-02 6.169266727749941545e-03 5.765932004382728210e-02 1.768496265048179472e-01 3.368882755637678944e-02 3.607990905812358956e-02
1.937500000000000000e+00 1.538405051844067006e-01 4.620243284194057720e-01 2.078243920022855851e-01 2.137054785345836039e-01 3.666977070538644107e-02 5.423850903816648285e-03 2.053329266140534182e-01 7.151237963942184972e-02 2.635551382934886444e-01 9.337758300746962226e-02 1.796461729359414075e-03 7.114667361305769544e-02 1.104191396948424678e-02 3.038896729882627906e-02 3.484280239874651408e-02 3.171203766690960935e-02 9.948775760474526386e-02 1.584928767847219172e-02 1.322268966372002197e-01 7.412996188378945250e-02
1.953125000000000000e+00 2.119241988563067280e-01 8.275939844252931665e-02 3.320884919027853321e-01 8.230585601933051998e-02 1.456419613656184664e-01 1.268474228794336522e-01 1.833617080983313691e-02 7.236109330900341099e-03 3.852432972206471518e-01 9.675262315973312544e-02 3.475835375004093092e-02 1.304949798412915474e-01 8.963056868486894702e-02 2.045186686805628151e-01 1.803467900900098675e-01 1.165612897738502740e-01 4.041219283253615346e-01 4.166733102033794156e-02 6.355126980787316471e-02 5.569516927510991672e-02
1.968750000000000000e+00 9.188981467000822967e-02 1.228192497520733673e-01 2.957854037260091995e-01 9.620436827396916524e-02 4.249342351209776242e-02 5.880175913232740109e-02 1.032801924013334975e-02 1.355006095190237070e-01 3.830944485526771026e-01 3.915262509790048279e-02 1.368809768140056560e-01 2.984421416722317644e-01 2.927248157229614955e-01 1.558294758247450763e-02 4.602896100675786251e-01 4.273803415231552938e-01 5.368520071609371447e-02 7.114029859950352086e-02 4.044172667671375176e-02 4.208168242595900811e-03
1.984375000000000000e+00 3.364658604278238929e-01 3.374837898802707931e-02 5.516620379999716273e-02 9.830735134717039775e-03 7.038671137114985155e-02 2.073730941671701467e-01 5.945157281100257179e-02 9.218058686761539458e-03 2.791673980769798225e-01 1.628738797835143359e-01 1.187640514870239306e-01 5.205276215689518260e-01 3.347110468180422571e-02 2.130688095691771547e-02 4.872858147400767614e-01 5.527798321803039511e-02 9.051124669678253798e-02 9.835283318258160323e-02 2.333148564372845291e-01 2.718861371817908427e-03
2.000000000000000000e+00 3.315841846952599647e-01 6.284189065633691285e-02 1.925802548587943544e-02 9.380460598799381100e-02 8.024114849666868707e-04 3.234203261274409824e-03 8.013257397233494728e-02 1.994300135501925197e-01 7.077443055783075310e-02 1.302227023499074286e-02 8.749377319717080090e-03 3.467422101496839271e-01 6.265031725221454836e-03 6.009118668564674692e-01 6.534297190735065264e-02 1.046768409730058913e-01 8.251435717323531149e-02 4.232280687955756321e-02 1.479418061406432561e-01 3.091599038426375845e-01
