0.000000000000000000e+00 9.411074208855590983e-03 5.484977670315553536e-04 4.668314997614269744e-04 2.875639738492215963e-02 1.973861212084272732e-01 2.611733252949708164e-02 1.091258988740929498e-01 2.890866827819946541e-02 2.287439187043379535e-02 3.681784805055331455e-01 4.313155101688324056e-01 2.162660775281819714e-01 2.267020356310537610e-01 1.406576799518518828e-01 7.266770408387539584e-03 1.886005204317467709e-01 6.250316832572551384e-02 3.833296873853737907e-02 5.870012151765525293e-02 4.543287566008153422e-01
1.562500000000000000e-02 1.444278529054845994e-01 1.192699758181648556e-01 6.436915430539305594e-02 2.366681090999507020e-01 5.553673220924080361e-02 2.569540569047637502e-01 4.858189493365615563e-01 1.106658177414539604e-02 7.706945724285565319e-03 5.314262370113150002e-02 2.337414230425976236e-01 3.586365941763978160e-01 1.503786412675324202e-01 2.239759936374223492e-01 1.400172403539280963e-01 1.084617168834969281e-01 3.732398345346089052e-01 4.181869876560580512e-01 3.611060786781848386e-01 9.931114434276937242e-02
3.125000000000000000e-02 2.932976239207640140e-02 4.293720818194089045e-02 7.050792204582046786e-03 4.704490606681617226e-01 1.775659917963446910e-01 1.252331076333635107e-01 1.441863131101824291e-01 8.410522934454486843e-02 1.915848849568877743e-01 1.135045342876277868e-02 2.048268275072117894e-01 4.150472979172259436e-02 4.781222477072982757e-02 1.552147623052604064e-01 6.642891144078651167e-02 1.249900096234472513e-01 5.811444208781756382e-01 1.511083327137497934e-01 7.297963485381141202e-02 1.179843521507823317e-01
4.687500000000000000e-02 2.812260510967488567e-02 1.549123623858685295e-01 5.752477913563851285e-04 4.358503288890495653e-01 3.063063847619668656e-01 2.622742211080034136e-02 7.932154536750440910e-02 1.008781098488558681e-01 6.457829607731788157e-02 5.257014908347961563e-02 4.551601386539078642e-01 5.541295502896393527e-02 3.757281372952191861e-02 4.372189055144531933e-01 2.267684848889861826e-01 2.372549051798245601e-01 7.266621968685703647e-01 2.230736769918461315e-01 4.360267523773238979e-02 1.732421893653616207e-01
6.250000000000000000e-02 1.883107920390298951e-01 2.134174974075991882e-01 4.039040853915508867e-04 5.135518017391523804e-01 3.375199821664050942e-02 4.206492784343599661e-03 2.467132997082427392e-01 2.567720818188679727e-02 1.093109050342740279e-01 1.116865013062031675e-01 1.757002757412421193e-02 2.951065391711610308e-02 2.040414504676027127e-02 6.282223511763690427e-02 7.998169627023364592e-02 3.458250512596703491e-02 6.547775686076836577e-01 3.665583892637410551e-02 8.247271178628137744e-02 1.275473609548513909e-01
7.812500000000000000e-02 1.158625900132939368e-01 3.001033940123271071e-01 2.024531406964980018e-02 4.838677053981038090e-01 2.667095511862404567e-01 1.548775031838997562e-01 1.383278568794375774e-01 2.483945478849887423e-01 5.490149498083215507e-01 2.887927687657930453e-02 1.142175907156836867e-01 1.290240355878053413e-01 3.942259605147481645e-03 3.863714821568301483e-01 1.284794723179607800e-01 2.961147478956353829e-02 3.367861082550144824e-01 7.702685572735809560e-02 4.883116955771178713e-02 2.524491925966493300e-02
9.375000000000000000e-02 9.131794248416959248e-02 4.273415746823373551e-01 9.487090367818822381e-03 3.895974006643017074e-01 1.501342209076768908e-01 2.581615583578846657e-02 1.998993514427731006e-03 2.129245776325871531e-01 1.441800120402925434e-01 1.232148310347102454e-01 1.789505976067553294e-01 1.721823184965788067e-01 4.766295451492393032e-02 1.307290597268201404e-02 3.169608512813419932e-01 1.573674856815290846e-01 5.430273787091803861e-01 1.286987371971973215e-01 4.398462772853386354e-02 6.321286546570344111e-02
1.093750000000000000e-01 1.716695122795666717e-01 1.859728433720616581e-01 9.172000015346604878e-04 4.064714445944328514e-01 2.167835150235148389e-01 2.997402763220047284e-01 1.603233836565781667e-02 4.799219385767132182e-03 2.323617545773607740e-01 6.929133909943077652e-02 2.282382998425653564e-01 3.435558442698268683e-02 4.525778824325629029e-02 5.496803708805988314e-02 2.765128828143827988e-01 1.399716547737336336e-01 6.056744723980393985e-01 1.012059458930388879e-02 2.886156059143266811e-02 7.669544801493036190e-02
1.250000000000000000e-01 9.937687597330352451e-02 2.569385210852242474e-01 5.829282125883980840e-04 4.310198268977786240e-01 4.244375194267452356e-01 2.480578193918826779e-02 2.451048775509800104e-01 7.846087234642594443e-02 2.414825923017252518e-01 1.543491407006678320e-02 1.684889279770614701e-01 8.764369452378178993e-02 2.854896441574397703e-01 1.037998222277445731e-01 9.019470148191294223e-02 6.313400757465530144e-02 7.139921115558198750e-01 5.329465134288381700e-02 1.990693177924878973e-02 9.855335254213538898e-03
1.406250000000000000e-01 8.293731055460098686e-03 2.734723079625419051e-01 2.464474374888502213e-04 4.859152014507936990e-01 1.097154602654667153e-02 3.520018425282903096e-02 7.509853215948732175e-02 5.838328327958122732e-02 1.157483870753784755e-01 3.964363053659100689e-02 4.171728744752274398e-01 9.489279461685685979e-02 2.372462833270867766e-01 6.121918800495069757e-01 4.585539648488696218e-01 7.071961107491044063e-02 6.485885127133541594e-01 9.015995026533878132e-03 1.321312879802935894e-02 1.980500553414386578e-01
1.562500000000000000e-01 2.246442438836104283e-01 1.613735006177161591e-01 1.330246646726831149e-02 4.922999949352515059e-01 2.004392393450395438e-01 6.729473529412360877e-02 2.301452312207775963e-02 4.597877210974168211e-02 5.889908139273929144e-02 2.705694796751611023e-02 5.414356168563302929e-02 8.596090513652226983e-02 3.335740667644087470e-02 1.881725798334286937e-01 6.037622781379436976e-02 1.704965033550669695e-01 3.595787785993316277e-01 1.266006214424898191e-01 7.209624828726296508e-02 2.548272697937240538e-01
1.718750000000000000e-01 1.678534671138040280e-01 1.746644033925242034e-01 6.348716746034676651e-03 4.031606477938032285e-01 3.950795098155931301e-02 4.785096076906609347e-02 8.698250500461936902e-03 5.055393117785994539e-02 5.372931729242960697e-02 5.828146642074503309e-02 4.475156347990024153e-01 9.450168504357177313e-02 2.424960826259592653e-02 1.399490624933526772e-01 1.334602589352420349e-02 9.704436047946779498e-02 8.310219228799032853e-01 1.609752413572409224e-01 2.393315939368120815e-02 1.266001446224592764e-01
1.875000000000000000e-01 2.866055376037903168e-01 3.651424296204659470e-01 5.937619989959211364e-02 8.194169172710369375e-02 8.420754114602976848e-02 3.000026542162281817e-01 3.893409893217177342e-01 7.173706286078017358e-02 3.947461966147020052e-02 8.444342244813336784e-02 1.851854278170463608e-01 4.425630092581857022e-01 4.546225547331056993e-01 6.386278725145433377e-01 4.619301707631420228e-01 2.242561342883556130e-01 3.807029929671463253e-01 5.704054632308286354e-01 2.697196177975247910e-01 4.039687297553872652e-02
2.031250000000000000e-01 4.534891092351627240e-01 5.254048007240402773e-01 7.480644575757375292e-02 3.910861522028099557e-01 4.164794228292575951e-01 4.739866820338010100e-01 7.379164848305902469e-01 1.458504393948020783e-01 4.951432035884979765e-02 3.299890419779167305e-01 4.675681133215691121e-01 7.718079373948081301e-01 6.793076802380245693e-01 7.215255124457911062e-01 6.280971023199700687e-01 6.742758348839058558e-01 5.075161652861750472e-01 7.078990430228314645e-01 2.263352710635452847e-01 9.699012902518357182e-02
2.187500000000000000e-01 1.557558102807379552e-01 3.487602779015979565e-02 2.471561622716071313e-02 4.326627799822528875e-01 1.675244634861924875e-01 1.947020601656028471e-01 3.232976886215335743e-01 7.935303769025280063e-02 1.126179426095096775e-01 1.415324373374243494e-01 8.338534351211637774e-02 2.689680030050314863e-01 1.889461159380291522e-01 2.414067031814681463e-01 3.013866181318824999e-03 1.895991499738992891e-01 3.974905739800405624e-01 1.913916255419535750e-01 2.316233108059589929e-01 1.510035346231177467e-01
2.343750000000000000e-01 1.349371576780911131e-01 1.883533905920928841e-01 8.890756265808857223e-03 4.663086578892275957e-01 3.018948825760675581e-01 5.518970280799478934e-02 8.751841444413463456e-02 3.575701359125751932e-02 1.213298687419978594e-01 4.244493676684801126e-02 1.658593397050103224e-01 2.287897323603965000e-02 1.846540477936058355e-01 1.801260931396716780e-01 5.242814427669558776e-03 7.778044595408653561e-02 6.695705172404790018e-01 6.845106324476965542e-02 4.410797467080888185e-02 1.847280881872981895e-01
2.500000000000000000e-01 2.101194811851911926e-01 7.933199082987042738e-02 1.348362011592443128e-04 4.099018795481899069e-01 2.347325074685469304e-01 1.671417799347473254e-01 1.326547256144277633e-02 4.903641670624594301e-03 5.921699943473263117e-02 4.376623362433123415e-02 1.315504171399672906e-01 2.039179371248442483e-03 1.412122696325510962e-01 1.738691049695533508e-01 6.308461110806722061e-02 6.050486147039389057e-02 8.339309154720880857e-01 7.627317471840877605e-02 6.044774136857519048e-02 5.922256443834782169e-02
2.656250000000000000e-01 6.023036327549248503e-02 1.576329291016043688e-01 1.585694865644344197e-04 4.898158579362543175e-01 5.607965476557905116e-02 1.128433735360819153e-02 1.930611809790124533e-01 8.690598947162299663e-04 2.296605263129358754e-02 2.015600367354394070e-03 2.306716555569532090e-01 2.284457733073600241e-02 1.652916290329350946e-02 1.830775701562160074e-01 2.124562663006815746e-02 1.487245445405227344e-02 7.416290533488654191e-01 2.637961202057486146e-02 2.358870681592007985e-03 9.534974611172332415e-02
2.812500000000000000e-01 6.180877521456807494e-02 3.843550966824609005e-02 4.591944931996183067e-03 4.000020397797410254e-01 2.235465375743185823e-01 1.704077719427117832e-01 1.657483828432451678e-01 6.492558523515119806e-02 2.048349551408614466e-01 2.808993212300517697e-02 7.647078553634696629e-02 9.415064461650175798e-02 3.007480254947267687e-02 2.799222733510839944e-01 2.092920852655118236e-02 5.652393089959886763e-02 4.755977514743060519e-01 2.401450641753369482e-03 5.582044580364362019e-02 6.913160670512995265e-02
2.968750000000000000e-01 1.631336530053171252e-01 1.836391686895795516e-01 5.227474772714231326e-03 3.544231158463195808e-01 1.193138308166345335e-01 7.166275088019367911e-02 2.121285436059116777e-02 3.629213873467090207e-02 1.587398328478524523e-02 4.423792944811263256e-02 9.904933445241581591e-02 6.965461098593697664e-02 8.657467843859671663e-03 4.603566404616584173e-01 1.958514818913612843e-01 3.895146671829496365e-01 7.619038808148494990e-01 2.731477890691547377e-03 2.441931138000067239e-02 2.039014329648800861e-01
3.125000000000000000e-01 4.224574824137594664e-02 1.940377017053578068e-01 4.753267074981471808e-03 4.584112422439029499e-01 4.573331987279715127e-01 7.190647095200446148e-02 7.381856536241723776e-02 2.766484692460024694e-02 1.847024417495357340e-01 6.260223577299937892e-02 1.141598202217986996e-01 2.230436664759485182e-02 3.428067947109589460e-03 3.176094303371656546e-01 1.239015680923517132e-02 5.823006588675866228e-03 5.782199614282697020e-01 3.871290394853724257e-03 2.244380692884827624e-02 7.649871408650196769e-02
3.281250000000000000e-01 3.069619067590515504e-01 2.608487991445813947e-02 5.603250122428099500e-03 5.012628467352688855e-01 4.367250835828391797e-01 2.509969036642775708e-02 1.269912213950302460e-01 7.302756492174544700e-02 9.233307090028478048e-02 5.271186771376118983e-03 4.562573293520463813e-01 1.566413538602534627e-02 5.147891854452818998e-05 7.865223238435609110e-02 4.983520095964552241e-03 1.077872218376141056e-01 5.163932231085829327e-01 3.875697581846344886e-02 9.811427688055172902e-03 1.275694943241008072e-01
3.437500000000000000e-01 1.509507982965251419e-02 1.158617308571849858e-01 5.007893367015766326e-04 4.797216450037855018e-01 6.072595063349082306e-02 6.011556968587021543e-02 3.419581567159372254e-02 5.349773564474297888e-02 9.936789885672578371e-02 1.931201257290329765e-02 1.856631158652855829e-01 6.843105799226632813e-02 2.053885981842776265e-02 2.532902287930819396e-01 1.851404380463900490e-01 4.609638743024714602e-02 6.205978269998139174e-01 1.702119483429541669e-01 1.886679479619546990e-02 1.148450994418377252e-01
3.593750000000000000e-01 1.931212031743816671e-01 6.922800642648975489e-02 3.584951164004946626e-03 5.614482913783104268e-01 8.328840517793136000e-02 1.207810019679605440e-01 1.152841535834614045e-01 3.077700842480835322e-02 7.987447253682344872e-02 1.688038274026256932e-02 3.242984525129031237e-01 1.378359360580438953e-01 7.660667350702528300e-02 3.312777465723990566e-01 1.580711638459452893e-03 1.479550417154789355e-01 4.706269808651040165e-01 2.771629571266920333e-01 3.410662598058955552e-02 2.624527864563858115e-01
3.750000000000000000e-01 1.343806361795752691e-01 2.004077536115369262e-01 5.739900383238278822e-03 4.313594210539313800e-01 9.336082877346807418e-02 1.309222312931836336e-03 1.506365170347330196e-01 6.775261874280347207e-02 2.997556011522242020e-02 1.685395812920372979e-02 2.283837103983692163e-01 2.640005838759639650e-02 9.808000135467594138e-02 3.859823452657293874e-01 4.126713971276707582e-02 2.537064558951312304e-02 7.530995481141341541e-01 7.969663003683402636e-02 1.074857013704820785e-01 3.686765718288915333e-02
3.906250000000000000e-01 1.735420383416363399e-01 1.643030783048185506e-01 3.632983975865637649e-03 3.436525831735225966e-01 1.734220817233818046e-01 1.275454090389798179e-01 1.617628331320818125e-02 9.459761421695068312e-03 3.076166091147210235e-02 2.126233724812469708e-02 1.653206593995782403e-01 2.805724142341942812e-02 3.601661886547025820e-02 2.021104298459603377e-01 1.034461453017916227e-01 5.379856892861467621e-02 7.959929932748395220e-01 2.276414766660159010e-03 4.999102308372965070e-02 4.714480273863175946e-02
4.062500000000000000e-01 1.858751923790684379e-01 1.405832778759947832e-01 1.059175612580781287e-02 3.793903829978924613e-01 7.943122488380820537e-03 4.127733657653499116e-02 1.298291325590578138e-01 9.145018542092664404e-02 3.346522739121310375e-02 1.488848311452078271e-02 4.617753805121582733e-02 8.645460853910305610e-02 1.532572645473950432e-02 1.639103108923135321e-01 2.177759911490111944e-01 1.026666924991984364e-01 5.343132632152425288e-01 3.018200985858630588e-04 1.099839657205033544e-01 1.465822543302801838e-02
4.218750000000000000e-01 4.872121636041933795e-02 2.356613174352243656e-01 1.504975173608081793e-02 4.040695848446725913e-01 4.158034537656830898e-02 8.082607588035364832e-02 9.349440210713329258e-02 6.550756363130713633e-02 4.981478645548826495e-02 4.364041283040165017e-03 3.308795910005906671e-01 1.639121208704107796e-02 2.676166636925709011e-02 3.741381512708729651e-01 3.847946016619515491e-02 4.694614025441908034e-02 6.576041662583627101e-01 8.854546564685970844e-02 1.845057769110591828e-01 2.153069087600634549e-02
4.375000000000000000e-01 1.736913410481307207e-01 3.451385403541441799e-02 1.181654964611574075e-03 4.913968868301616388e-01 1.378163684720548621e-01 9.861396354915152873e-02 1.056938540199965637e-02 1.377474963282959014e-02 6.797606504637657143e-02 1.902240813876586792e-02 2.196037115183164037e-02 3.878591135280815699e-02 4.584979057086528004e-02 3.397299882658620374e-01 1.658303524768274181e-02 2.262479015331518295e-01 6.171876363234305440e-01 1.617047190477599594e-01 1.542288509296628474e-02 1.916420248212589994e-01
4.531250000000000000e-01 1.408320431910111969e-01 7.559009573823505246e-02 1.093019213744963141e-04 3.834676623241305982e-01 1.436496936636304234e-01 4.398279121693348531e-02 1.170252955656333332e-01 2.373963515398364033e-02 4.343975699961712122e-02 6.235914649219578831e-02 3.408708168773943448e-01 2.408545551908063131e-02 1.057099966253707696e-01 2.081572983598558024e-01 1.090279308813757037e-01 1.883551129380827416e-01 7.054419023936754352e-01 2.444000199071632434e-02 3.966431508371645598e-02 1.856149516562033697e-01
4.687500000000000000e-01 7.618964690675328333e-02 1.054017458134115098e-01 1.757427187343389057e-03 5.134642313409287784e-01 2.822104665113918109e-01 4.719344697842405706e-03 4.057304381559782153e-02 2.208555922532796228e-02 2.078016011009380798e-02 1.353134262374424725e-02 4.357621625264383042e-02 1.823178829627464595e-02 9.084668502482083630e-02 1.063861669977018282e-01 2.350353689000247992e-02 1.939857835367286842e-02 6.645863880212765640e-01 4.315748912250554764e-02 1.481834824048181877e-02 2.601732712600398831e-02
4.843750000000000000e-01 2.115993204125366234e-01 2.529701287591153980e-01 2.590192023186878474e-03 4.250525623747751780e-01 3.601430009770768548e-01 1.357496524678839245e-01 2.289303437714870215e-01 1.405991679094273708e-02 1.521182748340190460e-01 1.460599737908958862e-02 3.041026754357460393e-01 1.631660669213934323e-02 3.011924998807328710e-02 1.355799413846884294e-01 3.156580055554178421e-02 5.126651760662956359e-02 6.115289241438888190e-01 2.612996640643525798e-02 1.351571890587820700e-02 3.409544135440042284e-02
5.000000000000000000e-01 2.132866280703882844e-01 1.912314351605969298e-01 1.071305388769595553e-03 3.190028019824702743e-01 6.606293957803011097e-02 2.515971561996631703e-02 8.707618437594864813e-02 7.937474033873498369e-02 3.594685424540618873e-02 5.284730439965081711e-02 9.547219547839847290e-03 5.576643592071726246e-02 1.172085645705405431e-02 4.264596518826162530e-01 1.197941626522831399e-01 2.827911175658071596e-01 6.417791613839770593e-01 5.494418070571138735e-02 1.123331101166691152e-02 2.513001828466385201e-01
5.156250000000000000e-01 1.335883203300866351e-01 2.117887527867598485e-01 4.316370728237929090e-03 4.690436434739311822e-01 3.829199532802428640e-01 1.121473041005049270e-01 4.008519833284862610e-02 1.508446723109818470e-02 1.054714404145979945e-01 2.513131198893607185e-02 2.409517415612273394e-01 3.798929358028735499e-03 1.288241401661976808e-02 3.061615375188523891e-01 5.297988120037280119e-02 2.210875284768602789e-02 5.851844599123627866e-01 2.390233495991195452e-03 7.271002854389127523e-02 7.774545026852942853e-02
5.312500000000000000e-01 8.329068810017115077e-02 1.390832227237948360e-01 2.643593684993283954e-03 5.094981316422126927e-01 1.931711907861579369e-01 8.048601912876285347e-02 3.954125709388802562e-02 6.975440051692342880e-02 2.358203820211519919e-03 3.066831793362582298e-02 8.367364992555424708e-02 6.332515296812807337e-02 2.958167035537092801e-02 8.111678905370474368e-02 1.160493623891479739e-02 1.797603892694221370e-02 5.531098873241624414e-01 2.797502469938712225e-02 6.529555310312334026e-04 1.752572325865003056e-01
5.468750000000000000e-01 1.092608158019561654e-01 9.250548630360698465e-02 8.838636007618397208e-04 3.780500325969750608e-01 1.619902393269817276e-01 3.168126431242725832e-02 1.874917282115054762e-01 9.334832334161270728e-02 1.811300704694101538e-01 1.097444924590984180e-02 2.642841305048488354e-01 9.241211480839136780e-03 9.317498908224847165e-02 3.413656118919706772e-01 1.210335987828995152e-01 6.585916413092336719e-02 7.015332930239087661e-01 1.059539239546389705e-01 3.355848722904491988e-02 1.719232075040717789e-01
5.625000000000000000e-01 1.906991539277897996e-01 1.192179022828298712e-01 7.663073252150709447e-04 4.806158327316237822e-01 2.259091865657975040e-01 6.421583005572800706e-02 1.266825608805541466e-02 3.154128219822972812e-02 2.179756019988919255e-02 1.106815297152027172e-02 1.890805212593021922e-01 4.694818703845388130e-02 3.102312721264479864e-02 2.234543701782556457e-01 4.492776267699503945e-02 1.505170869859828453e-01 7.792937121436145365e-01 5.048279416495236004e-03 6.822793057157090432e-03 1.528642772400018446e-01
5.781250000000000000e-01 7.941553908112040927e-02 2.643737715188189119e-01 1.206778802135238804e-02 4.327461915086031063e-01 2.586816189165523985e-02 9.202738677907487674e-02 2.490115046773937468e-01 7.831888676575725350e-02 8.902158975386211329e-03 3.162391131193410115e-02 2.383142066908010004e-01 4.168657372104978866e-03 1.386520823048399340e-02 1.551186918702369688e-01 7.636113495064185408e-02 1.363147445704130656e-01 8.018892383236075894e-01 5.772803826709144853e-02 7.551137664054939636e-02 3.925903086774300971e-02
5.937500000000000000e-01 9.221105872595117270e-02 1.223770193329753869e-01 8.648225855256395922e-03 3.621005528685709574e-01 1.026910302289228694e-01 4.154130942037767039e-03 1.910210907086554166e-01 4.118832079487450698e-02 8.949573936213891731e-03 6.136188664001101384e-02 3.202151968678119270e-02 4.061964405408922951e-02 4.174343139743065534e-02 1.751012537787760281e-01 3.299989008810800400e-02 1.626441455247630346e-03 5.212098609313510211e-01 5.603737430602324932e-02 3.573205855088595201e-02 6.510116120937677053e-02
6.093750000000000000e-01 1.070486788792138072e-01 1.397056302993731070e-01 4.315806200519563783e-03 3.869564975903513893e-01 1.773549768783704850e-01 9.220178595875085092e-02 1.802369332452195827e-02 1.477706387473325667e-01 8.634182732685969849e-03 3.169753237784857236e-02 2.111365263255486902e-01 4.723365278483773744e-02 3.214009330340699550e-02 3.443059382723950290e-01 1.040448800002558155e-01 1.047732908888266701e-01 6.150400619816911441e-01 9.907221039596700307e-02 9.650110009076512396e-02 4.152999271608706633e-02
6.250000000000000000e-01 6.388338809843413513e-02 2.603777253592940433e-01 3.814492191534329252e-03 4.664795563665838363e-01 5.664694469537732285e-02 4.615384064924107216e-02 2.158203525900951325e-01 5.203803720035576896e-02 9.777733015740047717e-02 1.370955030929043271e-02 6.676714341476784609e-02 4.503488925734795006e-02 1.492783905311314066e-02 4.500328412923926269e-01 4.867857625339060829e-02 9.157241550159746224e-02 7.310911376468319789e-01 1.778914047336462578e-01 1.569045222793779837e-01 1.793210714012561172e-02
6.406250000000000000e-01 1.715909187635756283e-01 8.082013190969217220e-02 2.571503975538002966e-03 5.408497992983881675e-01 1.164621645463295996e-01 1.407841131079954622e-01 9.185251751388359698e-02 3.208191841001999112e-02 6.148225960789268502e-02 9.288428351645989720e-03 6.008563406086982195e-02 8.408510938678345759e-02 1.338413755216601685e-02 3.931381933579722876e-01 5.780659247932202344e-02 1.742498608825266138e-01 7.767889115604955652e-01 3.288617960000355528e-02 1.463451404310191391e-02 8.029720557822578320e-02
6.562500000000000000e-01 2.254295045682176007e-02 5.603259444804133821e-02 3.024533358884546361e-04 4.175561037119199792e-01 3.218890880181311115e-02 8.059834247601059543e-02 2.309992867619172219e-01 1.157959821131508416e-01 4.421803400515222221e-02 2.085104824292328962e-02 1.489787196686599702e-01 7.141099402067735413e-02 6.928593953943916472e-02 4.939293917181654670e-01 2.548177913598961841e-01 8.043096205470942617e-02 7.052813482797425371e-01 1.010785374722656532e-01 6.301183090786449670e-02 2.902103247892921511e-01
6.718750000000000000e-01 9.840744058099958058e-02 1.144213383085717073e-01 2.541443473991512707e-03 5.159735980985791226e-01 4.385553924915379653e-01 3.027541967322337768e-02 1.819644619609295244e-01 2.215932686523956058e-02 6.764015150629114348e-02 9.207948049179917605e-03 6.783763047407261049e-02 2.305055445046926346e-02 5.876575872150069380e-02 2.367204812850978168e-01 9.033466819348266730e-03 1.868045698833419987e-03 5.468899747837310255e-01 3.215045679714046561e-02 7.262214301642552772e-02 2.814730576119333499e-02
6.875000000000000000e-01 2.178665997614805394e-01 2.219833472581398542e-02 1.997198239224736750e-03 4.718587506540988241e-01 4.097961216131295048e-01 1.539927329000242151e-01 9.191448873361786343e-02 5.168661904386863404e-02 5.880538833992517145e-02 8.629981525727865865e-03 1.896572136779098999e-02 2.998355814651876977e-02 8.673242457439800379e-02 1.242363950411720097e-01 8.056642101657290889e-02 1.189910951966780817e-01 6.570310679849313829e-01 3.812557246343056122e-02 6.034773899976781687e-03 2.971154397128321009e-02
7.031250000000000000e-01 1.104255721060660861e-01 2.453034087463272228e-01 4.258835418256617586e-03 3.168929208654862051e-01 6.337216970863933374e-02 2.157254287194104725e-02 7.903478436918036365e-02 2.972002362132962830e-02 2.690903376957489920e-02 4.669897425560174536e-02 1.387033180223749274e-01 9.717986126389527302e-02 1.859529311248343114e-02 4.099948580283251376e-01 6.936823763058158621e-01 2.345481411969732866e-01 5.769043245870402181e-01 4.424012858505571577e-02 1.503554656670980615e-02 2.368622649652499246e-01
7.187500000000000000e-01 6.263568642259009778e-02 3.240711937014853581e-03 5.318093404203141743e-03 4.335291115871794942e-01 2.938674020307543988e-01 1.132656655736173912e-01 2.093839751754064393e-01 3.003757148325842188e-02 1.292975300355236057e-01 1.384717688332723871e-02 1.715724167071721457e-02 2.460284206777843541e-02 6.251657039762836994e-03 3.400192855995666230e-01 7.281874168287924554e-02 3.292559896836278616e-02 5.513308650199008065e-01 7.483093248452230006e-02 7.561656437897933125e-02 2.641610507350834400e-02
7.343750000000000000e-01 8.942723419329108581e-02 5.184228599693151140e-02 4.061894496048581283e-05 4.887609276372054112e-01 4.948273205853660761e-02 6.337875541848467242e-02 1.196876317070759699e-01 1.267611596700290721e-01 5.995055876805567563e-02 3.054841340132061558e-02 2.512120555075473272e-01 1.061070941156369157e-01 3.943122314601507639e-02 3.756983582634031982e-01 5.031321982085865813e-02 1.344951882335738425e-01 6.803739871891653079e-01 6.592441926349743020e-02 1.686597201923640404e-02 1.446655816948324846e-01
7.500000000000000000e-01 6.672536754410564319e-02 2.544958794444947964e-02 2.125133285349129712e-03 4.028367003090112530e-01 2.358350510054746663e-01 7.953410368955614318e-02 5.349214626050029231e-02 8.196768808706753062e-02 1.481755643201320971e-01 2.120489516002420707e-02 9.484925116337583617e-02 9.031035087699821121e-03 1.107978297020385111e-01 5.718495969622213737e-01 3.373915929439319505e-01 6.815104546686605314e-02 7.360811567484617512e-01 1.174925411832084769e-03 5.639503706913573389e-02 2.271437634623666990e-01
7.656250000000000000e-01 1.856805407572837963e-01 1.615933449807759048e-01 5.339304470830329163e-03 4.597439002944157527e-01 2.725481560226509781e-01 7.296375105753248602e-02 4.240950496002635767e-02 4.248715930726332940e-02 2.683362457782832809e-03 1.674201337537093576e-02 2.665723473528297527e-01 5.325797951795584878e-02 2.502044028844437398e-02 1.292085754255317687e-01 2.268501986623766217e-02 6.945083558950812530e-02 8.000320339374553669e-01 5.206457834182607464e-02 1.652017037627515061e-02 9.519737987897325393e-02
7.812500000000000000e-01 1.221019330882705950e-01 1.761758669607794980e-01 1.869923098466290748e-02 4.279301868153103094e-01 4.594307772576066567e-02 9.189580440968870070e-03 1.554788241170573793e-01 1.017570253039758316e-01 4.712303327518164303e-02 1.402280601559106887e-02 2.382720670856999096e-02 6.997261807236013556e-03 2.890759487361532765e-02 3.178961114807907218e-01 5.376905063832862486e-02 5.068330234313025290e-02 7.281607172429103159e-01 4.249478569186524585e-02 2.865556509083416400e-02 3.258690636802619167e-02
7.968750000000000000e-01 2.423353301151450478e-01 7.655388071604611946e-03 1.762841601474196551e-02 3.051832666504525893e-01 1.388255875068951650e-01 2.211611515491412605e-01 1.300591293331412046e-01 2.880267691975143055e-02 4.425651585120036341e-02 4.383541081521978577e-02 6.574316223621040622e-02 1.508714202014313673e-02 4.792859026904354447e-02 3.769459312550370034e-01 1.927729701239539253e-02 4.815311785366563346e-02 4.116732328724449497e-01 2.960651107454794623e-02 4.756697149575211253e-02 4.245160311325344576e-02
8.125000000000000000e-01 1.479275153537644716e-01 7.129433216967351328e-02 3.471895615370514977e-03 3.726608944348123731e-01 2.400598470706663268e-01 2.080400323387082348e-02 1.726877945279444576e-02 1.161091625465840438e-01 3.081124890430551096e-04 3.484902275068859495e-02 5.602244617475782241e-04 2.462718950635337661e-02 1.648504188644892010e-02 3.505088965512846433e-01 1.564481660088187787e-02 1.207525877527309277e-01 7.491485981566382568e-01 2.471001363222216640e-02 3.349200692355017855e-02 7.127128053860712353e-02
8.281250000000000000e-01 9.413023028958750205e-02 3.977054299875233852e-03 3.326703801373416709e-03 4.357308758437321572e-01 1.554988730036576394e-01 8.602112426813195156e-02 1.534058157039630277e-01 1.139492439033126525e-01 1.686020232949402287e-01 5.082612810814072374e-02 1.310709062699544902e-01 9.920114039540224582e-02 2.311742629494415585e-02 1.277089379623191912e-01 1.517226486640481653e-01 2.726312980353484683e-02 7.378686188359465659e-01 1.767355304306932051e-02 4.874187787468073352e-02 8.105111869421394166e-02
8.437500000000000000e-01 1.637584572910793235e-01 1.004205239634325397e-01 2.212492538846488627e-03 4.832898332536866293e-01 2.822768732499597588e-01 4.094121730796140141e-02 9.827338573298056990e-02 6.245237621615035845e-02 1.439339415011659830e-02 2.347151476848457347e-02 1.729191156210554969e-02 2.029640683021103828e-02 4.405957241010587805e-02 2.861449662836805796e-01 1.188367489687245232e-01 9.163272788079347697e-02 6.902780476583427749e-01 1.403569291670586638e-01 4.121756819016752366e-02 7.014738549777772836e-02
8.593750000000000000e-01 3.936425998171192570e-02 6.709717826805568219e-02 6.131664358619033769e-04 4.397094350812674746e-01 3.627011061687932404e-03 8.118575999503388485e-02 2.001136218220664897e-01 1.604965327085814963e-01 4.831214767153535483e-02 5.109896733480067538e-03 9.256863502232172414e-02 9.068250999636214005e-02 6.574347949232787341e-03 4.811457030449345917e-01 1.971986137868020628e-01 8.423897312013201369e-03 6.457114096322839059e-01 8.726597927580874436e-02 5.135388207002721667e-02 1.749659645455786394e-01
8.750000000000000000e-01 1.144848192666539644e-01 1.214197859124808709e-01 4.372487501180175582e-04 4.545989828859813842e-01 4.091639532340355379e-01 8.582142028381307963e-02 4.114152031926714415e-01 1.319711934859077451e-01 2.657229103575922680e-02 7.782461043730123755e-03 5.649158677502632599e-03 2.775970963447899759e-02 2.567186904720920176e-02 3.730300903194500028e-01 4.396806203562848847e-02 6.958027339373019579e-03 5.620611841168038358e-01 1.788361407531913888e-02 4.643743142761386916e-02 7.454824262272918833e-02
8.906250000000000000e-01 5.165676967897027405e-02 2.983533403673701567e-01 2.656042067660835219e-03 4.499503665851384837e-01 1.498894668239933725e-01 7.892479240554649278e-02 9.104423251367725622e-02 1.114350605138428180e-01 2.910444115890241617e-04 1.171024456518634030e-02 1.560231426651114139e-01 9.746528092735755669e-03 6.560139333308104281e-02 3.559943580435367960e-01 2.756841598617139621e-01 1.730991306906456972e-01 6.255997817206452316e-01 2.112756189588866837e-02 2.464063877598543506e-02 5.976255859595202419e-02
9.062500000000000000e-01 4.659296656501008688e-02 1.729360083147871707e-01 9.880654933311579929e-03 4.369872906106107013e-01 5.224300152379526829e-02 2.120387129126556289e-02 1.036887915161237989e-01 1.671090777745951397e-02 3.977605180129363538e-02 1.551197587439683868e-02 2.833487930009345387e-02 1.606096708737229373e-01 6.219800457255068860e-02 3.322184617303470255e-01 5.161960192934755831e-01 2.339537266318771069e-01 6.570740342777429133e-01 1.717074896668854475e-02 2.180466469611131927e-02 1.368348248237417630e-01
9.218750000000000000e-01 7.841240744136102059e-02 1.927901648322619399e-01 8.122664052750820998e-03 4.537821220484001272e-01 4.060247537855994349e-01 2.453319538919867746e-02 2.995220978354341534e-01 7.990075323432126175e-02 5.794378955408110293e-02 2.727117306367359342e-02 4.101056193464739513e-02 5.339626874311429773e-03 4.789028823253321798e-02 8.332034712008989930e-02 5.820496786474566031e-02 1.563667439256821029e-02 5.154430801035119192e-01 7.373803594284140950e-02 5.229553781693940806e-02 4.413524751780562028e-02
9.375000000000000000e-01 1.009469383408471976e-01 1.072559760438371174e-01 4.377763776213707144e-04 5.075044459691198107e-01 4.532326134328468897e-02 3.098914594745400333e-02 4.685828293079611906e-01 1.270294958706305322e-01 9.944137580410664090e-02 1.918265394323590695e-02 2.211974463250392445e-02 7.711297860636245893e-02 8.054455007487977547e-03 4.269023621471293994e-01 1.205300117856818176e-01 9.911068467771814994e-02 7.056880433986838508e-01 1.305556291594226967e-02 5.419835479172520343e-02 1.343877974797606789e-01
9.531250000000000000e-01 7.451004969249661047e-02 7.504844417649729482e-02 1.339423284433678175e-03 4.867593508604587949e-01 2.216807461952432223e-01 4.774665028464483013e-02 9.728776284352004533e-02 1.012341883918832369e-01 1.357281588415852891e-01 6.780671751458066179e-03 1.516714715098077260e-01 6.058759555802485652e-02 2.956673191946185622e-02 4.864459344956914566e-01 1.664992706651682863e-01 1.014716313387524632e-01 7.685189026102015042e-01 2.203407809630842512e-02 4.882538737261103018e-02 1.547827995992245576e-01
9.687500000000000000e-01 2.161351767923874456e-01 2.146081369005716291e-02 7.611330965566495167e-03 4.654607252963762765e-01 2.312968053903080023e-01 5.224497055339735047e-02 2.483298065479573602e-01 9.783928012025064347e-02 8.779510247339700202e-02 9.757948762910004931e-03 5.289781004823009697e-02 3.128257074768022589e-02 1.805200532598164737e-02 3.868257488144321021e-01 1.773177201470028941e-02 4.009593379969900173e-02 6.851837142105944300e-01 2.230447914985056457e-02 4.610957409628028275e-02 1.203726993632704134e-01
9.843750000000000000e-01 1.977233541223830937e-01 1.527064693958790076e-01 9.326603961402704993e-03 4.100160324603407958e-01 1.983860976506558460e-01 6.603934162497585025e-02 3.188545050138107823e-02 1.658406402258569001e-01 2.837875623068357445e-02 3.035331323864827111e-02 6.238886177024573210e-02 7.863574042723527752e-03 2.664674710980586073e-02 5.020375887424978201e-01 6.560192007806446568e-02 5.045357247847228471e-02 7.033889856457103962e-01 7.127798738974971959e-02 5.869261623035962327e-02 5.733639547348916982e-02
1.000000000000000000e+00 3.659661762831695198e-01 3.943445908248263687e-02 2.549774381224180139e-02 2.842674525910017236e-01 2.465321555704920176e-01 2.399820924861652827e-01 1.305289978923224736e-01 1.835229777693939482e-02 1.299789790950797719e-01 2.669014857021653059e-02 3.222429546554295837e-02 8.640446369359747842e-04 1.543601593683113435e-03 3.635558990747965735e-01 2.086981862008830541e-03 7.572759833170045196e-02 4.665062771142226561e-01 1.506639959375117022e-01 8.049045769914428550e-02 9.876742286945351147e-04
1.015625000000000000e+00 1.362526983642229905e-01 1.819972950083747765e-01 3.140098807859767818e-03 4.061288113753305229e-01 7.670282741714019858e-02 8.594763438719860149e-02 2.807407207392714765e-01 8.703454032841918819e-02 2.718441518652086816e-02 2.749372080757261048e-03 8.566566433171923789e-02 9.081243505200184765e-03 3.031492365119496310e-02 2.101880746161580993e-01 1.410130669041098628e-01 1.099799734996288053e-01 7.677031835608343346e-01 5.274454329890206072e-02 1.105131896616811521e-02 5.642620958001178660e-02
1.031250000000000000e+00 1.628819749111201920e-01 1.963045857843375430e-01 5.875195188679457198e-03 4.445425784099613087e-01 2.133172402626150321e-01 4.378118751730215169e-02 1.088631945022961872e-01 1.161575448997327203e-01 1.277608615139899928e-01 2.432887509208950597e-02 3.127154545256528861e-02 1.663782990919508153e-01 2.588552039441137029e-02 1.763003891237727438e-01 4.703477056246863769e-02 3.483480944799696721e-02 6.768108112521002973e-01 5.554978275518651643e-02 2.058650489790246965e-02 1.221236278316308460e-01
1.046875000000000000e+00 1.513529458548019124e-01 6.483864545620360298e-02 7.075771063828944964e-04 4.783292136868232403e-01 2.657631448307374855e-01 1.783960669489121839e-02 1.810108650467019409e-01 6.395488356021268583e-02 1.044342285463010500e-01 3.472026371973321868e-02 2.753404745557628056e-02 1.306110676370220852e-02 4.896460528185514471e-02 3.165804645252848215e-01 7.018201786948921606e-02 1.214522946942787895e-01 6.192038669116813887e-01 6.770594168008374492e-02 4.379774746474005692e-02 1.696490358288154088e-01
1.062500000000000000e+00 7.033932846120077853e-02 1.395751808703697971e-01 7.302347364957092156e-04 5.459846443715294928e-01 2.826775943788359391e-02 1.317361413440069733e-02 5.161066469977783344e-02 1.883914212783547037e-01 1.238428396148278238e-01 1.907792496153802239e-02 2.819180135408145410e-02 5.581149742841964856e-02 2.501599310083359867e-02 3.042708878187174726e-01 1.063898700123710739e-01 3.606536051821782746e-02 6.355637226766952530e-01 5.484118432902063828e-02 1.499345782453878444e-02 1.260464096007885004e-01
1.078125000000000000e+00 5.837195313225430893e-02 3.578475938150867119e-02 2.725546592823254594e-03 4.521845380126339187e-01 1.747718573282593113e-01 5.187138284058438048e-02 5.911186768609514308e-01 1.731337259935883111e-01 5.037296046874010884e-03 2.597442907841974059e-03 8.703006190172630357e-03 1.694662649509307353e-02 2.564605456392124797e-03 2.086627271348012180e-01 6.065702740645694674e-02 6.285506891775963223e-02 6.527863323837053144e-01 1.668238278534006028e-03 5.041979071762235295e-03 4.593054725287746415e-02
1.093750000000000000e+00 1.538961354402352544e-01 2.500324674469520669e-01 1.098373042667189631e-02 4.166717545306181658e-01 8.911876494769327417e-02 1.495500671605084347e-02 2.050746870889056661e-01 1.590049238097467066e-01 2.548397275983908111e-02 4.625948243571076368e-02 3.185320924244748608e-02 9.529255033182351328e-03 3.108250440014820488e-03 4.481222991079531481e-01 1.448585346504653870e-01 2.515467191355130194e-01 6.692134288262177044e-01 3.122158745427388790e-02 4.176232760902139768e-02 1.237166356060705602e-01
1.109375000000000000e+00 9.907657262113878094e-02 1.697658374976765694e-01 7.625976218852035041e-03 4.351538893413516851e-01 3.398628278275289682e-01 5.802587655357893670e-02 2.917483837456092965e-01 1.026739913042499369e-01 2.850910067659224653e-02 2.991217975242541419e-02 1.534841077357728539e-02 1.979971720179971861e-01 4.167161379592618231e-02 3.319923042436906946e-01 2.124910951412517165e-02 4.496832343169746699e-02 7.243814563798156581e-01 6.516387384220656380e-04 2.062273071235460123e-02 6.562643965399113377e-02
1.125000000000000000e+00 1.726421553480195492e-01 7.138533479651885949e-02 1.525619354493578566e-03 4.540864283287400216e-01 4.454217883952995005e-01 4.756150612507377418e-02 1.091419738562738051e-01 5.592995410620120456e-02 8.647705365529221797e-03 1.775786553365864967e-02 7.563480128203675656e-02 5.298252449452014318e-02 4.019572743502561329e-02 9.897582417494006635e-02 2.244308630680571029e-02 3.840844101815203693e-02 6.272405948529820030e-01 2.880242524322858960e-02 3.070949583660234627e-02 7.425473825112210990e-02
1.140625000000000000e+00 3.644153461253168969e-02 1.180731006795535110e-01 1.323316673351358774e-03 4.576572412112795418e-01 4.251491651182853770e-02 8.757117844121283315e-03 2.448091063391556188e-01 1.329802049230523198e-01 1.379584603283187383e-01 3.005156993232256657e-02 2.009527393055779432e-01 2.544953561065850869e-02 1.057243581753559980e-02 3.737393540720564955e-01 1.178159009227316284e-01 1.328025070831540541e-03 7.345114189372685676e-01 4.510719156531818597e-03 5.441224948059680822e-02 1.741508407329002972e-01
1.156250000000000000e+00 1.674788355531572071e-01 7.309576793472755130e-02 1.784146201899376684e-03 4.716665365933079279e-01 9.284060557569198679e-02 4.716048887999059469e-02 3.592618987918072548e-01 1.230613111070718441e-01 8.814636495707449393e-02 1.934573678329395280e-02 5.003181465640741538e-02 5.161246773710480296e-02 3.530207216365448958e-02 5.227258532142387004e-01 8.810392442633046758e-03 1.874621501899275955e-01 8.178796895547649770e-01 5.769472461011272701e-02 2.180202746213513385e-02 8.479346679132404585e-02
1.171875000000000000e+00 1.214584006986731829e-01 2.394780099432773368e-01 9.732492208796248226e-03 4.126124217519404613e-01 1.498038561392100176e-01 1.153233555798270221e-01 3.678626790598479301e-01 1.202634427780756854e-01 1.074918264261403855e-01 1.474028645843059385e-02 9.626578992143838831e-02 1.268414094711031725e-02 1.679471007819859432e-02 3.267899389081050376e-01 5.268495255589834836e-02 2.845206930759802688e-02 6.887947043828106519e-01 8.952614348451792825e-02 8.535391767493348547e-02 6.832721155552175241e-02
1.187500000000000000e+00 2.125259201599589143e-01 1.839177739186246829e-01 7.428560236677444854e-04 4.213999976166594719e-01 2.088125660644666870e-01 5.725921424468884656e-03 1.292943141336414803e-01 1.926897584935823859e-01 1.391852115953959648e-02 3.245376978147063163e-02 7.203968705248230305e-03 3.794054489870560265e-02 1.437473118925707482e-03 2.918820042249394286e-01 1.392180450702032724e-01 9.167775488741095047e-02 7.649306850460845242e-01 1.839210307928432209e-02 4.645598042166730612e-02 8.290043055040383080e-02
1.203125000000000000e+00 2.438506760256375638e-01 1.175840664699729365e-01 1.489987073529223417e-02 2.595932746821646986e-01 7.699146122168532003e-02 2.546281927250464427e-01 3.063249112418706122e-01 8.028212252442289143e-02 1.039915268260006853e-01 2.849178067844598816e-03 2.964115850366626920e-02 1.897721595931165656e-02 1.723592190828397708e-02 2.739668967135888145e-01 5.909383770708698247e-02 6.818514042325218849e-02 6.097449114502787593e-01 5.568520791243345563e-02 8.756659324839785596e-02 4.767309572763226561e-02
1.218750000000000000e+00 6.313102161659674139e-02 2.945143428957248122e-01 1.127151183967770032e-02 4.449904448848590044e-01 6.873470730194806977e-02 2.001322635527412810e-02 3.330352728982878818e-01 1.086106449610723529e-01 3.328335393638646306e-02 2.206595521246215372e-02 5.985340225876897152e-02 1.755914090581665778e-04 6.066359046781195571e-03 3.906910795685038518e-01 6.444269257800319672e-02 2.903699691196607799e-02 7.494238627424246735e-01 9.868097845236142515e-03 1.142873062874281836e-01 2.678835019100979029e-02
1.234375000000000000e+00 1.721034504082128436e-01 7.617300328388935948e-02 7.333989293701052153e-03 4.717312717906720354e-01 1.567546070941203129e-01 5.940307391091704386e-02 8.083794393290544278e-02 6.490491511962039051e-02 1.061146352147009919e-01 1.232551664137944425e-02 4.957564045791707646e-02 2.295180453296128686e-01 4.834716883935067690e-03 4.056936428688756591e-01 1.453402149862160174e-02 1.099884733902396633e-01 6.890591441559652530e-01 7.738124911432912867e-02 1.573511110282203515e-02 8.849079406805102077e-02
1.250000000000000000e+00 1.897884086556961558e-01 1.168994593874450733e-01 3.256661073863021272e-03 3.924157536075300046e-01 2.009913848457343388e-01 7.092757925092009474e-02 4.123814890398549426e-01 8.556533111350721199e-02 1.810679797798087631e-01 1.577203246207071682e-02 3.988482035969589945e-03 5.949068476252437204e-02 2.270329703894151049e-02 5.302851048835566239e-01 8.882766568049149658e-02 4.437700070648527978e-02 7.647363020700008729e-01 6.143251211457553124e-02 5.153377482189840791e-02 2.534214015982709234e-01
1.265625000000000000e+00 6.510739821878452904e-02 1.180781336886145699e-01 2.964882825875893128e-04 5.080665892399648387e-01 1.834967005694694564e-01 1.424239898937112569e-03 5.391236744301357992e-02 1.288450542231269758e-01 7.941246351219929944e-02 8.956525203580124883e-03 6.810428374069465822e-03 1.660525085092764974e-02 1.704264063934012030e-02 2.947743223988784078e-01 1.716432565867731866e-02 2.307436487994816293e-02 6.836204658222181374e-01 1.510996991719441157e-02 3.735445910385231522e-02 1.355955991282473405e-01
1.281250000000000000e+00 1.254317898789351904e-01 2.109607487913054691e-01 5.435804399251125893e-03 4.212237381157108995e-01 2.667229095757400192e-01 5.412582417680790459e-02 1.791290661966998266e-01 6.717239137205538446e-02 5.878748965789776931e-02 8.043468084410650143e-03 5.363242032474904025e-02 4.164489035572537662e-02 1.521924806537133757e-03 7.824902388088531002e-02 6.236216430977101211e-02 1.352110815919520780e-02 6.740597373146177684e-01 1.178299625993841082e-01 1.190434195601713842e-03 2.169279144676332025e-02
1.296875000000000000e+00 3.278099763066461558e-01 2.648681799953411242e-01 8.390280507428887063e-03 3.188085780302036820e-01 5.694435476107437277e-02 3.085666789054558948e-02 1.671413245469394737e-01 2.367869971347364988e-01 4.491584867114988694e-02 2.300357867488054750e-02 6.236104020381926655e-02 1.689351959279128314e-04 7.748677831920823718e-03 4.448478947276027773e-01 8.765846113240068072e-02 2.605358912396906756e-01 7.684805299665785627e-01 9.623890397601028018e-03 2.876373418957189204e-02 2.488279724684143435e-01
1.312500000000000000e+00 1.517460385686605351e-01 3.260817849502160581e-01 1.547377181119295514e-03 4.715305757626486738e-01 3.886147144062538916e-01 4.920797247309747352e-02 2.739585794991163392e-01 1.198917656933494169e-01 1.798939041516956633e-02 4.008097783877039022e-02 1.363688323073577735e-01 1.678658001260174282e-01 1.553911273156018298e-02 3.472588924703017277e-01 1.010935888973223951e-01 1.944745959719192466e-02 7.043158192036248488e-01 6.085105715514435576e-02 1.714665146875103685e-02 3.211321548633937900e-02
1.328125000000000000e+00 1.244184105218592296e-01 9.981303110120956501e-02 2.145573711050275095e-03 5.047438315095247319e-01 3.682935131023989395e-01 1.221354813312105006e-02 8.536757045281008482e-02 6.790155194024151408e-02 1.461113205209447694e-02 3.357023439018130134e-02 9.220124009672008014e-02 1.318104837234988780e-01 8.674250144947702815e-03 2.157183185516332313e-01 2.223195360523210970e-02 6.919418981811732705e-02 7.235871631385121239e-01 1.522907938369937562e-02 2.236493181701015333e-03 2.249173700365079964e-02
1.343750000000000000e+00 7.209087373851640057e-02 1.213448210363018143e-01 1.385571061141490246e-03 4.526973655437841471e-01 6.819754243249583070e-02 6.227088600196611923e-02 1.808181873973641052e-01 1.273864013642976301e-01 1.067777635702124722e-01 2.633599356414637743e-02 4.387213984369722070e-02 5.149910673697027930e-02 4.206533406674368807e-03 4.823902339216242785e-01 1.473474625061853283e-01 2.372112355152210250e-02 7.771389224222799985e-01 9.634717730663337754e-02 2.616259037643986138e-02 2.807687071260815959e-01
1.359375000000000000e+00 1.802336939092500923e-01 7.665156275808024389e-02 5.372818575281302321e-03 5.480839970236222047e-01 1.960966247673467389e-01 4.779378879126291307e-02 1.057142723765111397e-01 6.312971960353117029e-02 3.529054498551910390e-02 1.199209662897513309e-02 2.006818514286184962e-01 2.444322299920391808e-02 1.890623946016204912e-02 3.685412159066934756e-01 1.944229125551350662e-02 1.035439949442912982e-01 7.133757681183089394e-01 1.593887211017888661e-01 3.705775376691728545e-02 8.227150322891728373e-02
1.375000000000000000e+00 1.255258099507384484e-01 1.250817951146246110e-01 3.689193149488368198e-03 4.433946342835416443e-01 7.028575842525741635e-02 6.883609531986518808e-03 4.853962930915513563e-01 9.756049715751317908e-02 1.137569167397993464e-01 3.018837357411835107e-02 8.025777850266542501e-02 4.801383177452772308e-03 1.382297414047212875e-02 1.738832437510010320e-01 1.129328893256579674e-01 5.105608131068756911e-02 7.169456984367947872e-01 6.053142542645323712e-03 4.880759586790449356e-02 1.868778569608288420e-02
1.390625000000000000e+00 1.794298760276976101e-01 1.849048062956607508e-01 4.301759677383808385e-03 3.956515301096746318e-01 1.518061935815261942e-01 1.408079210123205638e-01 3.432719855567220590e-01 9.432510977106406402e-02 6.397873730356647658e-03 1.988366089162087527e-02 7.560480592885418516e-02 1.336269028663119585e-01 1.482205733461135211e-02 3.062492735863733273e-01 7.599189386838862970e-02 7.738424387603887178e-02 7.819269305457511310e-01 6.909705683198630322e-02 2.707801759894699900e-02 5.636349871565948105e-02
1.406250000000000000e+00 2.314057281232547447e-01 1.663027176855753630e-01 6.740921202652786458e-03 3.294433195974544870e-01 9.627211074657034129e-02 4.001786156379207732e-02 2.860541897294275326e-01 1.686223824704891350e-01 8.092284419654659916e-03 4.960843987880284023e-03 1.489354789851575489e-01 6.480097943377532976e-02 3.824423634996019367e-02 3.846202795118172646e-01 7.211269412791486422e-02 6.387343336722015041e-02 7.381548720065786995e-01 4.761673641618092978e-02 5.777230894670759564e-02 6.730130556932682750e-02
1.421875000000000000e+00 8.448562130900655331e-02 1.955607161649585424e-01 1.810614129500435349e-02 4.346565122398383663e-01 7.040694677163332471e-02 6.468304507336762599e-02 3.005296687933513566e-01 1.258924951934334291e-01 4.068763436887223167e-02 3.203252156652014460e-02 1.643733269883071169e-01 7.520642912436678422e-03 9.145324195726544161e-03 4.092363340753525369e-01 1.110973560501100077e-01 2.854909606833645405e-02 7.318364446085477981e-01 1.726794459853143171e-01 1.277796584274152880e-01 3.382688051183889433e-02
1.437500000000000000e+00 1.814389631698031802e-01 7.585351375390037010e-02 8.040444532089745418e-04 4.893199042790820075e-01 1.405693188452077913e-01 6.474244460080841312e-02 1.696494830103345286e-01 5.374093305051837188e-02 5.826461097054940266e-03 1.671740855679616777e-02 3.009318387776702478e-02 1.813921421908513965e-01 1.263036481584028752e-02 3.787307579082740960e-01 8.646732971706981227e-03 1.156178751454609022e-01 7.452876570183168958e-01 3.194146196309536473e-02 1.653708240524070366e-02 1.795626718580645431e-01
1.453125000000000000e+00 1.412665426259589740e-01 1.020226739767279844e-01 1.508384186166713756e-03 3.810633928744907584e-01 9.643423443515578009e-02 3.891311136597736670e-02 1.835764509194249272e-01 9.935499118397858598e-02 1.482322288121943610e-01 1.465689188192309533e-02 1.628925493501295896e-01 7.573839770506871072e-02 2.293470116819407156e-02 6.193931584952399039e-01 2.420889127061661428e-01 1.361050799425905788e-02 8.370856348151364257e-01 5.959273807900314357e-02 4.799025647544934853e-02 1.506114755029444030e-01
1.468750000000000000e+00 7.492071733776403675e-02 6.738988975514756397e-02 1.709424646108865598e-03 5.200229880708214791e-01 2.944467619914148404e-01 2.622379881922558970e-02 1.958164510178925510e-01 5.137166211974882046e-02 2.202759186104187063e-03 2.236165820813831168e-02 6.003459633323501854e-02 3.648626273101104964e-03 3.964211228319675269e-03 3.260803059171111795e-01 2.628977909903543794e-03 1.062771174179511641e-02 7.186331609480612892e-01 1.451789120842132963e-01 8.684642046770492396e-02 1.741311413775654682e-01
1.484375000000000000e+00 1.979381032210021096e-01 1.236251286199590571e-01 6.279300647732824654e-03 4.484947789233634796e-01 5.098571350011338321e-01 8.823371298311608046e-02 1.687362143738433684e-01 6.464928114736057108e-02 1.840051665337959497e-01 1.437636115224827024e-02 6.059339950108573458e-02 3.935781730351296109e-02 1.718701267997508816e-02 2.025892603295031402e-01 5.846971956466606030e-02 7.025151287719054449e-02 6.492785921269257354e-01 1.122949443250659957e-02 4.043098446702719263e-03 5.994174810538337173e-02
1.500000000000000000e+00 2.731803189046899671e-01 3.251154643431353741e-01 1.219635443339825952e-03 3.128586252252121280e-01 4.537267223248053760e-02 2.964504389378437577e-02 5.141011772597789409e-02 1.586312043109993353e-01 1.436920424383854832e-02 1.302005642581700211e-04 6.602580757263025457e-02 4.918998305338923710e-02 4.818403351812721933e-03 4.872481051436628463e-01 6.520282187330582735e-01 1.626567770393891610e-01 7.583138243884263163e-01 7.480493905214341543e-02 3.819253266785894996e-02 2.392155564244020927e-01
1.515625000000000000e+00 1.314221400205142498e-01 1.208693743718193131e-01 1.421069437406757147e-03 4.249007460574587558e-01 3.121136567892978664e-01 8.276772555120891217e-02 1.586553160029814113e-01 5.266795176303362691e-02 1.395384305691318438e-01 3.286968365771884837e-02 5.450159861544842665e-02 3.691895445440940282e-02 5.173697605267742715e-03 2.352066630321022200e-01 1.505343108670859631e-01 5.146742055683786038e-02 6.376178896539884677e-01 1.402060573588973999e-02 1.611796984023335100e-02 3.983757518762776756e-02
1.531250000000000000e+00 6.894182076859317609e-02 1.939533309085158530e-01 2.096089099923999829e-03 5.127506484342887472e-01 1.156548409552445589e-01 4.971127077962199381e-02 2.012985358446591488e-01 1.259058426117307117e-01 1.946067413791647410e-02 2.486663972493337663e-02 2.746199062732584961e-01 8.439786632073283112e-02 3.646984909790896949e-03 3.033176103414657043e-01 9.643236818807431705e-04 3.415443609235890854e-02 6.624285339655860971e-01 9.948346990734045769e-02 2.168833758722751165e-02 2.818363716908199590e-02
1.546875000000000000e+00 1.699449191976678541e-01 7.999550071828653852e-02 7.630042429840322698e-05 4.142385584541801724e-01 1.420498929936043764e-01 4.901613710096791587e-02 2.084208838877524839e-01 9.521688349411146224e-02 4.315716050466698178e-02 4.495789669329366273e-03 2.266921853183102020e-01 1.867667966530191237e-02 2.253845350421124216e-02 5.541769469952905203e-01 2.943554208244134052e-01 2.775804688328161948e-02 6.903658854286457425e-01 1.476789973544163637e-01 7.483072224291793806e-03 2.098463404238775920e-01
1.562500000000000000e+00 1.725060970644099745e-01 1.410221875647053591e-01 1.195212447798002422e-03 4.904765946934565024e-01 3.104029931314206125e-01 6.366813165610614444e-02 3.851189048917148805e-02 3.470079863435010514e-02 9.708829487989202589e-02 5.277014172155098347e-03 2.391182990543855302e-01 7.052228348415287562e-02 2.636672965592648001e-03 2.894389460701506933e-01 3.112970061060047616e-02 7.283703221621969093e-02 6.307248887684439032e-01 1.705280680768650123e-02 4.470336717652907688e-02 1.617729915170121324e-01
1.578125000000000000e+00 1.237786708562519933e-01 2.509117794061105911e-01 9.488921423988189163e-03 3.937030273304164552e-01 5.185572580842553320e-02 5.298873983416312744e-02 6.628576163512560349e-02 7.855310641499652080e-02 6.907522434487239904e-02 3.032051227791738787e-02 1.607495423926667832e-01 6.086958645152348163e-04 4.263938695020532549e-03 2.932069887258949570e-01 1.541992618637758328e-01 2.661160443144586912e-02 7.434519367912493237e-01 1.400564407142489698e-01 8.390298926192489917e-03 9.013113573344866056e-03
1.593750000000000000e+00 3.155167696342018324e-01 6.898646631013947983e-02 7.595976779567492100e-03 3.796420743465455105e-01 2.337106293328008455e-01 3.134555507787072093e-02 3.524542665822746890e-01 2.231881793905037339e-02 1.021728334377860863e-02 3.258146021740790377e-02 3.683791579148821410e-02 3.842863499660264387e-02 1.878403465427341476e-02 4.563031152705714910e-01 4.179738063376899071e-02 4.653686151765870638e-02 6.866363365673556762e-01 1.313371018728441419e-01 2.206358311875195044e-02 2.965377319868763017e-02
1.609375000000000000e+00 2.347554468385212589e-01 1.374865730485945736e-01 4.800418157207626997e-03 3.387655244905130592e-01 3.269677355080452541e-01 1.116116242477346171e-01 4.420930044871933424e-03 1.007034110718251635e-01 1.071957324396436567e-02 1.331095970959089540e-02 4.980276692463311144e-02 3.078301968683271050e-02 2.009491645778404417e-02 3.840938884141323895e-01 4.623512875675592215e-02 6.735103912528814241e-02 7.118366176489523411e-01 1.160956348799225268e-01 9.030765257676374655e-03 3.386799852389905940e-02
1.625000000000000000e+00 1.471981147809884038e-01 1.888595735440262990e-01 7.208693848036694211e-03 4.674990534499221528e-01 9.351137731397952957e-02 6.015094826206890573e-03 1.944859432614406969e-01 1.015869024377918928e-01 1.919702371695575227e-02 2.077751064741354195e-02 1.865032577127833102e-01 2.945681031117149823e-02 1.302225268034656012e-02 1.711837084917344487e-01 1.340602518064744064e-01 4.426802793570885214e-02 6.673478331997572122e-01 2.321283418260887757e-02 3.402567843681150034e-02 2.976291707667224479e-02
1.640625000000000000e+00 2.367505962466487923e-01 9.268776418988261545e-02 9.660527253612308371e-04 5.611301307586716858e-01 2.812087068183222183e-01 4.682090489737220085e-02 2.525989538483595642e-01 2.642267212800444159e-02 3.675419008198965026e-02 2.190426797811215881e-02 1.105329641091905291e-01 7.590805896701681432e-02 1.229771467339175334e-02 2.958024069523849664e-01 3.108980721431822344e-02 7.991545645630092343e-02 7.744532093223140956e-01 1.184878777307372399e-01 3.395920319497560541e-02 2.706513377596167502e-01
1.656250000000000000e+00 5.652622892981334912e-02 9.237612962905303315e-02 6.753930120177910622e-06 4.364468242056248615e-01 2.086398880038244086e-02 8.823930542639764341e-02 4.503972147327144765e-02 8.468946201655511152e-02 1.379738530867225810e-01 2.910520341785577045e-02 1.727700356324073094e-01 6.834680601877220207e-02 1.491593830860307550e-02 5.077804878538337841e-01 2.495156984695160451e-01 5.666652593485875349e-03 7.517707562166821011e-01 1.665085917713967634e-01 2.202828869950788915e-02 1.096627360609050139e-01
1.671875000000000000e+00 1.309054822053304090e-01 2.063549094910872572e-01 3.893979778313403414e-03 4.962678099681482324e-01 3.721860623138585900e-01 6.546100751185155754e-03 3.005852794737571276e-01 5.371717789624338990e-02 1.341865305256267626e-01 1.926268918207622860e-02 3.927018252881004506e-02 1.151936859994745314e-02 3.697369921963399985e-03 2.461606041693915059e-01 9.413796224188074671e-03 2.467925916933681393e-02 6.291690282598690898e-01 1.021011316092994801e-02 4.192015565233059293e-02 1.173697863600311753e-01
1.687500000000000000e+00 1.324174953832192303e-01 1.468056810755759833e-01 3.703715013375838850e-03 4.794514983497533689e-01 3.308463272861761340e-01 6.328075425013737765e-02 1.450574325549954247e-01 1.387859614779571836e-02 2.091985872607966535e-01 2.430214704325431296e-03 8.672278145676518002e-02 4.095403635484760191e-02 2.482682422652948348e-02 3.287011012931733145e-01 2.704700713118125543e-01 7.090374914179935206e-02 6.513161929324909893e-01 8.727024075432351924e-02 9.504485920262050608e-03 7.415334635263383378e-02
1.703125000000000000e+00 1.655354639127080418e-01 2.786089625858013674e-01 2.134625742684091547e-03 3.338606109383180920e-01 1.408207618076144120e-02 2.900951961943242646e-02 6.601647208786198817e-02 4.412254021399609344e-02 2.317239604798207288e-05 1.786565428726914068e-02 5.365866652537151782e-02 8.133653923746871073e-02 9.690344096551064060e-04 4.183882762635487973e-01 4.853873894654950338e-01 1.914413578368864555e-01 6.543609821901347212e-01 1.607727645002891489e-02 4.323085960816901857e-02 1.900867375284101268e-01
1.718750000000000000e+00 9.328125649995165636e-02 1.320300608654701724e-01 3.491540491294704146e-03 4.266888846145848180e-01 4.721339521684519980e-01 7.818103997933205374e-02 1.251264203191754243e-01 5.632351307708154814e-02 3.275489295883099450e-01 1.006012417112334134e-02 8.555281481091543683e-02 1.556797306162166841e-02 1.303403401222041902e-02 1.162095047753811117e-01 5.288933605685103984e-02 2.638534224742736592e-02 5.831683896575491355e-01 8.805378933280949560e-02 1.740409275736822664e-02 5.481482259770539128e-02
1.734375000000000000e+00 1.008792991095406044e-01 4.541586641100656824e-02 2.544535137936903982e-04 4.806248885776476798e-01 1.334310582303846471e-01 1.433362360210492514e-02 1.684821487473169566e-01 1.044971160765549578e-01 1.031950190811123380e-02 2.934248234933192409e-02 1.621282267627507934e-01 8.888158306335389169e-02 3.985700906551432020e-03 3.453294427269871236e-01 6.269014043469614550e-02 3.767353671136428050e-02 6.024115787218626838e-01 8.622864018404091668e-02 7.829639911979574540e-02 9.862324903798419529e-02
1.750000000000000000e+00 1.357724606460672667e-01 9.787960328335655602e-02 8.411106922241700767e-04 4.060536053324328987e-01 2.243966510181051865e-01 7.987779898471268625e-02 5.335990195164630641e-03 6.914715010819087737e-02 5.934276822934413803e-02 3.006061071533721804e-02 1.858857568725714449e-01 1.652611079367623595e-03 1.020252091245145779e-02 5.614136620602472316e-01 1.817774976944158960e-01 2.118804323080758500e-02 6.211440737856498417e-01 7.065004051363613612e-03 7.382783329958999760e-03 1.303200206608102485e-01
1.765625000000000000e+00 1.643543552115812600e-01 3.514804537213171709e-02 1.896559167179365755e-03 4.889803287760055017e-01 2.628161634121525259e-01 7.305196987582046608e-02 2.016182939484580661e-01 2.527594180450377231e-02 1.400279274596113732e-01 1.875687689037498079e-02 2.694925648673296981e-01 8.038825387211880058e-02 4.200133789739868978e-03 4.003178763141569951e-01 2.115558052994619825e-02 9.219535059342832961e-02 7.407320238042817140e-01 7.413295847904449731e-02 3.778555374640520104e-02 2.064478674198458319e-01
1.781250000000000000e+00 1.973087525684758259e-01 1.087821068807412611e-01 1.446072024485059969e-02 4.365477385136263822e-01 1.728548114488114018e-01 2.356932734983425287e-02 7.592288120144452968e-04 7.618358341835516911e-02 7.091784366236373108e-03 1.360654141255676804e-02 1.459505242447196594e-01 5.980220699914324915e-04 2.629968392338428301e-02 4.321658530218379091e-01 5.018616284204331646e-02 1.283532667839241449e-02 8.109177706695877008e-01 4.014183028165288492e-02 6.403401738233537033e-02 4.395128388524705693e-02
1.796875000000000000e+00 3.212941131142397211e-01 1.293385289866365861e-01 2.009483446428911649e-02 2.490619855804618310e-01 1.676411572006290818e-01 3.086588314401612632e-01 4.162279245064025995e-02 1.236116593836100383e-02 1.217069008446072104e-02 5.607009070814684450e-03 2.641615896548757392e-02 7.102630904132776861e-03 6.515543041833275501e-04 3.480346386310471107e-01 8.080417207855364325e-02 5.943689397194341917e-02 4.491844729431343497e-01 5.599814491920498266e-02 3.051512153254080234e-02 8.106865607822315301e-02
1.812500000000000000e+00 2.546152226710578503e-01 1.945781371192540077e-01 5.527615087288129461e-03 4.153677651721158215e-01 1.843742182370114446e-01 3.093559767014622455e-03 4.876777294788603445e-02 3.402286161357042510e-02 2.013770274084781403e-02 3.156973107068887507e-02 1.454410361309633748e-01 1.180919025641143094e-02 3.411820531742010970e-02 2.713755324051955742e-01 1.424009947643343210e-01 1.142714087345729074e-01 6.938058111022862295e-01 1.447142274000697351e-03 1.122903927167137605e-02 1.328609220429670737e-02
1.828125000000000000e+00 1.477669047425113624e-01 1.706547413574423522e-01 4.638132678571103493e-03 4.007773663558491517e-01 2.114051531484007762e-01 1.163228989718040202e-01 6.746829801663702629e-03 4.724947391979984757e-02 1.014087531459541835e-01 1.319004961559699929e-02 2.074638623868302612e-01 5.766250117941625758e-02 2.673221660818392645e-02 1.797733629684331036e-01 4.686265267512073479e-02 1.659357638911880539e-02 7.101913769059904347e-01 6.382422200367587894e-02 1.224029129157664687e-02 1.065132156373803200e-02
1.843750000000000000e+00 1.181966892351813542e-01 3.735753089368942098e-02 3.069306464544639787e-04 4.759485740392512820e-01 2.661552581608578882e-01 6.160229883488280850e-02 1.657815100031347910e-01 2.065676154223955886e-03 6.219581820965186525e-02 8.326949545815254261e-03 1.185536403436333180e-01 3.524648625061140017e-02 1.385084321143835884e-03 4.222052087290744105e-01 5.556823603882674045e-02 1.468182604606959596e-01 7.642768937070653079e-01 8.814583782939346135e-02 4.791885979724676975e-02 2.307743830509746130e-01
1.859375000000000000e+00 8.758835595956909748e-02 1.112795259855388630e-01 1.612453616005764254e-05 4.789168410489865191e-01 2.678595073589325540e-02 3.173227765206451667e-02 1.467934761034357313e-02 7.130695512692182547e-02 3.810460385546597661e-02 7.550375965444825442e-03 2.264679643259407960e-01 7.712720257683723657e-02 1.584873427876078156e-02 3.631619021410440462e-01 1.137719988702495383e-01 5.805314061836005721e-03 7.060899832786561303e-01 1.266665457598085617e-02 3.584013825480381575e-03 1.599750906567427022e-01
1.875000000000000000e+00 1.370235588738736854e-01 8.015330663554748672e-03 3.254894062551194189e-03 4.710549743731559102e-01 4.350457805236603304e-01 8.418636871385985765e-02 3.210594924487857327e-01 6.166649949458768293e-02 3.243431863063289122e-01 2.118849284980556941e-02 7.128661018848699016e-02 9.064660846153481041e-03 2.384022354620830061e-03 1.530056468450283758e-01 2.592392501665476481e-02 7.589405556407489983e-02 5.260811548703273610e-01 4.984219232629194529e-02 1.659884771459615082e-03 1.869977921562216219e-02
1.890625000000000000e+00 9.150480248887415957e-02 2.251225490312029620e-01 3.062256163466849611e-03 4.202370427895805727e-01 3.076107956535141796e-01 6.576683913338943199e-02 3.414773333666971250e-02 1.337314593706541953e-02 1.571636220741701728e-01 4.873215785350371726e-03 5.797807110247159279e-02 5.086379795910013490e-02 3.777493214849173865e-03 3.557522021466428264e-01 2.148345447548634102e-01 8.365119339579772662e-02 6.437655306332213945e-01 9.533380140351054716e-03 7.495179997144107986e-03 1.098405867009116521e-01
1.906250000000000000e+00 3.338095194118843034e-01 1.160639127046423635e-01 4.272072711871006609e-03 4.196173443771722411e-01 1.724875248295907604e-01 1.264236559176170303e-02 1.464537142105693246e-01 5.177408264578448223e-03 5.775077134487482944e-02 1.969826472655732477e-02 7.597885896188624755e-02 7.587583769502634357e-02 4.110273380435160162e-03 3.678522833977012629e-01 2.129243740226588119e-02 1.911972722466622199e-01 6.057648690118464518e-01 3.097716702861729593e-02 1.631232943764867119e-02 1.711254064440001221e-01
1.921875000000000000e+00 5.035714061992435653e-02 1.487337929499026601e-01 4.167205298198578024e-03 4.773575738151581982e-01 3.219393270935947404e-01 4.610271054340537439e-02 2.266568984906712145e-02 6.583433050920309282e-03 3.949369119724211452e-01 2.281227206075175928e-02 4.542871122785396842e-02 4.288313616236230641e-03 1.672906363099018606e-02 9.536105794855617712e-02 5.440565004861025455e-02 2.617779145402657215e-02 5.283451947376289759e-01 2.371223343056238358e-02 1.198496527880317866e-02 3.433367427856027360e-02
1.937500000000000000e+00 1.011405130518362450e-01 1.158710195952117050e-01 1.810074965008633773e-06 5.260720416941205846e-01 1.152099813677058965e-01 1.012550919481300035e-02 7.288169228708603342e-02 8.363298818241735044e-02 8.130977934014648454e-05 2.290714353101161449e-02 2.377172467020086388e-01 8.666299924210466021e-02 1.665215931223491819e-02 3.129283718423734317e-01 8.044160861281519914e-02 2.198657209127359916e-02 6.505358036530013432e-01 2.087575886003202597e-02 5.180483254802967230e-02 1.620044673448261807e-01
1.953125000000000000e+00 1.595589566880988019e-01 1.120809888078250910e-01 3.723749882080674826e-04 4.653561654344791632e-01 1.908786755924514744e-01 1.940498217369353989e-02 4.216358111858484192e-03 2.211943501494853526e-02 5.916174118223174044e-02 1.852775981871367106e-02 2.151260185801571467e-01 1.796498724309229800e-02 1.930870805439460899e-03 5.612986951021008419e-01 3.150276122116999616e-02 1.111478640763252368e-01 7.130123070411860109e-01 6.869207495650159201e-02 3.270428915280537696e-02 1.589220071003032975e-01
1.968750000000000000e+00 1.221372360707254495e-01 2.779504926154006128e-01 3.737044185790647753e-03 4.411390389343801677e-01 2.359741686961409901e-01 4.949587220725121250e-02 4.612194319521537716e-02 1.114676203383441547e-02 1.223730325352484216e-01 1.980817122825528909e-02 2.373131659031714469e-01 7.297986719590655869e-02 2.455430974631942279e-02 3.641653606155471623e-01 4.647700562876853903e-02 2.410125847919095815e-02 8.055302745871104619e-01 1.448420707847684896e-02 3.785184301701660647e-02 8.931892162007881719e-02
1.984375000000000000e+00 1.467226427223124186e-01 2.842343795544398088e-01 9.008086424897086483e-03 4.630677332678866942e-01 2.090606178869448273e-01 9.632544263081313507e-02 1.643943740585577518e-01 5.741764008869641722e-02 6.411016963900926374e-03 7.941318147012569814e-03 1.176759702728087525e-01 2.754435513719531280e-03 7.474447551096786643e-03 3.210712384146907628e-01 5.049873674965466019e-02 6.938317939801089129e-02 7.701076401592424903e-01 4.959679399140760891e-02 6.938326255875659765e-02 2.897465425600754402e-02
2.000000000000000000e+00 3.355936166643672669e-01 1.075647156291171663e-01 3.685998440062624587e-02 2.088652705011748989e-01 2.696080893986153026e-01 5.174503828140551986e-01 8.165789476179860853e-03 1.183006949474940499e-02 1.320309708662741922e-02 4.407959854631248071e-03 3.714927444174787773e-05 9.111587268687512979e-04 4.153326799073221373e-03 2.462384038845781276e-01 2.284008518983686887e-03 6.126986456919224916e-02 3.548910850434767172e-01 2.135307749602452787e-01 3.973307353333657699e-02 1.108644653510837408e-01
