0.000000000000000000e+00 1.215284999108378061e-01 3.326836991600520821e-02 9.989437990654470578e-02 1.878513835989155736e-02 1.607313046632002571e-02 4.309231091889458888e-03 6.674808485140804049e-02 2.415280974992763726e-03 4.571961879567509879e-01 3.837323991126466438e-02 9.451670720622383504e-02 4.444901572691125485e-02 1.670595159849611044e-01 2.269588003040657817e-02 5.061145304094186170e-02 3.100351368330458469e-03 3.485968156429235438e-04 2.606929807306971880e-01 6.511595358597932481e-02 3.121995851750113127e-02
1.562500000000000000e-02 9.984701245230932776e-02 1.119111716218640640e-01 1.000447508865099089e-01 3.472244016007672851e-01 3.481369388926278813e-02 2.066532560254389916e-01 3.302157258886720403e-02 1.516017159647871371e-01 2.176868606888280461e-02 5.484104524548918252e-02 1.001501534007969985e-01 6.437334260983539058e-02 6.233104613041639402e-02 8.730524744944768989e-02 6.710151121879084912e-02 2.989893111593099895e-01 2.941507026659898050e-01 2.847488496419538911e-02 3.380091776875370629e-02 1.410954697441663686e-01
3.125000000000000000e-02 7.457520054217799121e-02 1.425858923679129420e-01 3.488583359296332786e-01 1.829197803833619018e-01 2.272119910678608093e-02 1.454284615852000778e-02 1.765222154819445777e-01 1.302666067818773754e-01 2.134167189452338131e-01 4.861436099030577024e-02 3.244925910969802541e-01 2.069011563626700079e-01 4.190562430046055470e-02 1.878374104940419842e-01 1.659537170432952569e-01 1.485537486328710188e-01 3.811216975580269863e-03 1.520420011981381825e-01 9.755643533470559348e-02 1.141512905431954078e-01
4.687500000000000000e-02 5.494411884885386232e-02 1.660668679203817499e-01 2.104927748607611782e-01 1.245131703498715409e-01 6.258124782226895388e-02 4.524169264371314531e-03 8.607884146613885290e-02 1.468569999568272721e-01 1.296768737152415307e-01 6.674016504990858134e-02 8.448920426798522954e-02 1.958576392183981885e-02 1.005190625424686596e-01 7.195835078225333581e-02 5.961205235240039230e-02 1.550190609004927986e-02 6.355371521065852902e-02 1.107010565515615247e-01 2.576143334859084741e-02 5.368552880900203002e-03
6.250000000000000000e-02 1.076337414261649555e-01 2.158568726583361824e-02 2.413069402932335392e-02 3.073408211908983459e-02 1.214882414434168278e-01 1.595897293104074910e-01 1.905550947552324681e-01 7.306250741382680491e-02 3.387350467058836828e-02 1.684733604404767618e-02 2.622139256070316060e-01 1.186811197838561482e-01 9.856682492660827355e-02 4.577144653804408880e-02 2.177403206544143571e-02 8.304862608742355490e-02 2.332703646204482284e-01 1.183749832909008481e-01 5.917192691465763404e-02 1.444577159249565146e-01
7.812500000000000000e-02 2.154789729212772953e-01 3.735015913351791977e-02 8.322427819377771485e-02 2.279982244593703744e-01 2.059632706643837463e-01 3.486730051945312048e-01 2.062891482586849956e-01 2.622801267365466038e-01 9.107436768295684715e-02 7.727746594633580490e-02 7.096929138955664074e-02 4.927193703837592226e-02 2.452813428502739201e-01 2.993711349797898436e-01 2.822969516674740942e-01 3.221486332191082491e-01 3.279699852801056803e-01 1.023139725952562085e-01 1.358958269651354411e-01 1.617685429711954170e-01
9.375000000000000000e-02 8.399317466311259639e-02 7.119705887846637660e-02 9.715345616125695138e-02 5.948488729195697960e-02 1.005914421588370300e-01 7.182600932268218275e-02 1.705458088056444055e-01 1.544519983896400495e-01 5.001929253502305356e-02 7.473594123415512602e-02 5.724645964607654597e-02 6.406890823429918502e-02 1.031840214681845752e-01 2.999098366551600225e-01 1.420202605948198832e-02 5.864696046090911441e-02 1.739331061271080781e-01 1.020770707710207392e-01 6.148045016267210394e-02 2.538813834758995025e-01
1.093750000000000000e-01 6.568024956090572075e-02 4.713677155273553188e-02 4.999347031914576356e-02 8.023437982512129918e-02 3.407660734479969061e-02 1.346964672783458605e-01 2.029582121722330879e-01 2.679757603688171508e-01 1.029616644423031885e-01 7.551619776300236286e-02 1.063172911611057897e-01 3.632575325799142912e-02 1.882239777734313613e-01 2.357625456641846695e-01 1.568287553154491532e-01 1.641883117157642291e-01 7.866242785472379873e-02 2.619364822579930627e-02 4.039453489393460967e-02 2.285723057725365104e-01
1.250000000000000000e-01 1.596694123919906727e-01 3.437691357278969961e-02 6.801608380757279138e-02 1.972013851042254684e-01 2.384081742608875898e-01 2.206610500879534198e-01 1.843400814356238315e-01 1.769392872134449846e-01 7.754325017569793643e-02 4.690905607091200302e-02 1.314354168133060607e-01 1.265139588399013526e-01 1.996106084058545393e-01 1.514239510159855751e-01 8.044534121922351788e-02 3.573475178854877421e-01 1.573128417242853350e-01 1.198359475521997008e-01 1.055956041214049512e-01 1.442152981993209682e-01
1.406250000000000000e-01 2.065155888274751439e-02 4.165620313410144798e-02 1.964018994781191185e-01 4.450086165977105990e-02 4.183337270288151749e-02 4.898211031335465704e-02 2.804387328166134119e-01 7.769499108072781823e-02 1.289120295443988429e-01 3.121032335067230878e-02 2.199838735047941196e-01 6.562089952176242136e-02 8.297545410818490258e-03 1.888186439475616693e-02 8.530591160655992544e-03 2.414045984834456687e-03 4.365657450728651495e-02 6.087945283880514570e-03 1.187376997922257385e-02 6.181275721386342986e-02
1.562500000000000000e-01 4.709383444294530652e-02 1.492731253505739097e-01 3.202960673111217016e-01 2.215489441116075819e-01 3.630731611584847585e-02 1.864897507219404407e-02 1.213876792609389632e-01 1.471746528415211475e-01 1.585173968715724857e-01 6.235582813205705482e-02 2.301048914990023453e-01 1.838044044634518925e-01 6.784657045612198234e-02 1.646721241354218435e-01 2.016768894965541292e-01 1.299731958676930976e-01 1.884141867016884617e-02 1.608128724951861932e-01 7.319971424815908956e-02 7.531245345796168389e-02
1.718750000000000000e-01 1.422117749775578532e-01 1.452114372105834383e-01 2.170874073817120609e-01 1.286570871157864115e-01 2.343211146085158285e-03 1.360037992784793488e-02 1.054727792709749673e-01 1.179858919965852959e-01 1.656505951901639795e-01 7.502962322223820368e-02 2.234621935343269472e-01 7.284940249892404851e-02 8.287085788738374204e-02 1.477065441874299834e-01 8.002331817806782044e-03 5.335025449336745079e-02 9.253255037629481983e-02 4.156163118771812742e-02 2.052783123868946735e-02 7.666820700938090094e-03
1.875000000000000000e-01 7.707533563167946467e-01 8.095311763880699285e-01 9.176098408272924667e-01 9.817026366144108174e-01 7.720642902991499135e-01 8.963417592374099963e-01 7.843314833543094666e-01 9.701590426466175643e-01 9.048049998244851455e-01 9.934475990663981237e-01 9.494590194142389361e-01 9.635357821242503951e-01 7.743041168574424926e-01 9.328535747942501288e-01 6.175876308297260087e-01 8.296441770128489823e-01 8.542891908433482007e-01 7.655404443647993995e-01 7.726429129045379041e-01 9.766315723487635214e-01
2.031250000000000000e-01 8.807471983982850805e-01 8.794193969350846407e-01 9.531828280382619312e-01 9.953255494663970637e-01 8.974885834321092437e-01 9.354491129155840801e-01 8.669378856298169955e-01 9.891564643794947820e-01 9.559136678663985309e-01 9.951472725451943058e-01 9.600752635057688833e-01 9.808750187866367432e-01 8.851389457300373742e-01 9.721121294459481588e-01 8.327996605591716506e-01 9.092492406334981014e-01 9.085419585220086969e-01 8.421001578274908139e-01 8.752838996063893040e-01 9.937989808051332918e-01
2.187500000000000000e-01 3.851425607046671806e-01 4.121817709794082796e-01 6.611669246521789667e-01 7.449718722768214896e-01 4.151900729753347785e-01 6.444193337776382702e-01 6.135973614982189739e-01 6.790103998161854948e-01 7.481414984557832604e-01 7.415718014086080112e-01 7.076212487862285627e-01 5.598875290979398178e-01 3.544804201977234115e-01 6.930195449115169604e-01 1.347841875946325374e-01 4.354345086150667732e-01 5.471019848245026740e-01 4.797964078537768073e-01 4.016460198620233624e-01 6.925288817599073443e-01
2.343750000000000000e-01 1.402834445835673127e-01 1.347774398914787508e-01 2.180383017273825885e-01 1.435315665975098742e-01 5.097689347775209538e-03 7.160692743799830506e-03 1.244669454123553259e-01 7.142446675077081253e-02 2.064447868355199778e-01 3.022033519965712164e-02 1.837016720566225225e-01 1.952965558208477892e-01 6.836411223736696408e-02 2.372538872049616832e-01 1.283072370171909893e-01 6.008492443075806599e-02 1.856119574034916300e-02 2.144529449609128280e-01 1.005514442102959927e-01 9.155913681317540478e-03
2.500000000000000000e-01 6.115925964480482813e-02 1.754722757256960142e-01 2.856535055743834040e-01 1.362103334038503588e-01 7.420363010282184091e-02 1.194429727294784270e-02 1.208117709691824554e-01 1.605674723520925939e-01 1.538338790413224799e-01 5.076639514644144813e-02 1.427701843906558354e-01 6.905921312244070465e-02 8.087031320585608141e-02 1.776239492463204395e-01 1.334349436713938575e-01 4.748092517459340245e-02 3.649685317236486815e-02 1.420255794305101960e-01 6.767517965427911897e-02 1.038235420466453521e-02
2.656250000000000000e-01 1.829245833547373662e-03 1.821589548428426478e-02 1.484466274438030475e-01 6.756525484778980184e-02 2.959015134315618953e-02 1.286696310647254538e-01 2.799326675900871142e-01 3.640441502875962909e-02 1.263886377435501918e-01 1.979511415165870897e-02 1.675186471788663034e-01 1.549824855906833665e-01 7.115478756000601090e-02 2.707980257215816464e-02 7.191832079328906724e-03 4.281354561841410611e-02 3.223886639368874710e-03 1.316298979040609642e-02 1.058613150810460736e-02 1.683525667710324691e-01
2.812500000000000000e-01 2.024529235108394054e-01 3.791595590690757800e-02 9.482222272463929069e-02 2.159832777265415782e-01 1.924044217768923482e-01 2.750625811405186805e-01 1.763614636339987662e-01 2.464729179764467704e-01 7.741653337218275255e-02 6.563658834834462663e-02 1.183544533479214261e-01 5.482305828706918183e-02 2.347513011504623048e-01 2.741619143638943656e-01 2.484633084110658141e-01 3.102166777798001096e-01 1.869610184936872921e-01 9.708179483020357159e-02 1.356990354368454443e-01 1.835469270463601921e-01
2.968750000000000000e-01 3.762700427808487319e-02 3.426057931102863968e-02 3.530110952439054206e-02 4.728655408717732239e-02 5.356481415045191707e-02 5.170819326922147796e-02 2.169782907680453676e-01 2.117628307743664173e-01 3.903253924770481997e-02 1.078824576712350269e-01 5.406327078777163619e-02 1.773408630457302126e-01 6.519695907185966977e-02 1.709050450954454348e-01 1.127112474682090935e-02 8.376757509057207451e-02 2.972087989011484854e-02 1.091616083451624336e-01 3.912724742756250318e-02 3.015672681300735625e-01
3.125000000000000000e-01 1.197096764863027213e-01 5.206346150981867177e-02 1.024623822859340033e-01 8.424025628099458818e-02 7.300010209442385489e-02 1.241517248577302668e-01 1.618804682225116753e-01 2.420423751601307460e-01 7.882031027816915891e-02 4.559453625934861004e-02 5.970585690472934859e-02 2.557343170151697015e-02 1.882245358838441907e-01 2.493557011121180778e-01 1.558511240130233955e-01 1.399843438765104309e-01 1.826375930291112837e-01 8.490615620231201088e-02 2.495297066318715937e-02 2.146452572096479994e-01
3.281250000000000000e-01 1.748641210488740549e-01 2.822223640003170692e-02 6.738994361226029184e-02 1.570403481867512774e-01 2.484092685180015747e-01 2.785981791055963108e-01 2.185205453725471980e-01 1.890938223077959501e-01 5.761092652623917010e-02 6.062446729516052235e-02 6.514243128202745758e-02 1.088632598289077519e-01 2.065992637126410625e-01 1.687246593770229675e-01 9.049863727032282645e-02 3.628437693857884949e-01 2.634295664335549181e-01 1.247811307428824679e-01 1.478959355380575214e-01 1.296774355870854156e-01
3.437500000000000000e-01 1.063902946582044734e-01 1.167625338150628800e-01 3.196782985346163786e-01 1.233748620112683041e-02 1.827616191555101258e-02 1.427058874628910623e-01 1.781719065940182423e-01 1.195982235730118776e-01 1.489883661190077313e-01 6.972021130377746914e-03 2.694425828671026535e-01 2.470930318571035178e-01 8.168342253283400467e-02 3.525099821119934140e-02 3.197782393248796429e-02 3.930350952395548700e-03 4.159069471051662220e-02 1.282469000616652810e-01 9.161336019013312237e-02 5.668812434232844283e-02
3.593750000000000000e-01 5.865352955652851363e-02 1.233968961042207491e-01 2.595709133459175311e-01 1.532015472107762233e-01 4.189542781897542811e-02 1.673554882154418971e-02 1.048170140201878098e-01 1.371076814054106863e-01 1.636858924410405647e-01 6.222568798945926627e-02 1.701984550078878000e-01 1.664578282809008603e-01 6.904626225185184207e-02 1.924519469244677372e-01 2.118407434052304028e-01 1.096579093394513954e-01 3.220586477397412162e-02 2.073373126030377267e-01 1.150288966898819071e-01 7.664825456258229919e-02
3.750000000000000000e-01 3.010824427366946832e-02 1.476454263962221625e-01 2.617229159754074774e-01 1.880537842660548187e-01 8.026346890324781436e-02 4.562354292637917086e-02 1.386284948510979331e-01 1.611316367302107477e-01 2.433863884188372795e-01 1.414147267782618900e-01 3.803291296570445179e-01 6.189200832553806014e-02 1.525727149524341852e-02 1.548647063620352260e-01 3.151887395456791363e-02 1.604324000004724304e-01 9.725713626279851309e-02 5.472872449704734715e-02 1.264814615668369106e-02 4.062527128055317890e-03
3.906250000000000000e-01 8.264554855855572868e-02 1.479517460122629358e-01 1.542133366914998603e-02 1.806911041869026791e-01 9.077731930417604067e-02 4.791086147010972796e-02 7.284958855127450505e-02 1.612367008470319274e-01 1.360057468361648980e-01 1.152180667412825710e-01 4.061320945606133187e-02 1.496904758892511345e-01 6.325830568767618067e-02 9.794972789827249837e-02 3.473855290118263439e-02 5.978022129874492607e-02 9.025921440600329082e-02 1.198138256491638881e-01 6.081383896689324109e-02 5.915030741356009508e-02
4.062500000000000000e-01 1.306713942428981146e-01 7.398700736710787929e-02 1.078475804870748789e-03 7.895815800153103969e-02 8.021612981902843942e-02 1.914073383153747435e-02 2.724700712274352385e-02 1.532334500905643271e-01 8.450413073046127155e-02 3.920344987139008641e-02 5.530405378413835032e-02 1.233621154832678091e-01 2.729427260389279478e-02 1.348013449581921541e-01 9.746188091583805890e-03 3.318818142723985870e-02 7.584734394725174689e-02 1.459431093624699582e-01 9.611188148759070710e-03 8.765013731950824227e-02
4.218750000000000000e-01 1.228558399721425276e-01 1.022995141718011439e-02 1.131789590617921989e-02 6.372360679655408866e-01 1.888171383408952797e-01 1.281372237204233822e-01 2.383804467217595646e-01 5.773518890553711036e-02 3.028696455436025170e-01 2.658306700679864409e-01 1.898191172113626590e-01 1.014054532539580000e-01 1.259845472627484919e-01 3.052726919309556308e-02 2.130949941475689391e-01 1.587848556803652944e-01 5.525650826458011755e-02 1.898241509728916809e-01 3.483243044198551797e-01 6.838752946310492666e-03
4.375000000000000000e-01 7.223325360786239657e-02 1.379953580677834579e-01 2.859052983070606291e-01 2.197444853186417968e-01 4.342795994755976191e-02 8.083019615740635877e-03 1.309886104599773671e-01 1.291374211919987247e-01 1.370956934043227882e-01 6.177437217655276647e-02 1.998816186645257786e-01 2.096645038509052650e-01 2.679880781771539627e-02 1.559175418008030001e-01 2.789999597197111436e-01 1.585927991468340792e-01 6.017200136935153820e-02 2.028083548384908841e-01 1.350613324276092597e-01 8.011336962690361607e-02
4.531250000000000000e-01 1.164668647251684841e-01 1.014466443242492549e-01 2.157186154139140444e-01 1.168991605873633266e-01 4.658104292552942005e-02 3.821532085539876278e-02 1.010805337120768421e-01 1.024977856464179687e-01 1.072272112441557124e-01 3.044001796821123318e-02 1.147100463274246251e-01 8.193313813187907968e-02 8.514105295162945064e-02 7.431265501232363346e-02 1.497890928629293412e-02 6.326218962508209191e-03 1.608897230162790182e-01 1.759823400338904886e-01 1.159216602117146000e-01 2.149845843110409493e-02
4.687500000000000000e-01 2.154849856123088880e-01 1.247326186665276802e-02 6.682284666079056634e-02 9.221558662879787704e-02 2.563987251389617250e-01 2.217168746766971232e-01 2.074718291103929135e-01 8.505588190416377148e-02 1.233970064482669826e-01 5.949996245173286985e-02 1.308620248476591308e-01 8.971476541115408487e-02 1.671877580544632591e-01 1.334453681439353445e-01 5.879285358343162848e-02 2.581287829909301723e-01 3.383489838319038157e-01 1.952871767170917539e-01 1.315851345120847560e-01 2.113421074588477666e-01
4.843750000000000000e-01 2.344566788094372967e-01 2.227997297916806466e-02 1.732327866510296466e-01 1.407123268604297539e-01 2.257726172402794995e-01 3.816512223296428807e-01 2.134782307265245260e-01 2.527135115330767512e-01 8.675998956299663112e-02 9.670198408383727517e-02 6.743740613509514870e-02 8.585697774762050816e-02 2.346645831934780213e-01 3.643722919153326023e-01 3.079794408986663012e-01 2.241066551882652247e-01 3.322171481836702633e-01 1.668471517351996225e-01 5.677403276208527194e-02 2.348192610161501936e-01
5.000000000000000000e-01 1.036536344715855151e-01 2.446230367174547990e-02 2.215494706712463069e-01 1.110918757206636187e-01 2.406282227628473436e-01 1.787821260852584179e-02 7.841342767348633003e-02 1.227612645549734094e-01 7.415123602232510935e-02 5.713155567914265237e-02 6.613875877692050598e-02 2.191032445341546328e-02 5.994083223001933636e-03 4.829150026125115236e-01 4.126703365838044896e-02 1.342861995340292880e-01 4.458309098805551818e-01 4.031817397772536893e-01 2.643269802011523617e-01 3.376469321471199381e-01
5.156250000000000000e-01 1.253516004152376018e-01 1.253734626471984248e-01 4.921683429289612499e-02 1.747916761627214821e-01 2.744517776803852976e-02 2.351152333822393026e-01 2.007611542758588885e-01 2.251052093907937035e-01 4.500559690777644617e-02 6.975567796480411364e-02 3.171321617196518061e-02 4.026156640485597377e-02 1.707362617526796966e-01 2.334026520568516783e-01 3.238839818516529023e-01 2.232675251961458163e-01 5.011914045489996861e-01 5.677967980038350210e-02 1.901048490125624990e-01 1.977004305852544663e-01
5.312500000000000000e-01 2.801192487226318861e-01 1.079731625575466591e-01 2.230528935531141121e-03 1.070333659242041907e-02 1.358791406440399141e-01 1.235903418332195830e-01 1.741476615228551572e-01 4.644354954365013249e-02 2.702762070978441747e-02 1.064411458974280633e-01 1.168204459526264033e-01 3.223297859610616545e-01 9.378176359692100283e-02 1.361326851391956860e-01 2.260689310893938386e-03 7.340308207270139496e-02 4.719373452946088454e-01 1.930632766241649201e-01 2.031477776615592257e-01 1.402352718854328606e-01
5.468750000000000000e-01 1.755884645799900973e-02 2.602501844899622885e-01 1.760816099469499907e-01 3.194104854338574717e-01 5.251944166353186144e-02 4.066381684975851896e-02 3.302335501194376272e-02 1.032587289260950558e-01 1.243014053267903901e-01 7.356721198754072322e-02 1.232516726160669263e-02 1.759865336047388706e-01 7.675250639998278113e-02 1.725477600393086342e-01 5.635874738579794291e-02 4.832457869818688329e-02 1.732993589550658187e-01 1.151116307143982692e-01 8.388497102556367879e-02 9.373489786567169510e-03
5.625000000000000000e-01 2.281698924829644592e-01 1.438568976403247490e-01 3.842362204730154218e-01 1.253384708272662074e-01 1.207928583580710445e-02 1.007899884346839456e-02 1.204693680765861336e-01 1.624803646323054740e-01 1.414934089467073108e-01 5.173684364334614483e-02 1.370407821769484558e-01 2.813015522362814491e-01 2.380539734360498372e-02 4.392558204707078806e-01 2.516076796538868066e-01 1.181593846608913478e-01 2.001614546124331345e-02 3.653084652431957680e-01 1.878320875326345563e-01 6.356577351225807526e-02
5.781250000000000000e-01 1.805475441921520208e-01 2.276733677453130489e-01 3.149469845077870755e-01 1.779879000150997315e-01 4.623281725600864728e-02 3.109748584966451346e-02 2.764243705521759464e-01 1.891123016308351168e-01 5.938244384733104564e-01 1.612256395396658160e-01 1.210730013333633504e-01 2.375603368554763672e-01 8.338095488395050325e-02 4.218223381383518489e-01 3.526794714066162212e-02 1.698362129126708975e-01 1.276734934299131874e-01 1.874360480371951854e-01 2.818841622974019908e-03 3.229977980460696334e-03
5.937500000000000000e-01 5.233021619074473829e-02 1.510621577154858675e-01 1.089211961417653647e-02 1.045639302147355065e-01 3.577872729162034915e-02 2.798852761762356603e-02 3.794701339732104578e-02 1.567624568581336697e-01 1.280114628663501786e-01 4.597689948894760625e-02 1.849085082558878448e-02 4.032943849426281341e-02 6.822136891612098908e-02 6.657194691516445106e-02 2.278192026085308977e-02 2.721243510855687886e-02 1.388199361941725440e-01 7.619985621715401336e-02 3.129182580382981055e-02 1.028330015584126012e-01
6.093750000000000000e-01 1.212651499403289562e-01 1.630621453591715730e-01 2.435764876617965355e-02 9.909050972260501078e-02 1.215470686894430385e-01 3.002292365398938692e-02 7.508464300805452185e-02 1.185182724453086034e-01 1.130677632017796502e-01 9.668071051188527332e-02 5.145550197360321959e-02 1.699460427837438947e-01 4.109045503501460028e-02 1.127219399651831072e-01 1.813554193941212256e-02 5.570436017403838230e-02 2.179201573412068993e-01 1.406433716930667877e-01 4.560653602558927683e-02 4.741191358018691931e-02
6.250000000000000000e-01 4.317939384174687700e-02 1.844609695103962069e-02 2.017365486705269828e-01 2.345679044248052125e-01 2.791593462273489479e-02 5.754792308859581901e-03 2.070941735991100041e-01 7.101364043608604515e-02 3.376076680737348790e-01 5.207435500110065701e-02 2.178549639987637232e-01 1.324681889763438258e-01 1.060371580836671768e-01 1.110137593695079972e-01 2.258615350411491765e-02 4.991891839515199408e-02 4.302751176374955411e-02 6.630780511375589104e-02 5.975980169227639721e-02 2.528608828023490643e-02
6.406250000000000000e-01 7.676995320146304258e-02 1.260796665166492303e-01 2.738088821517670746e-01 1.404544332683976826e-01 5.074406411172358716e-02 5.606285044589481154e-02 1.231891817736011085e-01 1.606909311921111416e-01 1.782425817838814153e-01 3.285048799266294256e-02 2.265576095717564131e-01 1.560468342001209985e-01 6.918650002071408123e-02 1.902896781975453311e-01 2.122087211339537538e-01 1.534752265098610624e-01 1.103930319025863555e-02 1.997873488696916278e-01 1.189857924289123015e-01 7.272515765062458060e-02
6.562500000000000000e-01 1.685272894768751473e-01 1.097082052259826107e-01 2.491906596977643273e-01 2.089468730217232742e-02 9.753421354672064947e-02 5.907838915931105245e-02 1.653402462780848847e-01 1.239198604186470959e-01 2.096975020151329305e-01 4.643999321437520915e-03 2.169909860014671843e-01 2.177248093519605354e-01 1.199768811091214138e-01 1.468970403162903615e-01 2.445819138418627373e-03 1.659535869548750542e-02 1.462838166723100415e-02 1.624155369742018851e-01 4.819483728978127962e-02 7.225197627417283275e-02
6.718750000000000000e-01 1.216796477561744860e-01 2.170061069389957881e-02 5.233055935120176777e-02 1.141877963555684994e-01 1.179434719534030035e-01 2.927613404899322425e-01 1.871949530772779868e-01 1.487483698499831031e-01 7.105321396503319620e-02 3.202329939468832876e-02 1.230175901757182555e-01 1.147078280040380177e-01 2.237020077838517695e-01 1.715201618396896555e-01 4.569272284884498547e-02 2.940527082850658558e-01 2.742190125228026742e-01 5.326600858382452702e-02 8.020283176663391134e-02 1.421985735836314713e-01
6.875000000000000000e-01 1.352341786509269894e-01 2.402659588513355454e-02 5.406665750248202534e-02 1.098215356662678860e-01 4.110979485197924915e-02 1.734998760512813376e-01 1.630578950861010512e-01 2.012435526541744846e-01 6.437083121050668488e-02 6.498912084993903326e-02 9.666596436248800495e-02 2.794250200249566093e-02 1.884508852486300179e-01 3.765096078327880291e-01 2.343713191339599766e-01 1.267003618042167601e-01 2.498120216942650296e-01 4.410858680287780414e-02 1.078842050198891428e-01 2.197042697303044911e-01
7.031250000000000000e-01 9.221403302932987267e-02 5.668185782346454177e-02 4.046142639054232243e-02 7.242220250376467383e-02 4.200616917208873508e-02 7.741860297793599910e-02 2.327761815368540044e-01 1.665411579131495790e-01 6.721064187417655211e-02 1.120242231153513179e-01 4.782178110042933222e-02 1.045873242894072297e-01 8.571304419363823257e-02 3.228309424273572564e-02 8.064947362120142293e-02 4.770278016549640149e-02 7.310371496962332627e-02 4.327993313951493670e-01 2.180812999010909095e-02 1.472991112211283482e-01
7.187500000000000000e-01 1.318027229145227186e-01 8.441204355555793903e-02 1.191239606107067223e-01 2.495116387772982336e-01 1.467106940069417831e-01 2.457404860229965016e-01 1.925001799925992463e-01 2.823726875875867126e-01 1.044289158302967313e-01 3.543008611363945848e-02 5.444807765728138654e-02 4.929316260414368794e-02 2.265119692260882389e-01 1.725951714466398557e-01 2.544502274539557352e-01 3.236276975354927532e-01 2.781006474893302216e-01 7.175817304243792272e-02 8.437729586099104728e-02 1.583041252578443192e-01
7.343750000000000000e-01 8.415997226427221478e-02 1.763049708907500623e-02 1.098224793540433786e-01 1.493812624770846365e-01 1.883669646164136124e-01 1.289642936945992469e-01 2.377386449493297249e-01 1.000092887973667855e-01 6.290285160599409786e-02 7.398698903814847350e-02 1.226901478280047475e-01 1.341789671669664785e-01 4.041014442544441782e-02 4.902772480755913931e-03 1.836961662482830548e-02 9.017176734332317534e-02 2.534780981945209399e-01 1.299130031740527158e-01 4.908496336470672544e-02 6.406408142201475142e-02
7.500000000000000000e-01 3.634906744301402010e-02 1.673056587700685882e-01 2.292706650016354541e-01 1.353459939275383495e-01 1.941838360088913792e-02 2.198658802008365484e-02 9.446740686550622601e-02 2.166058837146337401e-01 1.625719970038023710e-01 4.502405038549457672e-02 9.647753924890394017e-02 5.447627960590474550e-02 1.319962423810367158e-01 6.213455536922352085e-02 1.677705991753784473e-02 1.020437302486373182e-02 1.462752932787014098e-02 9.016201423536855664e-02 2.254175327819318495e-02 3.672376400711017085e-03
7.656250000000000000e-01 1.586060807364273184e-01 1.034391544986733996e-01 3.228760598383451086e-01 1.400311504240087657e-01 2.232290098243634204e-03 6.843337278864143614e-02 1.327861120863301492e-01 1.414215732854939289e-01 1.919860890084108818e-01 2.029541279712464286e-02 2.927286279758700704e-01 2.854267456575090289e-01 6.258687287163287871e-02 2.543784226059695452e-01 2.178609076967230884e-01 1.173924408822461379e-01 2.674977195161282791e-03 2.832627231424635350e-01 1.772432251936998937e-01 6.036753812865865154e-02
7.812500000000000000e-01 7.800131533220025504e-02 1.990071351572960112e-01 2.126302597414569118e-01 3.081559098501819860e-01 3.094372570116079094e-02 4.507328577923092050e-02 2.348226986946442552e-01 2.498669076068626982e-01 4.360219220122962813e-01 9.980342264966531041e-02 1.029861574418756975e-01 2.287610462085260810e-01 1.200121228959019487e-01 1.237448331062172419e-01 2.609001135768428820e-02 1.581749280873999686e-01 9.778535831105543419e-02 8.396549698530024475e-02 4.286443034862192150e-03 3.499976075195956188e-02
7.968750000000000000e-01 8.002077805876720018e-02 1.009411100317595955e-01 7.409927532310986269e-03 4.863371539047098985e-02 3.482012369816769870e-02 5.270453123777844341e-03 9.259358410908106671e-03 1.279633387439089165e-01 7.231148231200007492e-02 1.089517470492781803e-02 4.015147838957905391e-02 1.151350449236552935e-02 2.309862606210941541e-02 1.153918662818182173e-01 1.206401960227088989e-02 5.349288191192162582e-03 1.054695658250022205e-01 9.932050581869245054e-02 1.424288069589356616e-02 9.555953858099359988e-02
8.125000000000000000e-01 1.042414663863480417e-01 1.437513815877195789e-01 3.255607881967562817e-02 2.056475941878765090e-01 1.481581059504238629e-01 5.768996924909373936e-02 1.247248735452042845e-01 1.221188689502557961e-01 1.904440510252136676e-01 2.027001816055558348e-01 6.519912380787401540e-02 1.430835824727192673e-01 5.535371185578608771e-02 9.635119365354395671e-02 3.851029069760107670e-02 1.041192758223687953e-01 1.571483009601227498e-01 1.125296833838275029e-01 9.398909545411568423e-02 5.518235584003294836e-02
8.281250000000000000e-01 5.050093511743629360e-02 1.232954560082334117e-01 2.847550481759262286e-01 2.967611624138901116e-01 2.385615244495040838e-02 7.481129313913483306e-03 1.685673286669761017e-01 7.368788025144416831e-02 2.679883116741860749e-01 6.975121105599721427e-02 2.803498388945979136e-01 1.154010837941367440e-01 7.402964079959743759e-02 1.001998542719729907e-01 6.164595177731036629e-02 6.527198022433218505e-02 2.878923742596936619e-02 1.065645824385287044e-01 5.656022863990169125e-02 1.671776491737471740e-02
8.437500000000000000e-01 5.153837138657322431e-02 1.437071213302470452e-01 2.675335184255854259e-01 1.561953860797484495e-01 6.155191288430295754e-02 1.234692287382574936e-02 1.156197256737536844e-01 1.526925246277164028e-01 1.420745546082605171e-01 5.884380044716451541e-02 1.502188104058533313e-01 1.007556430563503330e-01 6.223955915394951965e-02 1.600989373144327821e-01 2.141660190283368181e-01 8.785398955518711195e-02 5.849265334988477949e-02 1.513566673342967850e-01 1.002692887734629862e-01 5.636547992764506798e-02
8.593750000000000000e-01 1.938958841930274457e-01 1.114082844064527428e-01 2.389545891691859936e-01 4.057046946553376394e-03 6.693656208326907719e-02 1.030252168298634724e-01 1.613380719124180296e-01 2.785679263168151440e-02 1.303070221310393406e-01 2.697594697859838006e-02 2.620946118899241117e-01 2.577984067144398761e-01 8.681103915460376685e-02 1.473104073601956832e-01 4.912718595771228131e-02 3.723736000161025333e-03 1.257204307384615360e-01 1.310149903570458074e-01 1.119269023473149910e-01 1.650157187704232864e-01
8.750000000000000000e-01 1.890481215573210361e-01 3.445066876569905651e-02 1.609894675392496005e-02 1.453232666959485275e-01 1.359972105803216036e-01 2.798413197530434937e-01 1.581308054101159544e-01 2.288882368510984366e-01 7.149324520028335628e-02 4.446115717716077331e-02 1.476057984951821278e-01 8.475235440127719400e-02 2.886068384380765517e-01 2.720167420468783126e-01 9.347641889918988090e-02 3.114684504161362999e-01 1.799642145418076100e-01 6.971495403928326673e-02 1.449891040704882061e-01 1.455057846071634298e-01
8.906250000000000000e-01 1.488838848782587099e-01 1.872976273485517720e-02 1.297755233939416712e-02 4.016467871193330624e-02 7.448818279189241276e-02 7.936441868427904223e-02 1.559353558191216849e-01 2.002326712703572376e-01 2.243321543130195883e-02 9.991706094712621278e-02 1.194086670665411853e-01 7.974646447514145697e-02 1.244919197788262044e-01 4.476885364819517821e-01 9.630194608044072291e-02 6.204596959293403463e-02 1.237034469826330391e-01 3.049584989291723169e-02 8.355485941174127518e-02 2.518119577336149217e-01
9.062500000000000000e-01 2.691591512063050504e-03 1.067017034600523245e-01 1.350364449065596939e-01 8.453318999166103964e-02 1.375075150489507049e-02 7.467104264268467628e-02 1.788053528651102064e-01 1.924392206520135207e-01 1.236851685216888985e-01 6.202173127220936277e-02 4.192201252213656471e-02 2.611811388565354539e-02 1.394910313408835312e-01 3.558827546426837629e-02 1.905471662066905991e-01 1.043222269041785832e-01 7.254095300522976630e-02 1.869016411246988141e-01 1.646029538768235129e-02 1.604728258826653153e-01
9.218750000000000000e-01 1.823987252355728783e-01 7.037681423457893548e-02 1.812855842423774788e-01 2.499126437927898792e-01 2.695683586649478825e-01 3.186015443552200899e-01 2.117418697520432602e-01 2.522901628976744193e-01 1.210715214649114024e-01 5.420138736839801713e-02 4.033658139919197444e-02 1.012686710538337753e-01 2.044436482575896774e-01 1.967430573679850303e-01 2.475398346197921762e-01 3.884328594141454594e-01 2.998813368075914920e-01 1.423418783600667037e-01 1.076442848887217141e-01 1.438299733078952647e-01
9.375000000000000000e-01 9.005415591407808784e-02 1.505435864317981876e-02 2.070040097329796103e-01 1.502251249790574339e-01 2.124126073717099716e-01 1.483736637577547091e-01 2.773366517285057453e-01 5.778254216295531515e-02 1.287187689485940756e-01 9.625866500305547968e-02 1.316869941981238801e-01 1.108493571423409124e-01 1.160368132861076904e-03 4.438523333742101784e-02 9.943465926964681345e-02 4.402334800996507425e-02 1.752449857249440968e-01 1.604613910252586095e-01 3.196134483928397829e-02 6.986185035431324852e-02
9.531250000000000000e-01 2.359076334109249523e-02 1.953576896073495606e-01 2.728607314915012516e-01 2.211762162247709329e-01 1.331040878592707095e-02 2.881136637500556277e-02 9.621774638808440472e-02 2.492541669034785135e-01 1.528469158332291244e-01 6.618257931487321610e-02 1.214176569942497924e-01 8.338097457009283064e-02 1.153893479295709928e-01 4.819140508890019242e-02 5.454075196347981519e-02 2.219086122941086106e-02 8.007118965730941531e-04 8.286894641216917268e-02 2.053486352550523003e-02 3.702368862947571365e-02
9.687500000000000000e-01 2.160111872036999392e-01 8.583558171080724053e-02 3.504265032552336678e-01 1.196839221655653929e-01 8.695917233787311615e-03 4.432709053522956855e-02 1.397010140716792304e-01 1.479183223120723589e-01 2.258179051444629548e-01 1.026341721483211775e-02 3.160184385807735530e-01 2.603733990480283089e-01 5.327563761785074348e-02 2.595869009546576955e-01 2.268513543377951025e-01 9.606023849030843886e-02 2.597646343838408423e-02 3.006057964739093369e-01 2.106654721063270230e-01 2.789444162053107690e-02
9.843750000000000000e-01 3.444247461610001199e-02 2.840007841975906167e-01 2.196175578057204258e-01 2.825238195375395778e-01 5.992633458298369381e-02 1.497303317461874117e-01 1.742668870360352951e-01 1.991689928346468963e-01 4.124658046961252600e-01 1.259839956745058553e-01 6.760165520946324891e-02 9.470116633264627493e-02 1.461905936563175634e-01 2.210586379572829219e-02 6.989826218380008893e-02 1.221200236830068814e-01 3.669302839007113765e-02 2.544781533706686610e-02 2.191338476994937612e-02 2.516659865615999622e-02
1.000000000000000000e+00 8.022652602010882372e-02 3.575377853772936272e-03 8.675684546311792159e-03 2.370590422567596736e-02 3.514999923189441461e-02 2.664877524878955795e-03 1.411931946173822401e-02 1.230563084727679946e-01 2.222332167746304474e-02 9.058037521579695786e-03 4.616074900218591209e-02 2.355817929157404469e-02 1.378309111751940255e-03 9.841128957181322079e-02 1.042673017369149385e-02 1.315237792947233572e-02 5.467332186748928569e-02 8.549072091520025507e-02 1.597815471869230841e-02 9.672727444212712855e-02
1.015625000000000000e+00 1.585710992482365078e-01 5.653598912272191773e-02 5.982263280711893477e-02 2.789691781134832627e-01 2.517597546284665033e-01 4.869376036666255708e-02 1.609548784538598343e-01 7.773718804440281349e-02 1.970609718091410612e-01 2.902138897840119136e-01 2.227155985338128696e-01 8.408598367498723580e-02 4.700642348189587594e-02 1.038751351949588342e-01 1.098765643260639080e-01 1.515607848792934198e-01 1.504139240056311944e-01 1.021163446454862456e-01 1.621170636401680354e-01 4.383104892610076297e-02
1.031250000000000000e+00 3.141047592859599891e-02 1.785970364702001989e-01 3.033171031180955657e-01 3.010134174368739868e-01 4.274056164312577122e-02 2.125363712676343886e-02 1.501807723560548702e-01 9.823573918261351012e-02 1.851438012464400040e-01 7.228791630703966520e-02 3.061021709442196537e-01 1.719206888783260667e-01 6.316883263701728035e-02 8.849364811891294313e-02 9.532975238035022725e-02 1.090196756346849954e-01 1.943707780676090513e-02 1.463793250000354207e-01 4.839026097277004945e-02 4.779128608696713715e-02
1.046875000000000000e+00 7.945327874083150943e-02 1.607517048359431988e-01 2.408501864854433183e-01 1.558052871575126008e-01 1.083142314798037908e-01 8.613385836783856928e-03 1.050434925618696225e-01 1.470283747799920604e-01 1.326272023014200829e-01 5.207108440356310319e-02 1.262531973894672199e-01 3.551761443768806925e-02 8.092295902050078427e-02 1.419856392816161716e-01 1.560005931884748676e-01 6.600967603744357926e-02 7.072131531828471096e-02 1.569417699327135263e-01 7.902299418723110480e-02 3.244742248499649095e-02
1.062500000000000000e+00 1.200793674271213862e-01 1.531406456509436936e-02 2.692683525067998684e-01 1.164110026652156737e-01 6.865381197362066534e-02 1.239794872902662826e-01 2.297092576043099632e-01 3.466457718322829562e-02 1.360409068061759763e-01 4.502064683644578513e-02 2.417275717184810824e-01 1.134000023950605673e-01 7.091203301491917632e-02 1.805686582611834012e-01 9.510779512909452171e-02 1.057235287506742491e-02 2.441208870761688021e-02 7.136556620931906736e-02 9.861285145592220414e-02 2.021881047886986138e-01
1.078125000000000000e+00 1.460100986211310958e-01 4.464720398265357298e-02 4.287205590343406980e-02 2.403843188944522757e-01 1.087388386478829183e-01 3.252491330669882719e-01 1.590491336177959902e-01 2.843827242362094720e-01 7.164273597914316838e-02 4.779056611710619240e-02 1.540589665835279676e-01 3.321853528373429343e-02 3.327894344842758367e-01 2.331085617585032244e-01 1.679929682438706939e-01 3.222039253583471874e-01 1.788006538708578064e-01 4.153512056000398245e-02 1.072252048059274820e-01 1.499667840214270464e-01
1.093750000000000000e+00 9.931772532175442425e-02 2.620963800033987781e-02 8.545205831099914745e-03 2.315392060343787403e-02 6.283038503864335489e-02 7.111378937332415995e-02 1.455626820422349088e-01 1.966885208211262281e-01 4.300642804115339772e-03 1.122421212327041201e-01 1.280303366406531362e-01 1.441301217810750379e-01 9.122621918051146417e-02 3.523935976963902816e-01 3.868657321474571614e-02 7.338827460681796033e-02 8.842107080724680157e-02 4.060705186058196151e-03 4.021689750618510917e-02 2.294504963606834314e-01
1.109375000000000000e+00 1.707736103042684778e-02 8.966512363085009374e-02 1.363696226275254164e-01 5.132652794124276108e-02 9.673790260992031625e-03 8.652339775537774835e-02 1.533307096335409792e-01 1.937858350463454726e-01 1.384281657655929143e-01 4.449879634567123488e-02 5.619957660228891427e-02 2.677503723641617289e-02 1.437719241816929894e-01 1.207462043966093385e-01 1.833175954522429651e-01 1.743694662478797175e-01 9.225551462078941667e-02 4.031290866149072477e-02 8.422664469794409817e-03 1.434275623740852990e-01
1.125000000000000000e+00 1.479237578855982227e-01 4.660863060395486340e-02 1.670770018697088910e-01 2.239086166867972627e-01 2.736257573825751632e-01 2.902323579331269610e-01 2.112873926257050061e-01 2.048325439499948386e-01 1.026100825214901480e-01 5.220487065561771334e-02 5.236411211117152770e-02 1.016963808113183904e-01 1.848264175698401124e-01 1.447580479396096964e-01 1.598529061840178456e-01 4.315142335735368539e-01 2.266234244665177588e-01 1.282589058797129478e-01 9.581969335662966769e-02 1.295681662956019164e-01
1.140625000000000000e+00 4.533610311547960764e-02 1.368642064239800615e-01 3.099696676302736709e-01 1.643541112554995076e-01 1.483803923952049797e-01 1.596882215191608168e-01 2.506620205805446533e-01 8.639503370508701263e-02 1.577257177728718651e-01 4.724474973994789023e-02 1.714639174679138678e-01 7.102050275952374869e-02 4.015559701088634165e-02 6.849446274498954823e-02 1.461371452592231390e-01 1.434072276303333462e-02 4.890818344270790596e-02 5.491264183677433547e-02 1.809981289227336962e-02 3.359202635832000960e-02
1.156250000000000000e+00 3.646284734485805146e-02 1.995826339526491355e-01 2.632905720681139594e-01 2.361243369344559750e-01 1.863335058934680738e-02 4.758481323555607129e-02 9.925670302606882933e-02 2.453159301589896701e-01 1.534920759433791027e-01 6.620492844936819166e-02 1.516519684392782230e-01 1.296180553251766177e-01 9.437662484578662747e-02 8.370312418506707652e-02 9.083303873956996566e-02 6.137390853470289787e-02 3.001886251849760281e-03 1.181111868686103988e-01 2.608987607580141518e-02 6.597779740629873546e-02
1.171875000000000000e+00 2.500078755931498531e-01 7.312360431085672408e-02 3.140429326762230189e-01 9.291730622544221163e-02 3.852583954550067163e-02 3.317447219725379315e-02 1.431351074374478116e-01 1.446635449917511862e-01 2.440446126822129191e-01 1.316072602099673666e-02 2.627750548829846378e-01 1.954774423422673268e-01 4.587085990610140912e-02 2.497298860834384904e-01 1.575685688101125248e-01 8.078841167100504761e-02 3.637674540785042210e-02 1.413852231681571869e-01 1.742242467833109154e-01 1.290349807381657894e-02
1.187500000000000000e+00 5.399851440304964147e-03 2.381208889693284536e-01 1.316595344433286185e-01 2.453765185109537394e-01 5.173092844430358245e-02 1.545423010943254016e-01 1.311353468269412514e-01 1.482660337883394130e-01 2.563840409047004609e-01 1.394345239816407456e-01 2.583490892506685663e-02 1.889298524825613890e-02 1.306483075728496479e-01 6.453839170384088842e-04 6.380929269476272314e-02 1.007323169034392285e-01 1.804785430837551122e-02 1.963204716845324410e-02 3.221445316341032400e-02 2.469142184462476408e-02
1.203125000000000000e+00 9.508432419878877495e-02 2.023753068334280605e-02 2.674850954579269247e-03 1.705276118263047980e-02 5.614602506163265255e-02 3.137385655971236444e-03 1.162507417464129882e-02 1.169944964025531053e-01 3.407689579845773337e-02 2.154487533306977468e-02 5.253126543063022652e-02 6.548858233725142475e-02 1.437695134419455373e-02 7.590465306858969197e-02 2.837311196813364564e-03 3.269551278646767173e-02 5.753525557244010963e-02 9.618796296802333001e-02 6.439893764244019984e-03 9.535180211132816830e-02
1.218750000000000000e+00 1.446700593461141271e-01 1.082113049489782583e-02 6.181042532077569290e-02 3.605597238993420994e-01 2.691380952872149956e-01 5.393037664261696867e-02 1.843849987055336814e-01 5.657298795687187853e-02 1.669710271348607833e-01 3.253405985425876779e-01 2.959566394927123367e-01 4.635605311011616048e-02 7.094386366446493730e-02 5.983173110889260932e-02 1.833089813808587987e-01 2.144891872408822842e-01 1.125742594932650636e-01 1.056596091372647012e-01 2.019641017911743552e-01 3.001058118173551351e-02
1.234375000000000000e+00 5.233698378780545640e-02 1.764085548296437100e-01 2.461360782582431572e-01 2.710712936632891923e-01 4.572193358868371915e-02 2.943261620270644016e-02 1.401157945654871728e-01 1.221779188970547741e-01 1.698975796882927491e-01 5.990849432563587207e-02 2.891769033543902800e-01 2.149050779339282957e-01 5.280620264145203385e-02 1.398901267909787582e-01 1.276618402555200205e-01 1.561800852272166584e-01 8.445519507764533834e-03 1.735377371714670880e-01 7.141072489191507833e-02 8.235207203534375409e-02
1.250000000000000000e+00 1.285517174006615693e-01 1.532600599866906221e-01 1.887054273045790653e-01 1.208340022401993702e-01 1.296519900406287729e-01 1.789455103330053060e-02 1.082159345455373928e-01 1.508792492845892896e-01 1.281655062433222914e-01 3.995605827925967357e-02 1.199398628395927230e-01 5.140801457142833708e-02 8.797586014681474387e-02 1.516656594225121168e-01 8.197958484251056943e-02 5.178755075368575433e-02 4.456560345789539745e-02 1.808669065665780284e-01 5.155484256897446826e-02 1.566049081680916805e-02
1.265625000000000000e+00 1.311379897325827028e-02 2.175424923283492649e-03 1.197983655060642083e-01 1.390191348499333623e-01 1.851581757233692130e-02 1.838824952038363159e-01 2.434126361482300271e-01 7.221051408840264973e-02 4.640427560910626720e-02 2.959689948848689012e-03 1.609701971913993501e-01 6.013537618668026580e-02 1.924617867849681974e-01 8.401606763121002852e-02 5.758883115850200324e-02 1.039879626221747733e-01 8.308125987972155013e-02 5.066137555920831141e-03 2.024134991850156523e-02 1.744411759359463243e-01
1.281250000000000000e+00 1.623446513115466283e-01 2.313211034000974345e-02 3.756885106057215179e-02 2.436396938607601481e-01 1.063432516053295918e-01 3.611355110340025432e-01 1.820589116058079493e-01 2.653028055731985746e-01 9.111956913475689757e-02 7.377577294965463606e-02 1.236498132552628082e-01 2.685621167951414076e-02 3.006086901936801392e-01 2.830449760495178380e-01 2.455081515152945648e-01 2.785822933375112775e-01 2.470537251516947419e-01 5.549582236788178774e-02 1.216765208110904412e-01 1.893863638738974564e-01
1.296875000000000000e+00 1.303082286219405528e-01 2.970934537370063452e-02 7.105309499030233560e-03 1.307626654456143719e-02 8.291957408575030553e-02 8.418005198143431456e-02 2.032620959093213164e-01 1.670741043047666019e-01 1.621972880427616226e-02 1.159250001217846104e-01 8.456691618895896545e-02 1.942693072425263900e-01 3.328203962045631070e-02 2.557004609211812052e-01 3.918271786941007230e-03 1.247131148965470587e-01 1.519636558127621939e-01 8.545624634762537253e-02 5.038290051670113456e-02 2.723391760760321967e-01
1.312500000000000000e+00 6.736570679079217916e-02 1.088212087344157808e-01 1.223556814990591629e-01 1.461023522651133388e-01 4.842009702018619521e-02 1.280731735068457444e-01 1.869675425479625508e-01 2.584913776856303524e-01 1.385166086953073528e-01 4.249239926060859734e-02 5.679391710021090139e-02 9.437489750940173620e-04 1.641893013906855769e-01 1.512111214429017469e-01 1.806954395023099569e-01 2.230093151575247845e-01 1.640944098309563004e-01 4.985705519346780162e-02 2.325258870760175262e-02 1.816004153983560299e-01
1.328125000000000000e+00 1.821291227579046879e-01 5.199369077627121610e-02 1.463843694310112409e-01 2.251767188760880889e-01 3.046942588180763800e-01 1.903053536371709376e-01 2.304898473546089233e-01 1.719865712868825502e-01 7.058507729103398465e-02 9.072345832482528460e-02 7.010913406154467564e-02 1.722533127278579324e-01 1.196752479623975074e-01 9.879930783972182273e-02 9.862114616180103766e-02 3.677545546879524840e-01 2.213668415829490033e-01 2.032371920252358799e-01 1.384042251117325317e-01 1.016969740412607681e-01
1.343750000000000000e+00 4.834010264920123034e-02 1.733745786381387932e-01 2.464002403458231683e-01 1.971446210840103741e-01 9.131244179347156043e-02 8.029177282283773975e-02 1.695187841361132930e-01 1.375649648349375753e-01 2.135224445157535567e-01 1.053490482962694385e-03 6.986505491646563537e-02 6.054989901144604281e-02 8.309207379879678113e-02 7.224059543021921215e-02 1.475450131664617637e-01 1.330962618977684633e-03 5.859202135171347192e-02 5.475189371721690679e-02 3.034346372104384376e-02 3.116987801194621641e-02
1.359375000000000000e+00 9.043780875909064598e-02 1.534669533981045664e-01 2.838871246152683825e-01 2.334418045064244607e-01 6.409472012626652587e-03 5.511082659751141699e-02 1.134309196071376369e-01 2.132526721897061439e-01 1.541474587535334451e-01 4.765986080727086655e-02 1.766068504745363921e-01 2.270989368294748234e-01 7.214578402007484903e-02 1.273366111373857024e-01 1.619400186888699800e-01 9.903529628357132797e-02 4.067439484424170866e-03 1.588083358362248620e-01 8.559367467266086604e-02 9.810457524910884408e-02
1.375000000000000000e+00 2.922373278547417130e-01 5.044904288817094601e-02 3.034043763816340888e-01 5.706315965407201402e-02 8.612016348568438118e-02 2.562091932723741319e-02 1.651819960510684804e-01 1.710450827190591883e-01 2.608411536317226109e-01 1.938643420417524021e-02 1.394227319953477706e-01 2.022656779719022857e-01 4.422184238935492756e-02 2.560819622149584363e-01 9.169271634124966097e-02 9.511519200752367731e-02 4.941074657249485032e-03 1.150441110561936479e-02 1.494768960400714164e-01 7.730593036211949251e-03
1.390625000000000000e+00 1.004783210544380433e-02 2.196010741587317294e-01 8.934666801885286780e-02 2.066618274033895364e-01 1.684039999468809473e-02 7.350159130887196079e-02 6.322909315851896195e-02 1.300039260298087862e-01 1.912641440773948098e-01 7.957803697426653333e-02 3.292889326706090365e-03 1.904761443606068499e-02 1.460154926702138811e-01 2.043320565618480730e-02 5.594549894671153184e-02 5.454955443714566699e-02 1.004486489865703686e-01 4.851800162415659950e-02 4.204547959203905338e-02 3.744075272231383450e-02
1.406250000000000000e+00 1.419185342602738709e-01 7.404726107884224140e-02 6.010633421345342765e-03 4.222549428710348912e-02 1.007144732815595661e-01 7.717667977964090022e-03 3.138925614164082833e-02 1.131298019686826223e-01 6.515301725061063698e-02 6.196744020133819475e-02 5.997865265624598152e-02 1.495216705278747116e-01 1.777314560730814882e-02 1.085278644369098155e-01 8.864433405574634111e-04 6.741423806347299208e-02 1.440891214967747747e-01 1.278574134255190953e-01 2.415637600042201249e-03 8.623908204601567207e-02
1.421875000000000000e+00 9.171413392362945394e-02 3.799194817763011656e-02 1.439014710788766860e-01 4.717465069170133085e-01 2.391411597660302590e-01 4.353405092122025581e-03 2.028714481381115042e-01 1.058917238866579832e-02 2.107246904920664909e-01 2.433116167397405827e-01 2.820652707212416566e-01 4.012868774260062305e-02 1.033360893323791857e-01 4.135592957248569040e-02 1.468214083709453721e-01 1.212676085481756844e-01 1.699187321473265289e-01 9.860796164508206507e-02 1.785688100099988851e-01 9.485610279058316607e-03
1.437500000000000000e+00 3.669663465881421727e-02 1.407519519842657107e-01 2.457444439962069294e-01 2.556659197890651103e-01 7.133959526896123393e-02 2.981275550778588260e-02 1.411096821175771288e-01 1.481316422433733848e-01 1.835346367828110670e-01 6.372520564775552288e-02 2.697299897950980463e-01 1.537216391376977076e-01 5.503381692493802130e-02 1.441093857847943194e-01 2.045124179491432936e-01 1.680193856067311586e-01 4.848340010259917510e-02 1.315050506445045730e-01 1.052590980663210968e-01 1.228274182819926452e-01
1.453125000000000000e+00 2.383976885812282287e-01 1.105656709301235940e-01 1.776820047430833216e-01 3.649643385682400931e-02 1.865211124756800121e-01 1.486467495778357253e-02 1.305246855201470380e-01 9.956528344491168137e-02 1.313140472306563167e-01 2.617809321010517581e-02 1.841503971401953210e-01 1.432434201788153616e-01 7.592859933141724027e-02 2.394403726122000531e-01 6.462119783202530110e-02 2.954994749458436654e-02 1.194030994486736663e-01 2.580679020852955086e-01 9.650435836036838633e-02 5.828319444216385758e-02
1.468750000000000000e+00 1.885014010178760746e-02 1.959677062042140122e-02 1.205356073190978761e-01 1.780225737987797263e-01 2.216295472345198442e-02 2.166172327044000312e-01 1.808235062374848046e-01 1.628313796189408691e-01 5.888690635992716027e-02 3.014179287281198039e-03 1.489802139521214930e-01 2.863495437773647817e-02 3.258185080310612158e-01 7.288331230201419708e-02 7.367161648195814927e-02 1.540344478174685838e-01 8.212964571300765404e-02 1.116888401802962859e-02 1.091060324405617593e-02 1.105410314240012903e-01
1.484375000000000000e+00 1.525527743125308644e-01 1.196208061315548639e-02 1.687509594751522568e-02 1.801927088410994193e-01 4.619314545874898120e-02 2.674442980710605156e-01 1.577827688988955590e-01 2.640274495507961561e-01 6.786119263925770306e-02 7.678799455770850269e-02 1.601396842936918252e-01 3.048325596465272652e-02 2.680200889210304638e-01 3.380076321124924066e-01 2.530834463565950210e-01 1.613588687958160683e-01 1.806947640095434848e-01 3.479457099016901311e-02 1.237582449048492406e-01 1.709605411090849847e-01
1.500000000000000000e+00 3.250155119169241269e-01 7.007952337443197621e-02 2.529936156894774593e-02 8.983789208740222687e-02 1.967352451344987208e-01 7.100815368526751381e-02 1.688840103920809799e-01 8.821196927428820445e-02 7.989675079270829039e-02 1.271205148532907614e-01 1.534191321283558118e-02 1.549672136915125620e-01 4.153409643462768058e-02 3.256879227845651537e-01 1.060103923793780378e-01 1.019425852980379021e-01 1.067562123930099471e-01 3.997557056718751833e-01 2.288342094328042753e-01 2.009233393070382068e-01
1.515625000000000000e+00 8.755330829459855024e-02 1.040408761458048587e-01 2.499408301879301464e-01 1.529971766711093473e-01 1.145304848172486456e-01 1.893007670422120481e-01 1.796517702233112468e-01 2.301993162578375163e-01 1.497443947408134413e-01 2.444848419622683983e-02 4.423604501133208966e-02 3.077841699119895566e-02 1.810908635159867996e-01 1.174107670909416978e-01 2.232861251768282762e-01 2.985140591487697725e-01 1.914330316038714563e-01 7.038748824064770815e-02 9.440009155693542334e-03 1.280238469604839113e-01
1.531250000000000000e+00 1.800224926101565703e-01 1.881945393983195172e-02 2.963977109987351310e-01 2.335169096964081203e-01 3.385004716151725490e-01 1.580157471266409874e-01 2.367055591100953871e-01 1.439442722949692277e-01 8.503485537196062150e-02 1.267252184828480399e-01 7.287193078324115392e-02 1.218184109899973500e-01 5.088342853721456588e-02 3.079174904023234197e-02 1.334195454934121727e-01 2.331359915196802857e-01 1.649925169791787161e-01 2.246641108295768796e-01 1.621038146520504541e-01 5.999401961382660325e-02
1.546875000000000000e+00 2.316647432011718216e-02 2.895858574977405731e-01 3.315447450949242092e-01 2.557836688490351396e-01 6.671646688825104421e-02 7.133688150588865517e-02 1.024786707875520314e-01 1.817577731687178288e-01 2.039335692031337688e-01 1.802599227204115459e-02 1.088796371514372946e-01 1.358717537954672212e-02 1.327046130655102629e-01 3.091559689986395770e-02 9.504963010771917686e-02 7.146601204259669764e-03 1.243293916624593591e-02 5.128053121158098349e-04 1.852528460866748744e-02 2.481971008374369084e-02
1.562500000000000000e+00 1.174357897491805913e-01 1.574969291831583851e-01 3.309428947899685780e-01 2.120034840961826095e-01 6.298839958953697353e-03 7.559406292320655640e-02 1.297846169639685077e-01 1.938367829359123051e-01 1.932137000479669242e-01 3.690559124208902392e-02 2.640608271982777255e-01 2.509218279811422092e-01 7.931234946997010871e-02 1.340679904489598395e-01 1.808131147425903473e-01 1.206696442416323040e-01 2.262899946968604040e-02 1.807059949095649598e-01 1.031317785986035213e-01 1.039142024509400464e-01
1.578125000000000000e+00 2.825324746536101439e-01 1.414387161494871648e-01 4.065916834904456656e-01 5.224280466626233382e-02 1.610730250423936805e-01 6.296043731923386955e-02 2.139788479263241561e-01 1.958653091836072835e-01 3.635910568186835889e-01 6.839906428496200785e-02 8.229786831363558597e-02 1.788374716320942082e-01 4.174336422821290499e-02 2.157780045721165996e-01 7.162823802697985964e-02 1.189211413770021319e-01 1.584566650373534359e-04 2.807915708034949484e-02 8.586345049162472098e-02 1.133512790668597670e-02
1.593750000000000000e+00 1.312561524152089550e-02 1.805032488159911130e-01 7.499253665613050956e-02 1.342056854414367117e-01 7.212414293939150255e-03 4.837295688390083614e-02 2.912144018570778092e-02 9.067284679492890187e-02 1.528730910164051437e-01 4.092935532753581157e-02 6.222693814157543961e-03 1.800475366329463891e-03 1.221821202975464926e-01 1.959962687491996827e-02 4.151397292206107648e-02 1.001799967780254812e-02 8.796956555952857582e-02 3.967603492571523949e-02 2.504137929567486556e-02 4.212545980490810249e-02
1.609375000000000000e+00 1.462426246178039346e-01 8.593163217572408197e-02 2.101059318255246028e-02 7.227428552871244249e-02 1.303259824765091723e-01 1.529260496970702085e-02 7.494493670338529812e-02 9.633142943241436440e-02 1.117471698206406461e-01 1.313340427999949989e-01 7.617173459486450970e-02 1.523934600944941431e-01 2.106756261220471896e-02 7.262502155424077621e-02 7.744080253737547007e-03 1.169186953712494648e-01 1.739631767096900539e-01 1.147279004432592564e-01 1.442773850914673590e-02 7.123899452887494377e-02
1.625000000000000000e+00 6.098627243004197188e-03 1.284455836641495430e-01 2.362352913216334560e-01 3.689171943404471743e-01 1.277918289222825798e-01 1.122803664199160077e-02 1.821194108163989300e-01 3.197426430769917394e-02 2.358116268452278841e-01 1.429427449441240394e-01 2.661970011655117041e-01 3.409490119153484045e-02 8.312457636898409885e-02 1.403201001136633727e-03 2.936940686098625519e-02 9.891297745696223109e-02 7.836518235096265328e-02 6.184998697941753582e-02 3.293565990685153738e-02 6.941333467857141969e-03
1.640625000000000000e+00 5.680255093607044364e-02 1.309531994849826853e-01 2.355344251424768831e-01 2.024950638712531559e-01 5.817561660928064621e-02 1.871584031937600923e-02 1.336581972048581091e-01 1.803064451837660120e-01 1.782654472614846886e-01 5.673983989134684380e-02 1.752095393509477683e-01 1.309112592991972246e-01 4.713523138101987503e-02 1.562434514070644431e-01 2.714702474188999681e-01 1.488177557159712228e-01 6.039019241564219653e-02 1.465050777978310903e-01 1.388279828438530872e-01 1.005626061602884480e-01
1.656250000000000000e+00 2.722236982061873589e-01 7.977783879212921314e-02 1.364188891803005954e-01 6.356141415879444645e-03 1.106525764936395761e-01 3.069976359315934600e-02 1.436159319581638560e-01 5.621509528636856740e-02 1.163496682875695548e-01 3.237075617774160669e-02 2.293731334657574672e-01 1.753391729471480420e-01 4.324164135043719048e-02 2.825438926046437427e-01 3.076641106022696276e-02 8.449213237870470405e-03 1.387578469717803964e-01 2.411748313344341255e-01 1.094487916540745620e-01 1.680649478528027374e-01
1.671875000000000000e+00 1.451533186319771129e-01 1.489563665497067348e-02 1.809108178126936708e-02 1.722916841878061600e-01 9.589711344007158245e-02 2.822003584008552779e-01 1.851694751736754907e-01 2.339103261470263651e-01 4.367709308112159572e-02 2.623684047394194557e-02 1.777598978213615621e-01 7.357576216147999892e-02 3.953975347151832409e-01 1.122686191335393741e-01 2.471968295281468456e-02 2.448725613947874691e-01 2.123870796995188936e-01 3.059286777916709471e-02 8.563951594682339685e-02 1.291012733182548833e-01
1.687500000000000000e+00 1.971839614724529843e-01 2.294771689703581016e-02 1.298503736504447691e-02 1.423560828798126898e-01 8.631737328894831252e-02 1.939454510312203506e-01 1.842226380839915301e-01 2.918988482895647496e-01 5.608301618136905808e-02 8.900590183680261169e-02 1.355528271965877052e-01 5.595708245277469794e-02 1.702851843365223994e-01 3.048919137593489315e-01 1.387204864972353957e-01 9.760921356533215631e-02 2.078305942900338932e-01 6.862264072071204424e-02 8.723542645493062575e-02 2.465944501647617804e-01
1.703125000000000000e+00 7.592160799585448427e-02 2.299622521858804558e-01 1.862935334539881915e-01 1.958712409056836690e-01 5.650297719060953794e-02 1.263168917408930003e-01 2.203237506163161219e-01 1.483198470746545650e-01 1.477760671496218536e-01 5.615645608723311005e-02 1.353720085980781793e-02 1.071957782860782915e-01 9.484682125184223933e-02 6.023681111921061482e-02 2.030198774975522646e-01 2.887262162734994808e-01 7.643737099438148441e-02 4.984364036193112968e-01 2.383883315605582753e-01 3.987337027555530877e-01
1.718750000000000000e+00 3.057671615940722454e-01 8.488248635821800392e-02 2.367477247713265509e-01 1.435215480942526600e-01 1.955103477320427607e-01 3.696700392819204373e-01 2.439825905485803192e-01 1.770692318004515875e-01 1.263210140446105467e-01 1.272460591278707920e-01 2.370209035261661157e-02 1.120576209200561529e-01 9.111886173028414804e-02 2.925336228994706023e-01 3.379246410951783908e-01 3.634140065498467353e-01 3.558564613911324170e-01 2.286649236150602726e-01 1.122677126075941056e-01 1.860277542632206571e-01
1.734375000000000000e+00 2.544981439626081698e-01 9.555220737347682597e-03 2.315844720493300535e-01 3.501518902003864647e-02 1.986181621112607931e-01 1.360892693399562980e-01 3.203975158200140227e-01 3.263948999564379033e-02 1.185886540029781749e-01 1.258657797607974915e-01 6.273790372600510090e-02 1.887023704016872194e-01 3.090881209447750647e-02 1.550630576549227313e-01 8.852532583620471851e-02 1.025708840944221795e-01 2.169612948264804941e-01 3.436906166789904238e-01 7.327713082567773040e-02 2.582258943562382725e-01
1.750000000000000000e+00 5.163432185434758959e-02 2.526960736830833332e-01 2.491956946967848474e-01 2.410421691456967885e-01 6.005004461634843617e-03 4.339384574303045000e-02 1.293219887368532439e-01 1.922508492188312323e-01 1.579599327813188403e-01 7.415231356351538461e-02 5.217020938800595586e-02 9.532797551521844659e-02 7.981520540752669313e-02 7.351181896416833506e-02 2.419979793147438926e-02 4.763061031755258870e-03 1.815249238892268149e-02 1.450815058382436129e-01 4.043482922794261469e-02 8.302975444795590576e-02
1.765625000000000000e+00 2.640487601766435821e-01 1.105410542002819990e-01 2.495740054790512308e-01 1.872622560621885757e-01 2.470483282946117371e-03 3.207400070335558739e-02 1.764520405693595084e-01 9.943756876946968637e-02 1.775040322684463545e-01 2.807810946528410678e-02 2.413885418198263577e-01 3.221065149072951384e-01 2.446404853408273503e-02 2.827857158662112069e-01 3.191322499666739421e-01 1.241316882552670614e-01 4.367316600315915981e-02 4.647551532111922068e-01 2.299099374260724638e-01 5.410179641855391436e-02
1.781250000000000000e+00 1.883792261811049196e-01 1.875938426299179618e-01 2.827105934094285566e-01 4.120839060911485885e-01 1.033740585931655111e-02 1.721555852663599062e-01 2.950675646079162218e-01 2.608266214040021458e-01 2.109239313371518432e-01 4.787476073771066570e-02 3.411787578701017121e-02 3.080138905558762463e-01 1.060337453665223528e-01 1.846718834131850229e-01 1.483126858390087788e-01 2.328159045164431562e-01 7.430207741561904722e-02 1.763867289366972124e-01 3.601506167392888591e-02 3.321165946343377501e-02
1.796875000000000000e+00 2.156297129701709170e-01 8.894355115107692444e-02 1.105831363775960918e-02 9.806371178513886844e-02 1.999135620518736889e-02 2.676005739450197304e-02 8.730438759695409098e-03 7.384535360070738907e-02 8.638842407301454418e-02 1.099119425261833524e-03 9.803822929938617314e-02 2.924365080189166022e-02 5.204344495864571957e-02 1.576589491424570666e-01 1.321928597707474826e-02 3.954501561099361961e-02 1.894618109297076802e-01 2.420569246959271004e-01 7.889404811685591171e-03 4.745636766618193531e-02
1.812500000000000000e+00 2.961109602583150147e-01 8.973908809748212811e-02 4.387183609551675162e-02 5.693762876870149814e-01 6.682447266584642942e-02 7.142669893819680871e-02 9.299706096234822139e-02 1.899296832786815936e-01 6.414989264440633387e-02 1.182267853976661232e-01 8.101896894662152793e-02 2.711089140452992430e-01 5.567078555866261658e-02 2.313594189307090210e-01 2.124489003151077415e-01 2.076470715116882082e-01 3.183445206985318632e-01 4.034721912918779463e-01 1.547447344490729126e-01 7.566686581710602155e-02
1.828125000000000000e+00 4.062707035919472243e-01 4.025182711310099776e-02 7.912502143596152060e-02 9.785148634591303574e-02 2.754957479905622078e-02 7.622061104603532200e-02 2.054614475557955677e-01 9.641410717051993040e-02 7.928104994031914821e-02 1.061970163788868333e-02 1.949455819165814563e-01 3.981550360455850535e-01 2.610053622101300361e-03 4.473700883429795883e-01 6.808721970655690070e-02 2.165459182896917190e-01 6.609927101945892169e-02 1.923670447790184757e-01 1.630126322909303538e-01 1.045161088075210153e-02
1.843750000000000000e+00 1.417104452548925420e-01 1.970428823561568843e-01 1.218996504276108200e-01 3.025034830622926330e-01 1.064910374695567097e-02 1.168538100193415585e-01 1.476585635750770620e-01 2.391223935686896673e-01 1.090788083930968738e-01 9.547678181256004371e-02 9.605439876356901274e-02 2.330030466206458872e-01 9.162161285050804405e-02 4.651430731296715693e-02 1.786198327718265255e-01 6.220025056767333055e-02 7.094669391632889288e-02 2.185320564945597843e-01 1.199572948351671081e-01 9.326026228866246548e-02
1.859375000000000000e+00 1.126999158080043417e-01 2.116637050903077966e-01 1.893264980105781592e-01 1.006050766040068600e-01 7.701979206811927769e-02 7.701322390076027757e-02 4.265001657071374463e-01 5.199471852211018374e-02 1.155829240637622907e-01 6.838680024610718604e-03 3.887490975900154133e-02 9.852644416672809435e-02 1.107093039885361924e-01 3.091766715096535556e-01 1.421175973856331487e-01 1.596332898277479442e-02 2.738845020054572754e-01 1.834792546471173125e-01 1.097689826228821774e-01 3.035717153686492420e-01
1.875000000000000000e+00 3.014365474288984159e-01 3.750168208210567788e-02 1.111851313078021652e-01 1.218166099499059102e-01 2.588994989263593283e-01 4.526670585293312010e-01 3.010081479645561608e-01 1.224009104753075866e-01 1.085230880820804711e-01 1.721420465291791935e-01 2.840646324577246126e-02 1.458793990080273217e-01 1.040054424102985070e-01 2.501074280919560744e-01 1.820831605978264212e-01 4.010741190652620802e-01 5.071228135668300885e-01 3.045648987399173224e-01 1.811860703749864632e-01 2.086509053936471125e-01
1.890625000000000000e+00 8.665947593980649621e-02 1.376601231137128956e-01 9.849149586741284823e-02 2.042585790353493996e-02 5.316882166955582550e-02 2.796083812044445893e-01 2.396711000194178820e-01 1.632731532554378695e-01 1.399846081188797220e-01 9.808195025677073076e-02 2.836728579702317218e-02 6.304966870109932411e-03 7.717851493918523320e-02 1.530937329497544797e-01 2.024260818145644514e-01 2.577806048584689869e-01 3.843129681420048849e-01 2.071557691295866921e-01 5.301356282375754153e-02 2.051992614397678549e-01
1.906250000000000000e+00 6.745942387199625745e-02 8.717868222843225268e-02 3.063544243976523695e-02 2.959791916435277129e-02 1.629758299367236110e-02 1.010172610897139139e-01 2.164061405945228445e-01 2.116748669596587307e-01 8.188378750486409452e-02 8.887611536006422008e-02 7.354153911675674615e-02 1.204064944259396752e-01 5.883649159990368693e-02 1.602203766748815927e-01 2.033505751599827549e-02 1.600259167321665121e-01 8.150019096432219168e-02 1.417974127724993400e-02 5.764857129354431647e-02 3.121961501196381383e-01
1.921875000000000000e+00 1.733382108462748483e-01 6.312339166209308960e-02 5.512373628742233550e-02 2.834901406354017328e-01 2.114211748855021333e-01 3.085333340268772151e-01 2.352870645253356818e-01 3.013713827079668173e-01 1.081152867509433818e-01 6.939375470617711872e-02 9.832768503915674529e-02 5.860198425582167220e-02 2.819456910644763670e-01 1.436560935393141059e-01 1.917555244258459524e-01 3.675243640827175473e-01 2.623317246313856543e-01 9.035426858523835925e-02 1.105766438734133300e-01 1.495902539880913928e-01
1.937500000000000000e+00 2.289374491925496441e-02 2.385372818181636864e-02 5.165356740007272240e-02 4.583924313737710449e-02 1.241210462266204989e-01 4.531978568847357114e-02 2.893078277652723629e-01 2.797446915912000023e-02 7.967648177092877260e-02 5.057710849358595939e-02 8.933831535130838664e-02 1.791268868357076896e-02 1.826502174719900617e-01 6.183940239671922856e-02 1.188935198213013009e-02 3.536931699135464208e-02 3.700337895377541209e-01 7.729145556537300732e-02 3.592369833732091122e-02 1.422121818250003666e-01
1.953125000000000000e+00 5.168584108371474667e-02 1.327759628404993619e-01 1.822250464691618221e-01 2.436903650713810321e-01 6.242500672370208947e-02 9.860753719402259865e-03 1.185513743300670858e-01 2.426462773574367127e-01 1.469315169916164954e-01 5.401085206520819110e-02 1.067469492977686646e-01 2.976178816144639527e-02 3.304397570610306117e-02 1.033141067945554242e-01 9.085272442833414175e-02 5.918119371070279522e-02 6.219911599851287581e-02 1.214460502787160640e-01 4.358190097037301786e-02 2.312353962463545645e-02
1.968750000000000000e+00 1.481117425008530442e-01 7.383688068772449598e-02 2.206047461290452649e-01 2.942688621408301453e-01 2.313146881933047724e-02 3.002729883339060740e-02 1.787130245055774669e-01 1.036649616894511905e-01 2.027911530624305625e-01 3.830759458551447061e-02 2.672717462885110806e-01 2.029314352532819998e-01 2.965519390572900205e-02 1.870636561154946087e-01 1.479260514025222129e-01 1.492928452792182947e-01 9.066260019233291639e-03 3.038662597407150168e-01 1.617843281052824544e-01 6.380177094696283524e-02
1.984375000000000000e+00 4.177194979437248018e-02 1.785234084637966623e-01 1.057358645993984880e-01 4.900338596609822850e-01 8.752221574596499853e-02 9.051536927098502439e-02 1.997162812558939404e-01 1.395780361253467772e-01 2.364561173676863748e-01 1.928877285524814023e-01 8.622736929729908628e-02 9.203018316736168158e-02 1.656561327016267404e-01 1.052029501234005675e-02 4.831821713141619401e-02 2.642314231461291851e-01 2.898357036599911729e-01 1.593165560577675666e-01 1.123458019617938897e-01 1.363997391281128804e-02
2.000000000000000000e+00 1.119254141936355251e-01 1.291051223582544063e-03 1.208705260595392943e-03 2.494930021594363515e-02 2.687859608188128066e-02 8.733587249306054220e-03 1.186992098476824693e-02 8.971368441057513132e-02 2.173667908507603830e-02 1.914682898484132596e-03 4.159524527861348936e-02 3.989520523982582889e-03 6.241767603860009367e-03 9.469184210892969689e-02 9.538623842805842024e-03 4.003642022536225455e-04 1.259527461602008847e-01 1.304233176624932100e-01 1.299706700097233263e-02 1.112503299681748270e-01
