0.000000000000000000e+00 1.345212216719600395e-01 5.787634680407438992e-04 3.793106376387294504e-02 1.258417903056898157e-01 6.732149034598553516e-01 5.552924130213880011e-02 7.130914469998729521e-02 1.066738270374647940e-01 2.970470565621074477e-01 9.891361305947941884e-02 1.021665279539911127e-03 3.229448527867621356e-03 9.093529422544383012e-02 1.805430769738310820e-02 8.166953708991553373e-02 1.374763230159809502e-01 4.235773733030669987e-03 1.535373100258850300e-02 2.961681570733971647e-01 1.434688216263893664e-03
1.562500000000000000e-02 1.959218920525480079e-01 1.615658497469490695e-01 1.128953286626653285e-01 3.051281638382290565e-02 4.503202212449932684e-01 2.224990366988664758e-02 2.872534391857070601e-01 9.943776665198748865e-02 3.592339331848116712e-01 1.978902198878754737e-01 6.084449980972470029e-02 2.855819645791341302e-02 2.464111264267089263e-01 2.038403697434248429e-01 3.688013860657308185e-01 2.673720869971478731e-01 1.327324148096779496e-02 2.767920738589102741e-03 8.287211417089092313e-02 6.633285303803729271e-02
3.125000000000000000e-02 4.523221287115987144e-01 1.528740543794557261e-01 2.008656686932602797e-02 2.208857233063225012e-01 1.619563682687954476e-01 1.337147738021835230e-01 2.201760180523021637e-01 1.538795747283304149e-01 1.393810022522419187e-02 1.777151283598553400e-01 5.950483096495489538e-02 2.938411032546877633e-01 2.311430728161812387e-01 2.585521819333942983e-01 3.144041423351354170e-01 1.181196712558290340e-01 3.927944827481982815e-02 1.733820130395335446e-01 7.817959748425347410e-02 3.064047798558972718e-02
4.687500000000000000e-02 3.382051456093347619e-02 2.792701771315322379e-01 3.287370747520126923e-02 3.457943669724384411e-02 1.919279381027964859e-01 5.943998493489556544e-04 1.723657878027460818e-03 1.850442783603735708e-01 9.125820452655922232e-02 1.529362042064756066e-01 8.189492048880717134e-02 3.742654966137522188e-02 1.712355556400290205e-02 6.893938307121827425e-02 2.511381916482985366e-01 2.826866444676041090e-01 5.989301182539615194e-03 6.659607526729455218e-02 1.418204903009842310e-01 8.205475082078025895e-02
6.250000000000000000e-02 1.616429558381175802e-02 2.317133886045188995e-01 1.610745556667880218e-01 1.684417070401136862e-01 3.976296041250310803e-02 2.468737844878403365e-02 2.954369238850714039e-03 2.056498434025738065e-01 6.758261278890560775e-02 2.367211806927672635e-01 1.523493060326523152e-01 3.077014797985096473e-01 2.976255657184185416e-02 1.372000230305935597e-01 2.065161906577199780e-01 2.250155878290595879e-01 3.317853177178149982e-01 1.479470328340602436e-01 3.115297761160256695e-01 4.478449411751390941e-02
7.812500000000000000e-02 2.588040738823220721e-01 8.886120890791456006e-02 5.250287565177542692e-01 2.302411607875857746e-01 9.059961892639795122e-02 2.210552707895663826e-01 1.424453728841879041e-01 2.607747405827725018e-01 2.414482616099220547e-01 2.912337419615205203e-01 8.124771914675771312e-02 3.044063765279841904e-01 2.691768945490776721e-01 2.000101351131198524e-01 2.911657492430854144e-01 2.942855904851385818e-01 3.751416406620405875e-01 2.623127100958009272e-01 3.294674801256032293e-01 2.802585186018980434e-01
9.375000000000000000e-02 2.711696790514595175e-03 4.355995058794108997e-03 1.028031712318163426e-01 2.220676974521360592e-01 8.985591442009535634e-02 8.513008381734124552e-02 1.402874090438057386e-01 1.826841841890914850e-02 2.773830039654953672e-01 2.818510429057434763e-01 1.347693508194758860e-01 3.279956050974576487e-02 7.803789269729700939e-02 1.246824987508185073e-01 1.535619185704192591e-01 2.429574632980055146e-02 8.375867036283829448e-02 1.789189037360240098e-01 2.031822860753610405e-01 1.801549729335772954e-01
1.093750000000000000e-01 3.818123996912760332e-02 1.439943582562301927e-01 3.845599872945776876e-01 2.830539053157798413e-01 5.053786347989135119e-02 3.981765271693420843e-02 2.226054071535288614e-01 1.898783554835977438e-01 1.327104713925636725e-01 4.383973332465388451e-01 2.712730248082438969e-02 4.499181872906684032e-01 2.825252555432971810e-02 1.763566329367604324e-01 4.221218791953890853e-02 4.675622552262760634e-02 2.326556497322132822e-01 2.784766365021565937e-01 3.470239231571959904e-01 9.186861714836526416e-02
1.250000000000000000e-01 2.174497923928344900e-01 4.674624585516685971e-02 2.114629347883735869e-02 3.370803294856719590e-01 8.185481950388651118e-02 1.303877366694309037e-01 4.940526136083830261e-02 2.613248015477133770e-02 8.758870012965075391e-02 1.048680439566342243e-01 5.853976725616889809e-03 9.552747218075285929e-02 6.812606646106017516e-02 2.922493312893966189e-01 2.476404105509720510e-01 4.703833757566160817e-02 2.424484258594528652e-01 1.789430231713470820e-01 1.562589152050117280e-01 3.552924542041601685e-01
1.406250000000000000e-01 4.872811531485966852e-02 7.887694696617754408e-02 6.984882132304255642e-02 1.018013551803331057e-01 5.480488194778392053e-02 3.351231536513927800e-01 1.428706179910352639e-04 1.288799658775773294e-01 2.151300491965139894e-01 2.187577872287495839e-01 1.710177261970951823e-01 4.291059109435446661e-02 2.939513414628101839e-02 3.139526735000651436e-02 3.061643380033237660e-01 1.371633057559946134e-01 9.623018149856361891e-02 1.982348883566341369e-02 2.994320661810485618e-01 1.597900160822277316e-01
1.562500000000000000e-01 3.579251729494755119e-01 3.143242986968061148e-01 8.690680549532295296e-02 7.179719991740159124e-02 1.957871568789565919e-01 4.265181831975471682e-02 1.421656839412163142e-01 2.299031157131290470e-01 5.177798137080676100e-02 2.580755065074476495e-01 5.243125019902392103e-02 1.307194282250520312e-01 1.107337004604259934e-01 1.886470983944265878e-01 2.040044856784118399e-01 3.410886804157812757e-01 8.963916609592531559e-03 9.733810991331183493e-02 9.658238529252094473e-02 6.499282933997389822e-02
1.718750000000000000e-01 1.528743338716549438e-01 2.170400563319971332e-02 1.885566119766122692e-02 1.825829980763218341e-01 1.760901451432266354e-02 4.057608238236771331e-02 3.031849358881315570e-01 3.629403361296774239e-02 4.462785716422206644e-02 1.745007654438767569e-02 1.738813600950901983e-01 1.635965220657296937e-01 3.047140532871910334e-01 8.474918898318768712e-02 4.155072182495507249e-01 8.081891024355712660e-02 8.478585431135424524e-03 9.439398453191208405e-03 1.895513011116709001e-02 1.316577773954245578e-01
1.875000000000000000e-01 7.021201659031731657e-01 8.424448876203060044e-01 8.126708206080620611e-01 8.630478607332089380e-01 6.720244488743978284e-01 8.039617201442551542e-01 8.849111255835060419e-01 8.117269492875495152e-01 8.223779601266540951e-01 7.821363091330473249e-01 6.432956570407406538e-01 9.297957348131502542e-01 9.173703757129806347e-01 7.560986805410753187e-01 8.105351991362609310e-01 7.638371329121524944e-01 5.875966827515268776e-01 7.051668269583947213e-01 6.903398607008071064e-01 6.539260764169381179e-01
2.031250000000000000e-01 8.988185303449195418e-01 9.063156803606712275e-01 9.044647998417114643e-01 9.460934282258344208e-01 8.898553549851643263e-01 9.409128657107520555e-01 9.366612086673371529e-01 9.032054196356665843e-01 9.289944187595416958e-01 9.267327370024479594e-01 8.428574307116386555e-01 9.777208056539524739e-01 9.526424649232084763e-01 8.946558566948348279e-01 8.568462722750502802e-01 9.204396570220736429e-01 8.487370510087900444e-01 8.236521705981031394e-01 7.989677728459629868e-01 8.499104768574844426e-01
2.187500000000000000e-01 3.649584469584553625e-01 4.753988614401192248e-01 4.270861650429192968e-01 6.087004102781963244e-01 1.827070322402154223e-01 5.538525046115423400e-01 6.586916064738251864e-01 4.241003849344805454e-01 3.884640611808166111e-01 4.582408477023606208e-01 1.544147601224235278e-01 6.795616758922359280e-01 6.057373065745499385e-01 2.077720435963077705e-01 5.682886518934319176e-01 4.348017152679543584e-01 1.788376837001834641e-01 3.241910524894693890e-01 6.219001579569107818e-01 4.554509104194977009e-01
2.343750000000000000e-01 3.556153180627444899e-01 1.624919172503455633e-01 3.285711321074945290e-02 1.972346854802857485e-01 2.415239867920792871e-01 1.377627895639568778e-01 8.142189420465044403e-02 2.219789728790035888e-01 2.837633629110812919e-02 2.291136685130905071e-01 1.308204839594727907e-02 3.763075827918608840e-01 1.608796062537523053e-01 2.036396692385059604e-01 2.809240188996948162e-01 4.489804027558413901e-02 8.259155548946123596e-03 2.804352348958320529e-01 1.117523719390627751e-01 7.705938152561134236e-02
2.500000000000000000e-01 1.681438063586108422e-01 3.409276189872999518e-01 4.303413830555584234e-03 5.984981171265289085e-02 1.952609285232655145e-01 4.228211365870990918e-02 9.933744192097240452e-03 3.008916087804791584e-01 4.542815972614398790e-02 1.149352237124534187e-01 2.928407275011536970e-01 7.677449004427984447e-02 1.450024530371484856e-02 1.138021077419267002e-01 2.287941317680102504e-01 1.689331216092780918e-01 3.614604012406500561e-02 1.116079428536407847e-01 2.303049315913707484e-01 1.748383384117174477e-01
2.656250000000000000e-01 8.514175463268608413e-02 1.657166691441406270e-01 3.571551805296514781e-02 7.552405642038700906e-02 2.416939389756508905e-02 2.061217217699551907e-01 2.624114567916572410e-02 8.880761957655053385e-02 2.419655755740825198e-01 2.481029114389173007e-02 1.644107201306457822e-01 5.983003589474055611e-02 6.545288990838867005e-02 1.114228354115779362e-01 1.800685966094036916e-01 9.858117600665862457e-02 2.967902971772535745e-02 1.085396928329188625e-02 4.134695712726377259e-02 2.671376939481529544e-01
2.812500000000000000e-01 3.415458508271278504e-01 1.661699210023402304e-02 2.530341223066533418e-01 6.980931960903498379e-02 4.101160550289510709e-02 1.147410867277913471e-01 2.960070054753313751e-01 5.283661497386611672e-02 1.284724179083245876e-01 2.778515207769247444e-02 1.308269238871067053e-01 1.933917549954280724e-01 2.231606934010457177e-01 8.709567427075270984e-02 1.411243662373891650e-01 1.969158026351165991e-01 3.260656602793155501e-01 3.047842125533940447e-02 1.190399204942461583e-02 8.731382486878511151e-02
2.968750000000000000e-01 1.002593314882309870e-02 8.374352094806211677e-02 2.583804619088576615e-01 1.705952072099929384e-01 1.323513481276726404e-02 4.975248440204482758e-02 2.100438033966197382e-01 2.957026293582013521e-01 1.482215497048396391e-01 4.240261232727575713e-01 4.391873622491898610e-02 3.652557476752266719e-01 1.275275776835619601e-01 6.045235527012077226e-02 1.337038077974609107e-01 8.934465197593841057e-02 1.088189326327186901e-01 2.913436851318425280e-02 2.299060864185875908e-01 1.930497736324324545e-02
3.125000000000000000e-01 2.527235273831895390e-01 1.535640460599164425e-01 9.747644480301476122e-02 4.744062883201848324e-01 1.754187274920299688e-01 5.602766206066606830e-02 2.338295364050640424e-01 1.850313967509740684e-02 2.157285335059622722e-01 2.935624145584243005e-01 1.597549972774175292e-02 4.072025125468440310e-01 2.145040083697485889e-01 2.447605455694241428e-01 1.770777572355754781e-01 1.895632003153805423e-01 6.539508308118309465e-02 3.499538519811187798e-01 1.854129813843357344e-01 2.283309840673119345e-02
3.281250000000000000e-01 1.250965885067902572e-01 1.767053728445100447e-01 2.225599078976492062e-01 3.296785601512746133e-01 1.024909554344697049e-01 8.180010060224925106e-02 1.109814697946227280e-01 6.265294397011364480e-02 5.144977126603116242e-03 1.599688624008438198e-01 7.777565518239284992e-02 1.575944890849185764e-01 3.225859245011251930e-02 2.742920072711036994e-01 6.587372285386386417e-02 1.596863214460360059e-01 7.120924162780765260e-03 1.060225709638098757e-01 2.530243634300842204e-01 1.734771262106835910e-01
3.437500000000000000e-01 2.992864818655379192e-02 2.025518776645036934e-01 1.176685395631007630e-01 3.207700411627131126e-02 6.894369407572723853e-03 3.438786411213289318e-01 2.903140347169987437e-02 1.784952452609858686e-01 1.705959161889255560e-01 1.821654492915767143e-01 5.260285169078136175e-02 1.117245257341188680e-02 2.152949999531223249e-02 1.023746907480150561e-03 9.805910755731618578e-02 1.282341170511287487e-01 1.263646942825858988e-01 2.155309821090417230e-03 3.580405401494029527e-01 1.082917258014973877e-01
3.593750000000000000e-01 2.254918366696560261e-01 3.966015678600968708e-01 1.323833348281964750e-01 1.661455831574749908e-01 2.408249259962590705e-01 7.124081385709878089e-02 1.420854276553935591e-01 2.031933660614587411e-01 9.589566895026657711e-02 2.857245732175968111e-01 1.763794399858678585e-02 1.963836980575127955e-01 1.415788855485608511e-01 2.290938162378574894e-01 1.381482625082320892e-01 3.837343806279727709e-01 2.211495637080258814e-02 1.093290238301444089e-01 9.800787527452636816e-02 4.243050864855974630e-02
3.750000000000000000e-01 3.687337404785427375e-01 1.847985980278402107e-02 2.061985693739394609e-01 1.554158658990124342e-01 1.931189956835524871e-02 1.024038388478740319e-01 4.224200268195095753e-01 3.932466970572313925e-02 1.105506416949441489e-01 6.127425119325315833e-02 9.385283380729339542e-02 1.810091613957733603e-01 3.821673337728942466e-01 8.908904044786310206e-02 4.730536815836973163e-01 1.216565734593454823e-01 1.338228076725861589e-02 3.690126030323729461e-02 4.136708523425644546e-02 4.683651883732055377e-02
3.906250000000000000e-01 7.231526812390574876e-02 2.136620424560180254e-02 5.684478475512770579e-02 2.158032769170876650e-02 2.481868953081406426e-02 9.092223797534274704e-03 1.333288375934366665e-01 6.993070602081899456e-02 7.286144735197694344e-02 3.020940795172584806e-02 2.145182558974952775e-02 4.236230185940126347e-02 1.553935372312045538e-01 6.238769267346181563e-02 1.954754763867765643e-01 1.427484111491803334e-03 5.378990920579589802e-02 4.151871267647191249e-02 7.940617008459768811e-02 5.345842180977927738e-02
4.062500000000000000e-01 1.152445542424706225e-02 7.151924219327475494e-04 1.012865799743331227e-02 9.982572101900314895e-03 8.247748594004731745e-03 9.974196433264262418e-03 1.935974738742528289e-02 3.854480042451407379e-02 8.383393518118688326e-02 5.071518878335525525e-03 2.948764665142736274e-02 1.948938629982246290e-02 5.799250899527694236e-02 6.735444101831381154e-03 1.203176833600159978e-01 1.646747835239058266e-02 8.910020616550311939e-03 2.636823538866433017e-02 3.911852498107162152e-02 1.223285789584867278e-01
4.218750000000000000e-01 1.816255410492782774e-01 8.602405224888737267e-02 1.101565473072491780e-01 7.687842189605273435e-02 6.865454737695863598e-03 3.271311185699499191e-02 2.235024059429845389e-01 9.237949894962547981e-02 6.315982511577314384e-02 5.267672429612473006e-02 2.269897981016819055e-02 1.277093113427402449e-01 3.985112811885190842e-01 8.232170804015721821e-02 4.930807257703334057e-01 2.287235977220784117e-02 5.914732497207245143e-02 2.713237378074540365e-02 3.977662671689834867e-02 1.440760659835694513e-01
4.375000000000000000e-01 5.355271822805039994e-01 3.979357848563161992e-01 2.981037008981478071e-03 4.246530489731548813e-02 1.656841123769341173e-01 6.390167193649004540e-02 2.060961977627369657e-01 2.538036668372400939e-01 2.261764112654728737e-02 1.055433212484092609e-01 2.650478159075708023e-02 2.535387290590643272e-01 1.198979920559505724e-01 1.957858830502675063e-01 1.900368477683735402e-01 1.667524640188943474e-01 2.326136574943441643e-02 8.028387326003846858e-02 2.797680204759139810e-02 2.466234691078016822e-02
4.531250000000000000e-01 7.990750494963537454e-02 4.899634186913014861e-02 2.479755423886041005e-02 1.685260164947158940e-02 6.661927691406912893e-05 1.003714645877199774e-01 1.251189783745368942e-03 1.483021651248165873e-01 7.149161743879288433e-02 2.416224039262902107e-02 1.168875453451701379e-01 5.392676517682337689e-02 7.356053924216575217e-03 1.085405214907056611e-02 4.221896980318122772e-01 1.576632017330960034e-01 3.865536910153711224e-03 1.766377367484624292e-03 1.917474209304609045e-01 9.798883546151167245e-02
4.687500000000000000e-01 1.391340365777568311e-01 2.118915498006130604e-01 1.110227972242908145e-01 3.277596510375334615e-01 1.016319041629163145e-01 1.480151656691208739e-01 8.335354590669169072e-04 3.237960699031693090e-02 6.582726386187039147e-02 1.370231621761582030e-01 1.278817909644573980e-01 1.956756896665048373e-01 3.946665297469695993e-02 3.265560934297325746e-01 2.341422672431139052e-01 3.763296368336792319e-02 1.288615967461815594e-02 9.941970467132586753e-02 1.584778914414612938e-01 1.657151148182841316e-01
4.843750000000000000e-01 3.207062892118244662e-02 5.990833579948886753e-03 2.974267714034432158e-02 5.124013014756003681e-01 1.751546268950970597e-01 1.776112393591925808e-03 1.171699730208244500e-01 1.348747570186254081e-02 1.073336052231988053e-01 2.164225436593296137e-01 2.317073412194779192e-01 1.025548158863930498e-01 3.025209607115554589e-02 2.522218310152011811e-01 6.237848266046477214e-02 5.578349317026106563e-02 1.921220583259236614e-01 2.431519787402161570e-01 2.606804600096515601e-01 1.323604281662766335e-01
5.000000000000000000e-01 6.910357188623944547e-02 2.064489646139910095e-01 1.903771028389467657e-01 3.256373657910296426e-01 2.646133963009291226e-02 1.400278413257890174e-02 3.009152653289842161e-01 4.834406030826779443e-01 2.797491450912839017e-01 4.011579264302327363e-01 1.129436421388463202e-01 4.162395730463694932e-01 1.955884593713410613e-01 1.426374903579995801e-01 9.051283983651275955e-02 6.714326567345918484e-02 2.443245617795800351e-01 1.355062751041060387e-01 2.855445691554158727e-01 1.540670755950597492e-01
5.156250000000000000e-01 4.110790458857029317e-01 4.880021696156137262e-02 4.789251280458131643e-01 8.523715654018648724e-02 4.430199121655122030e-02 1.318553621591994351e-01 4.252743334603802938e-01 1.489361097502620579e-01 9.193118385617561616e-02 1.077444181217686835e-02 4.883813921715724621e-02 4.057505528380507265e-01 2.516974788130709184e-01 8.371972803523085316e-02 1.585446065257469783e-01 2.114017094124799323e-01 1.397195280620586733e-01 2.367533347930944609e-02 5.123677126892308385e-03 3.526539352150932088e-02
5.312500000000000000e-01 1.688110849149882797e-01 1.387051239143026748e-01 1.587509768023402934e-01 9.613266151569316298e-02 1.364977466534953721e-01 1.036689143344616537e-01 2.053136264073415207e-01 1.165831001591847021e-01 2.059638421267181441e-01 8.227613609625465674e-02 2.122153258782754140e-02 1.075346914293733025e-01 9.120189519908081244e-02 3.253447460154496734e-02 7.024827372721026419e-02 2.850444893586390194e-01 1.501398469231911802e-02 3.880237818119423171e-02 9.705755828243653460e-02 4.480320280484316464e-02
5.468750000000000000e-01 1.684914657950696993e-03 2.308051208601965276e-01 1.196797952584968544e-01 2.419972795475098734e-02 3.248285517228442776e-02 1.730142035845407822e-01 1.339105715467090764e-02 1.419685865443038042e-01 6.952837583543496069e-02 1.263797920237852701e-01 6.533020817922585710e-02 7.759035251268303623e-02 8.247093692168840084e-03 5.783397083356958679e-02 2.339167236716598389e-02 2.462531057211779228e-01 1.285318617020089205e-01 1.427017851086547114e-02 5.236516540417979204e-02 6.680409261490721437e-03
5.625000000000000000e-01 3.498418219480019520e-01 3.827308787294813053e-01 2.010930971712913129e-01 9.498002934637796157e-02 2.271355377638822615e-01 2.039109829388107975e-01 1.236754609744201983e-01 1.858545824157337989e-01 2.304857713861213978e-02 2.596832006306752927e-01 9.029296009628018371e-02 2.726992711941721437e-01 6.012545391159344887e-02 1.662171868411974618e-01 6.497020208689838205e-02 2.534148420345084252e-01 2.801151601588798730e-03 1.199232567408247130e-01 5.913328042237432636e-02 7.148212202283590888e-02
5.781250000000000000e-01 1.744846076481030295e-01 7.485087013734866013e-02 2.345810546700085597e-01 2.033018873683435992e-02 1.150175634651541962e-01 1.684382437134087918e-01 2.606820873291063045e-01 7.033649404727117249e-02 3.743417903672527358e-02 2.392482867279902004e-01 7.727763928029628138e-02 1.109043439591105434e-01 3.893703959094192424e-01 8.655185896267249268e-02 2.591244082722573006e-01 1.678867550594660141e-01 9.240745807254700794e-02 9.739557791051785263e-02 1.248658321776826008e-01 5.832805601027061387e-03
5.937500000000000000e-01 4.142854555561659852e-02 3.057845902494927409e-02 4.238295810984439756e-03 2.830265127107608678e-02 4.884582283694750143e-03 1.519237454571613702e-02 8.051255238190578589e-02 5.509527328640406729e-02 6.564098956852199018e-02 8.485619570480412710e-03 2.133735319133697739e-02 3.123969361799058472e-02 1.849123246208369750e-02 3.366221840877820642e-02 1.229826811189040775e-01 5.012568879141446505e-03 2.460465725462148909e-02 4.213710953776282631e-02 7.500389331169354801e-02 5.549466898233188644e-02
6.093750000000000000e-01 7.396355844681466556e-03 1.876818801348961036e-02 4.614863439127344508e-02 2.556059001291385857e-02 2.624131148874972452e-02 8.403359766627782959e-03 2.822083367091412706e-02 4.010840831726637801e-02 1.014230999554153884e-01 3.274025943277647510e-02 5.770149395743510989e-02 2.871919947050855307e-02 6.590376395777242102e-02 2.119318170297433343e-02 1.209235419683910157e-01 5.983026052639684074e-03 9.695083717240886648e-03 3.103009364902907172e-02 9.048110083834845496e-02 1.250828304323738926e-01
6.250000000000000000e-01 4.802726908354069957e-02 2.490810031980282557e-01 5.875991807826864283e-02 9.791732038600048371e-02 4.062783151720709141e-01 3.448015191478868285e-02 3.378407445241211199e-02 1.398061917253909381e-01 4.885216232544806192e-02 1.012324476565167608e-01 1.156042668886726188e-01 3.619644283753277736e-01 1.103409651341620279e-01 7.480479826505723184e-02 4.796323033185536516e-02 5.250658850929420954e-04 1.951896648317708594e-01 6.573785381448185583e-02 9.790550475731887858e-02 3.467559856983836175e-01
6.406250000000000000e-01 3.751518848779857307e-01 3.915140123311607878e-01 3.021389257550555554e-02 7.164159141285122989e-02 2.087085431132921776e-01 2.007498265497275336e-01 1.041386550989798765e-01 3.280482597148432489e-01 2.748794328421612712e-02 1.685809974608797335e-01 2.379451363948850012e-02 1.490095280878908357e-01 6.123311069014752278e-02 1.528248584489783901e-01 1.463502222472649605e-01 9.055278795452374740e-02 7.876944831250105861e-02 1.453271782267885615e-01 4.476054791104924074e-02 1.156826109143535043e-02
6.562500000000000000e-01 1.006563877799010465e-01 6.553605436102000192e-02 4.580016696797154646e-02 1.047949649177713216e-01 1.504968157798112008e-02 7.414385918872375136e-02 4.294195829289385036e-02 1.550903482068782535e-01 2.160166716840583867e-01 2.045289361168835807e-01 1.940627451940084014e-01 2.088831221428547880e-01 1.189215126825958896e-01 7.409639165789923265e-02 3.414319341267289531e-01 2.022853668134919902e-01 3.454792092150771321e-02 2.153092676742307532e-02 2.154283369174062324e-01 1.728203726381692673e-02
6.718750000000000000e-01 1.165332673163967936e-01 9.548703277006712065e-02 2.808164380955374129e-01 1.426829541795815726e-01 2.053250053710503967e-02 1.858151376152216427e-01 3.814391522129236684e-02 1.500552825451918482e-01 2.761640609188883988e-01 1.724514637059595124e-01 3.642625616999925486e-02 1.978082586410558064e-01 3.451995709027536052e-01 2.688915343942854252e-01 3.192083073503216850e-01 3.036276593488745346e-01 2.148824272821190096e-01 1.998916057365610344e-01 1.745256132793402970e-01 2.267838493801551114e-01
6.875000000000000000e-01 1.940002469138338570e-01 1.572562037536222312e-02 3.279135630420110248e-01 1.091434036859552925e-01 8.266698223278125257e-02 1.341867751586601487e-01 1.156061145860736994e-01 1.654107028577798399e-01 1.275126520005006037e-01 2.317377265933667219e-01 3.890959394203183375e-02 9.880058828601059884e-02 2.456521066469803671e-01 1.056362207448149071e-01 3.258689507981281097e-01 4.189103993984578250e-02 3.379770256943754325e-01 1.749741242686172482e-01 2.553070528858336630e-01 2.069953371855423885e-01
7.031250000000000000e-01 1.099035926391416090e-01 6.826858186143924812e-02 7.123535056322753689e-02 6.270875752305177242e-02 7.957531066409780085e-02 4.313843471498791937e-02 1.384858096969460439e-01 1.067726052185404007e-01 7.429469237460165076e-02 2.609561838993931238e-01 7.699951305379852673e-02 3.760228389514523872e-01 8.773436994948898004e-02 1.347331365327040370e-02 1.389811936180096186e-01 7.453310905946690379e-02 3.712325095492514243e-02 9.552778511056665700e-02 2.242323963970219436e-01 4.022137407536768156e-02
7.187500000000000000e-01 1.248680880204472154e-01 4.764698116678333512e-02 2.254430219063029428e-01 1.397429603727261549e-01 4.168633932611116172e-02 7.076990880287269137e-02 2.969659039792544863e-01 7.591537924602191623e-02 1.178435852932412375e-01 2.127841025094203975e-01 6.440697418280381687e-04 2.310777960780465434e-01 1.224418069234265855e-01 2.509439160207312391e-01 6.431822021859379124e-02 7.175231421697435275e-02 3.893120205159444347e-01 1.664223862539508936e-01 1.991018997904434040e-01 9.579903505586195855e-02
7.343750000000000000e-01 1.561026441463737591e-01 9.355655484254446486e-02 2.600888441760499867e-02 1.235860532594165728e-01 2.138065734112616634e-02 2.149235999562608412e-01 4.796803721200441038e-03 4.810844064806341601e-03 2.817233355634817804e-01 2.917922173493914251e-02 9.533261171268792022e-02 1.286830631255579324e-02 1.225097682051191350e-01 3.234931311822305394e-02 2.617624975035354740e-01 7.047405778193577275e-02 1.381968611585278894e-01 1.067181730182788398e-02 1.313746719430319843e-01 3.204930920684718743e-01
7.500000000000000000e-01 3.642695782311400343e-02 4.003878098252393603e-01 1.490586871617322617e-01 1.169906234252482934e-02 3.224713741565476965e-01 1.902332339846369014e-01 1.066426489806269681e-02 1.584267824093799903e-01 1.487879507798413881e-01 3.105232789348734146e-01 1.968965195696085746e-01 8.113017577158938842e-02 4.388011571510532297e-03 9.260071799214182608e-02 2.786176279503831399e-01 2.309959609444611761e-01 5.913616895701633014e-02 7.152410642378512207e-02 1.943647885042474599e-01 7.639561290859339659e-02
7.656250000000000000e-01 3.965450127722646712e-01 9.490012574927848832e-02 3.040363246985339565e-02 1.110635560588037613e-01 2.027108814643228119e-01 6.720182645323778681e-02 1.072384931011642895e-01 3.376418198747551114e-01 1.611903553945548753e-02 2.364628933497425478e-01 8.079144856581244039e-02 1.496091591056415149e-01 1.779214672875098213e-01 1.979283286209626569e-01 2.661725438356274398e-01 2.140707902074325819e-01 5.171997694545802521e-02 2.308968381474019171e-01 9.133268331662255934e-02 1.456830681176615461e-01
7.812500000000000000e-01 1.195771030424487152e-01 2.806397025283533311e-02 1.876094181987245091e-01 5.700646178720229773e-02 1.853722470146075552e-01 1.015290708445028625e-02 2.588030719295367210e-01 2.135094855676905254e-02 2.669089319511804004e-02 1.901969573380092038e-01 3.195621343740319680e-03 7.201289335176823403e-02 4.184706529632530314e-01 1.902595155690039730e-01 4.231257001950775032e-01 7.876686414082754994e-02 8.795260167658792982e-02 5.320038161313678238e-02 1.571727817448022035e-01 1.642202862921297302e-01
7.968750000000000000e-01 2.162526798481102797e-02 1.629150638090767073e-02 1.776824183022131774e-04 5.399236122971350950e-03 6.799052588973155710e-03 2.848053631576856481e-03 2.119353264328028771e-02 1.655523485103474815e-02 9.351479746234341028e-02 3.461437813121431232e-03 1.250038539692133882e-02 2.852776531840396299e-02 6.308351556452972478e-03 4.876418913053628783e-03 1.124472188459030852e-01 1.775611569711849427e-02 4.553902847675331961e-02 5.473481680973456276e-02 2.336437932478125853e-02 6.500712767992000707e-02
8.125000000000000000e-01 2.135141298995678685e-02 2.677889376074245320e-02 1.297729029182065341e-01 4.399967291919772844e-02 3.519188785581163492e-02 7.304774754642411050e-03 6.368774202412114116e-02 6.021652035331421376e-02 4.954280198174601524e-02 3.164103166221989005e-02 2.402364699331239681e-02 2.994295555680197285e-02 2.521530075666344461e-01 3.944137911483275305e-02 2.688510395860407298e-01 1.180331385462467589e-02 2.248185729123166471e-02 2.146154059281807705e-02 1.463285119987917104e-01 1.007007802821474479e-01
8.281250000000000000e-01 3.103737996069880212e-01 2.023933635133206843e-01 1.571761978474134000e-02 1.567047349022778480e-01 1.325047749347537385e-01 9.555368303827470322e-02 1.759430935413175134e-01 7.827825174848238032e-02 5.583841830561419445e-02 1.404138807178144654e-01 8.512552057254139937e-02 4.118533016482275877e-01 1.575495130181486514e-01 1.159578076781448142e-01 3.903496381514131031e-01 3.859192561304520402e-02 2.473878030800976888e-02 1.446787130152465961e-01 6.299310198884261469e-02 8.866100052176985324e-02
8.437500000000000000e-01 3.386378217760919740e-01 3.002418686797119207e-01 2.368077126460738091e-02 1.080138257076085906e-01 1.287012632962956371e-01 8.979595643241619629e-02 1.067220187496791400e-01 2.646269954380980338e-01 4.775127969280283657e-02 1.416971564016101248e-01 1.251400882039672979e-01 1.120664856267140630e-01 3.144037606584466210e-02 1.523690812696713304e-01 2.316514912063802611e-01 1.562116910755436405e-01 3.265514937626819159e-02 1.276430270691749636e-01 7.900005352997950536e-02 2.090838693190505415e-02
8.593750000000000000e-01 6.458758081441268173e-02 2.221449441852652584e-01 5.619037011102318707e-02 4.555980242906818717e-02 2.019527944199430228e-02 1.412450898880502903e-01 3.166109187439429540e-02 1.735247672140758091e-01 4.062603353467422740e-01 7.595691012333473380e-02 1.741044339056177226e-01 1.216945084455144516e-01 9.901515873272671853e-02 6.082267972105186160e-02 3.175824878532636508e-01 9.892532232326438357e-02 7.719699796190360175e-03 9.166964120867704402e-03 1.435126079139404098e-01 1.913986730423931915e-01
8.750000000000000000e-01 3.113423602989508487e-01 1.716101472728435648e-02 2.532852148100575018e-01 4.499946967860013469e-02 3.391907725680034288e-03 1.990669721857886432e-01 1.412871541722138247e-01 8.149185583630580432e-02 1.932518965581849213e-01 4.172258039419343006e-02 9.108520386079541065e-02 6.532377841118515438e-02 3.228849662979304536e-01 1.596472860874721122e-01 2.125253043672263864e-01 2.608246750351422283e-01 1.848727198276358119e-01 3.826673347624196669e-02 1.805105416340886670e-02 1.601146635607757496e-01
8.906250000000000000e-01 9.096890800826078205e-02 4.739267827769028801e-02 3.867259395171829262e-01 2.761415795064949344e-02 1.094594433227847989e-02 1.066162408890466567e-01 1.576992469862492086e-01 1.816276217186393316e-01 3.158700609989925721e-03 1.340624034817154142e-01 5.014893241186559741e-02 1.993454309754954246e-01 2.538410552034730538e-01 8.270232770812161252e-04 2.906671782071877375e-01 4.116549388813871974e-02 2.180904515075445527e-01 6.149183067601163982e-02 8.255306458672549696e-02 6.062958469562761132e-02
9.062500000000000000e-01 1.188346852891708216e-01 1.840912967330297911e-01 1.490137818908282841e-01 2.967320842019979810e-01 1.080614580619321252e-01 7.840820617910032597e-02 1.194588430722635375e-01 1.783215372903857177e-01 2.242906557049730298e-01 1.987369357351058685e-01 8.434112468480374838e-03 4.361690478345643385e-01 3.983617222542056302e-01 9.399123090751917986e-02 3.251390119086027264e-01 4.876140642175044726e-02 1.046792597321909296e-01 1.208982562344524531e-01 1.228423204392103812e-01 3.787432626703450544e-02
9.218750000000000000e-01 3.157109825377190093e-01 2.630224568372312166e-02 2.907344552586403896e-01 3.339775257853577761e-01 1.242636190935228341e-01 4.468782278234297717e-02 2.644451429871778614e-01 6.761950098122958275e-02 6.930064240459650471e-02 9.443810386907525167e-02 3.621301498708366651e-02 3.109300938419839455e-01 2.377284593861945516e-01 8.559092216925359708e-02 3.306412379115906131e-01 3.831781257464451085e-01 2.611692471276383723e-02 7.156791622802302633e-02 1.149959622326309217e-01 1.728908456587463158e-02
9.375000000000000000e-01 7.362027468381505610e-03 2.992307381593896642e-01 9.593035973325290955e-02 1.205778383749844807e-01 2.638495790960810553e-03 3.648519521127107090e-01 1.585635068350512052e-03 2.600193752255082202e-01 7.500480967873303373e-02 1.268377313408405593e-01 9.185914968945135817e-03 4.597358333917703904e-02 5.130271128800684144e-02 6.274567297044267300e-02 5.102606392952423187e-02 1.192396809229123306e-01 1.008410262791278600e-01 1.747363301488337115e-02 3.899163603948608836e-01 1.122507399256169325e-01
9.531250000000000000e-01 1.055083079432040383e-01 1.427433463326865937e-01 3.629190135339971923e-01 6.631316018387170552e-02 2.536061488307825851e-01 1.626285565424332724e-01 2.942011990237820840e-02 1.218519231498707556e-01 1.353095766456971216e-01 3.517435025246868352e-01 9.711501215854480978e-03 2.051469699519709866e-01 7.753900462791792070e-02 6.079822987963785091e-02 1.845577074130832010e-02 2.744961505779000555e-01 9.826201215023816146e-03 2.067441225512238814e-02 1.149816028718928240e-01 2.558383405714388659e-02
9.687500000000000000e-01 3.609327535717464230e-01 2.209178230976503177e-01 1.038647640923391624e-01 1.212735889080477497e-01 4.224788754426046788e-02 1.302834216874270146e-01 2.536540120466111436e-01 8.403874787410110792e-02 2.519347629607905925e-01 7.840552997972825844e-02 2.397361919429672611e-02 3.177858493173716936e-01 9.666699830958899731e-02 1.761785110549787259e-01 2.310378809160941113e-02 2.015047748633580216e-01 4.086725717978224176e-02 7.918040370066466507e-03 4.431467451835662680e-02 1.131440799573531393e-02
9.843750000000000000e-01 3.600629220336715869e-02 2.364731273098560627e-01 1.547744745629653917e-01 2.451652265563801503e-02 1.154327307082789328e-01 7.747219122327052288e-02 1.669449413202540866e-01 3.369607985275103190e-01 6.014199740347241779e-02 5.052988878892506613e-02 2.233099418132377181e-02 1.373037485687148562e-01 2.721187788396176588e-01 4.184654473448671391e-02 2.931447667509247054e-02 7.090465014985342096e-02 6.687734393256586016e-03 6.170074045543636615e-02 2.387268261030688898e-01 1.362733785554739660e-02
1.000000000000000000e+00 1.236552743461759862e-01 1.776195169094689774e-01 8.872101197731244171e-02 1.961534092230228232e-01 1.961677113029165476e-01 1.297852247612310203e-02 2.149882259835508500e-02 3.290174331231985466e-02 8.222635803352425221e-02 4.176173951590266692e-02 1.339883693066832790e-02 5.144741146580472657e-02 4.479404912296918589e-02 1.738676920254252078e-02 3.193984936256616392e-02 2.309891269890543622e-03 1.364510645518112950e-02 1.819149159986797881e-01 2.338183224479263855e-01 7.217098308067204648e-02
1.015625000000000000e+00 8.379191177525934300e-03 7.181418888030002834e-02 6.387151537688394443e-02 5.750663479280018059e-02 1.405722951899147088e-01 8.701393312125489665e-02 1.711510034323725921e-02 3.441321703511216606e-02 1.601244454478182311e-01 3.690408425120618452e-02 1.669288414648911062e-02 2.099518886539999268e-03 3.909916534629016005e-01 1.194437912130877077e-01 1.038368343955436424e-01 4.743726558191623671e-02 1.254226870005063776e-01 9.586896411312434765e-03 1.409476261586061971e-02 1.339663774407444941e-01
1.031250000000000000e+00 3.093181426059065098e-01 4.983838783338360723e-01 1.042945086834000529e-01 5.827723268748753738e-02 2.717343995802719570e-01 3.888801393630304803e-02 6.517790032852797955e-02 2.984904635897210889e-01 7.846997820299561610e-02 2.237436967436677582e-01 1.776667959576225600e-02 3.494391777908028018e-01 1.161330769161736526e-01 1.128872629251934517e-01 1.475268075127931511e-01 3.572521188804952258e-02 3.936456065169069429e-02 1.620284983001516743e-01 1.024672751131469051e-01 1.132542238980836641e-01
1.046875000000000000e+00 3.385342980036165628e-01 7.701234702018532052e-02 1.695465694245307589e-02 3.035247357884983746e-02 3.018877312499537377e-02 1.020539289453786802e-01 1.090782079694681966e-01 2.758916549671167062e-01 3.945910874928510240e-03 2.064404554770818065e-02 2.009955222943818898e-01 1.130677882452956473e-01 8.125785502331178342e-03 6.443323757964619647e-02 2.186067371473688903e-01 8.737716877505695423e-02 8.179823163302510358e-02 6.790154421842688193e-02 8.946431790936623663e-02 1.104884363708815397e-02
1.062500000000000000e+00 9.610853733282335998e-02 4.609566925544633653e-02 5.011078590505393948e-02 5.647790977800307144e-02 1.693067197561282100e-02 1.748403809076324450e-02 4.782020186142205143e-02 7.258007393889658043e-02 2.915541697592071713e-01 5.577472350396889267e-02 2.160121503713690605e-01 2.055562258081371219e-01 6.311696302887795373e-02 1.244723809926252117e-01 3.104150685502450879e-01 1.250086910184427524e-01 6.360736708250423234e-03 1.411429075720534443e-01 7.270397800427394475e-02 8.213531953853199508e-02
1.078125000000000000e+00 2.533730773548899529e-01 1.952515213072271785e-02 3.069046095728351076e-01 6.658853805089968991e-02 1.976736901350405109e-03 2.244228909089889257e-01 1.250067448723797270e-01 1.687186471878916183e-01 1.947117799650280590e-01 1.070378837640309916e-01 2.037934775678165375e-02 1.338678621007901304e-01 3.492761668030767708e-01 1.471040655031715105e-01 3.444109210284505007e-01 2.212171537839153768e-01 2.351865712618121662e-01 1.160267122625750075e-01 4.026252520570396815e-02 1.122047409948081775e-01
1.093750000000000000e+00 1.073096958609670998e-01 4.901329432390347240e-02 2.126970835042367725e-01 6.149132637441215993e-02 4.470866957430441602e-02 5.867574623169549697e-02 3.668174463015704684e-02 2.716133114260289583e-01 4.955732597568727159e-03 2.075351191461458633e-01 1.858931712498527490e-03 2.277167125617869381e-01 3.373366946394676380e-01 7.177753831859927554e-03 3.507557930857646000e-01 1.116643766114368795e-02 1.759062093034250984e-01 6.440288736721182239e-02 1.906615572215117349e-01 1.067782518201064457e-01
1.109375000000000000e+00 2.028380114154153535e-01 5.608516143192850828e-02 7.650916364372276068e-02 3.403467055192200275e-01 1.709137954778653379e-01 1.129253277402299249e-01 8.732542927969309809e-02 8.999708948631016114e-02 1.788921426690877059e-01 1.005894451719994004e-01 9.415683172790344224e-02 3.493636635432392223e-01 4.756508644853702505e-01 8.319637920710140633e-02 3.761744867277124760e-01 1.253429360172237383e-01 2.701746111240336395e-02 9.051543133022478538e-02 4.582256288734613131e-02 1.598750828568263338e-01
1.125000000000000000e+00 1.319246976772255331e-01 6.163207724919798902e-02 3.372851435665544240e-01 2.246237377144086056e-01 5.095496622806863080e-02 4.063012786263532627e-02 2.863599554568746486e-01 1.722616620120801800e-01 1.672017055509555650e-01 1.569685878202498330e-01 1.767756735041764726e-01 3.935642913975143653e-01 2.265843969110538092e-01 7.789874358327812665e-02 4.054538879552693209e-01 3.265314863657198252e-01 7.965116246852868565e-02 7.604828585361128601e-02 1.870432628314285806e-01 4.462088278981716366e-02
1.140625000000000000e+00 7.224764633574756734e-03 2.343459997434310382e-01 2.018810553343642344e-01 2.036725618987680203e-02 5.627623409716306369e-02 4.701558728485241145e-01 2.815845757941193728e-03 1.195418562889602604e-01 9.296034180828223470e-02 1.975433086636803059e-01 5.223349145866140048e-02 9.192175515338607550e-02 2.336046949673319800e-02 1.508711233717255629e-01 9.546913644047377856e-02 1.067728732345701315e-01 4.742333834185356693e-03 9.216553026198144941e-03 2.992087127882728237e-01 1.847199350661414274e-01
1.156250000000000000e+00 5.179100378600668547e-02 1.574681843947039750e-01 6.325509317869509873e-01 1.345144271602049524e-01 3.530822681491682657e-01 1.846081153482309056e-01 9.194144114417902858e-02 5.240575204228693773e-02 1.985467325109570857e-01 5.238211427260297537e-01 8.009035180099648155e-02 1.476080044714235262e-01 1.012592138995270924e-01 1.965468926768229319e-01 5.305710555084248992e-02 4.022638050773953977e-01 2.002663014494504914e-02 8.824860396180506106e-02 2.050582566597488887e-01 1.501315802236825522e-02
1.171875000000000000e+00 1.956664289412096969e-01 1.260463322556623911e-01 3.269068929902644305e-01 1.640357252208293759e-01 1.066840406670831881e-01 1.787481539560953070e-01 1.357736018672055234e-01 7.029062767590485081e-03 1.121146115960554163e-01 8.834245993202195085e-03 6.650844849332744613e-02 1.349113691568491480e-01 4.506654212152062522e-01 4.482369078204956336e-02 2.044943745545180769e-01 4.205486098041643639e-01 2.969764289396162327e-01 9.283890266058371019e-03 8.746026287826190460e-02 1.679723187518077920e-01
1.187500000000000000e+00 1.761691218928819469e-01 1.451411516405504420e-01 1.725824044434373650e-01 5.333206012415220298e-02 4.584311524342295045e-03 6.750340958486499010e-03 2.694235615647147530e-01 1.219999328504684094e-01 3.547844123493325980e-02 3.085306885825779555e-02 1.275420286608252955e-02 8.241785631874343210e-02 1.844975493271830969e-01 9.884008925108739296e-02 2.033843884585680162e-01 1.846448116987447485e-01 9.319401408452798741e-02 4.883227236768334506e-02 1.452224299126196050e-01 1.230136097542067486e-01
1.203125000000000000e+00 9.392189493773585307e-02 1.065365796821807071e-01 2.436795655333055463e-02 5.632814972299075851e-02 1.165470144368497968e-01 2.372489594910585919e-02 3.331342516470919835e-02 1.444277661257065970e-01 9.931791109290094566e-02 2.328365766365956581e-03 3.895344446805500821e-03 1.864827502542601434e-02 8.947560154049226389e-02 5.526492426559192518e-03 5.297458510517267377e-02 1.047581238239255960e-02 1.086905393502129169e-01 8.531156350160735979e-02 7.247855760642549217e-02 6.749482158039718516e-02
1.218750000000000000e+00 6.088296170360790044e-02 2.078037229658561899e-02 1.469751235888089140e-02 9.798789542111555062e-02 2.967857965727232344e-02 9.414394684378013523e-02 2.174486422297308361e-02 6.652849913206276833e-02 1.241984265152110828e-01 4.218970708898086425e-02 7.661679424182092635e-02 7.270102469047669269e-02 3.276445755194523635e-01 1.587758650136271987e-01 3.439698609409512775e-01 1.220802481043037901e-01 5.898253513300597689e-02 3.815867267561625763e-03 3.956042625715736755e-02 9.484416205359801066e-02
1.234375000000000000e+00 4.909652416225845917e-01 3.979186778041863271e-01 7.595572320989497916e-02 9.839666782962615266e-02 2.190727075060313611e-01 1.154723385727915302e-01 1.134269599230404019e-01 2.730233801079665623e-01 4.961604699008668323e-02 2.021789467633736959e-01 8.306638486593356623e-04 3.112131605231855391e-01 1.048992542830224084e-01 1.666169886115586862e-01 2.115318942572538274e-01 3.863765839388673407e-02 5.967314803355726338e-02 1.712709931351008852e-01 4.216613661740643143e-02 1.565709976232325731e-02
1.250000000000000000e+00 2.152472721401661460e-01 7.832123467566527719e-02 1.350806016209531949e-03 4.101531072163349355e-03 2.723441409986591608e-03 3.877237746633040161e-02 4.735599539931151236e-02 3.289966305283086867e-01 3.375509919693829575e-02 3.789294608455933550e-02 2.795870564397907598e-01 1.187745222056480199e-01 1.374308775430660781e-02 5.003824549603888908e-03 2.744353551263760682e-01 1.136580904329090036e-01 4.482203861463596867e-02 3.099569474535196142e-02 1.022856808050221777e-01 4.773800502646725896e-02
1.265625000000000000e+00 1.209616845547712150e-01 3.946872947943554089e-02 1.981231958729648066e-02 1.943461060785288408e-01 3.750121332586738715e-02 1.544121040175926163e-01 1.275240517214424685e-03 4.715705979368896988e-02 2.429244669038572446e-01 6.662422268927069291e-02 1.178728158556673344e-01 2.120478111709105384e-01 1.357723605594084726e-01 2.356767637280423044e-01 3.405048228030354562e-01 1.577137158777271453e-01 1.869182328327708212e-02 9.972318495747636846e-02 5.458534163173926756e-02 2.225624264851270573e-01
1.281250000000000000e+00 1.724367106685253670e-01 1.807595762279064211e-02 2.479912873099012205e-01 1.731284204420071582e-01 2.370130350032452482e-02 2.415970569167135151e-01 1.110711424178864731e-01 1.476354529340347943e-01 1.231060563240655992e-01 9.933292276098894258e-02 2.613405231639595941e-02 1.417395501535159141e-01 3.506481766514443210e-01 8.309175840760729681e-02 3.163510072747774959e-01 1.399855267209127174e-01 2.737110480755144959e-01 1.372012608215280871e-01 6.523143149762503090e-02 9.902887008735272723e-02
1.296875000000000000e+00 1.249197907494169341e-01 2.096128670007285644e-01 1.756433471496236520e-01 1.552476543149164112e-01 5.744405527771581643e-02 3.900929933412437822e-02 8.261961335060626077e-02 3.910059776134432452e-01 1.324551969452986422e-01 2.919033972047568870e-01 2.765123508433410537e-02 5.142063447751252792e-01 3.752893718055251848e-01 3.638796771180268647e-02 2.616456762628054378e-01 4.778199353825159784e-02 1.255658360679822727e-01 1.147183415756397734e-01 3.598090045034497142e-01 8.180139925411072932e-02
1.312500000000000000e+00 2.967450513402176693e-01 5.287214698017109193e-02 2.892733658270907893e-01 1.669719443866274355e-01 3.528217996283013191e-02 1.237579549680967034e-01 2.258995866875017355e-01 1.396556863706224783e-01 3.524376909648731931e-02 3.017946284914305860e-02 1.541426121865591310e-02 4.458761693229713607e-01 2.433284929739812086e-01 1.904501325849396881e-02 2.518899098492822786e-01 2.128300226686346275e-01 1.187384812067960177e-01 4.298775287692844366e-02 1.501159456736100503e-02 9.874521797142155055e-03
1.328125000000000000e+00 1.950775442072405497e-01 6.593515683296297114e-02 1.528767381191005470e-01 5.976423530496205450e-02 3.665060872831740063e-02 4.126025021292237943e-02 2.970072134942196573e-01 1.240126047959940747e-01 2.073278475651970376e-01 3.419348402627161998e-02 9.766052567893968028e-02 1.327765787060708469e-01 8.371377658103368313e-02 4.935662665533875615e-02 2.264995144209531741e-01 3.727890882598055566e-01 1.123471351247141460e-02 1.017742633439463508e-02 1.192464861644798244e-02 2.797588988439218220e-03
1.343750000000000000e+00 7.239706469119286218e-03 2.739358576262193590e-01 1.079496441065740664e-01 1.493983727021470052e-02 6.731049789166389241e-02 4.293885990102307981e-01 7.816023387453493185e-04 1.331929790207500020e-01 9.973539223593619329e-02 1.683725570253563619e-01 8.815957990261899524e-02 2.040956161903235144e-01 5.412185288714329440e-02 1.768253105670865855e-01 8.710572825084593462e-02 1.678556911071347191e-01 2.143531889148249988e-03 6.834607500498831971e-03 9.304597140577645920e-02 7.123588639501679531e-02
1.359375000000000000e+00 2.731577996095419514e-01 1.938811100074372754e-02 3.319301389970098493e-01 1.586944366420844910e-01 1.139689380524545742e-01 6.902241765690800279e-02 1.264273396976845487e-01 9.449071639071392192e-02 1.086384020423194346e-01 2.774869007579752189e-01 2.366620072685367542e-03 2.579106212189909431e-01 5.351350638741420029e-02 5.860844899963990606e-02 3.284428008158483264e-02 2.167249379309729163e-01 1.471271807670867160e-03 3.984909159824891883e-02 6.511320917416162091e-02 1.330094280903172110e-01
1.375000000000000000e+00 5.858117668972349229e-02 3.009521143850918956e-01 1.409713304732115868e-01 8.272568274955990897e-02 2.096536538469026267e-01 9.942496517983996640e-02 1.597220380045572333e-02 2.469970954687333575e-01 1.065054729441840958e-01 2.694426608561133196e-02 6.246194919389671868e-04 1.606072336764468034e-01 2.230130678490108986e-01 1.725369925203312435e-02 3.811517392889802319e-02 2.144470919789633057e-01 1.361912102319686180e-01 1.607472553146875593e-02 1.026649952204145427e-01 4.608287966332755281e-02
1.390625000000000000e+00 5.006107234726471511e-02 1.463390743914745329e-01 6.407675955989163008e-02 9.071935661559638389e-03 4.392545838333167946e-02 2.691743619711996910e-02 1.489733130815127649e-01 9.042719699214162021e-02 4.418346407117704211e-02 1.126521831740468990e-04 2.123776270926056031e-02 6.518227744310527150e-02 1.536949533608916729e-01 1.832015987407320870e-02 4.976463724314126452e-02 2.721322976951386433e-02 7.735003572924089091e-03 2.265903321999592282e-02 1.670999687031304304e-01 8.038896852525513961e-03
1.406250000000000000e+00 2.713887364419429252e-02 6.869218502621292355e-02 5.258257727044361729e-02 5.406039557025865694e-02 7.925648050772135522e-02 1.744041516141510775e-02 3.536503463080591103e-03 5.491462217355581876e-02 1.392550790921158188e-01 3.901749876540250989e-02 1.358661214973150289e-02 1.303113146940701114e-02 6.376147355433280095e-02 2.957152649984716442e-03 7.222931191908558979e-02 2.894278065243717675e-03 5.886960269276884754e-03 2.172535244637358726e-02 5.294115584110209438e-02 7.032861301228401918e-02
1.421875000000000000e+00 7.238362143395296426e-03 1.183639744995645532e-01 3.697237503373104056e-02 3.818738383033878220e-02 4.456101964799966120e-02 1.005244659822531195e-01 2.527820570812830750e-02 9.648593660458172627e-02 5.599877015990807616e-02 4.871148702414166559e-02 7.972008142892328397e-02 1.516457412164635143e-01 1.872469921187856490e-01 4.432038591534475519e-02 2.773099687499247512e-01 1.150490161361282099e-01 1.738589135423951604e-01 3.483960297681328727e-02 6.650684854618560404e-02 1.103459988330649788e-01
1.437500000000000000e+00 5.174029932228064732e-01 2.753319514982063287e-01 1.578312765095660486e-01 9.830164120079210033e-02 1.946099375918772800e-01 8.844188719620223182e-02 1.706487772702778294e-01 2.242313958718200606e-01 1.764768627480288758e-03 1.460803778749368564e-01 1.561632076123568857e-02 3.450541135402178106e-01 3.029783609247117121e-02 1.619446151187425298e-01 1.403108865810692441e-01 6.642305747004018102e-02 5.059425917580012699e-02 1.116370042935369844e-01 3.054215687726997280e-02 5.862711960429072694e-02
1.453125000000000000e+00 9.766749226871160316e-02 3.011182451332115595e-01 2.292486476508902651e-02 9.539411111954951630e-03 3.950445058883937655e-02 1.335697748696457465e-01 2.416746442944445530e-02 2.780423493321311779e-01 7.775567074701580927e-02 4.417066808448607412e-02 2.244570943444640088e-01 1.838349167224526959e-01 6.065828378150508321e-02 4.299122156197217326e-02 2.148551672802406498e-01 8.441421666535334212e-02 4.340539831767322582e-02 8.088638785175919499e-04 9.524737434307163630e-02 3.694421109045516877e-02
1.468750000000000000e+00 8.124391604649613963e-02 4.981779762051435217e-02 2.000917971958044717e-01 4.614150185123144787e-02 6.452903577676660264e-03 1.936623169274172551e-01 4.424936628955013045e-03 6.334440115232013724e-02 3.205560327326955616e-01 3.089889006514148426e-02 5.847517184723793893e-02 1.143485171416943127e-02 3.233559542103830453e-01 2.422469435025165208e-01 2.647187006994843883e-01 3.606876811123106985e-01 3.963619483500780555e-02 6.023826715870484599e-02 8.221884464479009558e-03 1.117588287415453852e-01
1.484375000000000000e+00 2.843283706699440416e-01 1.985956052343145276e-02 4.411341970386785105e-01 4.323970402875972757e-02 9.448336575059418374e-03 2.443371291921667965e-01 1.697573333538708873e-01 1.977369420690912871e-01 1.177498931449497133e-01 1.272073695810971017e-01 1.882727696970841122e-02 2.651132689775264617e-01 3.728787668802789890e-01 3.657673228921847625e-02 3.266575549981169946e-01 1.072131907982751126e-01 3.691832259673359373e-01 9.316326387003463771e-02 9.189672329184604693e-02 1.373709889872554712e-01
1.500000000000000000e+00 1.613905107911376702e-01 1.934793715295926031e-01 1.300229445177673304e-01 4.168692136791514458e-02 1.453329176008579804e-01 8.666349898827070339e-03 2.070342035952562471e-02 3.136124207949433362e-01 1.432416929329498601e-01 2.499618599634471361e-01 1.580992378812997451e-02 4.682289406607378357e-01 4.495076786557182791e-01 4.984207734033403725e-02 3.218851086899708336e-01 1.062555227574371770e-02 6.816584485092759549e-02 1.359354251095784838e-01 2.160151298102851725e-01 3.446051172578196847e-02
1.515625000000000000e+00 2.184702177652720900e-01 1.054197365284973700e-03 1.685410761312367278e-01 3.900192626526561845e-01 5.716615216115969456e-02 1.051253656314078272e-01 9.516446923301938310e-02 8.012430423409581948e-02 7.429329644422541512e-02 2.650171806611304262e-02 4.742220502884134797e-02 2.011390799778977612e-01 2.008686102110220084e-01 5.029806293824371638e-02 4.007375291663594075e-01 2.592650027290602788e-01 5.258378514302287920e-02 2.044044983629545245e-02 4.709253378767083026e-02 4.005371976724622640e-02
1.531250000000000000e+00 8.780944193680093046e-02 6.721115736693911158e-02 1.381987175305744997e-01 1.900920657752791787e-01 1.188445787992869346e-02 3.708582680125210168e-02 2.090102030819167844e-01 3.239401351462936063e-01 9.082951524943336241e-02 2.874178097284267944e-02 6.482794327137103574e-02 4.057128385606199872e-02 2.288700521616013686e-02 7.870245611321864676e-02 3.047914588992180485e-01 2.500162349445612109e-01 1.043164575670039868e-01 1.332143027071671509e-02 2.013439988491257659e-01 2.369932630393843317e-02
1.546875000000000000e+00 3.689152693310313730e-02 2.847613868229527667e-01 2.712651859188962011e-01 7.362294513137545605e-03 2.894404541101067707e-01 4.943065300921668515e-01 3.825471946528045172e-03 2.438218544811257826e-01 7.073613363159306222e-02 2.800314826098511678e-01 5.480938968555761938e-03 2.447081049551869114e-01 1.502238736486427861e-01 1.182575074580361346e-01 1.405160385992881011e-01 1.341756576373629162e-01 4.305672536845797714e-04 3.731779089816762013e-02 9.545858062031008229e-02 1.198392263711287181e-01
1.562500000000000000e+00 2.498372994285868731e-01 2.556472853593556582e-01 1.317673126837990982e-01 1.744779753578071524e-01 2.401570113649417748e-02 1.364157438233771780e-01 1.358896533469402812e-01 1.020518246771343895e-01 1.523032990181752977e-01 1.473493667287852638e-01 6.376741258566746839e-02 3.171312658711722965e-01 3.106555018776439026e-01 1.004658691751439126e-01 1.781480294311623691e-01 1.908337746208135441e-02 1.951944203082917181e-03 1.782714698522918457e-03 7.087702160227012105e-02 3.411891820984069151e-02
1.578125000000000000e+00 4.090870918964564784e-02 3.644323737880206249e-02 3.716057662659313227e-02 4.627776445573689168e-02 1.971471629083486055e-01 4.484623909506052497e-02 4.486324784936152055e-02 2.203360150871560286e-01 1.043929717749186512e-02 2.507233107417257065e-02 2.956616137987580148e-02 3.333964860267568664e-01 1.642979166997760032e-02 1.274634027604529263e-01 1.892767224760379396e-01 1.642286352764064372e-01 1.015941703694599740e-01 2.723664181303619980e-02 8.752561100295762342e-02 1.910765535135561938e-02
1.593750000000000000e+00 1.773262381956318690e-01 2.722711026304683868e-01 8.374114871186548459e-02 1.318066242831626191e-02 1.811988007551030844e-01 3.817507259206726067e-02 1.769115011566585183e-01 8.774966607946305119e-02 1.944996057894957109e-03 6.159574771660768222e-02 2.614412827564582473e-02 1.018246600197111884e-01 5.451305836646444525e-02 1.026428388954952337e-01 1.662557980223041965e-01 1.279360463897385447e-01 1.965048280175624995e-01 9.009208997699845456e-02 1.787560330766053973e-01 6.469159408592992100e-02
1.609375000000000000e+00 1.300044727811945355e-01 1.485165767570842954e-01 1.501172634613138768e-01 2.674974625342923379e-02 2.124812640203084801e-01 1.114670475804885735e-01 1.033554669960848847e-02 1.750677705801377548e-01 6.807665332266704672e-02 2.696569284774174517e-03 5.728534353840093480e-04 4.577746304361926533e-02 3.448053933829697826e-01 1.338540327880210698e-02 1.057744124104467581e-01 2.251324034664752699e-03 9.237592756708129516e-02 7.983622662136717965e-03 1.335993524153996082e-01 1.666637092447447455e-01
1.625000000000000000e+00 2.608845997876486911e-02 2.245312894167691975e-01 3.541923313384204297e-02 8.750969472780957548e-02 2.073520870396867721e-01 4.002101137148997290e-02 4.989775152198538261e-02 1.627237598037409305e-01 3.558830253777581221e-02 1.143521520591354729e-01 1.552242956829629969e-02 1.991820934632313189e-01 2.058816704863256353e-01 6.705924187539313852e-02 2.220076322698106563e-01 1.130420144016180961e-01 4.779215306236075239e-02 9.133326019083157221e-02 6.296564238380103484e-02 8.873784435980862362e-02
1.640625000000000000e+00 3.940886944506308276e-01 1.849046273843353572e-01 1.197174310584154799e-01 1.296324743136505475e-01 9.473189248290815601e-02 9.947849165524724757e-02 1.250499522576442035e-01 3.552640869870256624e-01 2.737537336927741306e-03 1.291583462847350761e-01 3.644254634705684781e-02 1.607460012982800945e-01 5.397436717379996279e-02 1.368169213832085562e-01 1.817712978034318472e-01 8.393995404973285390e-02 9.597500116603863152e-02 1.433921489851059661e-01 7.170938963948955691e-02 1.010849280870963242e-02
1.656250000000000000e+00 1.159926731797226163e-01 2.031046653176767913e-01 4.269313389337040660e-02 1.857752104258483458e-02 4.549371871474915119e-02 1.361156945006269936e-01 2.125312292158736821e-02 3.220268718454299961e-01 1.043412280475501663e-01 2.952189463027608471e-02 2.336869662995627595e-01 4.087911724162395788e-01 5.687451201010638308e-02 8.492123079338970149e-02 2.871668407644531462e-01 1.402868137945605387e-01 2.049818401368685983e-02 3.945924645732167696e-02 9.507310107081609618e-02 7.739754171128744586e-03
1.671875000000000000e+00 1.960897675343095947e-01 1.238053319137708518e-02 1.818294589846304599e-01 7.851951983802321622e-02 1.117364624495137577e-02 1.355832131508588334e-01 1.138440137721052209e-01 1.064149676720880650e-01 2.639869695750780565e-01 1.808602613071889562e-02 5.907250250905936306e-02 1.224256367794640879e-02 2.673711249160043435e-01 1.446132979125654139e-01 3.198724037354911398e-01 3.322074811633874969e-01 1.233145591351371591e-02 5.026347379922149750e-02 5.684564964921295883e-04 6.501804204164811363e-02
1.687500000000000000e+00 2.035924076894382317e-01 1.542784240827736221e-02 3.293034851679865760e-01 7.867542746220360095e-02 6.559777561746829751e-03 1.521210343107840812e-01 9.097536050780229144e-02 2.582151458196969007e-01 3.158570034057694292e-02 5.998307649412579212e-02 6.638200306878948818e-03 2.629118778186975702e-01 4.283038330346151112e-01 7.965631636107544170e-03 3.910799941265200586e-01 6.891255735087388479e-02 1.725601275899215914e-01 6.264869418383139932e-02 3.039014777026314770e-02 5.620861448615840916e-02
1.703125000000000000e+00 1.951987458231982941e-01 3.072297627053293678e-01 1.666110913564884388e-01 9.097973776803686130e-02 2.266205597573592023e-01 4.406170815713787714e-02 6.337587755085193064e-02 3.083652568434670505e-01 1.872569487464576521e-01 3.084706398206200073e-01 9.762211917129696645e-03 6.116976132114499976e-01 5.882964284088215701e-01 7.379248530741347456e-02 3.118113179582499561e-01 2.812532560804175547e-02 8.843327809149555130e-02 2.386048914286530154e-01 1.194319516836336581e-01 3.928846886969946165e-05
1.718750000000000000e+00 3.263211322025595384e-01 7.033556539052326917e-03 2.241314432437773174e-01 3.219941729723126977e-01 4.229472984303481869e-02 1.592113146685034952e-01 1.825059981879346427e-01 4.620975376046975586e-02 3.463634609638792383e-02 1.420249002274842284e-02 1.026979136189032499e-01 3.557864522116479522e-01 2.694986408655979937e-01 1.887064661366067916e-02 2.665364550148329181e-01 3.014891863692661933e-01 3.157086005727016004e-02 4.356294218892529241e-02 3.148153870916291230e-02 6.985892447153985163e-02
1.734375000000000000e+00 4.421047451858781813e-02 1.707762976461383864e-01 1.777335533591464789e-01 1.323678407200276630e-01 7.439536744926317224e-02 6.598017890306477617e-02 4.797749643046107793e-02 1.636110210693959011e-01 1.331223070506776240e-01 4.375747299465596041e-02 1.965798757870768076e-01 1.629146672987628885e-01 4.241076874813740766e-02 1.817136628221020789e-01 1.499135863926071288e-01 2.723435473673295748e-01 6.945668816779013155e-02 4.763462652861653879e-02 2.330452180080072044e-01 3.652817067852565797e-02
1.750000000000000000e+00 4.083432089123401054e-02 3.504284520330597230e-01 3.300270809532294125e-01 1.869165454031743168e-01 2.724820259793734878e-01 4.684470600374148752e-01 7.875491275380358536e-02 2.459124153236711408e-01 2.775008788523122827e-02 2.965908673423541253e-01 1.605155824102900419e-01 2.758599150315427795e-01 5.750582125604340733e-02 8.033417762949118801e-02 8.886938346420440726e-02 1.868503764103594256e-01 1.276684854680142089e-01 1.464984141649001148e-01 2.812506394492450545e-01 2.074953913114988002e-01
1.765625000000000000e+00 9.780992041384388436e-02 1.482700286182558336e-01 1.180679329033714892e-01 5.869558237505714260e-01 1.007580666017608706e-01 1.079377796118960592e-01 1.845932882435264988e-01 2.648002987628347848e-01 2.508938967800927178e-01 2.007010416211695014e-01 3.595398024522306057e-02 1.988974963035646526e-01 2.887498067652861100e-01 9.201156156661385865e-02 1.454390396249911621e-01 7.165005040304323058e-02 3.400475485199925402e-02 2.156363276879456892e-01 2.845201478460794298e-01 2.208879739421706345e-01
1.781250000000000000e+00 4.285751350079384375e-02 2.064464621524908505e-02 3.620636589470409977e-02 4.418826821723077086e-02 8.978947642737600265e-02 1.638317266469647981e-01 1.479651990412931065e-02 1.830746122877111581e-01 2.229728492252341238e-02 1.322383026181761945e-03 3.627098990360481251e-02 1.074552736871149938e-01 5.158178411824919651e-01 8.856218583975408731e-02 8.186441030016546050e-02 1.270344420299639454e-01 6.950575068787791938e-03 1.645972891484783762e-01 1.025625440450912695e-01 9.898111646936202934e-02
1.796875000000000000e+00 9.616815494196385983e-02 3.524322170883668059e-01 4.991144494542986559e-02 5.126021542015679611e-02 2.542076920900864234e-01 7.026210169476906908e-02 8.271424979314125070e-02 1.176318321354907492e-01 7.206232056483925785e-02 6.510203676688181007e-02 2.786378371163727302e-02 5.137710297086672817e-02 1.242066683944433314e-01 1.043952051387468660e-02 7.937064287863561732e-03 1.768437441668454721e-02 2.214719457088798471e-01 4.423419330596386340e-02 1.767262150230890505e-01 1.752795915384937342e-01
1.812500000000000000e+00 9.819706353898050022e-02 1.532983214200537569e-01 1.577265733005323300e-01 4.769151084690196815e-03 3.664098708789911146e-02 1.320545175406755700e-01 2.695719189139954633e-02 1.313778950206103413e-01 1.573710703184896462e-02 2.852156188498811834e-02 2.835961899231763048e-02 1.135232225987013316e-01 3.566780277006496025e-01 8.139443375461895280e-02 8.025089556668809146e-03 6.284899051704939676e-02 2.762878703030920494e-02 3.653972372610649749e-02 1.288534235085160295e-01 1.239489119928881139e-01
1.828125000000000000e+00 6.976124474223746640e-04 3.196735937257870752e-01 3.037861227032652156e-01 2.088262482378760998e-01 3.837504567110144316e-01 7.089415116585678911e-02 9.050543249576899207e-02 2.903258351488506306e-01 1.345616111495421055e-02 2.496782755817842370e-01 5.130678367135884689e-03 1.460067359266596365e-01 2.849821630629810754e-01 1.393868710583424653e-01 4.471214721229066491e-02 9.231993793283113647e-02 2.397487032042436988e-02 2.751464306705447838e-01 1.512640662004285652e-01 7.367400645425577210e-02
1.843750000000000000e+00 2.315842340834524671e-01 5.710313164602606045e-02 5.879481509099494969e-04 1.931046981552392572e-01 4.088430204271923524e-02 1.675977065890649209e-01 1.041170386193860792e-01 7.047763519312790770e-01 3.235762255391844144e-02 3.519294492382213368e-01 2.010540874024948077e-01 1.598758087534267736e-01 4.217632305688910621e-02 9.419123394704023711e-02 6.997428207363119712e-02 9.351179200270638703e-02 1.575364815634566484e-01 3.025039388783258287e-01 3.714498361021357220e-01 5.411923677902158447e-02
1.859375000000000000e+00 1.254965660937936989e-01 4.593281135288742045e-01 2.649176751840188193e-01 7.508261139135058437e-02 1.031938265125492138e-01 3.238398630112669929e-01 5.049308114972153594e-02 5.671577700431120750e-01 3.548571757086352307e-01 2.301341352237226967e-01 1.190753876749697515e-01 4.307626048072585312e-01 1.812896896511325406e-01 2.001486746850343057e-01 1.168102266973998354e-01 2.409853103910743755e-01 1.830156280051284043e-02 1.241069030120709876e-01 3.030693292408464523e-01 5.755222756851634258e-02
1.875000000000000000e+00 8.487160201470683729e-02 2.742196972566011276e-02 1.576044559314954407e-01 5.236007628548132731e-01 1.350801013286978373e-02 2.280655604157783012e-01 1.995376959976635500e-01 1.369858124298495468e-02 7.527579918425630900e-02 2.964869631899874972e-02 1.089368893743262318e-01 4.305841663820375587e-02 2.270913748738799809e-01 1.057364574092425624e-01 6.591439545653145216e-02 4.492891525128697716e-01 1.051872797044223068e-01 1.236935293170687983e-01 1.551388877154311619e-01 4.401455470940566356e-02
1.890625000000000000e+00 3.188487532539801411e-02 1.595405337717608063e-01 3.433637993636062258e-01 3.645256242354493192e-01 2.279990202594817383e-01 1.836700542021538485e-01 3.731582339482331090e-02 5.341521970640652484e-01 1.608950530520234234e-01 2.879984232448121739e-01 4.245104074532195237e-02 6.616598088017821011e-01 3.447004229852535517e-01 5.448592243541747204e-02 8.260809327410750802e-02 1.755351087147284661e-01 1.317367257411538317e-01 2.588745130385725068e-01 2.548302249348986526e-01 8.464677134257803104e-02
1.906250000000000000e+00 9.089218666099066479e-02 8.463725755424646169e-02 2.983975503733144463e-01 1.024009990236947054e-01 9.243854754017524766e-02 3.426207608253509229e-02 6.477117615308264353e-02 5.966974675732448219e-01 8.159202293084549806e-02 2.448647262575074646e-01 9.579875900867639016e-03 5.080011460942996937e-01 3.214324286208823378e-01 1.957432616577687787e-02 1.692320914410459232e-01 6.299479856239119380e-02 7.761481682437773588e-02 7.477994875312822531e-02 1.680819729885317804e-01 7.364333415029623853e-02
1.921875000000000000e+00 1.590050040350770022e-01 3.945234045429865666e-02 4.016104168411577802e-01 5.689240924876581146e-02 8.047352507046107162e-03 2.277712579114408442e-01 2.102268781106776119e-01 3.693753260896479595e-01 2.655271439450258564e-01 2.347878185446318211e-01 1.849873595358369691e-02 2.630995453736431067e-01 2.635343619614019528e-01 1.341435318692271172e-01 1.949344160077478849e-01 3.382399794247426539e-01 1.098480064618095886e-01 6.181681974979484628e-02 9.350064850272087058e-02 5.289340166890592332e-02
1.937500000000000000e+00 9.635242739337211704e-02 5.995781227332049740e-02 1.496764501696198069e-01 1.011338627844206479e-02 1.344024561715799482e-02 3.723705068684190489e-01 1.060038990520952434e-01 1.616782787853440206e-01 2.351092635143579301e-01 3.027414530109858934e-02 5.615032273637771132e-02 1.206434900791637788e-01 1.618847040793916503e-01 2.929596314768056486e-01 1.559278076874391350e-01 3.360497014578291974e-01 8.172719762854707692e-02 7.694837670971288457e-02 1.501484184867325072e-02 1.862806366622302146e-02
1.953125000000000000e+00 4.298154863841040924e-02 1.484140839608422135e-01 1.517543272136466226e-01 1.355051348493229169e-01 6.809413319394741482e-02 2.778694395682048124e-01 1.717668232022561969e-01 3.779360040772851703e-01 6.233357036307524829e-02 2.657448866523059450e-01 1.611914805124747274e-01 2.329925305481332087e-01 9.014306289034057507e-02 7.483932053568616988e-03 1.313942951909666812e-01 1.134825368577533355e-01 1.364291894931229376e-01 2.378302690440389430e-02 1.575144698292701984e-01 4.938230155502042890e-02
1.968750000000000000e+00 1.592356056374897005e-03 2.115879300462398527e-01 2.637496664989538719e-01 2.230916482691276959e-01 4.180041450017375482e-01 8.221910097389033278e-03 1.868625426834344058e-02 2.110075596892443672e-01 3.562878725923484396e-02 1.532723272674011428e-01 5.685924278716913971e-02 1.543633350827543771e-01 3.945443486525234689e-01 1.181740106346280822e-01 2.377658802860476706e-01 1.102965194268887977e-01 5.807085865369039646e-02 1.290591311495639937e-01 4.415518073484732409e-02 2.079511101831383879e-01
1.984375000000000000e+00 4.970919609212093304e-02 7.220718564376180093e-02 3.676150223652871474e-01 1.113529719005451613e-02 6.950528468606289277e-03 1.370363288995303241e-01 3.043537253757449754e-02 3.125401510334629429e-01 1.333652201518420108e-02 1.632403798276294352e-02 1.564049851409199388e-02 1.147298543089118883e-01 4.633113152264535239e-01 1.570872556856579838e-02 3.311566610418589102e-02 7.978586666765231927e-02 8.842103900354381790e-03 2.588400923446938784e-02 1.323414471414950389e-01 1.444121103077131707e-01
2.000000000000000000e+00 5.672744805978852112e-02 9.408641679958222592e-02 2.620917070767925933e-02 1.068234070802226779e-02 1.277050075289150877e-01 2.414161786322503722e-02 2.901568520967952314e-02 1.962282962782801454e-01 1.426620237738808750e-01 7.364785840309363840e-02 2.076214632791052901e-03 3.807303774146211794e-02 1.014260967399966823e-01 2.843230036624524136e-03 2.699357516793075232e-03 4.167429326125927751e-03 4.384329418011099350e-02 5.171838821183741275e-02 4.262597490502127023e-02 9.335143796104586333e-02
