0.000000000000000000e+00 3.303130012995957321e-01 3.731634978659496837e-02 3.690301174798234218e-02 3.660363788388905082e-01 5.941947353603487143e-04 1.930779928972477244e-01 7.769790550175721677e-02 2.839896641616800749e-02 5.520787280489230240e-04 7.992161302102471221e-02 5.153090674511744129e-02 2.148954705974531754e-01 8.886749956710340848e-02 3.121607670165720272e-01 6.989012027733963739e-02 3.307353282239589576e-01 7.221529702410225959e-02 3.394183847391506192e-02 1.231428845218975054e-01 4.244850951551685375e-02
1.562500000000000000e-02 3.093928914983791745e-01 1.384784323577614995e-01 4.828826953994079518e-02 4.731795332714655578e-02 2.422368889688747973e-01 2.205525315211477877e-01 2.994408383451541700e-01 2.170119696408317478e-01 1.683083635239886744e-01 7.575498066990105084e-02 2.532049691638280642e-01 3.512215809089305196e-01 2.333734971924024126e-01 4.302562565791254734e-01 1.273363250807663105e-01 1.368720263317269314e-01 4.489572822418112091e-02 1.621530022657396986e-01 4.310314098843900377e-01 1.403862399762410562e-01
3.125000000000000000e-02 3.077476271528498675e-01 4.096185128079469218e-01 8.606845451904501787e-02 7.286554326506862467e-02 6.075279090394951620e-01 3.470098473246954751e-02 5.558970632639061160e-02 9.779863178866914086e-02 7.820785876737590403e-01 2.449127376742682716e-01 3.316561047114925942e-01 9.085232306251922463e-02 9.646762109195612667e-02 2.020542163564989502e-01 3.919858952130441665e-01 4.664416003652220311e-01 3.253768092971292547e-01 4.798486585354501122e-01 2.684937099378877437e-02 7.967185988748473058e-01
4.687500000000000000e-02 2.195642180284603506e-01 4.004210045471030543e-01 1.007592655368945989e-01 2.347327546868835380e-01 2.318317681959667365e-01 2.576558073879319233e-01 2.284589061568859658e-01 3.502427789144563763e-01 5.466844693798068588e-01 1.147634964142543318e-01 3.178186181954528733e-01 2.669552907410657761e-01 2.865836579053493427e-01 6.079804635765521104e-01 4.420612499175806676e-01 1.911044101026258824e-01 4.534772355425766843e-01 4.233008875595699050e-01 2.383763932505565120e-01 2.386310785191171902e-01
6.250000000000000000e-02 2.091660947768841372e-01 2.938303654560222022e-01 3.407737467607506177e-01 1.904439497896270594e-01 3.814130065760747423e-01 3.259884480999664658e-01 1.344529666675690627e-01 2.823333647097088783e-01 3.692740098594622933e-01 3.474703789200109805e-01 1.924275555709527574e-01 3.269213410133396946e-01 4.169560014059923159e-01 2.468539965124376678e-01 5.196763992878379312e-01 1.785163382790091735e-01 1.480470561466451229e-01 1.994168077135581307e-01 6.412575134362686891e-01 1.300438445015683099e-02
7.812500000000000000e-02 9.259603456039454394e-02 3.703470208354835425e-01 1.566551047633339966e-01 6.617824597895528849e-02 1.239719218682668878e-01 1.135603467741560513e-01 9.061258514315130574e-02 5.335121105241829101e-03 3.517438686922107483e-01 3.888013576509245089e-02 1.747641499801443343e-01 3.703388367544988014e-01 2.617920592425217463e-01 2.194091571611075583e-02 1.536444718067273285e-01 4.862566490571482158e-01 1.804543375292887997e-01 2.417739432576896941e-01 3.420814338503305185e-01 1.333864574144401627e-01
9.375000000000000000e-02 1.122848126630884430e-01 4.289316720543492889e-01 2.343311454576810504e-01 1.066907135693182657e-01 3.584356473044753022e-01 1.241218525916684273e-01 9.716170138007401702e-02 2.972033098323932365e-01 6.171955982491124093e-01 2.268336322948295569e-01 5.288380770341800652e-01 2.895094986474043841e-01 3.773039949863807307e-01 4.540083972981872051e-01 8.231245801983115562e-02 2.961857494599175467e-01 1.428572562376021204e-01 4.039448013223280731e-01 2.091168850867799467e-01 5.490826682257198277e-01
1.093750000000000000e-01 1.526977196080847865e-01 3.428551061872034400e-01 7.551591554626865821e-02 1.479127444898905956e-02 5.368008717866648571e-02 9.227421451706806221e-02 8.256885262640492607e-02 4.881699192471867371e-02 3.645622415365174507e-01 2.199460170574395745e-01 2.313647460890439767e-01 3.186757410007452496e-01 1.495417541588007770e-01 3.788181885501951118e-01 4.362337458399847406e-02 4.719544058355100713e-01 1.944553388797997107e-01 1.895945115040847950e-01 2.300213349960657516e-01 2.612684876905775888e-01
1.250000000000000000e-01 2.878644770866571889e-01 2.505412499241972957e-01 2.534362573579048705e-01 3.890330581120966108e-02 4.120605118202722017e-01 1.192989529633659285e-01 6.748528795179194184e-02 1.285660050731672333e-01 1.864433289894930068e-01 1.390587262338836838e-01 9.203069011671162480e-02 3.071504732863605813e-01 3.784134821944628579e-01 6.834844037629393167e-03 2.603047601876271600e-01 3.205306156287324737e-01 1.932371606268266928e-01 2.561854256479003666e-01 6.495988057500596824e-01 2.396620436147933186e-01
1.406250000000000000e-01 8.912650296388588411e-02 6.052500401067500285e-02 2.282109283762323859e-01 8.506866871622965898e-02 1.162143935422463303e-01 1.338965261782221750e-01 8.496375277654350704e-04 1.338516849405748388e-01 2.046898354992192359e-01 6.559905208344785077e-02 6.992444473442409325e-02 2.698690791420901292e-01 2.253643036769909236e-01 1.111211596465870588e-01 7.403347178205886558e-02 3.349658308565790776e-02 1.685068695826565377e-01 9.571712247980403154e-02 2.223732544227866592e-01 1.367171081106084152e-01
1.562500000000000000e-01 1.370010501696726779e-01 1.370291585040583071e-01 1.072883221171979512e-01 1.035535159639389274e-01 2.943447207585572212e-01 2.836439780132607447e-01 7.103729418015787556e-02 3.172923867797824427e-01 5.122879651295102477e-01 3.544271535297822961e-02 4.199601324524440127e-01 1.399527089022518933e-01 8.025708778426778045e-02 1.897220793776337733e-01 4.127597860328990342e-01 2.798179137111980186e-01 1.579626288989431360e-01 3.484706001321916102e-01 6.353835259428018689e-02 2.039626791797562178e-01
1.718750000000000000e-01 4.049885901257035264e-02 5.400958082403400917e-02 2.423811379362324214e-02 4.870559611215647955e-01 2.050214513803954586e-01 6.201250240090939725e-01 1.638897008471792982e-01 5.920275956574692910e-02 4.192686665242019717e-01 3.871832768004694614e-02 3.273899727117448449e-02 2.333513946820184662e-02 9.859545144856696197e-02 3.705263306278990254e-01 5.688943798399002105e-01 5.810812458128876423e-02 8.748439013827788435e-02 2.725768719678649532e-01 8.225591890594528832e-02 1.856414341077084473e-01
1.875000000000000000e-01 9.218147564824951123e-01 8.885993948252581820e-01 8.139612493239914981e-01 8.153086762860181080e-01 7.794491350739901625e-01 9.877291027842718396e-01 9.188969493931858912e-01 9.335573594135321285e-01 6.855848208025218105e-01 9.008462148901082989e-01 8.270068532127726746e-01 7.768556508658464033e-01 7.799566277651936996e-01 9.518622304312556182e-01 9.157839975614637806e-01 8.359198984598391613e-01 9.417524007579481937e-01 9.679400018584147780e-01 6.595826380631099051e-01 6.396461137956612752e-01
2.031250000000000000e-01 9.669870898494151712e-01 9.507333618155283661e-01 8.981231164371590303e-01 9.046824578456974519e-01 8.949623103934661872e-01 9.941973333102535060e-01 9.622791464516230464e-01 9.648573153199726526e-01 8.093063156270727809e-01 9.644715979112326032e-01 9.265906021289199712e-01 8.747044164245227904e-01 8.741781531426097152e-01 9.655648888911783079e-01 9.550971501954143017e-01 9.055789168612616846e-01 9.817797012080078378e-01 9.850629447678689310e-01 8.299398303212875971e-01 7.658085485165171402e-01
2.187500000000000000e-01 8.123958304997754842e-01 7.202565353478630472e-01 4.940683122465635568e-01 5.455476272209295319e-01 4.864420394090344657e-01 9.451745392095329823e-01 6.938581595614032871e-01 7.449567278326469921e-01 5.383012142797346522e-01 6.227743441348666531e-01 5.158289854825218734e-01 5.770157506285459315e-01 4.967009693565812012e-01 8.881268441023917326e-01 6.689043312740721170e-01 5.814181837089337224e-01 7.686507610239579069e-01 9.003678995686613673e-01 4.736991518399720213e-01 4.563694405591808834e-01
2.343750000000000000e-01 1.374511287688486016e-01 3.286959543741698186e-01 1.140662043370565398e-01 3.485142270790727581e-01 4.993318363698847073e-01 8.323983534474908852e-03 1.452008184685934511e-01 3.986773316813223555e-01 2.018099298327998004e-01 3.096059504870994350e-01 5.480472286397014559e-01 1.551216320883728739e-01 1.425925100784145028e-01 8.914914986990672696e-03 7.598181215755708262e-01 1.319813750254304474e-01 2.949041701561461726e-01 2.942940245162121715e-01 2.488145066433855024e-01 2.720062914735248971e-01
2.500000000000000000e-01 3.028289015012193275e-01 6.729257429725736539e-02 2.839351648310102227e-01 1.034009444604156863e-01 2.254277528911212136e-01 1.910054510104642056e-01 1.097588997972378660e-01 4.248479717577233195e-01 4.117853505727628316e-01 3.470212261176252450e-02 3.388652243253721941e-01 2.276718523786624426e-01 7.685793926037466639e-02 4.460736020247244027e-01 1.791435469110299328e-01 1.637769683535455489e-01 3.238419592955363857e-01 1.973921032728326308e-01 3.153466607808397271e-01 2.171358814459331266e-01
2.656250000000000000e-01 2.292884235883886623e-01 3.641953805525073862e-01 4.934964014393421472e-01 8.948188715261443105e-02 5.156481134519274034e-01 1.870243757857896483e-01 3.980649396008608537e-02 8.095903015375476020e-02 3.334988563656913207e-01 1.589792623039223696e-01 1.387686268914687104e-01 3.097168486602787651e-01 3.356233595745873322e-01 4.471638896437486049e-02 2.488602025604202683e-01 1.432648088455701629e-01 1.950298980892731238e-01 1.662811881581008899e-01 4.062298545426559770e-01 1.569358338562106270e-01
2.812500000000000000e-01 1.901818707649070850e-01 4.769375929985730789e-01 2.365717048366904884e-01 1.734262431274177785e-02 1.241097643935679335e-03 7.711286638151254591e-02 5.968326688882324288e-02 8.848385228776409553e-03 2.758612364189615973e-01 5.223596389933701789e-02 2.050727867574628771e-01 3.217770710298439307e-01 2.448262413547399874e-01 8.074883327212697970e-02 1.790738030595316332e-01 4.240746591139361032e-01 3.689422286106903981e-02 2.713970764664874191e-01 3.030232476947364861e-01 2.807114598597514332e-01
2.968750000000000000e-01 1.547047057030260797e-01 3.366028112408116502e-01 1.412472151177485979e-01 1.036181235821613950e-01 3.736551699065291388e-01 1.476290667858026762e-01 4.892491189678003019e-03 5.660663557475494878e-01 4.919619374794983457e-01 3.894992783102972922e-01 5.651964108493441330e-01 1.307442629352702501e-01 3.453714681651656182e-01 6.950719101580157266e-01 2.270445621574094519e-01 2.095862968078061606e-01 6.193503142288738633e-02 4.739954816870391996e-01 1.181605793878654082e-01 5.841560748572439676e-01
3.125000000000000000e-01 1.917860994425492904e-01 3.495284260717607672e-01 5.535603173705157948e-02 1.877934359290064914e-02 3.011158419776909789e-01 1.516619660069378761e-01 2.435819205722922765e-01 6.018776322120863997e-02 3.546013864949088545e-01 1.631745174741605908e-01 3.337024766443911217e-01 3.686786627181083409e-01 2.082040883026947953e-01 2.116798734225842082e-01 2.087433782880024694e-02 4.845214101292816267e-01 3.660171936553158201e-01 1.625830186340180838e-01 3.128363372638751638e-01 1.547205648826163182e-01
3.281250000000000000e-01 2.259370528005960610e-01 1.873437368816736892e-01 1.854785794901662177e-01 7.475695575337112930e-02 3.525092710347084712e-01 1.688817556320338920e-01 1.006574731693720415e-01 1.372057360196984599e-01 1.810214481039366663e-01 1.423971278819722297e-01 6.782180200314816276e-02 3.144220611626428186e-01 3.670830712723699429e-01 1.589421144611000147e-02 2.636962008247857869e-01 3.386538912934239365e-01 1.835976645674300134e-01 2.335547446686234707e-01 6.471503052654846710e-01 1.684956824576589740e-01
3.437500000000000000e-01 4.363249900782143614e-02 4.394450585765911216e-02 2.415173590830397843e-01 1.785531684635608130e-01 1.991069792049302845e-01 2.443047618943139654e-01 3.349603271608836419e-02 2.250343258944190183e-01 2.123230501997913633e-01 1.522682816157437391e-01 4.454484147560824892e-02 2.752130023903760492e-01 2.373851908261717103e-01 3.512209164978331022e-01 1.667119474061683204e-01 4.995781638977623423e-02 1.954222603899098964e-01 1.186587921607488438e-01 3.035414408349614290e-01 1.691686371409278564e-02
3.593750000000000000e-01 2.485599563222551656e-01 2.407021415486689797e-01 2.944296230331449465e-02 2.736465287257565659e-01 2.571764124010462171e-01 2.160996820432632137e-01 1.414466961312074444e-01 3.200459450518138849e-01 7.755641726446396156e-01 2.741229754982906774e-01 1.923353604460023847e-01 4.102177800568557881e-02 4.203296547993608419e-03 4.082288754939261688e-01 3.547787508119059074e-01 3.749533872358439268e-01 3.596005889177245063e-01 4.573169223362300029e-01 4.308483199279605075e-02 6.671922742231808368e-01
3.750000000000000000e-01 2.335505154865222255e-01 2.419615932920461954e-01 2.979538085472584891e-02 1.476293629350904912e-01 3.192887097812650843e-02 2.547553351086205287e-01 3.814413603750531345e-02 2.087091919996590661e-02 5.690667723772507847e-01 1.556948710367393185e-01 1.922046482364963560e-01 1.077293812728964545e-01 1.675797740902124910e-01 2.581764912481676055e-01 3.686599317409191556e-01 1.660563145001982266e-01 3.108134755495227039e-02 4.737831986944772700e-01 2.362777209775698134e-02 6.495686443178019243e-01
3.906250000000000000e-01 6.682797079576856258e-02 7.405615742411338076e-02 7.712210345976956878e-04 1.811492937175200046e-01 1.511301091083796892e-02 2.613156416588748310e-01 1.502830931380386321e-02 5.368318205400608722e-02 1.447574559741648670e-01 2.623297714245723111e-02 9.179689867649851176e-02 1.802227113372808776e-01 1.100894147554637437e-01 5.377475692846121064e-02 4.558003476199561262e-03 9.943380696915155026e-02 1.997513714223706285e-02 1.051346599007677886e-02 3.509308282836623091e-03 2.364865543807734005e-01
4.062500000000000000e-01 1.561173678705890001e-02 3.358257033316414814e-02 2.774824302172919019e-02 6.202723546574005070e-03 1.946548826889052050e-02 1.568363754006141808e-01 4.132365643620632828e-02 1.763301013453927660e-02 1.184237997756267674e-01 4.553790530184541330e-02 6.319328093743374619e-02 7.994060273421933760e-02 3.810396012080536493e-02 6.183919638339474556e-02 1.260961674579099182e-04 1.292698558161175793e-01 2.661616001345660718e-02 3.754106919992747024e-03 1.194738128598285196e-02 1.754417990823529117e-01
4.218750000000000000e-01 3.274304984215380826e-02 1.942899691851971422e-01 1.078446849531074642e-01 7.883088984422293582e-03 4.174605511753999854e-01 3.716830390300127074e-01 1.925982641270440957e-02 7.578712423550237887e-02 4.752937292498825017e-01 1.881230500024669849e-01 3.232374367152864303e-01 1.646405657124929700e-01 6.266238332926785115e-02 3.201749209827274845e-01 8.030363527433789783e-02 7.442007314505973137e-02 9.202830493771251008e-02 3.279657244838089514e-01 2.755436056349559459e-01 6.851165662859881600e-01
4.375000000000000000e-01 2.577796496867018616e-01 2.427319307885751343e-01 3.773757295162864095e-02 3.335179396030731880e-01 3.275909910621895293e-01 7.647431422687936409e-02 1.610671300476439194e-01 1.686975077619574659e-01 6.253416414333549112e-01 3.711109171652521299e-01 4.277899620884501597e-01 2.186840857500327862e-01 7.747213303884335767e-02 2.048773272141714841e-01 2.774654322118519922e-01 5.689712228061869492e-01 3.686239039939309681e-01 2.799841999499617096e-01 2.879629393167909002e-01 6.411473107551516337e-01
4.531250000000000000e-01 3.098261417958524389e-01 3.848144047415475999e-01 3.866469895549903835e-01 2.282400576406334869e-01 1.800422850573456801e-01 2.295193389502003800e-01 2.676680476783827034e-01 2.017620007921080705e-01 3.844256112772563294e-01 8.589179493058803072e-02 2.655825839751303485e-01 3.024835150391659289e-01 3.925593547640113812e-01 5.769266154168257721e-01 3.588893482238787458e-01 9.370077967130041596e-02 2.281060520157962845e-01 2.725376520106420064e-01 4.574109459890697837e-01 2.754555810499892399e-01
4.687500000000000000e-01 2.224715409130725574e-01 5.185757754594798596e-01 4.663049921822751687e-01 1.828277895851774526e-01 3.544110236223177446e-01 1.890467927088315681e-01 9.040202202811482846e-02 1.679856508241273777e-02 3.288555659068261305e-01 1.425551768105527140e-01 2.214143973494899775e-01 3.716963487517240816e-01 5.076334445268442241e-01 1.527559744442840151e-01 3.123851637096866640e-01 1.561771195971772552e-01 1.737635417046825836e-01 2.183707268949734714e-01 4.686604625878630359e-01 2.175552505504880219e-01
4.843750000000000000e-01 9.444761715626942555e-02 5.377977417786844461e-01 1.944421484283474777e-01 2.174640260373673084e-01 1.320826000603221063e-02 2.458672941670776713e-02 6.029279094850522464e-02 1.330460376565515412e-01 3.533762032498669603e-01 1.457974429546343154e-01 3.023034484924401188e-01 3.035012585154250875e-01 9.871084280674452538e-02 1.495410033605015510e-01 1.205214431817546172e-01 3.601884615042351689e-01 1.552530843213014433e-01 2.885925926159937371e-01 6.393124016478123062e-02 3.740452664204327871e-01
5.000000000000000000e-01 3.035290877714070246e-01 3.086769012751185426e-01 7.457152074345858861e-02 2.012341346424166288e-01 2.186588702697784548e-01 1.817413340653936671e-01 1.407547084837036111e-01 5.504428100336974383e-01 5.147052947446840721e-01 3.513864033966208975e-03 4.889078917980047012e-01 3.211936735073803728e-01 3.381151401226226705e-01 5.111928866845089070e-01 2.133646072195311827e-01 2.951174506724986157e-01 5.912841277707103077e-02 4.469019530076194235e-01 3.505723132252751978e-02 6.448525689698338947e-01
5.156250000000000000e-01 1.315328934664856120e-01 2.169104333717521149e-01 4.884075757700172271e-02 7.364618171268636285e-03 6.803671779445620571e-02 7.411863667986760829e-02 8.872030211128437149e-02 7.514660939054624254e-03 2.208399234663129262e-01 4.603169706881030110e-02 1.370155501895080896e-01 2.808859191375438491e-01 2.392194676252700491e-01 1.565852019806036610e-01 3.832189711765543461e-02 4.284453458215727317e-01 1.245394619444212120e-01 2.127263385464862044e-01 2.480841814522616595e-01 1.691074291946396690e-01
5.312500000000000000e-01 2.196528138830780852e-01 1.629253505474093922e-01 2.501105337266347206e-01 6.275466927016432050e-02 3.921093295997853945e-01 1.469500829919809515e-01 7.333087544138827685e-02 2.014178088630375341e-01 1.302942517657031951e-01 1.625111387188837575e-01 9.303433771116781381e-02 2.827150140592237237e-01 3.921964570270826678e-01 1.926094388265783136e-02 2.408241304775768366e-01 2.247031819793939844e-01 2.389976703019847104e-01 2.524067824635715662e-01 5.420524712688373770e-01 2.162808926539571130e-01
5.468750000000000000e-01 3.581087485340016252e-02 3.076345352916943360e-02 1.345592420519217958e-01 8.951794291673628723e-02 5.354777190520501606e-02 1.584563829694051185e-01 2.466814050330222961e-03 1.061604471802490429e-01 1.192914303331493314e-01 3.968712317103490622e-02 4.370216375380442386e-02 1.964217794069416101e-01 1.755989946042359473e-01 1.333235245289920157e-01 3.821110147712486471e-02 1.749248459107892797e-02 5.760376090497271173e-02 8.436992607532731170e-02 1.097383903520779691e-01 9.121534965309427423e-02
5.625000000000000000e-01 2.613511330151699341e-01 9.372685223653562381e-02 2.932803702659895762e-01 1.843511675785070719e-02 4.452792848160843642e-01 2.643659526586628061e-01 6.600326956149692170e-02 2.760798362984934751e-01 4.404565971856276296e-01 2.702289004174094345e-01 3.266019199179168719e-01 2.042098366399245080e-01 5.592162444362321766e-02 2.355126007090232836e-03 3.619254888880848453e-01 9.091831503429770311e-02 3.565506269760979063e-01 1.565993096839803367e-01 1.325861129942737249e-01 5.217627472717127901e-01
5.781250000000000000e-01 1.851462103905272827e-02 2.102048462178574550e-01 3.465124099066954622e-02 5.135822259378539645e-01 2.960175578924711254e-02 6.326183802309635062e-01 7.044612020550046483e-02 1.244086755115825088e-01 2.665387281248052243e-01 1.973760790409340438e-01 1.473752755587713903e-01 9.465870545563712102e-02 6.337713497763129700e-02 8.215388089522983328e-02 2.149479843952784575e-01 2.858840086387880522e-02 2.335735678160963391e-02 9.941933993666997316e-02 1.080761061768103493e-01 2.849281087994148809e-01
5.937500000000000000e-01 1.389190938283394773e-03 1.316345025279189694e-02 3.518287223700717822e-03 5.472680649420710169e-02 5.632652078780693052e-03 2.314404096365175745e-01 3.721442603467847027e-02 1.488373681170110721e-02 7.475014334384501302e-02 1.909829728782296357e-02 2.070597032603829074e-02 8.404691069168117312e-02 2.663888227565089362e-02 1.600585826114342691e-01 1.067756576376574160e-02 1.042651271045454270e-01 1.658373407795013564e-03 2.071738189862115231e-03 1.637134562315580369e-02 7.803476838027136042e-02
6.093750000000000000e-01 2.550394015498961154e-03 5.490547915718206606e-02 2.845469722707253193e-02 9.759078758106788654e-02 1.960712891088152096e-02 3.314592427156589638e-01 8.049434165695645849e-03 3.494811488306408254e-02 1.077932213497475311e-01 3.314229796637038067e-02 8.884897041764094894e-02 1.026210958420025743e-01 2.673166966811987150e-02 1.919984407768605961e-01 1.155272954524053444e-02 7.297811949977248136e-02 6.329877577591634490e-03 1.177599835313738845e-02 6.232257222056114543e-02 8.901000069727676989e-02
6.250000000000000000e-01 2.556935017888076894e-02 2.439132025210792865e-01 1.323173727780753151e-01 1.931436276961739640e-01 2.508246692875186201e-01 5.847621797781084041e-01 5.621952590528375010e-02 6.096964945679713560e-02 2.358725280599225649e-01 2.066162190135622800e-01 4.892187347692347754e-01 2.743775510555987451e-01 4.900894594610392951e-02 5.185940871044537924e-04 7.543691740114164337e-03 1.005934834805687073e-02 1.059887867464793555e-02 2.565656933164667253e-02 3.055212962794852660e-01 2.333327594757775014e-01
6.406250000000000000e-01 9.503750004022119488e-03 1.258188453093843362e-02 1.229576172163867193e-01 2.194073371335041878e-01 2.775399689282226356e-01 3.518128016183111884e-01 2.146044953575176051e-01 2.069503678106968392e-01 3.065776396331145182e-01 2.021358070103220494e-01 3.658085636232611404e-01 2.070836153711430594e-01 1.761686857134976414e-01 7.672871778779445651e-02 5.280123801941946082e-01 2.475353635428938492e-01 3.838297483939718813e-01 1.121719496658758752e-01 3.023711283392597760e-01 1.973300995620747567e-01
6.562500000000000000e-01 1.837714041392273789e-01 4.685452981333514816e-02 2.098708133620389160e-01 1.315992922792193764e-01 6.369843016573067604e-03 3.855483856615244398e-01 7.585967590504009983e-02 1.185686894062273067e-01 4.919980473358912532e-01 1.411159149230807597e-01 1.229800704873433015e-01 2.346676372649604825e-01 1.338492317676576726e-01 6.845463748566613660e-01 4.258695293969899653e-01 9.589807102612947498e-02 1.281651203036794917e-01 1.616037208107388989e-01 5.867997811151505205e-01 1.919157974115955415e-02
6.718750000000000000e-01 2.648504571828373400e-01 3.128393039504990814e-01 2.253307938966774837e-01 1.051631378269635292e-01 3.266081972624178542e-01 2.765712570978223206e-01 9.324189928311424347e-02 2.749089231934997296e-02 3.681247058035591602e-01 1.612663042578285078e-01 2.342989997641051481e-01 2.883916551654026605e-01 2.432933957749367493e-01 5.646306358837002021e-02 4.811866796621552811e-01 2.977122478367379976e-01 2.520108969704897353e-02 1.855153163467784805e-01 5.311812910481961136e-01 1.147650103410537969e-01
6.875000000000000000e-01 8.450238502211501745e-02 4.134865683936234104e-01 1.093791078712188503e-01 2.633538575864836917e-02 1.505188144110067572e-01 1.019395767519573476e-01 2.402567065621558084e-02 1.710554743917221676e-01 3.503473571667893860e-01 2.547464123210201326e-01 5.364501645199937219e-01 4.670183472616471487e-01 2.789961172816785573e-01 1.717447212560830050e-01 2.038533407977017875e-01 3.291054790422531795e-01 2.797641872673826136e-01 1.735128107631570549e-01 1.706578452328255391e-01 1.874753140958600739e-01
7.031250000000000000e-01 2.919484916124716611e-01 2.795597958665475002e-01 1.498937842852788270e-02 4.580989425364578871e-02 6.011671578274276062e-02 2.161679152075331178e-01 1.610051175656816713e-01 4.735640904965630060e-01 5.607112021900955146e-01 9.681351507360544395e-02 4.621975582180911091e-01 2.568604792370556278e-01 3.056365696233399043e-01 5.826536320326487495e-01 2.706001426724427006e-01 4.194234959113836703e-01 7.789113210137733889e-02 2.500443626677107400e-01 8.735147668104149832e-02 3.586856828160235877e-01
7.187500000000000000e-01 1.667975498050388028e-01 2.091898139377481591e-01 9.542841757252415458e-02 2.385447044952728954e-02 6.717882768945315775e-02 7.329495961352203159e-02 4.976079483900919948e-02 4.853101127154528516e-03 2.152848774427977563e-01 2.036680161459174937e-02 7.896623280962736247e-02 2.911443221179069729e-01 2.702060470384629043e-01 8.725449900773768475e-02 8.493736027549632361e-02 4.318917238010355764e-01 7.180542955239492542e-02 2.682696445192566670e-01 3.767721850936371908e-01 1.918833690212968235e-01
7.343750000000000000e-01 1.895727058560405798e-01 1.462999961426791895e-01 2.881891591371386063e-01 9.040490904122656934e-02 4.109926265348546881e-01 1.610523300521127799e-01 6.128790900632995892e-02 1.980190718755157619e-01 1.588988332028069272e-01 1.694807084665067853e-01 9.893802669659922111e-02 2.834294726915024265e-01 3.655261923217181241e-01 1.960398854401620636e-02 2.157138737678167550e-01 1.614002666670114605e-01 2.955384356354970321e-01 2.501373059824106848e-01 5.507976758498532854e-01 1.922150970912928081e-01
7.500000000000000000e-01 8.501230977016047130e-02 8.193343657448166895e-02 1.191659461060003422e-01 1.380269249720622593e-01 2.382704469601638203e-02 1.763973691065276739e-01 3.092405527614537630e-02 1.123861982021998884e-01 2.040975117186068499e-01 3.130969585537239641e-02 1.544753463086340761e-01 2.392432409874204469e-01 1.247380707223884472e-01 1.323635004335179111e-01 1.159702049909235207e-02 2.009933755600996561e-02 2.784373719022702545e-02 8.177309804566232354e-02 1.581029727364017257e-01 8.366903253459789802e-02
7.656250000000000000e-01 1.025034796656368596e-01 4.430988416604989544e-01 1.346318081027107205e-01 8.828194277614448415e-02 2.499519687064778728e-01 2.326893100516762847e-01 1.270300399085765586e-01 2.564793446463792259e-01 6.399867597053265911e-01 3.265851754344414326e-01 6.832714708626417277e-01 2.761762973733921100e-01 2.001993521217722005e-01 2.922022287204814606e-01 5.016742251347254822e-01 6.191307510196619734e-02 5.936547264043100236e-02 4.449372463736978034e-01 1.445869174134281065e-01 1.522571419818128380e-01
7.812500000000000000e-01 2.617027924261342009e-02 8.515887412122447042e-02 6.522442428100017064e-02 3.349496829804903264e-01 8.054017623531679881e-02 5.804088234415540892e-01 8.884655014182257782e-02 1.198953463956109744e-01 2.911294579400042215e-01 1.590002701794956397e-01 9.426630230213454281e-03 6.010220315721291270e-03 3.372593044583845762e-02 9.016478313839008940e-02 3.278167141146376418e-01 6.122514986592796776e-02 8.790188582820668284e-02 1.620174097256084356e-01 2.161099713280897339e-01 1.619054362061524976e-01
7.968750000000000000e-01 2.777074424107751124e-03 7.284960542558880031e-04 6.467834535780626892e-03 7.447190797515059867e-04 2.847650600025895470e-03 1.157416834191849486e-01 6.907023328490757841e-02 2.658788660307552162e-03 7.063827968218833186e-02 1.150978105081229379e-02 5.628541143572958136e-03 2.548349749558290536e-02 1.478075614745192647e-02 1.480164430224108485e-01 1.093913096914391099e-02 1.193473434473696776e-01 1.459112742548380245e-03 3.660276030256149216e-03 1.043924110756266031e-02 3.142491319117352716e-02
8.125000000000000000e-01 6.817891913370648614e-03 1.335828212192884668e-01 5.445959040543049690e-02 2.145412154263097726e-01 4.847964404043973718e-02 4.607322683782463235e-01 4.181530166236274021e-03 8.149899320805549519e-02 1.213349280089911775e-01 8.828035984263875313e-02 2.848287082941469150e-01 1.153088880513708642e-01 4.830604576617722468e-02 2.453714486587038335e-01 1.634312668732301049e-02 2.269612543648825281e-02 9.525411794653097786e-03 1.842916751508543241e-02 9.272236613090914514e-02 8.747530191689133205e-02
8.281250000000000000e-01 9.296183311180868103e-02 2.628892873630693239e-01 1.142272612054309466e-01 1.579705470588064209e-01 2.639726855199767130e-01 5.614644608389933733e-01 1.831191568424169192e-01 8.178523156599035171e-02 1.732098737988301551e-01 3.954107485289196089e-02 6.596099936094447225e-01 3.891401579044942993e-01 1.755268149632247532e-01 8.154191780545436141e-02 6.235384241010385464e-01 8.559879041759514695e-02 5.486037700439216208e-02 2.756430359684087228e-01 1.031946071582682811e-01 5.793244061653565202e-01
8.437500000000000000e-01 2.157758860567669246e-01 1.499229733077955817e-01 1.447087683530735164e-02 1.313031475660328927e-02 1.964709715075218521e-01 3.719505632025373321e-01 1.325823046849538833e-01 2.549850683332725576e-01 6.250557392996788364e-01 2.980975288134517578e-02 3.272699567437746260e-01 3.367276057196937900e-01 3.156623568149818926e-01 4.868120891429204566e-01 4.833950428189810467e-01 3.179065774864626714e-01 3.758723600218809580e-01 2.937830243076454684e-01 3.720865760739221484e-01 1.215104394429525198e-01
8.593750000000000000e-01 1.615009997900981320e-01 2.936662072721322667e-02 1.784542424564146412e-02 1.450951899018908808e-01 3.618857088936460603e-02 5.069449366903131526e-01 2.580294720859753754e-01 1.281923345656956481e-01 4.189702890921093714e-01 2.160745417978876259e-01 1.843121327039228263e-01 1.268467811472130391e-01 9.370420607819217318e-02 5.809797337857935950e-01 5.467301246468500020e-01 9.720994599995451402e-02 1.102407626852553169e-01 1.335949777086343215e-01 6.128455053190606794e-01 1.010390413514102165e-01
8.750000000000000000e-01 3.842542572996417438e-01 1.723413420246363570e-01 3.047526421396739432e-02 7.391116171870402984e-02 7.567208746651686579e-02 2.868481165627226881e-01 1.053326945309974311e-01 2.564324721553034800e-02 3.503728676212630178e-01 1.686208050158233829e-01 1.314779990683249133e-01 2.022468534159781728e-01 1.679813049043314965e-01 5.287795934586937002e-03 5.109889709448781625e-01 3.698052435488722312e-01 7.151925396522450240e-02 2.818879185527142228e-01 4.585192826060033311e-01 1.065488039888328187e-01
8.906250000000000000e-01 2.375827914063488311e-01 5.949799984822041754e-01 6.909832886365227522e-02 1.233484628741762790e-02 5.975123883428568733e-02 2.951792747207848677e-01 4.153531791790120165e-02 2.591070479077107747e-01 4.794247360242374079e-01 4.339710389542372759e-01 5.473933573598291913e-01 3.936822357847287179e-01 2.289425599955940971e-01 4.945188318537610539e-01 2.177100237033725016e-01 3.248981577268389431e-01 3.106765383301975936e-01 5.346213531473310576e-01 9.692576297058810852e-02 4.271457232237281243e-01
9.062500000000000000e-01 2.956050822396001365e-01 5.076196664579705198e-01 2.047431648794108619e-02 9.316775016120033490e-03 4.454055948829407918e-02 1.659887383810193517e-01 1.046535341309754313e-01 2.727018338431795863e-01 5.139582402755320523e-01 2.513149974209334947e-01 4.388106722610902177e-01 2.264757793756271564e-01 1.922362250574890796e-01 5.594078557368216131e-01 2.658757385790981864e-01 4.363601930430657250e-01 1.206970178530154120e-01 4.355605680265299262e-01 3.430833764573774924e-02 3.932047902255931815e-01
9.218750000000000000e-01 2.643814108155940201e-01 3.473280898462603461e-01 1.576495470132125154e-01 4.660325289564766493e-02 1.509380184442597750e-01 1.065908598015332248e-01 4.639082169243896603e-02 5.362788754992431697e-03 1.969819060847753378e-01 6.141777259507217451e-02 1.034623778251891335e-01 3.103408842109027788e-01 3.383650791273436487e-01 4.401965324261911117e-02 1.415960945757759881e-01 4.203059928234871290e-01 3.795493858312341817e-02 3.294966757840698812e-01 4.768440067536991456e-01 2.589777009563554167e-01
9.375000000000000000e-01 2.127500807613760259e-01 1.961319550472360174e-01 3.165886712694595539e-01 1.084847776398433217e-01 4.449736931681670393e-01 1.787796297892566000e-01 4.811282473905977020e-02 1.450135411344755099e-01 2.047658590941520140e-01 1.818294076316483709e-01 1.030786272082356014e-01 2.996440153523895478e-01 3.814776180697395658e-01 3.275415212079511168e-02 2.100485086771478049e-01 1.045955677559561592e-01 2.761549120092100518e-01 2.602241841936547284e-01 5.074394928300207663e-01 1.815813503063113121e-01
9.531250000000000000e-01 1.721976411529754780e-01 1.542057584991225194e-01 1.023301029026384285e-01 1.940292312577785727e-01 6.708879057114609801e-02 2.049539811024268798e-01 1.339707395934675027e-01 2.511842179662834296e-01 5.300420864271957466e-01 6.508057708702483235e-03 3.381142349106308065e-01 3.698578646800251835e-01 9.287659543791870753e-02 4.396542117821573004e-01 1.019426748069483940e-01 1.543785317271069435e-01 1.743068567920645351e-01 2.628962091890688635e-01 1.665128138727387797e-01 2.276396657759390818e-01
9.687500000000000000e-01 2.092819929782144261e-01 4.734633645729382501e-01 1.637561960418859250e-02 2.463893723855940521e-01 2.884039851088330414e-02 4.039483970982376548e-01 7.264721642634860976e-02 2.500992744009329360e-01 6.754127458693555131e-01 9.049198496115644363e-02 4.084237344900877309e-01 1.087681177425120355e-01 1.594258867001330515e-01 1.302067497960797682e-01 3.770284959400057589e-01 3.546587605795711307e-01 6.091179599094728031e-02 8.081283429395323958e-01 5.433740731335195973e-02 6.662552390433992278e-01
9.843750000000000000e-01 1.689578846451166017e-01 1.907782538304954589e-01 3.078001030992537357e-02 1.378190261955123119e-01 3.480090620677060709e-02 2.025362970386957173e-01 2.327656811813332699e-03 4.974036804664361267e-02 3.541015098578432219e-01 4.920693791919868165e-02 1.404284442088998552e-01 2.090629619569953634e-01 2.027503845554701478e-01 1.304263490508733303e-01 7.140959792544276930e-02 8.098527469793524725e-02 1.187197923586088555e-01 1.386633610757527502e-01 9.050913789941239518e-02 3.026609982120153641e-01
1.000000000000000000e+00 2.906280332666824617e-02 2.193253506123552313e-02 1.460245373835546839e-02 5.614198371644816415e-03 1.882267002100573849e-02 6.595504846512165176e-02 2.626935085850879911e-02 2.485267258221601078e-02 2.035168688876397292e-02 1.721831449022719410e-02 5.465585633316867586e-02 2.427777115512014597e-02 2.722627765294833094e-02 5.893140356812701791e-02 1.037037884370228986e-02 1.954619020114222172e-01 7.545318667175889699e-03 1.505319673383393939e-02 1.283497213779740201e-03 4.670095748428453042e-02
1.015625000000000000e+00 3.357498708460859155e-02 2.591150961040656342e-01 6.736704338811332071e-02 2.743016542279472780e-01 1.583898371619208434e-01 3.411248874619873805e-01 8.216811751046396162e-03 8.868122843654649423e-02 3.322264684903510901e-01 1.812181490017729379e-01 3.274372282565528036e-01 1.689095151045227061e-01 9.773839603192295555e-02 2.959766606666638378e-01 1.246511591850922064e-02 3.272194572062672724e-02 3.258776333645922729e-02 1.103976022595316991e-01 3.577730540149007266e-02 3.355585938280678526e-01
1.031250000000000000e+00 4.434846825174872942e-01 3.528295813173796258e-01 4.536936038227402240e-02 3.012411072356485642e-02 3.654453324682093163e-01 2.317132302483817380e-02 8.564280222919884444e-03 6.335207972917172858e-02 7.257812935531084975e-01 2.761798228096469243e-01 3.241068938533595567e-01 2.609134924119318466e-01 1.080067342089401361e-01 1.602824753929136814e-01 1.741337563389123155e-01 5.101867308200807027e-01 1.727989531091696507e-01 5.615506889987534889e-01 4.005637119326197620e-02 8.807428556226849503e-01
1.046875000000000000e+00 2.839763827472318036e-01 2.738629440836989892e-01 7.182576314948348195e-02 7.260407451524461542e-02 2.076871128437561206e-02 1.609109136114094674e-01 2.631406812317984012e-01 1.618726903027937480e-01 4.316204709483040802e-01 4.494472340665783827e-02 2.216738106409237852e-01 2.201112051388884328e-01 3.161668355067369651e-01 5.106663310950352308e-01 3.122878635313647844e-01 2.343289238289895104e-01 4.502127453476594265e-01 2.737929740884246232e-01 2.569830817405590606e-01 3.293371942221599569e-01
1.062500000000000000e+00 1.705491132411993682e-01 2.847658474113003990e-01 3.980955931700905226e-01 2.202606865030052319e-01 3.244663720820099018e-01 3.371021145006597997e-01 2.279898781126140916e-01 1.771080869311915662e-01 2.696753411795549948e-01 2.291841559282252472e-01 2.445998901256220548e-01 2.861979398301682798e-01 4.360750834472189585e-01 4.995846020362914586e-01 5.332014774747279029e-01 2.984238835803374595e-02 1.100644037243204421e-01 1.837410594970279865e-01 5.144145686766041781e-01 1.052468940913181411e-01
1.078125000000000000e+00 1.832984842010960957e-02 1.275192154977060066e-01 1.092003842335379643e-01 1.729859128900506082e-01 6.105192981212251985e-02 1.427671955888064337e-01 1.218514194881060025e-01 5.614941803115788312e-03 2.940169101231213666e-01 9.472290415464771490e-03 1.597531882795815983e-01 3.400775542192595591e-01 2.351166373590373171e-01 2.243797600640320272e-02 2.945716442476597474e-01 4.390799142437418201e-01 9.708705904338582951e-03 2.008785658778388938e-01 1.337711206406972109e-01 1.472395399796348481e-01
1.093750000000000000e+00 7.186694566062017120e-02 2.525206681218552518e-01 2.342876876816135656e-01 7.646360598071048897e-02 2.177813917350851225e-01 1.740420662690533860e-02 2.201052686747879961e-02 4.680438723485265684e-01 5.498192654868688800e-01 1.176225399609633904e-01 3.193454784920304323e-01 1.584173215033595483e-01 3.071837016330841719e-01 6.938588675370677139e-02 1.372692605583086811e-01 2.893203137150702764e-01 3.459388597189840264e-01 3.381164027748063683e-01 1.417829066446411324e-01 4.798189586122263428e-01
1.109375000000000000e+00 1.563765767576064669e-01 2.220058945755473689e-01 2.459187156217338202e-02 1.418008565327279202e-02 6.465444574056589122e-02 1.305241284800890689e-01 1.341102857286994021e-01 7.430295019552406177e-02 3.430572089726265372e-01 1.906186320403229217e-01 1.584721068390181065e-01 2.609489048289987401e-01 1.271308764752537568e-01 3.721523120895293135e-01 4.295583437170279878e-02 3.966944737087833572e-01 1.101391061996557924e-01 2.340229005561631770e-01 1.116917189293602508e-01 1.915857032997852760e-01
1.125000000000000000e+00 2.898282182165035081e-01 2.130752379498122850e-01 1.838842513601112449e-01 3.915758278667944708e-02 2.654832061919696340e-01 9.319789483136053931e-02 4.339208624615312204e-02 8.806286634498743104e-02 1.299850948194513633e-01 8.579800456198879988e-02 6.698650516594401028e-02 2.743841724807167815e-01 3.420827598661138058e-01 3.852933205739026562e-02 1.716742746882135573e-01 3.041384637002415570e-01 9.744032745031955267e-02 3.121144007719972580e-01 5.527713259787525590e-01 2.589435280799866068e-01
1.140625000000000000e+00 1.078248232638612247e-01 8.782252676553181647e-02 2.364352086082675275e-01 8.040194204876409401e-02 2.824555815323159802e-01 1.211495346414738633e-01 1.427289824794743950e-02 1.158304114187675704e-01 9.759715881453846775e-02 8.317052000814775803e-02 6.409165066194312532e-02 2.253189409219253647e-01 2.790321056693175206e-01 6.894443834740185406e-02 6.371047359686098088e-02 4.956409061881079242e-02 2.585526100610009426e-01 1.914454707948519963e-01 3.236252726243991629e-01 1.965402481892668807e-01
1.156250000000000000e+00 3.203599745850436165e-01 3.222002809815240898e-01 3.173920065307862109e-02 9.062983186601607233e-02 1.382703180281947830e-01 2.243699245686206212e-01 1.053608210494672015e-01 1.212689415244365271e-01 6.529539670837523901e-02 1.219623291243124574e-01 5.627983466520216638e-01 7.039888471419883387e-02 7.936677513488452074e-02 1.596500235743422147e-01 1.916174056604088780e-02 7.363179594662144778e-02 4.233175429378620014e-01 1.861929194486453693e-02 2.797073860969949144e-01 3.633633442295493565e-01
1.171875000000000000e+00 3.017041187006465064e-01 2.069603193234706984e-01 4.753956207350475138e-02 5.374147651354395892e-03 2.548470016666383800e-02 1.460535281215017134e-01 1.176947916845234865e-01 2.878082946211825699e-01 6.158799018900622535e-01 2.490505605976432169e-01 4.998458677298945330e-01 3.161698704218479095e-01 2.584050667171414184e-01 2.278852294784207977e-01 3.298270293093176764e-01 1.107404994882826982e-01 2.406846016897464802e-01 3.183014271596941724e-01 3.137077962457498481e-01 1.831363474614890186e-01
1.187500000000000000e+00 1.633486550240012825e-01 2.265785929915623831e-01 8.671015256353273304e-02 1.163299780342431089e-01 1.550560094668793597e-02 4.029437227777650787e-01 1.568439188020568920e-01 3.465542777313492667e-02 2.899210395215051084e-01 9.767692164845542813e-02 4.496769555593332912e-02 4.346606704243201336e-02 2.980041877545277444e-03 1.624880622441680078e-01 2.458630383438629996e-01 2.381448154756387464e-02 5.047868781693540946e-02 1.520946970002665932e-01 3.090315824832721159e-01 5.530393743001123241e-02
1.203125000000000000e+00 3.080786322152800905e-02 1.868040551921034114e-03 1.575018991580949546e-02 3.448844615452235224e-02 3.293212198278587782e-03 2.555626988469788530e-01 5.331577340489747352e-02 1.888734218020090075e-02 4.022001527027960904e-02 8.429584014225482286e-03 1.224464010887239690e-01 2.525302033272465094e-02 8.733922681758991141e-03 3.843021192328567870e-01 7.748916187277994985e-03 6.296532749458310600e-04 1.464998868419115433e-02 3.554618226042655788e-02 8.266465988317082958e-02 1.746885380665192181e-02
1.218750000000000000e+00 1.174416539586933253e-03 1.261067724196481832e-01 2.620547501289670692e-02 3.433719195505547939e-01 8.292765731588551403e-02 6.743539892388923374e-01 9.184720812447030869e-02 1.011825222518077244e-01 2.631936689489824399e-01 2.920174578667423804e-01 5.563463085097575256e-01 9.356178655384959908e-02 2.359500511866492456e-01 1.729748608460654757e-01 9.228923099833616361e-02 2.349837754408234253e-02 1.094128842920152889e-02 2.911815086226180946e-02 3.216474913975202465e-01 3.378123628087997127e-02
1.234375000000000000e+00 3.746187216746518223e-01 8.589276508515947262e-02 3.372624149292821616e-02 1.550673126340486319e-01 9.759078845061026908e-02 3.167536522125761200e-01 7.388381458023586534e-02 8.338457444163371868e-02 7.221212783750873276e-01 7.428285859337255270e-02 3.017039276883211607e-01 2.208417151932856037e-01 6.683221858784596514e-02 1.120861154611806632e-01 5.530235939720300475e-01 7.350836287771879141e-01 3.291994511957474501e-01 2.714202475676829041e-01 2.300878028651648366e-01 4.768186516225516036e-01
1.250000000000000000e+00 1.447877318760159293e-01 2.145536816287326731e-01 1.807910767600251212e-01 1.099078650930983558e-01 1.029393686644078099e-01 2.944651225600120048e-01 3.071736010362570157e-01 1.431635513619158584e-01 3.812175804977842586e-01 9.678321334189433911e-02 1.444841599897457307e-01 2.215647325091838205e-01 2.990083089735318667e-01 4.945490787852556136e-01 3.895044999973377164e-01 1.641010868651886223e-01 2.329274425398443205e-01 2.403135253781596425e-01 4.830083313892723496e-01 2.895915567649414712e-01
1.265625000000000000e+00 4.447369988117703260e-02 1.856406306890953373e-01 2.240929424986730090e-01 2.143240004400396026e-01 2.060290836517173207e-01 3.822451991348627676e-01 2.962209539962888938e-01 1.209940478950511517e-01 1.976522862459789420e-01 1.604403619105974899e-01 1.537867403961288015e-01 1.673093705479471449e-01 1.632507837761866532e-01 5.159801644757617822e-01 4.962198828075112811e-01 4.676837253209754214e-02 1.213413014429809422e-01 7.947547551651479303e-02 5.884809257439330699e-01 1.512038114022669077e-01
1.281250000000000000e+00 8.224415518728665775e-02 8.697995909701028427e-02 2.587783980835075062e-02 2.190356015971118286e-01 9.467276305689886762e-02 2.137882057818175918e-01 1.666851023478730931e-01 1.119788659268099590e-01 2.059789298602535956e-01 2.544243125529836030e-02 3.840106713167059649e-01 2.125346320847245063e-01 6.684329615282579018e-02 2.027566551607272449e-01 2.682344204669858678e-01 3.202933387923240227e-01 1.728702982960097362e-02 9.985773049555628222e-02 1.472419170037062575e-01 3.449394800141174396e-03
1.296875000000000000e+00 2.046491393071160070e-01 3.681459973328931601e-01 1.782199263274355239e-01 8.387397397217431771e-02 3.045834845981972849e-01 2.255071427979056242e-01 2.280849651475738531e-03 6.804968720650759195e-01 7.747672369626511513e-01 2.617739108903801570e-01 6.376214639629939063e-01 3.438557280124729387e-01 2.789943100625656425e-01 3.582610743415328147e-01 4.104285052019639446e-01 6.999394819688151137e-02 3.321301163187800332e-01 2.557507694779681540e-01 4.708780155763925973e-02 3.651088891293454153e-01
1.312500000000000000e+00 3.648818856952109474e-02 2.809962054674012763e-02 1.439099060290500477e-02 3.092546913972524236e-02 1.341298438677071547e-02 1.648010282408640947e-01 2.127429837454919079e-02 3.436341820985133050e-02 3.622292706264179651e-01 1.420610702566869332e-01 8.079253116156466172e-03 1.521372111221838686e-01 1.258196966754489832e-01 3.168009446907164017e-01 1.082167580427891296e-01 3.570743113826644333e-01 7.310667609611812279e-02 2.625486359275308046e-01 1.621718860013405261e-01 1.203940181226581807e-01
1.328125000000000000e+00 2.424116907469076321e-01 1.034155503071429866e-01 1.935331072457431856e-01 7.170812873382606534e-02 3.175137259169107939e-01 1.755189216580947398e-01 6.540967867005421932e-02 1.754075618666660064e-01 1.833331281364786458e-01 1.203830773605223670e-01 7.105542036709153186e-02 2.729220893117036972e-01 3.174611093239075310e-01 7.358945525160320855e-02 2.184098743469379822e-01 2.125213415677774664e-01 1.774816495668737337e-01 3.397468946529831335e-01 6.352180633398887277e-01 1.855712543268345505e-01
1.343750000000000000e+00 1.183925638926735524e-01 4.306062223003414430e-02 2.025634989707956468e-01 1.217620072004551024e-01 2.072654890656717153e-01 2.177573932988904060e-01 1.902969236120330074e-02 9.382599673856521771e-02 1.506097459799063121e-01 1.109100871261158167e-01 1.428006992709958678e-01 2.662664786304992925e-01 2.033812984571201909e-01 5.426364785821647524e-02 5.751247821152109113e-02 2.072287631044247153e-02 1.805977778926601829e-01 1.095180520265513352e-01 3.817054890366802788e-01 5.106183617604714842e-02
1.359375000000000000e+00 4.382740389369386147e-01 5.209941303378452515e-01 6.455625980666158947e-02 9.379460942988754324e-02 1.020524961765279376e-01 2.868007972443611386e-01 1.919112626961787249e-01 9.255493754063182088e-02 7.355093076826942911e-01 1.654725428673114312e-02 6.909872623736416086e-01 3.454969965930398401e-01 2.799011052426985668e-01 3.367371382768369337e-01 4.230059401837779065e-01 2.180009123711612873e-01 5.526689381843772342e-01 2.374595867462167276e-01 4.395991090846661509e-01 6.729548377959325700e-01
1.375000000000000000e+00 3.203505484313852181e-01 4.495154665618696921e-01 2.768854400598698765e-02 2.248357216244124129e-02 3.473628038353556158e-01 3.053364167081889374e-02 2.427359646578986230e-01 7.545963050838225272e-02 7.503480888193921894e-01 2.233454233738065564e-01 5.438223201634483361e-01 2.972696854068419547e-01 4.958328423221399217e-01 1.233478262374858858e-01 2.848967571633200246e-01 5.169914272322493481e-02 2.097937224195666472e-01 4.568691667487513874e-01 4.756661391574490971e-01 1.676596160069734331e-01
1.390625000000000000e+00 2.769249487279867861e-01 4.033498620670597501e-01 7.272937774162843705e-02 7.157091828424302915e-02 1.126900234337025880e-01 5.628420947801355406e-02 1.741101249834463849e-01 6.822061296496174931e-02 4.751661617903993329e-01 3.959463860416180016e-03 2.421198334940669605e-01 3.008630490358201182e-01 2.192726583059927681e-01 7.918904965822372299e-02 3.009477498768926562e-01 6.152480394680660825e-02 7.080925715174737900e-02 2.845781877725147013e-01 4.346901109997073909e-01 9.704459957420813465e-02
1.406250000000000000e+00 9.380346636190461940e-02 4.834403866906460817e-02 1.142885550953044380e-02 2.085537521400624983e-01 9.484609661016316084e-03 2.075589893330835323e-01 6.813462584580254333e-02 2.257570539562743853e-03 3.317818980372607141e-01 4.722073927218773531e-02 2.309788736605372650e-01 6.955908728359926421e-03 5.878175365607585245e-02 1.539670991159100277e-01 1.211616067036320882e-01 1.645022670591450575e-01 5.476135634136986008e-03 8.360655257811333563e-02 2.406822175722134749e-01 2.994676010906575647e-01
1.421875000000000000e+00 1.634459538775777654e-01 2.259519906617912244e-01 1.647025623503895475e-01 3.553696505660505212e-01 6.994702175977490777e-02 1.901336521404490554e-01 2.420264219947988182e-01 1.748833613637087309e-02 5.301914175616477820e-01 3.409585550554886796e-02 5.880639806793853674e-01 6.527870302289676130e-02 4.249592440739876492e-02 5.347757879047464469e-01 3.554460181628815718e-01 2.127888495363202126e-01 3.843210402753549637e-01 3.473085792085096046e-01 3.082917374626946705e-01 7.935049850301568730e-01
1.437500000000000000e+00 4.708304198429517085e-01 3.097537211294650317e-01 3.308749558537924657e-02 8.049021816771667615e-02 1.273400721691759219e-01 2.311790696210955509e-01 6.296143265124727606e-02 8.207420375966009707e-02 6.053545862334359651e-01 2.154335659735431008e-01 4.208548108852133152e-01 2.962933098842243096e-01 1.434024218555336183e-01 1.794820431860750520e-01 3.184260456888547974e-01 5.604665118144893654e-01 3.336558604847221221e-01 2.263905211893771363e-01 3.454903832933733376e-01 5.451855745228927352e-01
1.453125000000000000e+00 1.697870623102377685e-01 2.053024553786714779e-01 2.743304398449719073e-01 1.750522700633714568e-01 1.808991609862346528e-01 3.847685635530573856e-01 3.200520992158565892e-01 1.086563169499291520e-01 2.722774240167794013e-01 1.270306723024963169e-01 1.794952139779621980e-01 2.291106834182894958e-01 2.878924740056532650e-01 6.674099347801617510e-01 3.962533214255858360e-01 1.028416672840328921e-01 1.473057447957710486e-01 1.510280423832027485e-01 4.646607395490257586e-01 2.650576308516900959e-01
1.468750000000000000e+00 8.930004255233763011e-02 8.370456597341624505e-02 2.152339607788141540e-01 2.188569352041097871e-01 1.567204131138767442e-01 3.532842356704074538e-01 2.277243512690437233e-01 9.482339542360225526e-02 1.668802414633329956e-01 1.173174226458682246e-01 5.822322020850033419e-02 1.103146066325885050e-01 8.675412525992436119e-02 2.315548907160117631e-01 4.233150971105463234e-01 8.113043276593367992e-02 1.243872850760639887e-01 5.744748397214356761e-02 4.411692179839186712e-01 7.195457124811939498e-02
1.484375000000000000e+00 1.286277412812312781e-01 3.359322465978959588e-02 2.676647527088086773e-02 3.521022647623467394e-01 9.316040803993939912e-02 2.973732320027041576e-01 1.414152054096520783e-01 1.868416733607658198e-01 3.915281558932788286e-01 9.663794152744880836e-03 5.040400872622278344e-02 1.805412090083252374e-01 2.709628252495249051e-02 2.095889736838303652e-01 3.765677830004454663e-01 4.219932447883024684e-01 1.888028380906010481e-02 3.532300038009915655e-01 1.183886713583246486e-01 2.194872830373369998e-01
1.500000000000000000e+00 2.891548796853940506e-01 4.225487859313431516e-01 3.628597906882559399e-02 7.313423886562138432e-02 1.386024470791148711e-01 2.400477119654134961e-01 6.859480785398274459e-03 3.402803827150297500e-01 4.219795442769138094e-01 2.924289173642151754e-02 3.427133973769719288e-01 1.064412584379071658e-01 2.137312914502702554e-01 6.090980103304004523e-01 3.153838624327220397e-01 1.740743395890700373e-01 2.485466315987502339e-01 4.340375030183916127e-01 7.463682911013578940e-03 6.408810545396413927e-01
1.515625000000000000e+00 1.732076724773330134e-01 3.242725173108492731e-01 6.191919200478752938e-02 3.738799461621827164e-02 1.419819402286669370e-02 7.278523930128949493e-02 3.148519274497266901e-02 2.440275431792260710e-02 1.710329786505878635e-01 7.892885352370083984e-02 1.859138176944392096e-01 2.857296804073810037e-01 2.496948980436000110e-01 1.818733162216316646e-01 4.627896355656693078e-02 3.999488209359170487e-01 4.844046536430968164e-02 2.200081199287001466e-01 1.653204161547288109e-01 2.498190992030854540e-01
1.531250000000000000e+00 2.598971751125061513e-01 2.491960118093048127e-01 2.905339138499126728e-01 4.949496718012928731e-02 4.880215412985158818e-01 1.500566919852593661e-01 6.902948711056845765e-02 1.408212631356944855e-01 1.336309998691587730e-01 1.794314400963905876e-01 1.098622238825234521e-01 3.027691424702871337e-01 4.318686086385906120e-01 1.739578363858931571e-03 2.149510295185435016e-01 2.144653329580521184e-01 2.225283440217943332e-01 2.958464772913457774e-01 5.556399458000735869e-01 2.628950041344074173e-01
1.546875000000000000e+00 9.184755556661292064e-02 8.449664246788438082e-02 1.493219763201539541e-01 5.484219901943546138e-02 9.544177893594466000e-02 1.133215676050242648e-01 1.588013489890182511e-02 9.651916189009165925e-02 2.350124746190123404e-01 1.939425025079396375e-02 8.715360773681941897e-02 2.417946471020334942e-01 2.253379836612622866e-01 1.443399259615906760e-01 5.983557395923698452e-02 7.540003944349785853e-03 7.043014831190301528e-02 1.652602395646716738e-01 1.618533568589024807e-01 1.975790086131067325e-01
1.562500000000000000e+00 7.309505408461068610e-02 3.659131606358461686e-01 5.048031522107043756e-02 3.448268012856980924e-01 2.152024511576850763e-01 2.703730012278604544e-01 1.988361668338740340e-01 2.053425361765184309e-01 7.024678198797710271e-01 4.174692645524836349e-02 3.864332630943120156e-02 1.023486774990359921e-01 2.094214694717159708e-01 1.472010939346468372e-01 3.864657999982537562e-01 5.184876773163951125e-01 4.597863826765868356e-01 5.724072628342795621e-01 5.603843355821189198e-02 7.349613960864394002e-01
1.578125000000000000e+00 2.000690421537189845e-01 3.302046636876279639e-01 3.741399394523043515e-02 5.805762193790477144e-02 4.856196629894270894e-02 1.494352323802661808e-01 7.956700089900912813e-04 5.418595911377036001e-02 3.756003069059307697e-01 5.667861157558146817e-02 1.943856028081289433e-01 2.037411125945350343e-01 2.788260716274132966e-01 1.337475631235818530e-01 7.905691914865957404e-02 1.465245146137208153e-02 4.554947561130637257e-02 2.854560597213789408e-01 1.197721487830823439e-01 3.818113357751394821e-01
1.593750000000000000e+00 1.311377144381525861e-01 1.135298436671950406e-01 4.340395906974228030e-02 5.100748583236640321e-02 9.187137632822309913e-03 4.941786191243673076e-02 2.904156543790821846e-02 9.319899300715966950e-02 1.239392332097540295e-01 9.563712174865551113e-03 1.214727686481303498e-01 2.675362790485321662e-01 2.105207965548920312e-01 3.208041562547607473e-02 6.514622024493707531e-02 1.921461896917452117e-01 8.417850556598799328e-03 2.628288823257255227e-02 2.570212722605536362e-02 1.784557770410448718e-01
1.609375000000000000e+00 4.928164225495936662e-02 1.510321899059591244e-01 1.396452912676197367e-01 5.591417653419549633e-02 1.462906978636255573e-01 9.062421847139418007e-02 8.507911396777133664e-03 3.877113362434624066e-02 2.173111881243375287e-01 4.166718267966473821e-02 1.369754118944633003e-01 2.379045431491311202e-01 9.274132607204106649e-02 8.553140075900596273e-02 2.328175785492525227e-02 1.160496780071014616e-01 7.720100488672460015e-02 3.594243571902161483e-02 9.428821564396089100e-04 2.146456658217903990e-01
1.625000000000000000e+00 4.520249642117172839e-01 3.670959115473965695e-01 1.003913263742468448e-01 3.889706412583308071e-01 4.335202160806463090e-02 1.586554530118437500e-01 8.946769803365527129e-03 5.463642166452276766e-02 6.191000842844577301e-01 1.991975947504644239e-04 2.259452163041039130e-01 4.618731065456355145e-02 1.462997899797791324e-01 3.028683053705650274e-01 5.409104033093192071e-02 2.093747313790040587e-01 1.248792245657946581e-01 6.636079527358823560e-01 6.806500483000223201e-02 7.798413884804212826e-01
1.640625000000000000e+00 3.017444932015485581e-01 1.998316682687138190e-01 5.839043944638377948e-02 2.523138426545148624e-02 2.113531861309096704e-02 1.008840051167326085e-01 6.182890509354964370e-02 1.218406197264037816e-01 4.013251497023496150e-01 5.923087004539341616e-02 1.749413216339481825e-01 2.235694220672324317e-01 1.904778654443897157e-01 2.243549002728968123e-01 1.334148614487319640e-01 3.690310231495912974e-01 4.374028864051425769e-01 1.666455711966315367e-01 3.136041090121286512e-01 3.542986813174751615e-01
1.656250000000000000e+00 1.086500906396408173e-01 2.393320752294984810e-01 4.127132653281710972e-01 1.968974055980107218e-01 2.522836586687763338e-01 3.517016427540066714e-01 3.122921536548695087e-01 1.560683359104856061e-01 1.770789033738895957e-01 1.413613265100890637e-01 1.799895451024118576e-01 2.018267334499648513e-01 2.977117722501811947e-01 5.469089777871130043e-01 4.037615537256656340e-01 3.452884974362873532e-02 1.014298504624356473e-01 1.210759474975347250e-01 3.572903579576990896e-01 2.579443311363611713e-01
1.671875000000000000e+00 4.396329030316557113e-02 1.112258498983150073e-01 2.171439958282476990e-01 2.139944164067616172e-01 9.755664977989542130e-02 2.397621008657469244e-01 1.764837444539614775e-01 5.392092977968519080e-02 7.390229425779393235e-02 6.858910914415326798e-02 3.619991357541631205e-02 1.274139515462337502e-01 7.614876834710587739e-02 1.316808347657642819e-01 2.082008863679731259e-01 4.167524042425645864e-02 8.634030323563786358e-02 2.871587691238854795e-02 2.914025114284237161e-01 8.020289683301244643e-02
1.687500000000000000e+00 1.458182770580486454e-01 9.764692584106711426e-02 4.861951866912279235e-02 5.886116851470625244e-01 1.331594271243848326e-01 2.547488757495204870e-01 1.617687162521507516e-01 2.480574398744815057e-01 8.327248657322251779e-02 1.653751541208227024e-02 2.332817134449987340e-01 5.016412473137209921e-02 5.365402173504685464e-03 6.536706795071162146e-01 2.225587441592755816e-02 2.255125338706993887e-02 1.114886098895430042e-02 1.929669027897523703e-01 1.077601324427557017e-01 2.620222177009191578e-01
1.703125000000000000e+00 2.750325188817138652e-02 2.949444935031584891e-01 1.157517641821186050e-01 4.294083215639433737e-01 2.748841944341344212e-01 1.379861182316014512e-01 4.316249930731921869e-02 1.664685606831564357e-01 1.386536374301282626e-01 3.539980051566645747e-01 1.019011673097515863e-01 3.423101156614238860e-02 3.310027655766909632e-02 8.400697559241745993e-02 3.924060894918651177e-01 2.434438598266172593e-02 6.932869103791080567e-01 1.559434766089775048e-01 5.242657643372573145e-02 3.507669953856265010e-01
1.718750000000000000e+00 1.296376072896426868e-01 1.159454785538309995e-01 8.241763116305951542e-02 5.824917363135789089e-02 3.705944073960286411e-02 8.548289495103687796e-02 1.244899844597851385e-02 1.468266995451499891e-02 8.660277028719323700e-02 2.307924624682551953e-02 5.312066417078331604e-02 2.403035258777753425e-01 2.553506836576104333e-01 3.325039656967123530e-02 3.405564905635193040e-02 2.140936404340969546e-01 1.151195034002066957e-02 2.524144714762070474e-01 2.315257287445368073e-01 2.030843206024078307e-01
1.734375000000000000e+00 1.493175592675098640e-01 8.177607235633738147e-02 2.376547507707332529e-01 1.009374490774662125e-01 3.816836509059226001e-01 1.593025069052836917e-01 4.001515074757886620e-02 1.739975822244839987e-01 7.526207639665695448e-02 1.378326797301201445e-01 6.707472902715612417e-02 2.293631697546053283e-01 3.061740285620778712e-01 8.256117910451257758e-02 1.263396919749431579e-01 1.013536692286096247e-01 2.654015325038645012e-01 2.658079666306712996e-01 4.726849928994145689e-01 1.926326094010864798e-01
1.750000000000000000e+00 1.564406250041784630e-01 1.899195473907640264e-01 4.909143635649489135e-02 1.123808387421655897e-01 1.174233192611867094e-01 1.726529479968872960e-01 6.551479678848934340e-02 2.963310047978441608e-02 2.590592658995142269e-04 7.470994309986656035e-02 3.133053294740878458e-01 1.312609761511181472e-01 1.224212357972421505e-01 1.440155149561981596e-01 5.528232048445852476e-02 5.972492702032108913e-03 1.657016335937977758e-01 1.262811956923293871e-02 2.129367550648005036e-01 3.680932593934322511e-02
1.765625000000000000e+00 3.470120316783651959e-01 3.264683977682463767e-01 6.791699402341568048e-02 3.512727245156505029e-02 4.211343034367794891e-01 1.780674012996829869e-01 2.160442449582974100e-01 3.858493069647724871e-01 6.978502639317967216e-01 1.070101334413648964e-01 5.534421439166049561e-01 1.868520940284872367e-01 3.672820691465799592e-01 3.199788013043505797e-01 4.863401382869554368e-01 1.029397453518549610e-01 4.426902804903209976e-01 5.781507246203773098e-01 3.936086447182606807e-01 3.567264661775104706e-01
1.781250000000000000e+00 2.106605801311216553e-01 2.202477902918291430e-01 2.409115072901479426e-03 2.608440925102187280e-01 2.782123489389445314e-01 2.122332725387598706e-01 1.905766569027228241e-01 1.154711413635846895e-01 6.218484652536054869e-01 8.689612550612586805e-02 1.776382141894474187e-01 2.562750144450328116e-01 3.244323636250495135e-01 1.998692966560578974e-02 1.883585694387628628e-01 5.789504748201627395e-03 2.070705895600355104e-03 3.505215466990292961e-01 4.053214578472904561e-01 1.446230116676519258e-04
1.796875000000000000e+00 4.397365897328874007e-02 2.982352207580615810e-02 3.364337449866321855e-02 2.276825623633946249e-02 2.684264748862030120e-02 3.712501443270738166e-02 1.763632956173613944e-02 2.591021719887879465e-02 2.497159701490555550e-01 2.225818540353402715e-03 2.181101661687965751e-02 1.478864380106711673e-01 7.957110245029005990e-02 1.853251457284861015e-01 5.899770769148311028e-02 1.512159658332798418e-01 4.369202705504136169e-02 9.177947640139029473e-02 8.047373245158835620e-02 2.074171292005026963e-04
1.812500000000000000e+00 6.406169702907895704e-03 1.264893903333146885e-01 1.309645562043888767e-01 2.468663316829032561e-01 5.920346570322996410e-02 3.160210853142657594e-01 2.427689286424241158e-02 1.039222853289886728e-02 3.222371015098205449e-01 6.281584317413986540e-02 2.014923348301463635e-01 1.673784442421198393e-01 7.956417809340605302e-03 4.336571693286560558e-01 1.363571643318118101e-02 5.547066900117037652e-02 1.775587554261362500e-02 1.065610078006376388e-01 1.712016589564485103e-01 1.847247203569821472e-01
1.828125000000000000e+00 3.254039624713844225e-01 2.035171492828678763e-01 1.260829511246157851e-02 3.128968456089405992e-01 1.420751161728329715e-01 2.696030188076355416e-01 8.266409163474493227e-02 6.799864833717234047e-02 6.998804320758530428e-01 1.375475136669079834e-01 3.358414630500029530e-01 8.883502462538048206e-02 1.031114731168326498e-01 1.364254024119034292e-01 3.069872432102752069e-01 6.473113688571022761e-01 1.279746180469521211e-01 4.712148154129363609e-01 1.567422063051356618e-01 7.027031235633183215e-01
1.843750000000000000e+00 2.266002165386597489e-01 1.321805645458714318e-01 1.137622267687077304e-01 6.878505429790192360e-02 1.009520790156177676e-02 1.576023375608044397e-01 1.626590671577518299e-01 1.820240071226204293e-01 3.560905661331749128e-01 3.107967676889130185e-02 1.320493653086826924e-01 2.529433595466223372e-01 2.189714870619715592e-01 2.849293249751106982e-01 2.365621989770632927e-01 3.000237812513604219e-01 3.705313951379387571e-01 1.857727467258056819e-01 3.460019180804593253e-01 3.217134582433471279e-01
1.859375000000000000e+00 9.013713251823753103e-02 2.504665663013436183e-01 4.522329476460237863e-01 2.222462100826735898e-01 3.321379678191885843e-01 3.715874166923439081e-01 3.136596664697751669e-01 1.836546618690668153e-01 1.992700916154763191e-01 1.642142307697396775e-01 1.710452358110260973e-01 2.269528769449051242e-01 2.912838555812241603e-01 5.508128750470400181e-01 4.505296800418052694e-01 1.766372674758190028e-02 1.368145611737315026e-01 1.148015175456441467e-01 4.547069380605439637e-01 1.998510325772252794e-01
1.875000000000000000e+00 4.059842337511127691e-02 1.200563733460851268e-01 2.149545299931247266e-01 1.918833633495344582e-01 1.151027255704082791e-01 2.374827758599575567e-01 2.153356975464233991e-01 2.025487700868772167e-02 1.290064926362899378e-01 6.123902743470769489e-02 9.587161403074156985e-02 2.295218224993542944e-01 1.043659267170815447e-01 1.107802223194622460e-01 1.622455342437145731e-01 2.063064504338252003e-01 6.482421758448494997e-02 7.778993524171889939e-02 3.152372603479846047e-01 1.849498054536562880e-02
1.890625000000000000e+00 1.425707760780656197e-02 1.634953229321221557e-01 1.470083644518442242e-02 3.433580640415356822e-01 4.750416045262245701e-02 2.584323576751366147e-01 3.060156219838276043e-02 4.709563125845844800e-01 4.165975758887420777e-01 2.923587521668605249e-01 3.695528261322503227e-01 1.035976447854270316e-01 1.236394357501756913e-01 3.846398056994556058e-01 4.027680635816556221e-01 4.273493467883777357e-04 5.277605065742682622e-02 7.245207848331546019e-02 2.209080415174638767e-01 3.048512574806654385e-01
1.906250000000000000e+00 4.221800140035223553e-02 1.186307249707855282e-01 3.745074123190251375e-02 2.127242351082147820e-01 1.790156412526630880e-01 2.071588440765363415e-01 2.744974631711520185e-03 3.429632805876151047e-01 4.158309684288128416e-01 2.110437403680482937e-01 2.172918794977891574e-02 1.135676327708609254e-02 1.247430360168381297e-02 3.119479072725821478e-01 4.550287590209541322e-01 8.623587108591372619e-02 3.639403804768240880e-01 1.557606202127123085e-01 2.099160828816871716e-01 2.419981273124411636e-01
1.921875000000000000e+00 5.422769354370050171e-02 9.655593662434175384e-02 1.488782064183148401e-01 4.242481646009885893e-02 1.324437788236287328e-01 1.675451684880443493e-01 8.743802084986287970e-02 1.039547231418946893e-02 2.020770916515053639e-01 6.340931492294976657e-03 6.385147199090356052e-02 2.601331419450317872e-01 2.799412390354272251e-01 2.470102082852036057e-02 1.078568096189187614e-01 2.385809253915687211e-01 5.121556655609239839e-02 2.777816545969639117e-01 2.642761330617502402e-01 1.342129200631497210e-01
1.937500000000000000e+00 1.519460834763539103e-01 1.618970247038208354e-01 4.141720818255936742e-01 1.444624296911131422e-01 5.530174390787967464e-01 2.931248795812311236e-01 1.875614852073999861e-01 1.483243565994215585e-01 2.268714457641521076e-01 2.371963107180568020e-01 1.557326695563887031e-01 3.770280018502548125e-01 4.621678573181328131e-01 2.008245284112928075e-01 3.699050639559492426e-01 5.124572846210832117e-02 2.925123164085805527e-01 2.037628114753539110e-01 5.599066903756524383e-01 2.442543630060516752e-02
1.953125000000000000e+00 2.064213991964236328e-01 8.766047143213408221e-02 1.273254463416688131e-01 8.813938956356608123e-02 6.901273827643392145e-02 2.719781239223754699e-01 2.716772990754605099e-01 2.813178143278776688e-01 1.909632228186286529e-01 1.001497225816722590e-02 2.353039110731974803e-01 3.927391157073096828e-01 3.230123056786836089e-01 4.267922213053531033e-01 2.630976382453160123e-01 2.535443373599614580e-01 3.262568967375624740e-01 9.053150742718985011e-02 2.807624671992228760e-01 3.359725966342021475e-01
1.968750000000000000e+00 2.092625462789282353e-01 2.731706573748571842e-01 1.166426332710112923e-01 1.018763433312188799e-01 1.498371027152736734e-01 1.453941721461909364e-01 5.208580183908831929e-01 1.886090030936438955e-01 2.566630442936552181e-01 4.285680786485764338e-01 4.380822360025569129e-01 1.851980826892047627e-01 2.817875703493425976e-01 6.420170560401436410e-02 5.512708089745952389e-01 3.640490195536229545e-01 3.078897831962942311e-01 3.996307039675853212e-01 2.081357295084109160e-01 5.830218751863140980e-01
1.984375000000000000e+00 5.308836118313347424e-02 1.779667627406283925e-02 3.019600380184582142e-02 2.711547923278748162e-01 6.187481510528093642e-02 4.059401641327484711e-01 1.835294667550162462e-01 4.700170224711102546e-02 2.940629226936896656e-01 9.344934168878948899e-02 6.383856878773816468e-02 1.134501934994622402e-01 1.237948204454466100e-01 2.730379797316658252e-01 1.567508088047806503e-01 1.858391024176803477e-02 7.152596757887510343e-03 1.357661637846324376e-01 3.794615172632431199e-01 1.546356241613267291e-01
2.000000000000000000e+00 4.927318523494527563e-02 2.238236111477098778e-02 2.217257607194510205e-02 9.462271661102519479e-03 1.510852440365887187e-02 3.100988977376361797e-02 4.403483298216662872e-02 2.361741589195811273e-04 1.710244237485086805e-01 8.654910998133852297e-04 2.047230486100512503e-02 1.028204521807867811e-01 4.944550179121463135e-02 2.303033747552040711e-01 1.444385182762299713e-01 5.732655850027525146e-02 3.816020345633006072e-02 1.695094475541387147e-01 4.128368249823422681e-02 4.444734762721001126e-02
