0.000000000000000000e+00 3.320503605139421902e-03 9.910011647755426201e-02 4.609647194895648004e-01 1.854870096978964156e-01 7.271933636192950273e-03 4.774177553728553569e-01 9.731614945936779837e-02 3.378258679449157031e-01 2.805040952894004985e-02 2.793757317228494630e-01 8.125854962523066938e-01 4.213814762116741691e-02 3.748292235342165317e-03 4.124196543676118126e-02 3.242135761057437504e-01 8.733321463900561854e-02 2.332769844319065172e-02 8.440453509736652871e-01 3.406739095676188794e-02 2.976173052722386747e-01
1.562500000000000000e-02 1.223950254336078070e-01 1.008598453181328708e-01 3.350122674189973671e-01 2.426774053942933052e-01 1.038860541248949748e-01 3.756359818655040650e-01 5.644771059749193604e-02 1.342967842691125957e-01 6.632139717425848680e-02 1.187140893100287337e-01 3.991892679284032019e-01 1.060355434808666480e-01 3.209438224502677434e-02 1.669263066666993797e-02 1.778846065100185836e-01 6.195212020476171394e-02 4.215558427083762778e-03 7.002970598138433811e-01 9.611210888680039865e-02 3.336808339640714993e-01
3.125000000000000000e-02 4.502666441735285185e-01 1.570213051959136186e-01 4.554472773082410830e-01 4.497966606701190306e-01 4.867791363752235062e-02 5.045556747696491318e-01 4.302438662505737033e-01 7.405642866731713958e-02 1.768228967788727235e-01 9.651800642944768915e-02 7.436435894256855118e-03 1.393395077140684446e-01 3.088065374797265700e-02 1.424647200346084754e-02 5.704884392184008668e-01 1.115387531480174603e-02 5.827734662520311221e-02 2.669037531172782640e-01 2.302977565905306723e-01 3.284864678214688971e-01
4.687500000000000000e-02 2.562936915467790566e-01 1.317325673517931450e-01 2.871546811413380196e-01 1.897504657022444641e-01 2.481690107941350587e-01 1.519133866567780045e-01 4.456313748151635168e-01 9.415389642024447892e-02 5.280229566066287072e-02 1.644944348905807430e-01 1.494810454849819503e-01 1.973918168754228153e-01 1.514582481940009162e-02 1.356255428362515038e-02 2.780447522201013877e-01 1.571903768498288667e-01 1.789086618840823872e-01 1.362473341626895817e-01 1.081955270924809531e-01 3.566844073947217364e-01
6.250000000000000000e-02 1.324893668719439033e-01 4.308088154078178189e-02 2.393252970077789921e-01 8.269920164079426483e-02 3.380301833447144078e-01 1.707626498771277687e-02 2.710262141349924492e-01 4.786333168267230959e-02 1.433306950444630974e-02 3.408416340521072674e-01 4.189057436279945701e-02 5.798183404278393904e-02 1.728980446878917651e-02 2.283597275669282944e-01 3.003825981792384581e-01 2.000203887523667179e-01 1.141501896530095761e-01 1.033078298219827947e-02 7.888672293705847882e-02 5.067258783586165577e-02
7.812500000000000000e-02 1.189752140412886489e-01 1.301468263982457317e-02 1.575642750712075713e-01 4.591011457095767190e-02 2.638036592674005698e-01 8.558493222894827945e-02 3.518026129209263497e-01 1.568935206979658603e-01 2.939849936667160990e-01 6.078916212301193472e-02 1.705771174246394351e-01 2.958749838084991923e-01 1.878943358681313680e-01 3.792087059568912122e-01 2.689406796854799109e-01 5.312577839107532340e-02 4.479952199321311779e-02 4.568405461815869262e-02 2.341877714907259767e-01 2.218242051735690723e-01
9.375000000000000000e-02 3.609907817514464157e-02 2.981947977437289232e-01 9.732296907305015496e-03 3.580968503884989218e-01 1.602161179731770857e-01 2.335938591494908234e-01 9.668456960241088305e-02 2.779162792923599579e-01 9.304357231639451276e-02 1.284624792312830110e-01 1.225124483137644410e-01 2.835558036918859812e-02 4.259958798053575108e-02 4.025771858187783825e-01 1.594578080967153089e-01 7.062056330767613188e-02 1.342834316445988829e-01 3.969361471649612144e-02 5.077780947269771444e-02 1.859492142145919777e-02
1.093750000000000000e-01 5.212947742245089416e-02 1.223979036917247631e-01 1.036870817129518646e-01 1.454953069227447604e-01 2.693387728964308225e-01 2.555221215792956579e-01 6.786394175238981419e-02 3.274240532695154582e-01 2.545163854279115512e-01 7.907718390283031973e-02 1.086755251779186332e-01 9.941105422974236272e-02 7.093767889053254061e-02 1.949541932989884707e-01 1.437938845298162016e-01 1.283329969825511008e-01 6.904244566639013148e-02 2.291558840021323123e-02 1.577721049660333885e-01 4.485894562746654129e-02
1.250000000000000000e-01 1.456602842902914585e-01 6.419921779702797426e-03 1.258441934900099979e-01 3.718168735876669628e-01 3.678981952375599829e-02 7.118708665052517204e-02 7.817151497589858167e-02 3.095684972983749894e-01 4.555111957652395738e-01 1.976111703971571987e-01 9.570243003398443138e-02 6.152600944166391334e-02 2.065683161062684126e-01 3.896680583033590994e-01 1.346050572150417346e-01 6.751701383647662480e-02 1.759080915551919366e-02 4.994304024085339383e-02 2.712922318533061428e-01 4.518958739131353486e-01
1.406250000000000000e-01 6.210035117478756445e-02 1.139651149454408707e-01 1.165966164352783135e-01 1.249377748098077535e-02 3.121899018333835207e-01 6.071435735584089499e-02 1.800949762703231427e-01 7.533034187967482809e-02 1.817545647004487341e-01 4.643937862971525554e-01 6.149386581240910178e-03 1.002256110540335199e-01 5.139647529868988235e-02 3.343244121144134939e-01 1.095892311574063862e-03 2.978035833089597850e-01 3.122154047854787118e-01 9.151417134246468688e-02 1.828571293532859077e-01 3.024574689624154669e-02
1.562500000000000000e-01 3.165997475303711922e-02 4.128668649087277598e-01 3.624890906962058290e-02 1.994498790233183438e-01 1.274022285637643193e-01 3.690852519799319165e-01 2.474617043413603404e-02 1.089578016156453853e-02 1.083853619278595803e-01 4.925417353789059149e-02 6.943977499517960117e-02 1.373572949271079915e-03 2.134596016065170090e-02 5.715908770701873948e-02 2.138544849202463419e-02 9.629375342142244831e-02 2.971472358288459459e-01 2.337381417873666822e-01 2.136799673695462254e-01 1.474865524501200731e-01
1.718750000000000000e-01 2.668692938225016298e-01 1.753767453537058152e-01 5.603241028308524330e-01 3.915316622177928974e-01 2.274612045440789834e-02 1.488990618578829583e-01 5.812421115286255102e-02 3.400829282743021986e-01 1.909592254835273673e-01 2.644220328218980023e-02 1.344454342407166991e-01 5.601835730892910925e-02 5.382376712665002533e-02 1.289222499340720307e-01 3.083319375209677693e-01 1.971220219623913417e-01 2.476998368191944341e-02 1.436694859891162190e-01 1.677252450081601343e-01 9.323114712330231313e-02
1.875000000000000000e-01 8.947916525401269361e-01 9.875226631364540930e-01 9.265924912178050699e-01 8.950875418704257180e-01 8.123053290654225211e-01 8.563630437016969132e-01 8.859579524096753422e-01 7.846039285943458008e-01 8.395930572524766822e-01 7.246431638117624141e-01 8.990388641524122981e-01 8.435559312546473398e-01 8.194052046258077926e-01 8.373075035501491570e-01 9.118007164085072391e-01 7.361185001455019528e-01 7.817898017851852011e-01 8.272042157066394896e-01 9.592486814396797845e-01 8.448905720332039460e-01
2.031250000000000000e-01 9.601620805928647862e-01 9.924093721855838934e-01 9.649611369714039544e-01 9.490586254084015794e-01 9.211497315218725168e-01 9.296896828857562634e-01 9.137477149134639598e-01 9.397148548719910233e-01 9.106523180335205359e-01 8.603418792071700905e-01 9.699279572662845572e-01 8.850897947004490174e-01 9.404493677733620771e-01 9.685861716340941063e-01 9.582121049990856010e-01 8.569540235860572119e-01 8.929700303065051248e-01 9.165632216310085623e-01 9.856825456074999048e-01 9.638905963946960975e-01
2.187500000000000000e-01 8.225444237828110072e-01 9.369187206848146321e-01 8.267832307071240061e-01 8.595774388994242843e-01 5.866376223645201060e-01 6.735831155671178072e-01 4.160448589964392263e-01 7.368791316685142645e-01 7.911398735714808561e-01 5.629806692702757909e-01 5.213065518898920558e-01 4.375665956887393460e-01 7.505235211781887683e-01 6.994886569012384037e-01 6.916200817023305802e-01 6.756023179520102007e-01 4.440582242814457570e-01 5.355712537525603167e-01 9.367701967785431183e-01 6.895682130849696279e-01
2.343750000000000000e-01 1.697066764949772544e-01 5.012679899370928727e-01 1.833813351072147990e-01 2.134638337618249004e-01 8.685788445075119657e-02 1.336458839005948418e-01 1.722213582069439530e-01 5.579371300405584072e-02 2.226651487233317350e-01 6.320006084892390574e-02 7.710128951601483149e-02 5.276555983741493955e-02 1.182094590448864030e-01 6.768226930291794396e-02 1.016787962006578290e-02 1.747532040608178738e-01 3.697752442834763287e-02 3.318351424771346370e-01 1.314435195978810589e-01 2.402641782068750398e-01
2.500000000000000000e-01 3.951754664041391418e-01 9.785181614229183922e-02 3.858995277892240949e-02 4.367969725263071701e-01 1.344812640825472638e-01 1.307911635047325494e-01 4.903351871058040171e-03 2.804492275197956741e-01 1.509857189266898547e-01 6.054678521971349620e-02 1.784598578551911952e-01 2.242237801838649347e-01 2.624859116168237402e-02 3.299712461070333780e-02 1.350844625300814394e-01 3.820304589864846889e-01 1.098050609266497529e-01 2.145400138538080259e-01 2.411157511724455749e-01 3.681029488968410868e-01
2.656250000000000000e-01 1.902155310302428015e-01 4.081669224604528856e-01 3.513532256824578592e-01 2.377135223447652754e-02 4.187472017297740046e-02 1.689585815790515810e-01 8.409051742801451623e-02 2.779923278920263252e-01 3.537803609236510605e-01 8.952893026658205466e-02 1.710948711303432179e-01 4.901440547300438266e-02 7.720174447208588697e-02 3.618708712006791228e-01 1.709289698839063787e-01 3.457080523952594381e-02 2.347127772368673426e-02 6.493608388791138886e-02 1.196285684904471042e-01 2.916296770429567808e-01
2.812500000000000000e-01 6.454127817735207107e-02 1.008317163019527840e-01 1.062160952669744945e-01 5.123779396697267447e-04 1.385965900836567677e-01 2.128847690190041053e-01 4.773280014162676471e-02 1.300865829600716950e-01 6.641257210745313277e-02 7.170741631287173845e-02 3.266741854710628751e-02 1.444245396064106624e-01 1.907424993102220523e-01 4.967239733895827958e-01 1.473812433030715074e-01 5.602053258217971621e-01 7.982772973218001111e-02 2.103699820533761755e-01 7.498259721476835393e-02 9.604643819849639080e-03
2.968750000000000000e-01 2.615553364372747991e-01 3.569123932366700114e-01 2.686593524208374939e-01 3.178005198468938364e-01 1.574302623368767085e-01 4.967051749963322660e-01 1.306857120508906067e-01 2.340860507433893400e-01 4.697857497211618133e-02 8.049900785522252911e-02 4.137613373494496427e-01 2.896638299849160214e-01 9.143325679070556100e-02 1.145539473350061926e-01 1.237256299390947223e-01 5.040842511452556796e-01 1.126731735544233143e-01 6.381629021175073968e-02 5.922067008104767855e-02 3.810335819094846227e-02
3.125000000000000000e-01 8.394953052912880465e-02 1.593350376282660630e-01 1.164318720873916690e-01 3.191067343627672637e-01 1.402101686961059468e-01 4.124431043304132016e-01 5.397652365205074521e-02 1.759922943126909500e-01 4.447660232603729558e-01 9.777975062113147819e-02 1.321594408113993535e-01 1.763786829705517589e-01 3.299534641069458429e-02 1.390795723560302177e-01 2.853818055369536019e-02 1.415839325673792504e-01 5.368952472225301670e-02 7.267040410497980010e-03 1.382744215175306379e-01 2.295858233898519785e-01
3.281250000000000000e-01 8.511473963280220822e-02 1.739597679379184803e-01 8.136955057386631440e-02 1.588759404867981784e-01 9.466606283921422116e-02 9.482092590693430925e-03 1.872435093177093057e-01 4.874416485262868422e-03 4.633806974939072010e-01 1.119148579052255121e-02 1.051404573639535970e-03 1.029957538180546472e-01 1.652295341887822233e-01 1.222593237039830694e-01 4.166825403352143221e-03 3.500343199013993684e-02 7.163756485271307803e-03 4.658512787005383154e-02 2.499872626908800077e-01 1.953482843176124195e-01
3.437500000000000000e-01 1.405608986699866392e-01 3.379729545016513237e-01 2.267122082653600518e-02 3.503785305808387179e-02 2.973458417300894191e-02 5.589687969053735127e-03 3.118178220295417247e-01 7.843098209468821191e-02 1.315830461613620439e-01 5.969754740909944540e-02 9.896618571792845098e-02 1.400637612127200449e-01 2.445137232122493454e-01 2.660375363770951518e-01 5.429589618438103449e-02 2.353972783910125433e-01 3.568420910415058545e-02 2.565901427830251380e-02 3.111044055392484520e-01 1.649746311157815892e-01
3.593750000000000000e-01 1.335141854789561600e-01 5.696419364569105248e-02 1.646977440838685303e-01 7.391876363172522613e-02 2.603949622615179052e-02 1.589655694418886378e-01 4.537038381105560486e-02 1.721694631535820585e-01 7.630662955434315553e-02 2.388356123058177696e-02 3.210870382332644546e-01 1.378775969473883603e-02 3.169589803374135428e-01 4.237055274437298569e-02 6.755667476255830528e-02 2.156435586746630328e-01 1.914541341214153142e-03 3.079486956841573364e-01 2.966355836906286458e-01 2.221875814671714078e-01
3.750000000000000000e-01 5.296956074138157167e-01 3.403190209239473907e-01 1.045354693703128834e-01 2.262176676344597459e-01 6.940775168420858232e-02 3.439821092805164793e-01 4.328883782067813879e-01 3.162255271556717040e-01 6.421474454172659482e-03 1.417084265302026025e-01 2.901610083084072908e-02 2.272744026529790184e-01 1.698749112437208941e-01 2.308325595091693105e-01 2.483915817969077622e-01 8.604920709073915486e-02 4.845159152536605666e-03 1.886420876105645572e-01 2.762390218497102201e-01 1.057835789989243075e-01
3.906250000000000000e-01 7.651713904395453236e-02 5.099300658445109907e-02 1.199265048822034246e-01 4.521612244956436238e-02 2.540153748565403963e-02 2.835373796047979678e-01 5.232638024832372836e-02 5.551107513193592052e-02 7.098742267939077422e-02 9.548219735052927704e-02 4.111695937214174257e-02 6.316932500814501084e-02 1.285560363457520783e-01 9.378476322450737812e-02 4.336396700941409083e-02 1.867833507469357501e-01 5.517647507860413969e-02 1.253958977792112572e-01 5.016311572109308919e-02 5.632759338867728005e-02
4.062500000000000000e-01 4.127901747160393764e-02 1.880108775548264841e-03 4.022616686699176380e-02 6.488285779242775053e-02 4.032833648623763284e-02 1.024107617399173803e-01 4.733430631243421005e-01 3.576689905077000409e-02 3.026448980887603279e-01 6.383033050001249431e-02 1.410981817687891882e-01 5.398413242848563304e-02 2.598855372011800446e-02 8.666827062244424063e-02 5.192925990186885755e-03 1.735195340761833405e-01 4.226081192573457462e-02 7.802999519866232747e-02 5.121627779887517537e-03 5.484255092438348154e-03
4.218750000000000000e-01 9.886267653106180220e-02 5.659914567122609208e-01 4.471151775230498143e-02 6.655802201062263612e-02 1.701699467791673026e-01 2.267560084696127187e-01 5.340423597838721559e-01 7.392431504700552880e-02 4.855852181242563681e-01 1.217104044785251166e-01 1.659607210216526574e-01 2.668456023595285886e-01 1.455377819220369795e-01 1.204470095381707240e-02 8.167317248663241713e-02 3.407453110738034585e-01 6.205804837711224875e-02 4.662626567006376010e-01 1.146591680894643861e-01 1.984771882905753126e-01
4.375000000000000000e-01 6.554456912749078157e-01 1.803574981185173537e-02 3.526183955005778026e-02 3.242088605619160568e-01 9.565162122655719579e-02 3.824627349339954074e-01 7.218589411447608184e-02 3.139607091184316578e-01 2.580178541478368379e-02 4.508864842096515502e-01 2.172332476882328500e-01 5.813966616955586891e-02 1.693150887349174072e-01 4.136236646658044552e-02 1.819592557004588163e-01 3.482124536377353419e-01 1.288320781162423379e-01 3.898668088266977749e-01 2.043518691795796066e-02 3.530587527270346304e-01
4.531250000000000000e-01 4.550926402401535009e-01 1.896609082791904898e-03 3.197255768928043695e-02 8.012963883627230444e-02 2.420970873305581250e-01 6.576782035596714926e-02 2.713793972396865220e-02 3.751630472761094404e-01 5.226000875116433297e-01 2.885843975606979805e-01 3.902119633219847672e-01 1.747914429083001209e-01 2.865471159742742358e-01 7.451674507121983093e-02 2.026741774334557267e-01 5.501973946818164984e-01 6.052642226618436955e-02 2.226881029229071385e-01 2.906176057525124840e-02 5.350569602768212585e-01
4.687500000000000000e-01 2.072789300112758137e-01 5.696730073109024239e-02 3.029188160429833413e-03 2.815313853307671935e-02 1.344574356736460141e-01 1.052589735830473244e-01 3.506751627531827509e-02 2.351063204530592088e-01 5.702785413246714841e-01 3.226856554742146138e-02 2.088098074026999151e-01 3.689356451721684249e-01 2.112051438873334686e-01 4.180028019792589311e-01 2.662281565966226338e-01 2.930964179665266484e-02 2.620008747106763319e-02 2.999846644172905405e-02 5.877311238224094958e-02 2.705940874823578590e-01
4.843750000000000000e-01 5.869361115172253701e-02 5.009182661264972858e-02 3.010156851926991742e-02 4.043711993833892793e-02 3.791655151778097754e-02 1.039983738211818082e-01 1.697377178458177593e-01 1.937052505148809667e-01 2.414343987305307970e-01 1.850346801054126300e-01 2.221117179262672992e-02 3.442668983345711919e-01 7.296047086220737964e-03 7.011804689608976959e-01 1.402382274640065138e-02 2.080738634873093296e-01 1.285819406689892586e-01 1.682879596717567344e-02 4.673745551516567814e-02 1.907801513945318189e-02
5.000000000000000000e-01 1.049236947449596197e-01 3.194592907282187144e-01 5.048939224667421677e-02 3.940523188371958807e-01 2.856376694407811515e-02 1.400208438931859478e-01 1.228523167631943996e-01 1.518056262664251033e-01 3.365036217122744505e-02 1.583591664038530022e-01 2.913958621878922142e-02 1.042241198568682886e-01 2.824056305634490074e-02 2.310826307345186514e-01 1.083367776561552226e-02 3.178608014323361930e-01 1.054331519916004156e-01 4.168793911635818722e-02 1.996809861207086631e-02 1.854663592074243250e-02
5.156250000000000000e-01 3.186472115909280700e-02 2.941452912373121453e-02 2.546764737592444594e-01 2.211972798820696293e-02 1.680878004915007523e-02 3.654239966458340538e-02 4.999088245033189715e-02 3.465531925517003620e-01 2.161436008574020573e-01 3.131939059096649491e-01 8.773275213390871463e-02 2.775542973362176702e-01 1.305465876066090603e-01 7.826320799499685010e-02 1.058115052365470460e-01 1.382220774099178207e-01 6.453646246471943237e-02 6.598854251256261461e-02 2.615592506327926170e-01 5.751190782586433799e-03
5.312500000000000000e-01 8.379959215192893385e-02 4.396270084467255104e-03 1.466503977007538873e-01 2.073581622550832171e-01 2.365969847793306102e-01 3.107959154710709590e-02 1.144816065247768015e-02 2.390393254492503283e-01 8.656600944539091791e-02 1.743802781719697159e-01 8.895459380131633120e-02 6.821331978099627255e-03 5.484133224979388377e-01 4.758781910381270630e-01 2.874891077071090595e-01 4.265492469979813017e-01 2.191037684487589718e-02 9.741533081591111087e-02 1.876673231328226943e-01 1.642102598362562560e-01
5.468750000000000000e-01 2.645134151848695381e-01 2.458255811242526512e-01 1.890749278921408927e-01 1.329202483274545543e-01 1.010892715317186497e-01 1.607866391605907719e-01 4.991790088432574574e-02 7.587198625162658305e-02 8.958382931249458947e-02 5.004374583350298250e-02 5.088654614441378427e-02 1.787374042536865604e-01 2.601619370908072604e-01 9.565114625088118328e-02 2.169678523234262468e-01 4.943272517450504333e-01 7.721977810604456482e-02 1.156307639299319484e-01 6.017767933273882736e-02 2.363680160546926742e-02
5.625000000000000000e-01 6.218870188831083362e-02 6.154264581389207178e-01 1.747327255937764223e-01 4.342563360168661402e-01 2.113119352752090563e-01 2.650452587662525117e-01 1.418279691825047040e-01 7.022829395715898815e-02 1.040842541106603014e-01 7.581264146666330875e-03 9.422809355920863661e-02 1.494713586932309435e-01 3.598478761727094133e-01 3.876406171822880942e-01 4.918458798357149692e-02 4.931453368393879377e-01 4.200351359533423951e-02 8.388817487220026625e-02 2.291201304121563698e-01 1.571873588540887712e-01
5.781250000000000000e-01 8.081666489667967135e-02 2.408111108692664037e-01 1.631412604829371171e-01 3.100676389921960263e-01 1.495614799112153781e-01 7.026518060421275448e-03 3.688568345284583966e-02 2.162649091422639280e-01 4.729345572622802307e-01 1.731407530672805783e-01 2.017944043738761351e-01 3.509734590417428191e-01 1.920291940271042982e-02 2.470210826891537648e-02 4.890500026081470719e-02 3.083609757310195043e-01 4.688230599904483209e-02 1.114808573195000263e-01 6.291854841291512346e-02 1.668125831669771408e-02
5.937500000000000000e-01 1.113199580614623041e-01 3.144801621881252243e-03 4.915020692308122441e-02 3.307028118839949044e-02 5.316963476114241333e-02 3.031497835781132508e-02 6.336950738758467816e-02 6.432538626649036972e-02 1.570255679657863446e-01 5.800520093590177256e-02 6.231387970546186511e-02 1.616495125912899636e-02 1.794336395876895973e-01 5.195528972707572773e-02 4.418793345060460787e-02 1.494778168293842829e-02 2.406795392708483208e-02 1.215074270712105525e-02 7.911000821242139894e-03 7.248095675754731224e-03
6.093750000000000000e-01 2.803377499407123594e-02 4.523844727292550272e-02 8.556483283753667235e-02 1.003379653835838464e-01 7.613543014906000439e-03 7.769033646154657746e-02 2.577026822707359499e-01 9.298463355836778313e-04 3.922825718648816351e-01 1.919416348371742048e-02 1.598566062653492825e-01 1.462028884477941937e-01 2.174231742137564816e-01 2.056382127148961760e-03 2.122529972030567924e-02 2.359589795287053426e-01 1.365915268265724680e-01 1.390333805645042609e-01 2.775782266858584785e-02 2.177030347109653111e-02
6.250000000000000000e-01 3.683454327932375594e-01 5.358127590775310090e-01 2.584636031231631881e-01 1.345284503663190245e-01 5.352643749994476230e-02 1.489775460412632313e-01 3.969277443275363859e-02 3.208942530577550412e-01 5.307529648264390776e-01 1.744365702037564692e-01 6.506044966414330222e-02 2.366118744818930808e-01 3.625221492090771602e-01 2.385092001135846393e-02 1.383290056957309222e-01 3.841365151758909802e-01 2.029214869589888726e-01 3.139029983836289506e-01 1.463182223368764967e-01 4.563786961828532052e-01
6.406250000000000000e-01 1.652036066161982342e-01 2.858900350726021819e-02 3.283833885740018027e-02 1.869049856174797783e-02 2.780209478754417374e-01 9.949699635161854405e-02 4.217909430781126290e-02 3.709646210142411027e-01 6.440741944823218101e-02 9.284362674937629567e-02 2.561604485745893611e-01 1.652341023921373442e-01 3.575754971860646281e-01 8.821544712728885199e-03 5.508233698468427419e-02 4.236779416464946380e-01 1.677482460300569684e-03 4.555971229289190183e-01 3.702281694487986191e-02 6.249655198350032581e-01
6.562500000000000000e-01 1.235650462884828465e-01 9.514413598585740039e-02 7.771120122509679769e-03 5.561639553330409436e-03 1.098983650371254117e-01 9.271053477617797328e-03 1.122917653540887739e-01 3.322624038292421034e-01 2.532458986623007946e-01 1.605689076108462454e-01 1.675430057533225728e-02 1.924133218877399631e-01 4.645281382330926911e-01 3.720863076728130880e-01 1.205274464861719741e-01 3.828662539959034050e-01 1.544815962413338961e-01 1.386044435244163930e-01 1.714865001492877350e-01 5.587369444213132752e-01
6.718750000000000000e-01 3.406972303835348326e-02 7.006437105560224532e-02 5.300124902269597385e-03 6.825335935757673167e-02 1.208259150358679118e-01 3.185726769817120909e-03 2.018070465391932633e-01 5.586042171744538820e-02 1.950651497218258423e-01 9.986795925471717017e-02 2.321122930472038510e-03 4.410007287590497205e-01 3.618815818459230615e-01 4.146487262964756448e-01 9.191122493129791349e-02 1.721894187687739511e-02 5.405824327585766198e-02 4.705720386569888641e-02 2.201808099701528243e-01 6.404860273270363002e-02
6.875000000000000000e-01 3.944074324758275324e-02 9.002891536519321003e-02 5.544034376823046839e-02 8.676410454131522343e-02 1.801295970198000043e-02 3.651539366503304129e-01 3.606651020471726699e-01 1.936436679397619820e-01 2.841923629980218080e-01 2.179756274416497497e-01 2.256223719579377451e-01 1.538876633489396628e-01 1.939571206220446487e-01 4.028911324692126539e-01 1.262775176019208245e-01 2.943301749560308656e-01 5.001254119923120856e-02 8.424593848663938789e-03 5.599047438986565206e-02 9.711479378850820798e-02
7.031250000000000000e-01 4.926956595969456815e-02 2.996164738873664524e-01 2.856528430407996588e-02 2.931347652703361062e-01 2.114277114824178808e-02 2.106639327922348870e-01 1.498388978235258295e-01 3.342832301816981138e-03 7.943070113943798138e-02 1.898976273317300179e-01 1.357333395961111445e-02 2.517342028649650065e-01 2.174623706579264237e-01 2.670346933704534909e-01 7.239550710139028289e-02 5.171512795786752381e-01 5.186339582895232309e-02 1.342282371375601024e-01 4.231628748802889611e-02 7.619216713726025166e-03
7.187500000000000000e-01 5.789311283314882081e-04 1.285577961491009454e-02 2.704551287875214260e-01 3.925796458415050511e-02 2.169657774918356402e-02 5.575381283010581029e-02 1.204755046296231450e-03 5.976038449189403218e-02 1.061893226854636468e-01 4.506468706420999060e-01 3.638182166341924397e-03 2.241172566452908910e-01 1.754928797298977439e-01 4.985436145972118455e-02 2.031316340455084912e-01 3.027716217005165800e-01 3.327317449206619593e-02 8.129935206062134656e-02 2.069580837800939488e-01 5.700808807424898733e-02
7.343750000000000000e-01 3.441819497371501752e-02 2.259824061433384976e-02 3.801574686947396808e-02 5.796445323177838727e-02 2.551303453544944144e-01 1.821215393702078911e-02 3.199129101537678266e-01 1.108830605494575822e-01 7.283235013255039136e-02 4.485014003979071462e-01 1.595573087444572893e-02 8.936750414123860453e-02 9.763500361084530288e-02 4.370937786292792282e-01 4.346177328533055301e-02 3.657376360058428033e-01 9.003660143906738744e-02 1.342503091656930547e-01 1.274454806293039699e-01 2.020993234380028258e-01
7.500000000000000000e-01 4.150252437594248445e-01 9.258864779645500920e-02 2.502184324572737095e-01 1.263724299779822036e-01 3.418590858237843255e-01 3.095691784506661264e-03 1.902124011962508243e-01 1.922450798306628017e-01 7.009041007301253061e-03 4.361939928579993547e-02 5.550386776815937132e-03 1.172012622419016034e-02 2.016163509243519558e-01 2.937650522229877728e-02 3.237556315071938307e-01 4.018475133404622590e-01 6.295438831364595644e-02 4.030971676131227255e-02 1.319780379061331610e-01 3.297220070582561075e-03
7.656250000000000000e-01 4.627574031196339810e-01 1.190351079058310363e-01 5.335017071565911762e-01 1.413874220598267395e-01 1.461377592748469914e-02 1.118549330837170924e-01 1.217070805212001755e-01 1.286982441841002245e-01 6.251838787444154166e-02 4.327762288030453930e-02 7.700321588796455591e-03 2.708207167209468816e-02 1.000772439774396672e-01 2.165182501927931380e-02 1.733654760684094076e-01 4.603538938115390167e-01 2.889738581240710591e-01 5.453245970790368546e-02 5.059430895449643778e-02 1.846040246347024349e-01
7.812500000000000000e-01 6.266534691503583554e-01 3.172942698379838111e-01 9.172624192264068610e-02 8.208655572144546442e-02 2.581438617159609143e-03 1.674469391311482480e-01 4.062053034351147118e-02 2.527227423908217641e-01 1.189720302015732922e-01 9.157103328140195342e-03 3.191766359061148917e-01 2.540217817106740772e-01 2.009396813101726673e-02 1.386904391851464524e-01 2.893065753265466888e-01 3.143991530974095117e-01 4.349858329433131665e-02 1.199867074320020294e-01 2.477917537042290466e-02 1.458080362948625808e-02
7.968750000000000000e-01 8.169437870349684216e-02 1.288848890756049857e-03 1.079669961151458885e-02 1.306053975356423133e-02 3.121964110292664921e-02 1.022966388819271377e-02 2.264208957709544501e-02 1.039235776827089619e-02 9.685080310848380447e-02 2.951645129149881308e-01 5.711701028973967253e-02 1.231599541216344545e-02 1.043278558706669801e-01 8.073980290289466122e-02 1.464091702147382254e-02 6.220215968118789074e-02 7.113442076965817429e-02 4.402038303073094877e-02 3.705646535315332366e-04 1.705651788534164048e-01
8.125000000000000000e-01 1.555655737701504282e-02 1.210933079055989126e-01 6.425524964842059539e-02 6.892343696224094429e-02 1.340987692958192923e-01 3.198524829859099028e-01 3.383774190399434501e-01 1.585567873651878013e-01 3.747081136785406774e-01 4.213590660727974113e-02 1.841710728850695644e-01 1.324528901337806430e-01 1.603194731750655355e-01 4.478512260901648841e-03 5.505368542371382248e-03 2.942469236774055141e-01 4.257830495608451449e-02 1.477507900143172626e-01 1.299552712778113128e-01 3.027718804097932412e-02
8.281250000000000000e-01 2.266223708918085056e-01 6.175042415019428299e-01 2.425462248621947370e-01 8.965175802431070429e-02 2.473134626642234934e-01 4.698687397891008199e-01 2.435305773938269136e-01 1.844759964152714038e-01 3.843377483617488322e-01 9.930527028286011137e-02 3.296390779382593617e-02 1.945385752697346982e-01 1.142251002972469454e-01 6.797077856576357047e-02 1.301828616842011233e-01 4.922152414561511424e-01 7.469108416839774500e-02 2.698195294359843621e-01 3.906995700422516982e-01 2.503547111422992910e-01
8.437500000000000000e-01 5.103834781890096567e-02 3.932132839032131955e-02 1.640994419358463852e-01 2.338522795603313886e-01 8.237006915971449572e-02 1.723024761858747700e-01 5.266733307719647511e-03 2.319280550418380271e-01 7.687113137264828255e-02 3.973748243263610092e-01 1.063885299714605603e-01 2.145990057970236786e-01 2.874341972643610355e-01 2.236413739272639228e-02 2.069873461117286428e-01 5.506254623389989639e-02 2.248691696924209060e-01 2.988352738827162458e-01 7.016142255822338525e-02 1.469123764885047201e-01
8.593750000000000000e-01 9.932380281033388603e-02 2.396659492464816091e-02 1.620467534080727579e-01 1.018128446637012047e-01 1.949605748183638049e-02 4.625649371827750679e-04 6.035054434081487534e-02 1.453072480998198746e-01 5.195726003766288903e-01 2.387766779606604120e-02 1.573810085222586974e-01 2.678232930453678939e-01 5.448619821123091844e-01 3.392984640546806707e-01 6.902398967856866741e-02 3.631819322473031630e-02 1.844159912451834304e-02 5.261025969561395482e-02 1.298853054910156513e-01 4.788172649992469276e-01
8.750000000000000000e-01 7.760750752681414878e-03 8.819375000890453120e-02 1.583230314811251427e-01 4.496999917165259847e-02 4.971536959570663911e-02 5.030432698130559571e-02 2.505241622256483836e-01 1.247459312028058737e-01 4.329884253229822622e-01 5.555711808189422313e-02 1.757145837395642993e-02 3.655242917537877556e-01 2.941221195415591461e-01 5.019380149838431615e-01 1.053913219238485494e-01 7.805304410149922767e-02 8.879291391327483749e-05 4.121096172305879074e-02 2.618199650438053361e-01 7.576584614163588138e-02
8.906250000000000000e-01 1.605629497489092714e-02 1.559141776626732923e-01 4.245759383993791269e-02 1.124674515677363817e-01 1.332298795254919892e-02 2.809690165682796059e-01 1.415652581607132476e-01 5.936527703215165042e-02 1.554318520986928687e-01 2.850468315711389700e-01 7.429955634499546546e-02 2.216652009660516065e-01 8.247934073863762150e-02 2.345197228507392706e-01 2.085422791223837807e-02 3.152853023573095603e-01 1.406153835650165718e-01 3.811561269470084556e-02 2.421597692250842399e-02 2.992018420760014785e-02
9.062500000000000000e-01 1.623994667765210663e-03 1.897962866388448466e-01 7.102309911606509429e-02 3.054676070493325124e-01 2.376585875397223963e-02 3.375486448205145679e-02 3.510685849616888843e-02 1.644345100258096659e-01 3.583371499971849811e-02 1.371251789857614312e-01 5.288488324943852598e-02 2.179653080185385561e-01 6.852708179188636561e-02 3.809764967332551766e-01 5.273165732821465806e-02 2.595737277675097543e-01 1.331676670461046930e-01 3.090787028009469792e-02 4.585725303073114739e-02 3.053515205035904276e-02
9.218750000000000000e-01 2.967214857758950636e-02 3.924984498270622790e-02 3.172224919257856102e-01 7.318010329353451249e-02 5.712335072392274449e-02 1.811625557571461542e-01 1.580337544631006674e-01 2.160279840695688292e-01 1.086770026148170531e-01 2.142945628670213098e-01 7.717475933645488728e-02 5.194974623251525925e-01 5.529577424075383246e-02 1.847204519875192685e-01 1.770049489392012676e-01 1.251089399717514872e-01 4.620514444379868191e-02 5.500831382351842325e-02 2.530330778849201878e-01 2.821936383723362418e-01
9.375000000000000000e-01 7.798861237190711504e-02 8.223419921112171821e-03 7.239211664354928966e-02 6.925273776815683846e-02 2.022115428246918645e-01 1.576330610439873325e-01 2.465843051237592010e-01 5.551835796565185444e-02 8.679178186584021737e-02 1.739858305082403467e-01 5.809497309958634725e-02 7.791526173237979525e-02 8.045897033678006682e-02 1.065491537120567128e-01 2.018510561667978820e-01 5.152535114467478028e-01 9.864255494424824244e-02 2.068232805279730802e-01 9.132013997105670189e-02 5.274939667898234652e-02
9.531250000000000000e-01 3.070955739089468658e-03 2.107815620077146679e-01 2.083665373202686355e-01 8.775203185375247961e-02 7.323083135017693923e-02 1.960632151278951171e-02 1.440935722638081451e-01 1.375352819088824230e-01 1.096831492495094623e-01 1.867305426115500183e-02 9.205214719462877226e-02 1.765791748116012083e-01 9.758612074845425532e-02 2.451704533015661713e-01 1.373141128834405866e-01 4.804198169569062205e-01 1.607791173255689043e-01 5.484728860994528624e-03 1.542322001036580507e-02 4.615277120880725142e-02
9.687500000000000000e-01 1.418199225842473390e-02 3.891154021614851577e-01 1.579253130542132011e-01 1.814008432393900139e-01 3.215604156450036638e-02 3.172984592608957821e-01 3.117700309103332290e-01 1.188439623577094290e-01 9.253984522429720139e-02 3.599586227415935841e-02 1.932101725234040279e-01 6.528725536789845019e-02 3.492836137095491761e-02 6.525931155322947652e-02 2.027567880542403139e-02 3.542996673074174652e-01 1.764644655456542102e-02 2.590139208150462613e-01 2.114101860291094787e-02 3.057698315393831967e-01
9.843750000000000000e-01 5.407658480388914946e-01 3.574078045770697765e-01 9.278559640969896716e-02 7.829616504156521051e-02 1.456629618115392322e-01 1.652866095333939134e-01 1.704135618392791929e-01 2.107726258686922882e-03 1.992933164094465304e-01 2.320235086489922868e-02 1.716324334297025522e-01 1.265055472149077820e-01 2.252025778544909998e-02 8.302205659900169232e-02 4.128243184600493415e-02 4.220757071541041405e-01 1.347380633309235298e-01 2.534713200261010657e-01 1.697210203406377890e-02 2.792461602465461448e-02
1.000000000000000000e+00 2.032785761385140499e-02 9.963176464307690189e-03 8.756360922108158418e-02 1.036813616898611401e-01 8.777972575888408346e-03 3.588218757934068942e-02 1.142010780644273082e-02 3.196551134196302241e-02 8.186221247868762096e-02 5.095880177340684353e-02 3.610117857363925181e-02 3.754901762046004843e-02 4.159332921352665302e-01 1.505953958464824848e-02 1.484611875334334793e-02 5.071447691895900750e-02 9.174079687526054405e-02 1.394702368874693177e-01 5.773014564215205036e-02 4.597526205085739753e-02
1.015625000000000000e+00 3.444434910352810186e-02 1.935943849277615425e-01 1.308442617551419385e-01 1.434052722769842136e-01 2.555050313452112039e-04 2.264120379066390520e-01 2.861966558669761795e-01 1.279036648162392709e-01 4.096034115982906121e-01 1.008808072494686570e-01 2.368345986505679956e-01 2.581168495670457808e-01 8.203928295511837832e-02 2.293584380876302620e-01 9.676974064444016088e-02 1.087661009522084277e-01 8.520094079420272026e-02 3.184743722041749048e-01 2.056077424088435246e-01 7.472378469509632914e-02
1.031250000000000000e+00 2.847064290649650165e-01 2.238839254822989899e-01 1.218539790369842640e-01 5.827503911951788240e-02 4.254352931945423744e-01 4.369848910039577650e-01 2.050488710706047657e-01 3.404102108505706048e-01 6.773884767787763383e-02 2.414545960314778139e-01 1.008185536619882472e-01 2.599114724639418061e-01 1.710630931940582411e-01 2.699890906017420045e-02 1.830091208589993135e-01 1.326133797053875851e-01 4.767975512774943331e-02 2.384378059981556719e-01 3.017921596075966995e-01 2.363739605879791039e-01
1.046875000000000000e+00 3.859555486934699853e-01 8.351514715201634187e-02 3.771639597449661513e-02 8.351104130472285225e-02 3.794374257796284677e-01 1.683316049117552782e-01 1.196399202605276518e-01 3.842572538824708395e-01 3.076985724688910961e-01 3.932112302666659898e-01 2.678362133904032549e-01 5.436508139095562742e-01 2.961901551781079278e-01 8.530591632125261725e-02 1.213711584102595414e-02 1.578755372238036525e-01 1.091678276820469418e-01 2.517679134258657414e-01 1.848333615220687232e-01 3.511795268676365933e-01
1.062500000000000000e+00 5.015653223820634027e-03 1.512677385102377883e-02 7.927014131694123944e-02 6.008623611356373601e-02 1.471067375334531580e-01 1.575599687215078482e-01 1.943813749460426010e-01 1.454297587948642778e-01 5.005863836868350569e-01 1.644653968763193710e-02 4.501730786725108846e-01 2.848041957466073137e-01 2.072974156740882701e-01 6.377343185417537752e-01 1.384098506165984122e-01 5.300257625953896240e-02 1.726881536190522787e-02 1.849500408513942151e-01 2.364262360481124425e-02 5.054225810594516199e-02
1.078125000000000000e+00 3.454972665348144539e-02 1.207959607071218367e-03 4.009297779977834958e-02 5.159020399468345827e-03 1.792436208949464704e-02 2.083652297578238444e-01 1.122218178353368984e-01 1.307021846231779805e-01 3.425549509128777981e-01 7.567498302663530629e-02 8.654986289904642582e-02 2.102027920754128143e-01 2.242854951460813290e-02 6.689467074733568275e-01 1.081815698131117637e-01 2.333875883405631402e-01 7.668013234244849818e-02 5.171318044861258206e-02 1.455519571370436360e-01 2.356401057007153493e-02
1.093750000000000000e+00 2.569241058266655622e-02 2.768691952895259711e-01 1.072019699139465862e-02 2.422337507100383869e-01 3.955694526845235370e-02 6.210674162955969191e-01 8.941689773030207181e-04 1.507675477716725332e-01 7.313060501942213187e-02 3.693736062591918695e-02 1.594449643717240628e-01 1.699428100243284279e-01 3.195452614412386955e-02 2.929812031119979343e-01 2.528919637391292552e-01 3.129695985668402014e-01 1.465365832678696689e-01 2.512839581998502908e-02 8.257433346335116622e-03 2.579496355521328221e-02
1.109375000000000000e+00 1.558128939946497142e-02 1.256026925223109880e-01 1.402891386645091498e-01 2.485116959883074683e-01 1.378272645848454547e-01 1.331495705757511083e-01 2.758155506064283724e-01 3.367807185148534721e-01 1.237835389260268232e-01 1.226593435803432636e-01 5.724389537632777053e-02 3.109539727011306209e-01 2.987819954894501903e-02 1.101365937965438635e-01 8.810259438430440015e-02 4.124885200013388153e-02 7.872022402677181230e-02 2.872986443497886969e-03 1.423345500828816224e-01 4.460181746582551204e-02
1.125000000000000000e+00 1.708958224031573159e-01 1.361616512988545608e-02 2.218122024813380111e-01 3.141018806048986312e-01 1.334166781839801474e-01 6.374744064986177794e-02 1.302604850582348983e-01 3.036412738154428137e-01 1.922105030483282628e-01 1.540536588151405206e-01 1.202755831778403034e-01 2.889778386104257524e-01 8.392731315019101579e-02 3.605352588077083420e-02 1.054278595964977250e-01 1.271262494161029891e-02 3.557558265383990032e-02 1.284444624247188804e-01 2.752495059400237309e-01 4.400944110485144889e-01
1.140625000000000000e+00 2.150456485582869226e-01 8.145206533502885593e-02 2.135486337893665876e-01 1.107432885903161454e-02 1.762895909983585030e-01 7.341677494275089533e-02 1.176603118417787058e-01 6.616802515093204995e-02 1.647285941134380982e-01 2.873479973443717750e-01 7.708256819345785105e-02 1.928517113925728166e-01 3.111308018507920603e-01 6.975352718554757303e-02 2.231538542363147581e-01 4.879355888225135884e-01 1.071818345425559482e-01 2.494253732637987872e-02 7.961872825915011775e-03 2.723590757598684520e-01
1.156250000000000000e+00 3.275048363515121186e-01 4.708284034146888453e-01 2.995690562191409834e-01 2.688548804286149951e-01 1.015792867828601703e-01 2.128676252016234449e-01 4.950567538173550330e-02 4.454316777330648291e-02 4.994803292689525137e-02 2.395541326314752639e-01 3.872785720798853359e-02 1.039555674904745208e-01 2.809003431088781810e-01 1.692178569730889981e-01 8.036853011961813537e-03 4.434721475146606307e-01 1.756178547847715710e-01 1.703359047173034005e-02 2.857959981547495820e-03 2.108076761763168910e-02
1.171875000000000000e+00 1.446732725004818698e-01 2.808326275553092444e-01 2.086594042973743679e-01 1.277968461168396130e-01 6.248499858696960479e-02 1.760594678974374272e-01 1.948630611975672999e-01 1.379273131705917310e-01 2.227819338033699276e-02 1.372607186396161173e-02 1.386657713272081982e-01 2.171042793343483102e-01 2.734150281323836917e-02 2.372293869427747615e-01 5.422044642939475440e-02 2.676581645896157768e-01 1.970506755845990721e-01 3.319104369937186244e-02 1.845889807737114696e-01 6.465953814651279052e-02
1.187500000000000000e+00 2.673655431000532268e-01 3.046124758991906600e-01 7.252024550755584165e-02 3.194620974725330409e-02 3.479355250948234501e-01 4.177559403489002066e-02 1.973647554485659650e-01 4.601722262765157653e-03 5.788376230149248208e-03 3.536731335186589220e-01 2.830790611753424835e-01 1.993285315140690406e-01 4.852391184773775096e-02 6.910826453385923327e-04 1.991953775289534989e-01 3.383952272429152086e-01 2.479590535229643233e-01 1.325013979738738079e-01 1.080646047481379490e-01 3.251425680965332882e-02
1.203125000000000000e+00 1.167890744666767178e-01 1.922379706426897636e-02 4.412948406575741694e-02 1.294893669306525219e-01 3.126883469154023015e-02 1.249683899342398791e-01 2.321958765449141232e-02 1.064590347565856215e-01 3.784450887575318417e-02 2.594794382584965087e-01 8.013169277428228154e-02 5.505436846766892378e-02 1.013619455878943809e-01 4.765197165644386584e-02 2.104893208425373530e-02 4.831660256502656042e-02 2.571532973599826577e-01 4.313175494698789358e-01 1.492999523130922324e-01 1.038226178448242720e-02
1.218750000000000000e+00 1.854619803027447722e-01 1.574669225441417131e-01 1.416937505006873044e-01 4.803166081148734640e-02 4.765527174109162462e-02 3.996484327489402966e-01 2.434120327953119278e-01 3.584894719197221913e-01 9.133695147905954159e-02 1.303750954135566784e-02 1.654147640575603928e-01 2.560917390802519011e-01 1.416987722642233383e-01 2.883419088140273256e-01 1.440819705205141285e-02 2.261938453019553819e-01 5.316339417442853682e-02 1.118308445909798748e-01 2.493583610258303662e-01 1.270267901988197390e-01
1.234375000000000000e+00 1.471951331705385613e-01 8.616995368308275061e-02 8.474465797793329092e-02 1.561744645399641349e-02 1.312176198451558418e-01 3.567296976412546727e-01 4.871121187889126403e-01 2.045602018343701811e-01 2.296071748817370139e-02 1.190423322480792662e-01 7.283642204957438415e-02 2.549261046717704593e-01 2.580876277188106083e-01 5.973836564658734777e-02 1.955073536950364260e-02 4.258820710089062378e-01 3.006878559848297217e-03 6.175669798722729226e-02 1.702034430806273202e-01 3.048757209048500449e-01
1.250000000000000000e+00 1.263400585019816037e-02 6.069549510611626369e-02 1.196689269509701274e-02 1.636005259484887191e-03 1.977041530325691354e-01 1.098120575925853187e-01 5.734715146594383112e-02 2.562892148019023097e-01 1.886952597414689181e-01 8.893568798593849689e-02 1.965070545130301327e-01 4.247971244955477954e-01 4.230651333002426462e-01 1.561327052197254706e-01 4.900476933205202834e-02 5.291513436872983256e-01 1.466727697473815539e-01 2.655536042271054442e-01 6.106636164485217816e-02 1.453984771904243412e-01
1.265625000000000000e+00 1.342080095304149789e-01 2.378619307395175072e-03 1.072245575897286113e-01 2.863773029382913130e-02 1.509229128625283189e-01 8.500199170335133447e-02 8.998767339961619149e-02 2.009540547611361749e-01 4.716244186358646284e-01 1.460601213117465325e-01 6.103969338009566925e-02 3.300289203504875313e-01 7.246957620967833247e-01 4.742696662431241661e-01 5.782899513619099013e-02 1.427209030593705186e-01 5.373272748949627781e-02 5.848309103328115655e-02 2.200744067182854036e-01 3.094704705312028015e-01
1.281250000000000000e+00 1.427964290172278883e-01 3.338797129644333755e-02 3.377564185394462543e-02 2.806102700272384773e-02 5.047957917513369586e-02 1.898603332166471092e-01 1.158152037284495978e-01 7.604608307222478214e-02 5.261464404840542342e-01 9.421184141765050202e-02 2.912775030235168969e-02 1.912326071097584790e-01 2.817932879630195009e-01 2.498666160852271723e-01 6.129197467755423401e-02 2.784484642867059434e-01 2.606696421708813716e-02 5.876406599188359337e-02 1.565586128542929001e-01 2.140698374483997191e-02
1.296875000000000000e+00 6.755408091132507342e-02 3.225137851048675564e-01 4.574241448377429527e-03 3.287154213941840819e-01 3.357735979021912454e-01 3.065032506201321172e-01 7.246271958442581686e-03 1.297198492744489617e-01 4.520880968113853704e-02 2.297297705865980200e-01 2.955977615687593874e-02 3.737005272708875114e-02 2.589743424276847242e-02 2.600664146430960999e-01 8.425582623082068789e-02 2.751085906774907164e-01 1.472160549087813408e-01 8.100054490295069409e-02 2.325291405459308652e-02 1.088921181412264190e-02
1.312500000000000000e+00 5.078486272314512717e-02 7.209654673446999618e-02 1.126717614580765026e-01 1.417876356605314303e-01 3.141111581684359333e-01 6.099540809923650365e-03 1.121489749711906125e-01 3.190327108006051349e-01 2.418662768304867261e-01 1.930508831390252700e-01 1.324952317637075050e-01 1.393183634714985075e-01 3.876515456594540037e-03 3.022425824788427251e-01 1.970734534339178834e-01 1.573941978523395457e-01 1.593484738901708997e-01 5.914597885945533685e-03 2.375671606458304719e-01 1.361313431293866838e-01
1.328125000000000000e+00 1.323086739239366094e-01 5.651119312175271331e-02 1.514080642150528455e-01 5.388429217406845995e-01 1.691685525252799305e-01 2.899482055680325035e-02 1.250744867465737598e-01 2.220982002921033649e-01 3.673033629990400395e-01 3.097888197686181067e-01 1.465576269279602051e-01 1.664133197833170819e-01 4.679407964204822939e-02 1.307341194954764196e-01 1.150184216158602196e-01 5.979658106249864657e-02 2.341631467846521340e-03 5.259849842818183074e-02 2.244658525109117508e-01 5.426580296871950093e-01
1.343750000000000000e+00 1.373963276747338924e-01 1.475460036080190052e-01 1.040104759991618416e-01 3.470747261952081969e-02 1.698871051525618625e-01 3.077027606733595891e-02 2.165251052623919370e-01 6.784141701697440907e-02 2.211433222108225849e-01 3.981022401805425215e-01 3.840697250940466184e-02 9.017600345472999435e-02 3.724797003295914344e-01 2.504661107802021516e-02 1.542703146711368010e-02 1.213731507226607220e-01 1.925207385496787993e-01 6.505792434578804018e-02 2.800175092814556968e-02 1.434740046477420705e-01
1.359375000000000000e+00 1.185148151917846254e-01 3.636044449946613244e-01 3.687178174260797858e-01 1.354785378096910187e-01 1.116822626374903288e-01 4.334866166996629439e-02 8.503584732629082543e-02 3.194608709627837911e-02 1.392232864761336064e-01 1.866563599551336328e-01 5.505054698430884852e-02 4.920120545962368419e-02 4.167745884329759343e-01 2.125694173795134589e-01 1.437238433883359368e-01 2.815176577770457378e-01 9.475776883384863514e-02 4.342764000306956196e-02 2.475261873436987534e-03 7.552124097993981322e-02
1.375000000000000000e+00 5.584746655999093257e-01 4.562335303663200281e-01 2.472894679659657646e-01 7.821042718127381443e-02 1.382707650973306335e-01 1.801252029729804305e-01 3.821412102753689310e-02 1.053666741804334117e-01 1.323653522059052845e-01 1.427508364529044838e-01 1.430313590711801697e-01 2.227829951248133378e-01 7.242119772818203516e-02 7.876293396386600809e-02 2.025850047385246988e-01 4.078570319010463296e-01 7.542673159395069105e-02 2.379074153689607063e-01 1.129225528249456628e-01 5.307473239582308905e-02
1.390625000000000000e+00 8.776482344232391930e-02 1.362440179312986721e-01 5.596659195992049335e-02 3.320907332724314792e-02 3.872137685364038240e-02 7.517046706549349033e-02 3.239074486321432550e-02 2.542019948283971709e-02 1.099265335571085120e-03 3.234090922898586462e-01 1.749632558171315966e-01 2.102024729164440192e-02 5.977524808987011440e-02 1.083427070825653815e-01 1.260502533461539398e-01 7.547833109807547403e-02 8.593910270291957310e-02 2.248276342221386670e-01 6.523044961492283078e-02 1.257708441906753016e-01
1.406250000000000000e+00 6.213118580666005669e-02 7.120866300128236501e-03 3.762226899605068675e-02 1.158705424778362497e-01 1.541696685457258353e-01 1.887996054975574489e-01 8.891924096246636711e-02 1.211473051540494367e-01 1.938906868356162216e-01 1.667061451589489651e-01 1.376370560751409844e-01 5.322037959297595301e-03 6.790165668836015134e-02 1.297052873444523302e-01 1.241003996993861602e-01 8.496199863653808304e-02 2.129903781729933221e-01 2.516360170021875176e-01 1.823253213665016470e-01 7.243116548210234984e-02
1.421875000000000000e+00 2.874220521516250293e-01 4.669468124229091965e-01 2.207753182353466292e-01 1.481691602556414571e-02 3.229172405089034137e-02 2.390066371421444846e-01 8.889804687755113732e-02 1.703943940610082308e-01 1.027686472852480243e-01 2.618944970054189539e-02 1.184019439620628555e-01 4.283143032601318539e-02 4.420913828667695222e-01 1.848978923951960784e-01 1.580322599542181156e-02 2.797580085006519113e-01 2.304294682201353528e-02 7.050591678350270897e-02 2.439398621260649713e-01 8.339993945628251804e-02
1.437500000000000000e+00 1.471216978297760769e-01 9.308676560857202797e-02 3.070906662541787735e-02 1.160273884250287296e-01 1.004157551733536741e-01 1.594749278062308484e-01 1.142400750336737963e-01 3.497249309125570211e-03 4.407104398843059850e-02 1.932666108142906680e-01 1.261966396969122772e-01 1.717048691941899241e-01 2.943222165100781718e-01 5.067686964290715919e-03 2.088019882602650673e-03 4.123972106275342053e-02 8.628575628405259212e-02 3.691614997982962249e-02 1.897875987368948525e-01 6.258310685267924611e-02
1.453125000000000000e+00 4.945507937358831207e-02 1.010744345115628662e-01 1.208334378557593576e-02 1.281536878586403971e-01 4.483544619379161572e-02 2.650146309951454879e-02 1.361312819493082013e-02 5.679584709645912888e-02 4.342266004921312428e-01 5.197443434630526909e-02 2.575481661212053464e-01 3.884968912930806817e-01 2.373160389310661755e-01 2.982556850054034481e-01 2.531499590436546866e-03 1.649611350949292399e-01 8.256641261420849531e-02 7.904800313473323015e-02 1.498000789199665228e-01 1.980021832277610860e-01
1.468750000000000000e+00 7.114440470299078501e-02 1.905379395688424965e-04 2.272210794316188442e-01 1.033988873856514501e-01 1.109141247542524411e-01 2.085562315851860124e-02 3.510897940067418677e-02 1.224688181284735305e-01 5.582553098532591074e-01 1.892730432865965262e-01 2.209439061110255731e-01 1.462193408685517337e-01 3.288152002463288759e-01 5.045706834479786185e-01 1.959251856484383048e-01 1.102915399016937276e-01 2.598991024992021448e-02 1.040199140496890912e-01 4.154266418236266523e-01 1.874510492692320340e-01
1.484375000000000000e+00 3.906808570835312161e-02 9.249433786211240516e-02 3.941854815189294731e-02 2.247387251346180323e-02 1.650182982417678079e-01 1.679703331004888112e-01 1.915203371061378890e-01 1.073488534989638921e-01 3.409354219066285108e-01 2.662383856983108199e-01 3.005609138197815836e-03 1.309385924876391438e-01 1.960619902083121924e-01 2.965780839225360954e-01 3.266498625468180345e-02 4.691285674882452184e-01 1.709621752681232121e-01 3.688510058433740885e-02 1.345551777202907973e-01 6.771333225728483340e-02
1.500000000000000000e+00 5.114586761825287708e-03 3.278450717324080110e-01 3.112817683076806591e-02 3.001876273920358607e-01 1.156056666351551049e-01 2.864808782280665045e-01 5.040826239539503151e-02 1.817411008748215651e-01 8.426343441404856444e-03 2.248441336023423165e-01 3.495704491360816096e-02 3.198963437809885374e-02 2.323624378753290365e-02 3.334273671148891838e-01 1.132511694488634243e-03 2.514296581548143283e-01 1.840975191167748548e-01 7.401744846733936123e-02 4.794830283298271573e-02 4.793982730371280226e-02
1.515625000000000000e+00 3.702746393577634187e-02 2.484538384097752239e-02 1.219102077982524845e-01 8.997444423728680196e-02 4.809431469385554159e-02 1.852921848730999799e-02 6.052135924296828812e-02 3.435093156612586407e-01 3.358503185123460355e-01 1.103458184918902629e-01 1.529476325779900170e-01 3.154120842233431032e-01 1.913703056527968627e-01 3.007453124498059016e-01 2.237323633629634267e-01 1.294689649952112109e-01 1.685979687113662029e-01 1.594396396305155020e-02 2.926643442069176704e-01 1.640084143708760989e-01
1.531250000000000000e+00 1.177909682001939545e-01 2.615478522176744799e-02 1.949505468517745144e-01 4.221098539693555751e-01 4.097494469958188335e-01 8.142263166435005639e-02 1.728565860046982483e-01 1.401231742964070826e-01 4.027692425129826836e-01 1.223336598632692729e-01 1.325194469760340166e-01 2.290936407990847024e-01 1.693594985747286785e-01 6.945975652099423137e-02 5.340875485922812888e-02 1.748740752121337727e-01 6.147565370934492818e-02 1.643779104420428905e-01 2.467948892771675007e-01 2.662485654468438323e-01
1.546875000000000000e+00 2.539837945021653637e-02 3.240716204435424852e-01 9.671009011572227754e-02 2.276466553845943874e-01 3.050428797769179079e-01 4.677735886426784978e-02 2.292472394070872166e-01 1.091711434337341302e-01 2.604235081141010877e-01 3.841820024810606998e-02 4.528548033875886766e-03 1.455803412652847684e-01 1.933218157074553523e-01 2.670902303972454844e-02 9.918072532879719516e-02 2.335835254159179808e-01 1.481649169651521464e-02 1.200213131008946166e-01 6.497860207293125467e-02 1.318209496928789137e-01
1.562500000000000000e+00 2.313647574530741102e-01 1.279032582747600677e-01 1.621089752757587654e-01 4.233004332838080641e-01 3.512239492267378582e-02 3.725640063933544077e-01 5.858308710637000205e-03 2.897570503860653207e-02 1.988831565418293645e-01 4.964258683903288207e-04 5.675962579553539555e-02 1.035904328066705737e-01 5.172682670589436732e-02 2.226295833641497024e-01 2.160010820491390857e-02 1.079736470018350936e-01 1.338671802269082167e-01 6.469784635160547026e-02 2.108602027141120994e-02 8.698488572573399857e-02
1.578125000000000000e+00 3.726407829722429010e-01 3.045927817537563143e-01 3.667739323923001615e-01 1.435360288143844032e-01 2.511340558428054037e-01 1.081096261754561361e-01 1.737223848389732039e-01 7.963784778440783849e-03 1.761895042548116685e-01 2.570754040454964473e-01 5.614184006272972260e-02 5.315373666410042747e-02 7.903973693253822652e-02 1.528181028503922956e-01 2.346161142232570940e-02 3.373472371051506463e-02 1.022190842403319228e-01 3.652031668736989145e-01 2.614919708336284065e-01 7.745039511942017861e-03
1.593750000000000000e+00 1.119144293305183724e-01 1.256375066387081449e-02 7.860270011352373182e-04 1.616550258734388568e-01 1.315488594517741916e-01 8.259554765668236653e-02 1.705847468249346022e-01 3.078661542513905919e-02 1.899107013882863348e-01 3.840073455191433394e-01 6.778038587430532114e-02 3.012351460483246937e-02 8.126444851433138605e-02 5.820114820617212220e-02 5.992201733259155255e-02 9.274627344441142840e-02 1.357636339570587880e-01 1.673778957826997094e-01 8.012914524833603114e-02 4.460476685286577508e-02
1.609375000000000000e+00 1.376754267582617486e-01 1.912098742793066214e-02 1.645201087494219117e-02 2.308946495320662526e-02 7.500745694352425885e-02 2.992969540636555847e-01 9.065241680995898832e-02 6.742514529224401254e-02 7.878671062209535725e-02 6.240577784639625425e-02 1.954224837245954749e-01 2.097963208524624423e-01 1.505136874375121586e-02 1.605946527669235568e-01 3.374252122243070334e-02 3.496852210439825581e-02 8.921109560727945309e-02 2.626002115175186113e-01 2.146970732743980204e-01 1.035906168348869061e-01
1.625000000000000000e+00 3.315347497564419266e-01 4.026064783059578600e-01 1.205407660296187594e-01 2.321556347056859260e-02 1.679234359637621354e-01 4.333815454166539127e-01 9.436299990160386397e-02 1.182818782976577943e-01 1.642417298909058798e-01 7.161273689331774939e-02 5.733882382490351065e-02 9.151615750712829844e-02 1.660566773083354819e-01 4.341932532248188870e-01 6.284287433383720090e-02 1.798017733279310693e-01 1.749269624884857433e-01 6.292055757999730214e-02 1.785940526712166132e-01 1.010129805332309477e-01
1.640625000000000000e+00 3.720883486481029734e-01 1.536116814389639762e-01 1.810418347019734225e-02 7.902428796416155476e-02 2.779017121760800624e-01 1.660656145173098064e-01 7.869620447351091674e-02 6.319865779312147658e-02 1.832285715383797364e-01 5.557604214883060667e-01 3.502303290680573444e-01 4.845155606599339526e-01 4.030368825046735659e-01 4.807626488012239907e-02 1.229424434357630769e-01 2.405108896032347732e-01 3.142278293609652162e-01 3.683457685963453243e-01 1.436711224658349939e-01 1.747136788175412958e-01
1.656250000000000000e+00 2.631236078316895877e-01 2.686099591871551895e-01 2.277770105567044137e-02 4.923271235553589031e-02 1.550180775150163670e-01 4.394794695201147822e-02 1.193966656764364025e-02 8.994446361496770403e-02 4.917623617803666969e-01 6.433896873692027119e-02 3.636477445761616689e-01 3.420685768210718347e-01 4.994607960823087001e-01 1.690379956396927119e-01 9.402963953403705236e-03 3.217045214055906377e-01 1.080615424937964864e-01 1.335599628200460354e-01 1.386992483357077366e-01 2.711199324435497639e-03
1.671875000000000000e+00 2.424239013215925137e-02 3.446719174235969509e-04 1.028749659131378419e-01 1.396708686007056555e-01 9.110497788817079057e-02 1.513485243720837472e-04 5.002145971222349448e-03 1.805231846719375019e-02 4.700543030028539460e-01 5.475665459909861976e-02 9.955830586747646538e-02 6.670098127033202706e-02 4.024032200200212683e-01 3.914653223909493884e-01 1.697247525979434651e-02 2.237965211477700722e-02 3.087672236026612477e-02 6.110335908135597349e-02 5.037635758038896405e-01 6.229127342403727001e-03
1.687500000000000000e+00 2.128437558239490088e-02 2.132031609976261233e-01 5.082383442426817444e-02 1.762876529116956248e-01 1.085080843380015897e-01 1.115349032003261076e-01 4.434893001703089921e-02 1.548970139681113967e-01 2.626594430601401076e-01 3.010968440908581845e-01 1.328410223398620790e-02 1.639572916614228659e-01 2.095058245130133612e-01 2.867976254157770244e-01 8.680139525109942245e-02 3.757043540044308627e-01 2.083432777706330785e-01 9.021556436271800650e-02 8.067507108190660747e-02 6.906792314592874460e-02
1.703125000000000000e+00 8.688752422842704534e-03 2.460299837694022995e-01 4.812560695529849442e-02 3.705823898187508569e-01 2.480953281576424307e-01 7.320622691293300621e-02 1.485787564286816798e-02 2.061674069007096155e-01 1.248719018559806548e-01 3.482996112230696828e-01 6.800313786648266162e-03 1.154235037989054385e-01 1.102405947684109190e-02 2.804928839338931557e-01 1.224896763219787826e-01 2.935304104896868105e-01 2.568906246665735305e-01 6.543678938909842924e-02 1.026035503034328222e-01 2.675626690396431737e-02
1.718750000000000000e+00 2.983492925203268600e-02 2.807594908762387452e-03 7.479117822799646875e-02 9.198832439411223916e-02 2.132668599987574271e-02 2.303064564541698264e-02 3.412339214318613201e-02 2.629273800466417343e-01 4.752605789660550029e-01 1.262007511610501731e-01 6.968471160104348916e-02 2.384851562157639104e-01 1.762748010290419720e-01 2.451613560027672278e-01 3.408053811645186393e-01 4.223321345008973493e-02 1.643599770101084323e-01 9.223080336588730666e-02 3.480433635170994688e-01 1.858546909421850135e-01
1.734375000000000000e+00 1.434059277418723855e-01 4.435339180002909748e-02 1.681450692001225100e-01 1.940774780097073715e-01 3.817122640467399686e-01 5.326778239647538687e-02 1.335672991898202988e-01 1.291756856129546993e-01 4.408904950055599348e-01 1.912325496488847809e-01 1.235788233449129775e-01 2.329868179838375658e-02 1.257329324876092780e-01 1.345822430491849242e-01 1.545781574624868759e-01 3.431373718973436127e-01 2.106891774327191227e-02 1.567830166781344625e-01 2.138992818585714606e-01 3.811561337993368270e-01
1.750000000000000000e+00 8.320915085290585267e-03 4.132614479846053457e-01 9.127530865699808038e-02 2.057590872263304338e-01 5.548302451176206906e-01 2.394531151245891942e-02 2.195561633858595652e-01 9.948722127316508151e-03 3.420758826508457640e-01 7.740784566698860614e-02 3.599454024602725261e-02 5.636903913599148469e-02 9.805549518439597712e-02 1.164003691213441605e-01 2.022837746861916048e-03 4.130073126196341926e-01 1.114019743392690998e-01 8.505683821112498821e-02 8.840558510284685090e-02 2.681686914263532451e-01
1.765625000000000000e+00 2.119113069361480695e-01 4.770524637063269097e-02 1.626527094464002565e-01 4.459548410996726497e-01 2.157530124783247835e-02 2.518067982727243415e-01 1.350830181411168118e-03 2.830268632958587820e-03 3.445609779287071572e-01 4.858253495664830585e-02 7.511126712647642201e-02 2.158515132585937628e-03 7.045179500271496476e-02 1.801782829474015413e-01 2.078236526922044511e-02 8.736959541513361627e-02 2.150880261762827261e-01 2.220140567058814796e-02 2.477186691157276955e-03 1.240030874189898269e-01
1.781250000000000000e+00 3.699637877336671710e-01 1.893186714866046116e-01 2.535273586051041694e-01 8.049725365045286296e-02 2.094771205294422844e-01 1.279470727694473342e-01 1.256868347211675119e-01 7.812720738628819994e-03 5.657981754352840731e-02 2.086955427505971794e-01 1.194185325155584926e-01 8.439590162853628438e-03 3.960230046501151541e-02 3.745337048406697789e-01 4.667795463213188917e-03 4.005393051880944827e-02 1.134402157522270277e-01 2.967440030481178770e-01 9.611199810821727252e-02 4.926325017993318095e-02
1.796875000000000000e+00 6.549580893862827491e-02 1.644555293276438309e-03 3.824275429708362539e-02 4.566485189902049768e-01 6.048300627962571729e-02 3.487474161012829033e-01 1.384909135891018439e-01 4.932683891637410081e-05 2.179429823274356762e-02 2.982606841562462918e-01 2.482033023768034224e-02 5.343428245481902060e-03 1.169690600377581574e-01 3.824678473546044843e-02 8.427732591972782183e-02 1.750622643454007310e-01 1.760233616052253591e-01 1.409813562525926434e-01 6.699971129241578949e-02 7.117055760720876478e-02
1.812500000000000000e+00 3.703279793185176305e-01 4.335844013682127462e-02 7.031989802353984242e-03 1.098268304280401774e-03 3.349125067994624394e-01 2.480871402916709212e-01 8.898026129123287609e-02 1.030389641895577135e-01 1.040222734824280265e-01 1.032029474262026736e-01 2.323055403572784061e-01 1.053652170614882283e-01 1.855340886549775858e-01 2.040517322593813909e-01 2.369089476560948607e-02 5.263471232816742396e-02 3.340627068281154521e-02 2.635000791092128591e-01 1.388227932647327356e-01 9.532850432465217461e-02
1.828125000000000000e+00 2.075174682909530499e-01 2.719874947153620437e-01 1.346425507888648065e-01 9.253000443172845757e-02 1.541613143115004581e-01 3.618451381364312658e-01 1.626709952239567825e-01 5.806097862996543318e-02 2.929594076662548341e-01 1.396198003979040037e-01 8.103918479381132245e-02 3.952033791283560138e-02 3.790401761877099651e-01 1.143216601614937059e-02 2.765300475762268867e-02 7.446604235787354642e-02 1.872724118455023345e-01 7.691654058846986164e-02 6.038985627826071179e-02 7.540181932255030084e-02
1.843750000000000000e+00 7.667772971202184429e-02 2.102079550517668427e-01 2.156427977374344648e-02 2.050739663038711469e-01 4.843368308763403712e-02 2.937525506576878498e-01 6.240161041708948420e-02 1.689164446126394450e-02 3.661122562234495059e-01 1.185152442683877622e-01 2.325338538235017793e-01 3.165045822585934032e-01 5.046471348544810942e-01 5.180752445139290979e-02 7.741517431298700069e-02 8.638751808562969425e-02 1.173762559582699899e-01 1.491575317478657792e-01 1.183954875451099370e-01 1.203547751389541093e-01
1.859375000000000000e+00 1.574678762008817068e-01 2.427921539708474130e-01 4.477251614158347937e-02 1.908541131035870753e-02 4.076103582520132496e-01 8.841056260646745768e-02 6.289928194161761854e-02 3.877271773001242372e-02 3.985259302547839444e-01 1.247368735588811894e-01 9.914034168552196546e-02 2.300672353187080688e-01 3.747790548414971501e-01 3.240463333366045973e-01 1.628902643589025256e-02 1.171665275379720345e-01 2.014394051840779909e-01 6.679209599615430759e-02 2.425802448883220552e-01 1.673696387173797540e-01
1.875000000000000000e+00 6.395877490995817427e-02 1.041125651681502375e-02 7.870479280176655157e-02 2.740067729115650552e-01 3.858081545147540870e-01 3.018779409728879551e-02 2.931272466863200574e-02 1.977414669003106987e-02 5.334500884844108892e-01 3.120599561316828030e-01 1.950828933416033292e-02 3.853037049518335810e-01 5.574552523229320267e-01 1.631266951677596277e-01 8.064460823349915708e-02 1.332057140085945446e-01 4.769893904507818000e-02 6.071748223574731373e-02 5.114320348111101033e-01 9.647002021732692043e-03
1.890625000000000000e+00 1.710157446432039596e-02 3.144596870204669492e-01 2.530522029836870107e-02 3.040827494312773327e-01 2.190870269791291292e-01 1.426342187972502173e-01 6.826463681422939578e-02 1.874209304518774100e-01 2.908837252336495260e-01 4.505064448183191961e-01 1.612139372487169167e-02 6.916959746963083355e-02 2.354410887860294843e-01 2.317289777747884860e-01 8.609644889780872223e-02 2.421673646417151771e-01 2.675044038282550218e-01 9.067131965234656588e-02 9.641493381811694352e-02 4.483221984415534933e-02
1.906250000000000000e+00 8.060716342920937194e-03 1.380952410636693550e-01 4.759378443102044165e-02 3.314130438356646113e-01 1.964005068586213432e-01 1.522338802517292644e-01 1.505987648702842956e-02 3.104271586610077294e-01 2.668918088337093875e-01 2.622827296781674034e-01 5.358288159339398560e-02 2.520083452591049406e-02 3.802157369082978522e-02 4.514082163582677776e-01 7.378306461274918016e-02 3.385787679873417666e-01 2.660452600499138009e-01 5.260188408523736731e-02 1.500946296957755000e-01 1.461837865655447599e-01
1.921875000000000000e+00 1.898451171845754251e-02 1.396383949936655768e-03 2.392761839119923913e-03 1.637429256799438626e-01 2.141728700003552033e-01 1.206516332085076117e-02 1.258741612478929406e-02 2.486656171444902030e-01 5.672791431094073022e-01 1.242593550903215160e-01 1.447172169467327019e-01 1.677507890285243330e-01 2.012057493669901220e-01 4.495029846890331027e-01 1.145289181378905952e-01 1.101174194778933857e-01 2.174633990845992737e-01 1.703652279458922059e-01 4.092721602241515266e-01 2.673582417765014707e-01
1.937500000000000000e+00 1.887526001494051475e-01 1.403260919245869764e-01 1.116302221074474410e-01 1.451663935918645343e-01 2.355570758380449992e-01 1.261318927839325255e-01 8.759181381489290763e-02 4.658644843983192341e-02 3.774063096468961431e-01 1.627741258419373449e-01 1.719410381562722079e-01 6.118626977852581472e-02 9.861653300040082448e-02 3.898933975585717748e-01 3.239979906025591827e-02 1.625578620882528469e-01 3.857002191088385046e-02 1.607368545314785957e-01 2.567506205730908375e-01 2.183649317789743138e-01
1.953125000000000000e+00 1.182896964523647565e-01 4.154870821392283586e-01 5.439926142371204892e-02 2.772529834087811285e-01 1.698411805652166040e-01 4.844726717634145752e-02 5.978986381472843614e-02 8.839296897984983206e-03 4.664616118869363004e-01 9.754167099142230235e-02 1.900846711422728985e-01 1.194491211016850823e-01 8.823853836251872862e-03 1.180855352878919656e-01 7.736922414123451053e-03 7.533489517365327126e-02 7.167538025306921523e-02 1.517881520009107255e-01 1.146580182637420703e-01 1.136617916088244334e-01
1.968750000000000000e+00 4.023185008519153394e-01 1.042060212755034632e-01 1.102411334319353398e-01 3.580317175233173055e-01 1.274814895859799901e-01 1.336421211189583180e-01 1.344878149324094663e-01 5.951592861863321503e-03 4.688982526268543616e-01 2.078338797741677985e-02 9.449141599821372917e-02 8.330748315192952266e-03 1.546450118211687430e-01 1.058700258236782987e-01 3.451972792807297876e-03 5.185899882840996206e-02 1.376802305269547999e-01 1.674250076585678260e-01 3.317466980688329407e-03 9.952102565340101292e-02
1.984375000000000000e+00 4.496056687457871126e-01 1.340065773756890510e-02 1.090983112644371283e-01 7.796663206124820888e-02 2.673608141341718425e-01 2.213878071793122515e-01 1.543691619263225789e-01 1.587230467391221797e-02 3.438909596189527323e-02 2.811143735904108598e-01 1.475813061558142181e-01 3.710268755686101875e-03 4.107028200800265094e-01 1.101024178581319762e-01 2.688439476730022579e-02 1.669260849992170934e-02 2.120702384705085430e-01 2.639381497803660048e-01 4.651584872618622080e-02 4.998978255554599459e-02
2.000000000000000000e+00 2.334420418960470728e-02 2.506289156937777964e-03 1.619490088026015184e-01 7.323829325140028823e-01 7.204661859602397300e-02 4.240960332788758502e-01 1.024970571952917714e-01 2.092452023350854784e-02 2.887769546077571803e-02 1.671444386628648804e-01 4.528202739259646822e-03 1.827122440045277378e-03 7.661077348267393283e-01 1.393126192668806829e-01 1.226163283142594623e-01 1.328476429050459984e-01 1.410383478289848891e-01 9.090724633522453968e-02 6.979761335835442393e-02 4.161103921213214069e-02
