0.000000000000000000e+00 4.817798172556532199e-01 2.755989662657793923e-02 2.002500345337038246e-02 9.631691231094803574e-02 6.079123135002456775e-03 5.921170614621118489e-02 1.271427879496999855e-03 2.446623342080575872e-02 1.632356504717897075e-02 1.379614485749871555e-01 3.404284407352084485e-02 5.399918350256265043e-02 1.411746958949213759e-01 7.842775602889585917e-02 5.547445210079399169e-01 7.585592529066474687e-02 6.888784305667841612e-02 4.491157524685191198e-04 4.717792206753931294e-01 1.400665629619170516e-01
1.562500000000000000e-02 3.441888157172328655e-01 3.538256228967238438e-03 1.085879662483119346e-01 6.581317358021984698e-02 1.438101923231800520e-02 3.830964945541137645e-01 2.565583146046027663e-01 6.888903391105680174e-02 3.735675361566555552e-01 5.032534600228021071e-02 1.446610950796877182e-01 7.738168396531809601e-02 1.007103037117919181e-01 5.228534370702998119e-02 2.142878867510691066e-01 9.683173620047388908e-02 6.972107404232331940e-02 3.844793765169446931e-01 3.078715138686941577e-01 2.652978461167162516e-01
3.125000000000000000e-02 9.629954163700953085e-02 8.472370066306515735e-02 2.787834632654767608e-01 4.518060055052760399e-02 1.171871407650664637e-01 8.746064183421009552e-02 3.927372580947652986e-02 1.959248946611212919e-02 3.777182050640864319e-01 4.433884663908077561e-02 2.033221133503277864e-02 2.840974286480455607e-02 5.482280375238002268e-02 6.297606236781289057e-01 3.582964690439333078e-01 1.762899804797359582e-01 4.213421848937754649e-02 3.490940987949420204e-01 2.602745083379703894e-01 4.510908469613412325e-02
4.687500000000000000e-02 3.357673716101765987e-02 1.359942312399174289e-03 2.210897943947698341e-01 5.502027807259937675e-02 8.906915596261172352e-02 9.524849991380764103e-02 4.143047038303284552e-02 1.070770880819322257e-01 2.054813416484422284e-01 9.953343281561048694e-02 6.640949500310160125e-02 6.636763359910957671e-02 1.699216697118874353e-02 2.065073560272908670e-01 8.438299596510989709e-02 4.232044307434512653e-02 3.109850781051261004e-01 4.178613047265424263e-01 4.901623917900502225e-02 3.764324834620554755e-02
6.250000000000000000e-02 2.144389371150491330e-01 3.264702307318381735e-02 2.091493328790883233e-02 2.699238887251624863e-01 2.278135161182877066e-01 8.347561908316621093e-02 1.592235185759213467e-01 5.980490612264514894e-02 1.654042084359213516e-01 8.806657602447439878e-03 1.056263379290793281e-01 1.456369189737052039e-01 1.240998936163652533e-01 7.278754742912189879e-02 1.200500797274205306e-01 1.508103169124287435e-01 4.299685464494617526e-01 3.769314323976619835e-02 1.755722639785098904e-01 2.020425387826273525e-02
7.812500000000000000e-02 5.439482643598472222e-01 9.789761811847461082e-02 8.276981141138724241e-02 2.376039559758430786e-01 1.858905552579860343e-01 2.491063059796779222e-01 3.897142882144448706e-01 4.179599040899532186e-02 3.574306964517423579e-02 1.973164102295551781e-01 1.401759533909146260e-01 2.670676064956713572e-02 4.965952441278343593e-02 2.440931066820704876e-01 3.689726177582761668e-01 5.284127512170961466e-02 2.042914895396834643e-02 1.461616080926792238e-01 3.387176543911429860e-01 1.566079934462880907e-01
9.375000000000000000e-02 3.903300303862026338e-02 2.453110946098997491e-01 1.789783598886433014e-01 1.080342597693609817e-02 1.530299230525401510e-01 2.596917049129254251e-01 7.146649517589757916e-02 9.217866786516765165e-02 2.194670839469790857e-02 8.088775833790386866e-03 4.105647836479137114e-02 1.218282709165985772e-01 4.337023462043933936e-02 1.521850961672598437e-02 1.333775235381629287e-01 4.239626470685158022e-02 3.812481504398184118e-01 6.530496184606603659e-03 3.095287333692799403e-01 1.050335666090412706e-01
1.093750000000000000e-01 2.241418919041294200e-01 1.304396022505296786e-02 1.473797203855936253e-02 9.269130431949386406e-02 2.531342048127364075e-01 1.779966102090950741e-01 1.032434190821146375e-01 2.017181996273289812e-01 3.809659051235590038e-02 5.097288377999772968e-02 1.575435809775721507e-01 3.910367887116720786e-01 4.097747033318750037e-02 6.042378857859592722e-02 1.808384258057390004e-01 5.953892440653208579e-02 1.124003121185998266e-01 2.054950547006491601e-01 1.149711157876158185e-01 2.744073206206724680e-01
1.250000000000000000e-01 2.038126537754927636e-01 1.327817454282974319e-04 1.852856111432651387e-01 1.862716840932985563e-01 3.702642249865789048e-01 6.474482314231391755e-02 2.876657665525974572e-01 1.175450371757220253e-01 1.642280673337307983e-01 1.697742889736541805e-01 2.866400262299428556e-03 3.515738272180568558e-01 9.388095137839744253e-02 1.105154437412263074e-01 3.634211333101288188e-01 6.795237780485541279e-02 3.965247218945864294e-01 2.657182101283186645e-02 1.124230359838882670e-01 3.358134909720122963e-01
1.406250000000000000e-01 2.164250562708096640e-02 7.939028828620235678e-02 7.936192441274025899e-02 3.086526761059383839e-01 1.743739609239681743e-01 1.927900347316942320e-02 9.478613875130853517e-02 1.530513330851274167e-01 1.283158831724400678e-02 1.478702532840229025e-02 5.986446181470161942e-02 2.037967896208865148e-01 8.755840266470284183e-03 1.205771994138803149e-01 9.430808061446291357e-02 3.348971590142194726e-02 1.895646168393063935e-01 3.067651753939419357e-01 1.282540414286142960e-01 1.205229739829121877e-01
1.562500000000000000e-01 8.976384641969439859e-02 3.117533190952080924e-01 3.649131550810440494e-01 3.210813750393514687e-01 4.762310641372301950e-02 2.010449232688580334e-01 1.018787899197033109e-01 8.338610459092495042e-02 4.367236839645672886e-01 9.997439511408688639e-02 2.997201821697740090e-02 1.976735554318075419e-02 1.162407949106748356e-01 3.170608081038395754e-01 1.349890162680567052e-01 1.846810484507513117e-01 1.579608460479667575e-01 4.925433539886465151e-01 1.945905554142429161e-01 1.542528359524979187e-01
1.718750000000000000e-01 1.277209806491218062e-02 8.042030646015987938e-02 8.093867186383620071e-02 1.095856648264129513e-01 2.269796009004798609e-02 4.542432574421950697e-02 2.525289067338801902e-02 1.007007042322540513e-01 7.851014211838175383e-02 1.790028125872112907e-01 7.646737907025892567e-02 1.038856559624595950e-02 5.149023272363065923e-02 5.332008792813475173e-01 1.106159086464075375e-01 9.827322863513783535e-02 1.545782942692584816e-01 2.861155939430528594e-01 2.841121657934560923e-02 2.805867249771575866e-01
1.875000000000000000e-01 1.271982591936260121e-01 3.572886777723027762e-01 7.468519365725015957e-01 3.987983214926822395e-01 5.686046905572488264e-01 1.682951143976050001e-01 1.733613164297853615e-01 1.941571806580174794e-02 5.318494775974075273e-01 1.552379221116856611e-01 4.106716740214571004e-01 7.249771877186093894e-02 2.213476210918454423e-01 2.646748103174745986e-02 7.547799200007948572e-02 1.723821831817716199e-01 7.090240501712509191e-01 8.346320387054384504e-01 5.718126166157041501e-01 4.818778153525984931e-02
2.031250000000000000e-01 2.138091824309714395e-01 3.502065423240417474e-01 8.336185954795229947e-01 5.457279637035251652e-01 7.798819610791506429e-01 4.575769427973137571e-01 5.542415764415574708e-01 1.210693294134055666e-02 8.055689003473808230e-01 4.911256798520143296e-01 4.810310098120572087e-01 1.022527198148637101e-01 2.966822251398236188e-01 1.140484114041597358e-01 2.534155734153957229e-01 6.082854677793095854e-01 8.126683509843285469e-01 8.215227824326593042e-01 6.860426494369797901e-01 3.535259991007461133e-01
2.187500000000000000e-01 1.749999594000424818e-01 3.202951975589048150e-02 4.640511425968873449e-01 2.785993970981448520e-01 5.266513589131325418e-02 1.619505064372029832e-02 1.520967754741693601e-01 8.142419593615167484e-02 4.131443516584019926e-02 8.866592199859485435e-02 1.125384808547436749e-01 9.310907013639382890e-02 2.131108035201650930e-01 6.478084148011023502e-02 9.954672378170770219e-02 1.404480316346129742e-01 1.932229909679457069e-01 1.093987246805521035e-01 5.986795141642367590e-02 2.675302724805982413e-01
2.343750000000000000e-01 1.938213568752209306e-02 4.588710043683629225e-01 2.258550844365957988e-01 2.339781152785534168e-01 2.145539084363916327e-02 4.295188791560065888e-03 3.936961566063418294e-02 8.420314951906628098e-03 8.592594451136616185e-02 1.767936477562727371e-01 4.655618149461560051e-02 1.044551835011640339e-01 4.413713790164783962e-02 6.515221347445937505e-01 4.389703828075137149e-01 3.080384429373846378e-01 2.310986403800095457e-01 2.983718214520614254e-01 2.237129023807903905e-01 1.840889935493950080e-02
2.500000000000000000e-01 3.242062996688710452e-02 1.114476306569974345e-01 9.423962234355964807e-02 1.255160888002260500e-01 9.376753075726376729e-02 2.053914747055216594e-01 2.179413504767100385e-01 3.748410575045064280e-02 4.520929514869503341e-01 3.702668634044279511e-02 1.877514415749906573e-01 1.386748506148664239e-01 2.716928330076557457e-02 6.805796733062059733e-02 8.769391771332883667e-02 3.318732262005728573e-01 3.700078310794493314e-02 5.578159654506319176e-02 1.463009566897294222e-01 1.975957660791886339e-01
2.656250000000000000e-01 1.016439595461727241e-01 2.619089300908454196e-02 1.848211578641824060e-01 1.302471838266709703e-01 3.227525014376833590e-01 6.582222800080939074e-02 1.289398369872112038e-01 2.219358532368750914e-01 1.423121320524186328e-01 1.067024252688816982e-01 2.276579470412934680e-01 4.989551319770928473e-01 1.670240427396924368e-02 8.346201396732315370e-02 1.225938786133009550e-01 9.686461598183364330e-02 4.908427983660252139e-03 2.680371451757647058e-02 2.313016084977426445e-01 1.113332768117414051e-01
2.812500000000000000e-01 1.249482103917623904e-01 2.541302319510746130e-02 3.622977738299529987e-02 2.143775377530561244e-01 1.589290347685610449e-01 3.562918620912432915e-02 6.456767353007150101e-01 2.262500870039102219e-01 1.038687581727989195e-01 7.086479815554230788e-02 2.208806409212329680e-01 4.078663508462906928e-01 1.736087540883121672e-02 2.564649323529836766e-01 3.249792799026918200e-02 1.119600557994259865e-01 3.058344423572867954e-01 1.328653423170560732e-01 3.877164619013949431e-02 7.153349681343287858e-02
2.968750000000000000e-01 7.906738144857554385e-02 2.524638647621781917e-01 2.730618048896765737e-01 4.068342222235102335e-02 1.021393788728771623e-01 4.129462229939181439e-01 9.495610973000156996e-02 4.108334469306089143e-01 5.346184426036341975e-02 3.757419370918492485e-02 6.672225744916854273e-01 4.062443253394595333e-01 2.933759530592030748e-02 5.143412739230074707e-03 2.264709765622007799e-03 2.020899193440835462e-01 4.756451723155829397e-02 5.112177621605580313e-01 5.260061590329934839e-02 3.463939694476837750e-02
3.125000000000000000e-01 7.889719109070571224e-02 1.588920646884284804e-01 1.075520698045960150e-01 1.197887300435521857e-01 9.678735738306035175e-02 5.880046114708994270e-02 6.191597587635723487e-02 2.704670462478785953e-01 3.023872421205660299e-02 4.209821501034716196e-02 1.520061105947897451e-01 4.323117269534145768e-01 7.198253631804425734e-02 9.387590428591763292e-02 2.945619615223344367e-01 1.019105509598405152e-01 1.446025873358242064e-01 1.955235777347247850e-01 1.043103711659890270e-01 2.376690920438267185e-01
3.281250000000000000e-01 2.539943213492866780e-01 1.326520117907870749e-02 6.901009557707964148e-02 2.734682997321703501e-01 2.593881985284294811e-01 1.477087256074099408e-01 2.086808314626646677e-01 1.370738181155755908e-01 1.856942069687374519e-01 1.263064113781853792e-01 5.845344202901568698e-02 3.924693513362984554e-01 5.399184450949176539e-02 3.713961268406248961e-02 9.122921443326867386e-02 4.548371344573463870e-02 8.540739446735083618e-02 1.465342233730449473e-01 2.234348345188870780e-02 2.978863479988123064e-01
3.437500000000000000e-01 1.982588755393484628e-02 7.550012443960683363e-03 8.437749786991563528e-03 3.629432721712581161e-02 1.083373414803044943e-01 2.293799149743782489e-02 3.209752366105825261e-01 1.449546620424142784e-01 1.973614681824080730e-01 3.759615606511941543e-02 1.378464535933782986e-01 2.598411893355831448e-01 5.561295469662465990e-02 7.461956691455400026e-02 1.931259549011591914e-01 6.704965505404425485e-02 2.201604086278306088e-02 2.049440703008885770e-02 6.577288536272710151e-02 3.752300018173318485e-01
3.593750000000000000e-01 2.111060046558327005e-02 1.923845878869888393e-01 1.364958634614211741e-01 1.087582575868768636e-01 3.948919705719550893e-03 1.058603853086781815e-01 2.248677177469239619e-01 6.721886451813008367e-02 4.302152122047368521e-01 1.032625912523811584e-01 9.382059286866839543e-02 1.027669825451113794e-01 1.459751711212152470e-01 4.425716145268203672e-01 1.623077934556986790e-01 8.750359345293688695e-02 8.834209806137600929e-02 1.151670682762760967e-01 2.043829839663828529e-02 1.171415240942327296e-01
3.750000000000000000e-01 5.524706585547246168e-02 1.688677544384354356e-01 3.714609116114793441e-02 9.620151739773105670e-02 3.820247756546566592e-02 3.147398316402842677e-02 1.130740903399304748e-01 1.754930591510738339e-02 1.927748459976344475e-02 6.442740746342724700e-02 2.996345898597886359e-01 1.660067855836653561e-01 2.616046241854859747e-02 5.113229527003331221e-01 3.379731164901794149e-01 1.951992120951482057e-01 1.146689648168919551e-01 2.141705871823705865e-01 1.342389046575423114e-02 2.561608701937989063e-01
3.906250000000000000e-01 4.545632139804915012e-02 1.139639630433932627e-01 7.983989378308123386e-02 1.281988862353288239e-01 3.698997518786854566e-01 1.184013787033311449e-01 2.498267731044187187e-02 9.834048019954622077e-02 1.480221841763761925e-01 1.613585507397135022e-01 9.554161436936409180e-02 3.007174785637323211e-01 1.334183132214152578e-01 1.250850728195954109e-01 2.900229908119487249e-02 1.832476516907255437e-01 1.553627302583172887e-01 5.790688895569879972e-03 1.280180224529873234e-01 1.060084266808376530e-01
4.062500000000000000e-01 1.935738916492213968e-01 1.231155659132146356e-02 7.241706597725545980e-02 1.080279543235648371e-01 1.867393531765552950e-01 6.476367803187178807e-02 3.458612715243797146e-03 1.260899167977691804e-01 4.476224900319759892e-02 7.866327137029639760e-02 2.836114463146138243e-01 9.969955688402477867e-02 9.384334395647854488e-02 1.589010473936662837e-01 4.484960190754034848e-01 7.800630991398915803e-02 1.211192267736877076e-01 4.928239802486251292e-02 1.910772071060361232e-01 3.156822709939476751e-02
4.218750000000000000e-01 4.439641612866521148e-02 4.996303916219863722e-02 1.110316868111543009e-01 1.648627901737234891e-01 8.392074334901034049e-02 7.457620928402437788e-02 8.608548909871036048e-02 5.721726682155464649e-02 4.026176110596189212e-02 7.600816657769438045e-02 7.284285616782718367e-03 8.322719126764906161e-02 1.164518981291000864e-02 4.205262055288212508e-01 1.537950580169871184e-01 2.391874587631087450e-03 3.667262981279401091e-01 5.281117515826541653e-02 8.301891456579442441e-02 1.514679716149568978e-01
4.375000000000000000e-01 9.973979403594251947e-02 2.171041803725212438e-01 2.186180202845364184e-01 4.301645709657749284e-01 2.466095009905648269e-02 1.762591637291667512e-01 1.977969576212898761e-01 1.017085442079110336e-02 3.418536564261435706e-01 4.734257603910391188e-02 5.657312239089232891e-02 4.425309880146303596e-03 1.181472345960476039e-01 5.586409999182065933e-01 1.502964210505827181e-01 1.962928229429451166e-01 1.752553239690899101e-01 3.336998137601318026e-01 2.529992602477068586e-01 1.780430863947156384e-01
4.531250000000000000e-01 3.269330498405306762e-02 1.038297700764372888e-01 1.445374851937143712e-01 2.707092609728429800e-01 9.547107876429204720e-02 1.358930107540280152e-01 2.278840855106517571e-01 9.743812300855210495e-02 2.767918363633360412e-01 7.446802401731641985e-02 4.372309444860420502e-01 2.806038439844256160e-01 7.008223953878559009e-02 3.560101466344298138e-02 9.446634896982651630e-02 1.566598948369601896e-01 1.386096005922432262e-01 1.293250332768411670e-01 1.260147435643093616e-01 3.695795773540046514e-01
4.687500000000000000e-01 2.185170736461765351e-01 7.407307826887737923e-02 3.598312795873890857e-01 3.060970334965975037e-01 3.811878860519754553e-01 8.854682109364164777e-02 4.490912887457391145e-01 1.109263113693686464e-01 2.693728440534119417e-01 8.476023637141975875e-02 9.838920959765526386e-02 2.392428093831706071e-01 1.534240394639875028e-02 1.201198783460588788e-02 2.198747673536882996e-01 2.569886690597539824e-01 3.845798315503971554e-01 3.967601157950745999e-02 4.253002492863049155e-02 2.817718243103154996e-01
4.843750000000000000e-01 3.249455463181661896e-01 1.708993088997412882e-02 7.003050216409131279e-01 3.065428805410238752e-02 1.506702583398194240e-01 6.540595463944902377e-02 6.020560307441480408e-01 1.690192618930572155e-01 4.889934055054813433e-02 2.980111987302480059e-01 8.308768285875808846e-02 1.619231857758356152e-01 5.721303937212073032e-02 1.925822111636441292e-01 1.854067682010728524e-01 1.396833219813942706e-01 7.030927607807115065e-02 3.655353527374239353e-01 4.056116242433250862e-01 1.376439688413364504e-01
5.000000000000000000e-01 2.916119461309809799e-03 3.214949272718965745e-02 2.688662826569996334e-01 3.433422442510584982e-02 9.375312361204289624e-02 1.620976144668320740e-01 2.019828514473201719e-01 3.468556536594671891e-01 2.112545295483215721e-02 6.568730040071109333e-02 1.260995060399413004e-01 2.001114102133230155e-01 6.313095798643734990e-02 2.606331388591639694e-03 1.578199727095083368e-02 3.960103025321967153e-03 3.490343753760998674e-02 3.619602178036831486e-01 9.961171115200422033e-02 4.033034431141634818e-02
5.156250000000000000e-01 3.650351966385985691e-01 6.002501729782180190e-02 2.922002806490250348e-01 5.123433381023474037e-02 2.121812177191749749e-01 8.327812424602020619e-03 1.256928701841431191e-02 1.515776093641557076e-01 3.941162430179236814e-02 2.623339756769895170e-01 3.305591778302300731e-03 1.803528617893897790e-01 2.205482203537475344e-02 1.797084920455346568e-01 3.030151872286931947e-01 1.834819348711482223e-01 3.984276603754515200e-01 1.783278563593841126e-01 1.643376229072536776e-01 1.668751875478744484e-01
5.312500000000000000e-01 2.307629032455134621e-01 7.246817092916386406e-03 1.919438713866832846e-01 3.632846839906982983e-01 3.521698653856649708e-01 3.128470970264885659e-02 9.354419243663619765e-02 1.062690753829993034e-01 2.849163352893219203e-01 7.692259606953880113e-02 1.822555959899072042e-01 2.014271525111273609e-01 1.339952282877500921e-02 7.849792584931876774e-03 3.632917514140227705e-02 3.070111327477433316e-01 1.208404597440079914e-01 1.462926540718644669e-02 1.173295043837470769e-01 2.351425786021655306e-01
5.468750000000000000e-01 2.072137099749188013e-02 1.804652168888613573e-01 6.024489249097857158e-02 3.473084112770716270e-01 1.948259842151424115e-01 3.421968317450863745e-02 1.488393983070926130e-01 7.401321592694570795e-02 2.756256943659529113e-01 5.942274652485311781e-02 3.403921999489452621e-01 9.436994490215089293e-02 3.174635954397215382e-02 3.826756829336640936e-02 2.305366207896869524e-01 7.567459223295595894e-02 1.084456074054891556e-01 1.017112729332225740e-01 2.085266576461398610e-02 5.706872765215051935e-01
5.625000000000000000e-01 8.963448415027888694e-02 3.863523994114897997e-02 1.110361789552673402e-02 2.892956370437211322e-01 1.937239456950192937e-02 4.815255811330437785e-02 5.711822099730016200e-01 9.943735140602677491e-03 3.435402072089929759e-01 8.681903268454412015e-02 1.308167659149199191e-01 2.306033597802245247e-02 9.574557483170237360e-02 5.986427911529743628e-01 1.643289307508985775e-01 1.388742421008542782e-01 5.341679742450070045e-02 2.295670799499509307e-01 3.922337667609767653e-01 4.693476126905303525e-02
5.781250000000000000e-01 5.765432859129313026e-02 1.132829121204882369e-02 1.344112013130321004e-03 8.689008206661760769e-02 1.467639857657304092e-01 1.495429600087199717e-01 2.238219931344914149e-01 2.710854030570446910e-02 3.585383558675319521e-02 1.786583564266127078e-01 2.159713390311402137e-01 2.509055977347129929e-01 1.211912686373051162e-03 4.364124198133140786e-01 5.416162960610892974e-01 1.131814482447671272e-01 3.120189317591736122e-01 1.009467059904958497e-01 2.991766027390178051e-01 2.264080834376392404e-01
5.937500000000000000e-01 1.581771445901363760e-01 2.855595081214837294e-02 1.701654178307341336e-01 1.372437931858471183e-01 2.349173096531263494e-01 1.052232860993739111e-01 4.390103049445433919e-02 1.570602317006248860e-01 9.428934334371855130e-02 2.027897027736359423e-02 1.863780166068732813e-01 1.991744587009916245e-01 3.348192060732926856e-02 1.354308142845281060e-01 3.279382820796328951e-02 1.597507291537520746e-01 5.833179052589169272e-02 8.821058206975710553e-03 3.064962617860909622e-01 5.458702584314079932e-03
6.093750000000000000e-01 2.741211408974992408e-02 3.844483510711976804e-02 3.865399822120496598e-01 7.717424610883827363e-02 1.597737412772610444e-01 1.482153335493131829e-01 4.996468611475274324e-02 1.047960229164810048e-01 8.727914184554233512e-02 1.315619620863640038e-01 3.070405028213881171e-01 2.192984908807367461e-01 1.208846528558233796e-01 1.440307621368158431e-01 3.371279543545502300e-01 1.090277093135235270e-01 1.171417278351774144e-01 4.857064380966660821e-02 2.477287864624969915e-01 8.237214344794914489e-02
6.250000000000000000e-01 6.987992391926366176e-02 5.124386401897870064e-02 5.290667961748182768e-02 3.461969209736569242e-02 5.508902480010318542e-02 1.603043926341325143e-01 2.386876811233481777e-01 5.742918411778677457e-02 3.176766367911273981e-02 3.635410192485239583e-02 7.546195803616639886e-02 1.707737727857658594e-01 1.338840757468989437e-02 5.115186087108831714e-01 7.170198109408294773e-02 7.085773624494394463e-02 2.402227537332466412e-01 6.197037269107427172e-03 9.188339059106347129e-02 1.752391987969755260e-01
6.406250000000000000e-01 5.064041601714708990e-02 2.019928630411051487e-02 8.983050870301094448e-02 1.004623086242641683e-01 4.416465179719915313e-02 1.343916055233860922e-02 3.397735652701113218e-01 1.134504684656050845e-02 4.800252563017285978e-01 1.517249201004685910e-01 1.347682449138118688e-01 3.896608256617547367e-02 1.376440121532299110e-01 4.652752822606311400e-01 1.062504728924817121e-01 1.095690080362994590e-01 4.007217068596649612e-02 1.520714341370398293e-01 9.962969788213794919e-02 1.054142280687359046e-01
6.562500000000000000e-01 3.988417484785291081e-03 4.696038595720466308e-02 1.476667376933217257e-01 3.397398743263906756e-02 1.544699902438364525e-01 1.034211263854893474e-02 1.474845170736090727e-01 1.211089680368214044e-01 2.767412535233190751e-01 1.872304811667907520e-02 3.269577402910665564e-01 2.282664857305651551e-01 2.988726278436788092e-02 6.998115659385756304e-02 1.577560984589672713e-02 1.268232250044813193e-02 1.574856069156500837e-01 1.078743857268266854e-01 2.865529113415178977e-02 6.128985192355087541e-01
6.718750000000000000e-01 1.980445834239102920e-01 3.763897639691385355e-02 1.654702990913031746e-02 2.992798615157177822e-01 3.999375295376658701e-01 2.452743882851843582e-01 4.545791822366943014e-01 1.432045485592244594e-01 8.447155431194891539e-02 1.193077845486015115e-01 1.063715649725791718e-01 2.266171117600191132e-01 6.039964503793234657e-02 3.590413636221372745e-02 3.986969117545725583e-01 1.395046687662396812e-01 2.441849472220113115e-01 2.451704880878715492e-02 1.554355350542310499e-01 4.252996410416337580e-01
6.875000000000000000e-01 4.001131338139693461e-02 2.836340109636184895e-02 7.357318329318766892e-02 1.434230057186578478e-01 3.358422298095384284e-01 1.846658858780348550e-02 4.493302121241133928e-01 2.352314357419362234e-01 3.069786516701018819e-02 5.005226647828181497e-02 1.547735566136887730e-01 1.771249590825196563e-01 4.952023889859431122e-02 9.357721635004773164e-02 4.327438364264524218e-01 1.479290502797518114e-01 2.576616772987623816e-01 3.547389011397497627e-01 5.320342418468086976e-01 1.637236297926111528e-01
7.031250000000000000e-01 1.060313537477007989e-01 1.450247703722564729e-01 1.617922020654836701e-01 4.086912504914395894e-02 1.371924209740459921e-01 1.195520544332897006e-01 1.797267762705113681e-01 2.610837360812237606e-01 7.123924242340806678e-02 5.563450186542667764e-02 3.805642172495526249e-02 3.212886974691140929e-01 3.277406634739908620e-02 3.820092302266311132e-03 3.807802458911564020e-02 4.215101031929271991e-01 1.429568680776872602e-01 2.778639788807925615e-01 4.072215720179283016e-01 8.551423225729738991e-04
7.187500000000000000e-01 1.929106234089148775e-01 1.094706920008203495e-03 3.614133964677401778e-01 1.214816807237606155e-01 1.376348030431673863e-01 1.059787611562010116e-02 7.846545746285392420e-02 4.191328549114581303e-02 8.180223422110646792e-02 8.552868547989930792e-02 9.763722179205883492e-04 3.829478301381413763e-01 1.126040255607752873e-02 2.416111926302930701e-01 1.331560660422722586e-01 2.883004266776173496e-01 1.661494656524121205e-01 4.394507391602021917e-02 2.021589579405676067e-03 5.783216970256293415e-02
7.343750000000000000e-01 1.485290970012744238e-01 2.491704597109826655e-02 1.272935159421228757e-01 1.086588350568576389e-01 2.092645567841682763e-01 4.588782841377516721e-03 5.947469933269106807e-02 7.091078180842858014e-02 1.453938038551299827e-01 1.114693134332163521e-01 5.610250164328942774e-02 2.520745691010382039e-01 4.987026641921236264e-02 4.245714457816276294e-02 2.497209683342976536e-02 4.327062911989915106e-01 1.020713831624559809e-01 1.412972132239684597e-01 3.885857852024487968e-01 2.431560153252752543e-01
7.500000000000000000e-01 2.051354195614040615e-02 1.148211416306058885e-01 1.973157845403374633e-01 1.554840448025470723e-01 4.337350330879389398e-02 2.095292237260092394e-01 9.295110121759287206e-03 3.383695685078269566e-02 2.918782947572574615e-01 4.449091657859571836e-02 3.064597806674243530e-01 2.085572186258113081e-01 2.191894358350641656e-02 7.995343649424331567e-02 9.289593304056663337e-02 3.188404349913760427e-01 1.199264914972089785e-01 5.895271792836528912e-02 7.663437663254223098e-02 5.874213349742439805e-01
7.656250000000000000e-01 3.411619655172608290e-02 3.082167882071542575e-01 1.298893368796549541e-01 1.977211984911259601e-01 5.614391151367224830e-02 2.212080441128566610e-01 1.627328304789717739e-01 5.915596174104996441e-03 2.162896510249242565e-01 2.013807603308653549e-01 4.071095585024881447e-01 5.550537601619297268e-02 5.501923935969465357e-02 6.569515430190933092e-01 2.563624452522530461e-01 3.619297968697319373e-02 1.584278289923900518e-01 2.434842987831544459e-01 2.294513623040964068e-01 3.473303940690516262e-02
7.812500000000000000e-01 6.086823616938479009e-02 2.399201091061148317e-03 1.053932365342142713e-01 1.581111244681325523e-01 1.829260532728144983e-01 2.188684129886907248e-01 2.562602040166674366e-01 6.981561703998237500e-02 8.669448779093255619e-02 6.692383880817685815e-02 1.565966658196738803e-01 1.444420454908378615e-01 4.189281893687612189e-03 3.574237576421281370e-01 5.112554429207617490e-01 1.008686250229395495e-02 2.048704870466673544e-01 1.943135772229694636e-01 2.675674311402110872e-01 3.258489230841420392e-01
7.968750000000000000e-01 3.917625682687653210e-02 9.862469813478162012e-03 1.237895042584445243e-01 2.398683462151946499e-01 1.777993828157795331e-01 7.507519394669402452e-04 5.952378833235488081e-02 1.966240041724804377e-01 2.092396857277394606e-01 9.598115869710020787e-02 1.451565446095697820e-01 1.264325313571343645e-01 2.063392726990111864e-02 3.582502980206288545e-01 7.885327912165986108e-02 1.957932294191882250e-01 7.894666495818401797e-02 2.813875082946576747e-02 6.984776701632100515e-02 2.291531559082157429e-02
8.125000000000000000e-01 7.113358145175488478e-02 1.440800800816355587e-01 2.483919243386160935e-01 1.616114778216502790e-01 1.020337270322417833e-01 2.851000558417822739e-01 1.264546266038027444e-01 1.044960161159778772e-01 3.451045589059871244e-01 2.794048367498837976e-02 2.135658485646563798e-01 2.010486538041416082e-01 3.951784425055593353e-02 2.008381110267882241e-01 3.840322494956790456e-01 1.681372505648221632e-02 2.473759894342937304e-01 1.015726022297060898e-03 1.337823911827940304e-01 1.264264934234465149e-02
8.281250000000000000e-01 3.005108408151424895e-02 9.374849408502120354e-03 1.572241960710155095e-01 2.734069930233701262e-01 1.148545624580178844e-02 4.442431362762039315e-02 9.010301959667246785e-02 6.295896859069365081e-02 5.379797025101433483e-02 1.923182850113096531e-01 2.144632426497983524e-01 1.497578524120865284e-01 9.712258185463043883e-03 5.926596638736505440e-01 8.171938133797507220e-02 5.407589353033389473e-02 7.619289360364436825e-02 1.002776444958697506e-02 2.126137094388961656e-03 1.521932712230862350e-01
8.437500000000000000e-01 8.105670724142094441e-02 2.021400228319198134e-01 5.377833740095964293e-02 2.743840296685280400e-01 1.165134517250872165e-01 9.362692936531093191e-02 1.974484942882638039e-01 2.136941075581539999e-03 3.832823247685584467e-01 6.628090633232527895e-02 2.109513562305818934e-01 3.169222682982691854e-03 3.692590147733967182e-02 3.060881862760554406e-01 1.113245403667457722e-01 1.113033073746117763e-01 5.556961672165459942e-02 7.065551049128523942e-02 2.068116329450037372e-01 2.063845597804525589e-01
8.593750000000000000e-01 2.430380281330889874e-02 2.734591062298950132e-02 3.836137156765568879e-01 2.661589030131905620e-01 4.053555509670363488e-01 9.745965180778304315e-03 1.017872579572150042e-02 1.037873519442559511e-01 6.524818337029118093e-03 1.100788472399763691e-02 3.699804608300337194e-01 2.805428813999722992e-01 8.961344839248007454e-03 1.245393010611646895e-01 2.887762046087792578e-02 1.185362993033762524e-01 5.544652264894584653e-02 1.064745085826518736e-02 2.700466729779087971e-01 4.341052342509225115e-01
8.750000000000000000e-01 2.696443760888232455e-01 5.002398810130368606e-02 1.026007020143512721e-01 1.023453545717969565e-01 3.148947202542529689e-01 3.332777805619067113e-01 4.205272482618928054e-01 1.853804149649855570e-01 1.717585655756728724e-01 2.635734605862203872e-01 9.473074368560888137e-02 1.402944589446111501e-01 5.083998133603369329e-02 1.260333449441712328e-01 2.032698745065519286e-01 2.761198848454837207e-01 2.538333461267796021e-01 4.883462081872780997e-02 1.569390332080424499e-01 4.626350247327322696e-01
8.906250000000000000e-01 1.497868134725215128e-01 1.043484694425710242e-02 9.945175177334530936e-02 4.291683006244298437e-02 2.057957632940040915e-01 1.041342905024841836e-01 2.050956769661749779e-01 2.734345835879258835e-01 1.254654823463402513e-01 2.767037685130606384e-02 6.699763649004619737e-02 3.029115230765248579e-01 1.506899460264325870e-02 4.505450989017902030e-02 2.525986576410838014e-01 1.015695750116896584e-01 5.935459632852761735e-02 2.536110708451884688e-01 1.334679271825176816e-01 3.341585911225135597e-01
9.062500000000000000e-01 7.079884952567200296e-02 8.983935956364287601e-02 1.174979497518086474e-01 7.213234682612566957e-03 3.741269613063320787e-02 6.173005548295593808e-02 3.349621273474289330e-03 1.668886761878626002e-01 3.874532643623196382e-04 2.505036562790865715e-02 6.314102099361133813e-02 3.258906166599247478e-01 3.289762136316247421e-02 1.869538495430553976e-02 5.181778287952408524e-02 3.491961827731348000e-01 4.087698549650425200e-02 7.313584503971012896e-02 3.145715454464998451e-01 3.896873860078230861e-02
9.218750000000000000e-01 3.379388642066643023e-01 1.848389723825012709e-02 8.462599209418929236e-02 2.470652853882464306e-01 1.894310267791086411e-01 5.673836165275187443e-02 1.671498667346318356e-01 8.230272490393340801e-03 7.491257322086974924e-02 3.736423132720702034e-01 2.081446052363961075e-02 2.170385426964086539e-01 7.969707887433148674e-02 2.290039959889608179e-01 7.586759242370709477e-02 1.627233174258938264e-01 2.091390182307520385e-01 8.152122575535629412e-02 2.073058051754944342e-01 1.238808495768576046e-01
9.375000000000000000e-01 1.364709109838199153e-01 4.052015880299883075e-04 5.509210352166861446e-02 2.239285157844694008e-01 3.009309011898937958e-01 3.116896401435995459e-02 8.344438599824444483e-03 4.128614374112505453e-02 1.316915055322985528e-01 5.429742387267616835e-03 1.594620204075418712e-01 3.757820908914861757e-01 2.057008817687886598e-02 1.142475303680530324e-01 4.445958659011165631e-02 8.851270196541559387e-02 2.904492490339771749e-02 2.329378095795792136e-01 3.895682192028395163e-01 2.235356382948379961e-01
9.531250000000000000e-01 4.045705172508976682e-02 2.405369654240213650e-02 1.134329218245753168e-01 7.179559398496918043e-02 7.635209438061625609e-02 2.003934483567631764e-01 3.919338418384514799e-01 3.288397022055573188e-02 3.177968046514653144e-01 1.405302361786143484e-01 4.843883126576657983e-01 1.682753323623709107e-01 4.692567111156862453e-02 1.864496379326065767e-01 9.451594450174848061e-02 2.522905396701289812e-02 3.107364599438356551e-02 2.489153112580204941e-01 1.279393581465705816e-02 9.804560270873573236e-02
9.687500000000000000e-01 1.253638679366756714e-01 8.505285986799802911e-02 1.579715028700653945e-01 7.129727295597808323e-02 1.110681885405724462e-01 4.585424658757508015e-02 2.970602952848696576e-01 1.545902702748970688e-02 1.233111224559667873e-01 9.487739717239163095e-02 3.710582118977372446e-01 1.905857512474425364e-01 2.723717667071194962e-02 6.437141140013009633e-01 1.500271252870905569e-01 1.600791705714342192e-02 1.612269437222673962e-01 9.859388303770984241e-02 6.038618171032626020e-02 3.099330664322721626e-02
9.843750000000000000e-01 4.852045831076771260e-02 1.074521994944166448e-02 2.117626179598693648e-01 3.945735204787929884e-02 1.839964935986502029e-02 2.135208500125499453e-01 1.971805283505518591e-01 1.001126023175018531e-01 4.594994931716928077e-01 1.226933264561784476e-02 1.122383579541298138e-01 2.376650225458344368e-01 2.629223459323442105e-02 2.679640703426050541e-01 4.072563600158760067e-01 6.644913752372474947e-02 1.326620347129138233e-01 1.573119709479113837e-01 9.995042382878166487e-02 2.088944270763107014e-01
1.000000000000000000e+00 1.617221799242976321e-01 1.412599006519595036e-03 3.991455975723275373e-01 1.232841962203612418e-01 1.216480201952724188e-01 5.505140449936750391e-02 7.273962089314106594e-02 2.142081441539916697e-01 8.138899681361566607e-02 2.338871328743170885e-02 1.864757143568880060e-01 1.144363170683425218e-01 2.797304404262833388e-02 6.746983694405611631e-01 8.873240266511273067e-02 1.478426379673536128e-01 2.550501853296123222e-01 1.093016129414154380e-01 1.152559518595784593e-01 8.433830869446837242e-03
1.015625000000000000e+00 3.324958187414530503e-02 1.612226658339671326e-01 6.761884915924233630e-02 4.556206698495539331e-02 4.097419482827245607e-02 3.890682764976196584e-01 1.105303858732015893e-01 1.174724739544132229e-01 1.988826821148675095e-01 1.583449206007654306e-02 3.067945063966277461e-02 1.886675513206876320e-01 1.583177015059465675e-02 2.626273227689074341e-01 5.326216727151281694e-01 1.874790384708837909e-01 1.661254997646097187e-01 4.978540485442865815e-02 2.617726154003613970e-01 1.197470540479811038e-02
1.031250000000000000e+00 1.094250748970557047e-01 2.570792144421550629e-02 9.311972279787651685e-02 2.577519928117965042e-01 4.968190304148030478e-02 3.747607923522159462e-02 2.963051432294543097e-02 4.628083545300211432e-02 2.141607989186079808e-02 8.194181163726617367e-02 3.406307329622425550e-01 1.203812375027462772e-01 2.270028374903380886e-02 6.717166095091262612e-01 2.994513684771455408e-01 5.029538081975828967e-02 2.495542974026662697e-01 1.512244190375255579e-02 9.773439785544918434e-02 2.454815755060320639e-02
1.046875000000000000e+00 5.307128184593169068e-02 4.160066489158026175e-03 2.156554216917284383e-01 2.742464518784064609e-01 6.624464602129372104e-02 2.934585104367828587e-02 8.702374758010865408e-02 7.655232230303132129e-03 2.998822828601875323e-01 1.057524284364377842e-01 1.953147741444508645e-01 6.426616252676936245e-03 1.573789485227387180e-02 1.855115656322726125e-01 8.568407255543378231e-02 2.205118041860909817e-01 8.556187743891312258e-02 1.298767007779879634e-01 3.508399530214955653e-01 7.692781319350663893e-02
1.062500000000000000e+00 1.166717944451292760e-01 8.402387505827198580e-03 2.464321352806224941e-01 3.857269754309210485e-01 1.923869804272615447e-01 1.228218413913517021e-02 1.046734849715429544e-01 6.506837547017024770e-02 1.161333823633147466e-01 5.310525473859704915e-02 8.844524244706965244e-02 5.933872875179053985e-02 9.642854627105200416e-03 1.119824735714179537e-01 1.518092419432004979e-02 1.038455554205619247e-01 4.565049322683549515e-02 3.523809146224356897e-02 2.253807013535614745e-01 1.607340221605892960e-01
1.078125000000000000e+00 3.520911952535285550e-01 1.123889874260027288e-01 4.313854829385437295e-01 2.440103287037735658e-01 9.484958789522665579e-02 2.105576265374644873e-01 2.750986704851695053e-01 1.504219943580759888e-01 2.603513085401876759e-01 4.920092859203535895e-01 1.101202985154960956e-01 6.875542616675206498e-02 3.864333734440384555e-02 2.319283714211785585e-01 8.067365974165507936e-02 1.272212363266756463e-01 2.960968547604473922e-01 1.477630725995466021e-01 3.307707872768219683e-03 3.683800511272200540e-01
1.093750000000000000e+00 4.865535364433624249e-02 1.665225298108553575e-01 8.047281221750436642e-02 3.216544724879924098e-04 1.150993128145124944e-01 2.202205214330359984e-01 1.647686377701751692e-01 2.227600952086372099e-01 2.820984496997656563e-02 1.289633272376516948e-04 6.258776551603778548e-02 1.738876707669733124e-01 3.805899861710210913e-02 1.407032868741873652e-02 2.970598928376412887e-02 4.698147257575808339e-02 4.827853436350165034e-02 4.674806576678028347e-01 2.049178628677237324e-01 3.365528181174111122e-01
1.109375000000000000e+00 2.058289669556596091e-01 4.296004323927399976e-02 4.553220119786938747e-01 4.801314787571663023e-02 1.269423865662303585e-01 2.264462061373498925e-01 9.859715299850278780e-02 9.218862432213642544e-02 5.616373682838257664e-02 3.822358819088253479e-02 1.684290871868471540e-01 1.755533948495573426e-01 5.562317244092440660e-02 4.337970715232994379e-02 2.711318429811923614e-01 7.335132235385007082e-02 1.267911374585308226e-01 6.643768398552248045e-02 2.094062704293636057e-01 3.018992983652343254e-01
1.125000000000000000e+00 2.768588603389143254e-01 1.312455551568483987e-02 2.953160053962042841e-01 9.614644091018552385e-02 3.162547635428581971e-01 7.028517398423291505e-03 2.608023102388895564e-01 7.478155050722401324e-03 2.034786077969643059e-01 1.491386924366155387e-01 3.005329699958749975e-02 2.271865999585801765e-01 6.170775193289192162e-02 1.290121771737632317e-01 1.218639359908966768e-01 2.188533119773093116e-01 2.594189131486714928e-01 2.179181303080307205e-02 1.392987283514150187e-01 2.116512587905064746e-01
1.140625000000000000e+00 3.676509259704242166e-02 6.328716871352832452e-02 1.734937428357544442e-01 2.959862853088848778e-01 3.301402837625758147e-01 5.659785388407209683e-02 1.920864270699374210e-01 2.503920006104214113e-02 2.603674169180727332e-02 1.023458672995536216e-02 3.694203081202362404e-01 3.585844801941953097e-01 1.211577721186518977e-02 1.353449709183417726e-01 3.940856090141264811e-02 5.076735468863216583e-02 1.439631025815935605e-01 8.292855434883207588e-02 3.206235870163795521e-01 2.074625158091757404e-01
1.156250000000000000e+00 7.576322702709073487e-02 2.003982221224149818e-01 1.719146533135456900e-01 2.399443834487991201e-01 3.796059143345408005e-02 1.392308257566170493e-01 5.946802516750101519e-01 2.384562782851426185e-02 4.753443504782606799e-01 3.485831081244410851e-02 3.258095359188198370e-01 4.369786284905398388e-02 9.854452451235339028e-02 3.405992647493814030e-01 1.727961166267039106e-01 2.759287722823578481e-01 4.441282195064968213e-02 1.467196503817621289e-01 4.642180421278489788e-02 4.573524337860238737e-02
1.171875000000000000e+00 4.981321572562346506e-02 1.557203245500198008e-01 4.696285566085574986e-02 2.085115344129509218e-01 4.986063332065938242e-02 2.190569046003155128e-03 5.083029757890114020e-01 1.085732508262600600e-02 1.090204122186797520e-01 3.503513681587873130e-01 3.750709874801875232e-01 4.441460458560773233e-02 1.411011313041903720e-02 6.202056823959667398e-01 9.191141473615143526e-03 8.349340405187253775e-03 1.607854521628952482e-01 3.582141213404639868e-01 1.994393036066781921e-01 2.645531429924119493e-02
1.187500000000000000e+00 5.885154172335088640e-02 2.836363427875707513e-02 6.841418651212845259e-02 9.371545276773150801e-02 2.250970632146348793e-01 2.256797473495729123e-01 8.832585060331512791e-03 1.422358264425171159e-01 1.784225037844387185e-01 3.113123308167636480e-02 4.024536988085310185e-03 1.033795494208626931e-01 8.009082924331571707e-02 1.943889954677023857e-01 3.405040925518696970e-01 7.079781921969023617e-02 2.849946590073373365e-01 7.988426882458228573e-02 8.980915325724581066e-02 3.394449295421807580e-03
1.203125000000000000e+00 1.472364192271911204e-02 8.526321846064444749e-04 1.123628637277364339e-01 2.843470933782537569e-01 6.470401329995291440e-02 4.994084368906347160e-02 7.430084871753510518e-03 1.982806409274033566e-01 7.069288653287976454e-02 1.606964984647244743e-01 1.452119670494345094e-01 1.061557472123431517e-01 4.663636240877849087e-02 3.660167938326655546e-01 1.237175192440943122e-01 1.340739601671412651e-01 1.019937971552285078e-01 4.172102282804066031e-02 3.645429420011798705e-01 2.317039742705135144e-02
1.218750000000000000e+00 6.853719980850715709e-02 6.912355060753576363e-02 5.303036446365601980e-02 9.223721504211414290e-02 2.141092214296906604e-01 2.525873680558393675e-01 1.058432502043312462e-01 1.118013260878751441e-01 2.712814871739558931e-01 3.921994351487557984e-02 6.791677393250866723e-02 2.512191589911506595e-01 1.418748096517484167e-02 3.266363889892051620e-01 6.173560208502284485e-01 8.580032327441809714e-02 2.774859302630176550e-01 1.689248287335465559e-01 4.035450752200261948e-01 1.205269730000412265e-01
1.234375000000000000e+00 4.583042409019522784e-02 1.885225243242830695e-01 1.761185538200065251e-02 1.914642671446999123e-01 9.249137683704701518e-03 1.287306531316441127e-01 3.233770748023527819e-01 4.699299239324021549e-02 2.568239750453144565e-01 1.986291359258140210e-01 9.941443672885638683e-02 1.193720238284573104e-01 6.623253886213968655e-02 6.738424582626291182e-01 4.137341860179800102e-01 4.998229027685458653e-02 1.655224270308636447e-01 7.142954648723981448e-02 6.944329320912046022e-02 4.661059897381143735e-03
1.250000000000000000e+00 8.888413683053932382e-03 2.203262952902728389e-01 1.838320783757936006e-01 8.286452321246969011e-02 7.620180580396244963e-02 9.445275583917113471e-02 2.632507218678968863e-01 1.132263645064879830e-02 4.391468272736999134e-01 4.240384664978021773e-02 1.485529131830110594e-01 6.468217017229566101e-02 6.214973934133879996e-02 8.608832217034720347e-02 8.384885221235488517e-02 2.186176657307168092e-01 1.037594283152432489e-01 2.933530491463291062e-02 9.249702811566923311e-02 4.700001190778352322e-02
1.265625000000000000e+00 1.701104073973814801e-01 2.399748439117634427e-02 3.766054507036752791e-02 1.249271899607261455e-01 2.327277977163968170e-01 7.973568477741016514e-02 3.346998183237277491e-01 5.250602544007375305e-02 1.187170670223545166e-01 6.665883306093842164e-02 4.044479995981016818e-01 1.773815433579411238e-01 1.488419477507020756e-02 6.450958024310950167e-02 9.328816208557565506e-03 8.191489927850667541e-02 2.492077190456749858e-01 2.387976173528272295e-02 2.652555885845081507e-01 6.156736886869387804e-02
1.281250000000000000e+00 1.992751238887393583e-01 5.242127582786897805e-02 6.815938554160276552e-02 1.085483564752507540e-01 1.444746084169547529e-01 8.391029965998214601e-02 7.502731720452752995e-02 1.270492420745598372e-01 3.743307086065450484e-02 1.412207519981303894e-01 2.542948460786800813e-02 1.515399220257433732e-01 7.760986547869411223e-02 2.322084308702617728e-01 3.579388934883016848e-02 1.238068953102144758e-02 2.454769971870859324e-01 1.789652991356680545e-01 2.699075604532099604e-01 1.908383829813226906e-01
1.296875000000000000e+00 1.379115098698455444e-01 1.842971185886230490e-01 3.864419709803812997e-01 1.572042550656134463e-02 1.934867005405218887e-01 2.792668239914682382e-01 3.450782169012632794e-01 1.820743105597938394e-01 1.300252160441742189e-01 4.730142186459454501e-02 9.671247499483096380e-03 3.285366032722779606e-01 6.137079869404862137e-02 3.510119753414343412e-03 4.104919817969600315e-02 7.546393667319861720e-02 5.257711307658404637e-02 5.176109228886831559e-01 1.797282069122163040e-01 1.271797479407812438e-02
1.312500000000000000e+00 5.219519758266498444e-02 1.611644074923651304e-01 1.024711373999795394e-01 1.156753397902066660e-01 9.712013383458581450e-02 2.802751086425080418e-01 2.513810957145246050e-01 5.348813086266605149e-02 1.141646617478551951e-01 7.731376704148527901e-02 1.469303381002325937e-01 2.695469332675821672e-01 2.379708340500683028e-02 1.009701586157153025e-01 3.149777012432576906e-01 1.067309486953589986e-01 2.921464174865383012e-01 5.248781038611301242e-02 3.023401197252827965e-01 4.667436373556988483e-01
1.328125000000000000e+00 2.564734131017243346e-01 5.588376649727779671e-02 4.720643083654903482e-01 2.958144684629417931e-01 2.455724200202593632e-01 2.788110777825682576e-02 5.609073180737486064e-01 6.890932727986060109e-03 1.784650985381079913e-01 1.780735421058853574e-01 3.382239837294256923e-02 3.293528483252236017e-01 1.331817569451048712e-02 4.090176623545357937e-02 3.827631786435996553e-01 1.614461849314741126e-01 3.946405123234039136e-01 5.086089382092864181e-02 7.473251426128339758e-02 4.950648915569033082e-01
1.343750000000000000e+00 1.713631856965748546e-02 3.572326654627865777e-02 3.179487157167391054e-01 1.139704743024021194e-01 1.751929491647463144e-01 1.236658809684401533e-01 4.993616094351474577e-01 2.889163112165784794e-02 2.392462571988500375e-01 7.955128733311422548e-03 3.418569511610565215e-01 3.687262481938985426e-01 6.004384859844272802e-03 6.615023105640527312e-02 6.713400677559819285e-02 1.657470041633885005e-01 1.230738848410715541e-01 6.664706502266048993e-02 9.299741431682408133e-02 3.296089780053630403e-01
1.359375000000000000e+00 4.875633608617948450e-02 6.632358167431723350e-02 4.905766521084736764e-02 1.209222256642135951e-01 4.171912241364942632e-03 4.343579477613808693e-01 4.983849257304630576e-01 7.525120634637686746e-03 4.972294653544916954e-01 1.207798529820440780e-01 2.250758988399625959e-01 2.059008648730913660e-01 7.903770827797246268e-02 4.753722189332149628e-01 1.466084931734817076e-01 1.231694968371710164e-01 9.366482699770532772e-02 7.752145126773490880e-02 1.042220486820683856e-01 1.582125865256945041e-01
1.375000000000000000e+00 5.172877823861540131e-02 2.762765587712657789e-01 1.015060487847690707e-01 7.333797818582375727e-02 1.592578518334952786e-01 6.559310927118414125e-02 8.517006477499319828e-02 3.544767093027682142e-02 2.645486785406622049e-02 9.849252495809635022e-02 3.197480169041775344e-01 1.859941216608173853e-01 1.361585082965180958e-03 5.242751587906000488e-01 1.941145182022529364e-02 1.268366911228071235e-02 3.007453805300896454e-01 1.851502795651845668e-01 2.207157254758475295e-01 1.108894544120682807e-01
1.390625000000000000e+00 2.187275282425414982e-02 1.424006018844437178e-02 8.922274706242093022e-04 9.634155003318106703e-02 2.969543326281470774e-01 8.117039593004284070e-02 8.330668421908397903e-02 1.806632720371541823e-01 2.255647101908914709e-01 1.063649863278871288e-01 5.020333385999620202e-02 1.069074025583410664e-01 4.236808061289718680e-02 1.403440228244487997e-01 3.128499769037050293e-01 1.120214957843479985e-02 1.344621243012220912e-01 4.802134744310523201e-02 8.983217999214976324e-02 4.435483801870181847e-03
1.406250000000000000e+00 1.699516250362835268e-01 1.055628856421734173e-03 9.346009786691790444e-02 1.259913228240496508e-01 1.285589612173272389e-01 5.863854520972399537e-02 2.393405059151014133e-02 1.664817639526278148e-01 6.720205489041203295e-02 3.578661057467327072e-02 1.072636973393559096e-01 1.148456049907994325e-01 9.302520241039405335e-02 1.489525547695836893e-01 3.649028697870293492e-02 1.032623431257703034e-01 1.381415061512393516e-01 5.776146658431041692e-02 1.171169570775574403e-01 4.136859508062145502e-02
1.421875000000000000e+00 5.857070481211534840e-02 1.296175318832620271e-01 1.426312356919108848e-01 8.511814423605604252e-02 1.444009184927884104e-01 1.716451734922525563e-01 8.331874151953692909e-02 1.072648259357628087e-01 2.731995454558822090e-02 1.916039398457420329e-01 8.295977746194857505e-02 1.783962799880145222e-01 1.195328736770223492e-02 4.192464277244523640e-01 5.506489553205016207e-01 2.897572678911045641e-01 2.605843900183191231e-01 1.309568689424362165e-01 1.926117651276162690e-01 2.850490738278740332e-01
1.437500000000000000e+00 8.319789314856097795e-02 6.849449902388031475e-02 5.281938746486251890e-02 2.644404084807213118e-01 1.609936160117595577e-02 1.378943383549513235e-01 5.681951558955288251e-01 3.272777384212833401e-02 4.033582355055769231e-01 2.470686656807256562e-02 1.194619913230686725e-01 1.233550444645954286e-01 1.219827493966589016e-01 5.708879744224815145e-01 2.528167716919925700e-01 1.975127934139229990e-02 7.656743003817047255e-02 2.552536196149206987e-02 7.286253650298583559e-03 1.902447532221262019e-02
1.453125000000000000e+00 1.521450154083254375e-02 1.349382768100493568e-01 3.298174022933265115e-01 2.838154427803755153e-01 1.600413365671591592e-01 1.501297740309430750e-01 1.834547676443546993e-01 1.882162697105138963e-02 4.867089025053802920e-01 4.392464463337270031e-02 1.024404264944379639e-01 1.398675178556881837e-01 7.468796624389346939e-02 3.424684094354566583e-02 2.309934122190633599e-01 3.552809315620101410e-02 7.228107413777215551e-02 6.253775353200512199e-02 1.168121338662652803e-01 4.707766042758999014e-01
1.468750000000000000e+00 2.320628469341361189e-01 3.917557534728435126e-02 1.851153270784249294e-01 3.433226615596908227e-01 3.463160668253620900e-01 1.284752365519311601e-01 6.145209606685964054e-02 5.650953035287922116e-02 2.394759344326366779e-01 1.264346472214814832e-01 2.910859084819722997e-01 1.705602916092557875e-01 5.951656829032390961e-02 6.643338931486410942e-03 2.452404027414274365e-02 1.399207820688015969e-01 2.951050934478377519e-01 1.301869793161606302e-02 1.089203578662570476e-01 7.757568626570605919e-02
1.484375000000000000e+00 3.481271867967179467e-01 2.508597616362409286e-02 3.053441159128496979e-02 4.535669022120140947e-02 1.630681544152115803e-01 1.568590859340212307e-01 9.998319599867130925e-02 1.327627206528002590e-01 1.602071579956902692e-01 4.746936883818541619e-01 1.234981676516696929e-02 1.555039217923882833e-01 6.015657120151667037e-02 1.891862468423947119e-01 2.106852284014664733e-01 3.599799861227853670e-01 3.926981569773235203e-01 1.994891616711581550e-01 3.705205833361787660e-01 2.353414642808858773e-02
1.500000000000000000e+00 6.186164478934816358e-03 2.359307539148512711e-02 1.862555879803387826e-01 3.222609833696798987e-02 1.452576738610144580e-01 1.557491291186497429e-01 8.047656660659531502e-02 1.651105620224286863e-01 2.065514617310897916e-01 3.206129426566783902e-02 4.631686723843895792e-01 2.873851366270960273e-01 2.585954713141807096e-02 3.522003173405657134e-03 3.139307694026906292e-02 2.411724192773744280e-01 3.731640590003387770e-02 2.150749020586613103e-01 8.948702907984497357e-02 3.091797066290436651e-04
1.515625000000000000e+00 2.885519132467723735e-01 4.899564208481733962e-02 1.708365856039185254e-02 2.356809854600676324e-02 5.710933437297052023e-02 1.473415051446325674e-01 2.298269778360937932e-01 2.778428337804124404e-02 1.572648965909914653e-02 3.755986639759764101e-01 1.496317742543572249e-01 1.090217929506639150e-01 1.854970230987060481e-03 1.846897313406211383e-01 1.771596118157583721e-01 1.765223276348567016e-01 1.269874817005649248e-01 3.956208674531146163e-02 8.818276518277726184e-02 3.237662481652576196e-01
1.531250000000000000e+00 2.143114507362417764e-01 4.642342255102334392e-02 1.102008038263157033e-02 3.001474723623121510e-01 2.378850359750014076e-01 3.941479016258872536e-02 3.551227370721898868e-01 9.263446561738495830e-03 3.006957626392888216e-01 4.278443884786520268e-02 1.559454487864312955e-01 3.528720923026821832e-01 5.087456651810672720e-02 7.516557474821889372e-03 2.807772041183199674e-01 4.134387188126179558e-01 2.563403252237245189e-01 7.779693119987995953e-02 4.691199691708117792e-01 4.042750141104169415e-01
1.546875000000000000e+00 1.846786817830327332e-02 1.086581993277423719e-01 2.683362861508867825e-01 3.881220311442021842e-01 1.480370104589656399e-01 1.396581755585003526e-01 2.097545972651520541e-01 3.165144972945055368e-02 2.092368156317466754e-01 2.513292821891812898e-02 5.133726977339793107e-01 3.188465056201871817e-01 2.217256119384737600e-02 2.857109321195398094e-02 1.773430787182935509e-01 6.163243015702088989e-01 2.111470387630740714e-02 6.568733126019805912e-02 5.581263325416811055e-02 4.754557984409825688e-01
1.562500000000000000e+00 9.046547905117872934e-02 7.068287575293782932e-02 1.000068259308060786e-01 2.701232435684000621e-01 1.946932063765433431e-03 1.732782163243281603e-01 3.359900564177600857e-01 1.369777711289412760e-03 2.582112091304494816e-01 7.453147729028027080e-02 1.356823098640520808e-01 2.306015682171881076e-01 9.014689264651984391e-02 5.740138064376616445e-01 1.845628209789362817e-01 5.287667820678729758e-01 1.356074875920941780e-01 2.312182206736493328e-01 6.495604650305762673e-02 1.273658016586986241e-01
1.578125000000000000e+00 4.079000188260775012e-02 9.596615115829035259e-02 1.036890812931561268e-01 1.063567537468790708e-01 1.811320538559136606e-01 1.867988194562694715e-01 2.207084100079291789e-01 7.449663863593845858e-02 2.222748903965507672e-01 2.858833152076768469e-01 2.722480594628130801e-02 1.540732093182358986e-01 3.150140900381121281e-03 4.056699145002765627e-01 4.297599118285591428e-03 2.681239425192763481e-02 2.391263483732078698e-01 2.308007174132991057e-01 3.400602996290266189e-01 2.285729552511997775e-01
1.593750000000000000e+00 1.537659423541095360e-01 2.219948069079966807e-03 1.493658824434546950e-01 1.708828090900683383e-01 2.872414087323847953e-01 1.102853092919902217e-01 2.922967720796445720e-02 2.143836837363043701e-01 2.548931119010910962e-01 9.515231453811410622e-04 5.351502833000414822e-02 1.402797387555303199e-01 1.780602863568020444e-02 1.592247693368291639e-01 3.637142682146207173e-01 1.275383989182450953e-03 2.535046300933164187e-01 1.407879523934937351e-02 1.050570601587452330e-01 3.024891773618309382e-02
1.609375000000000000e+00 3.612372310820893134e-02 1.542726094147603422e-02 1.601596535402385058e-01 9.787498746956499462e-02 1.140221796404261995e-01 2.053281042911041521e-01 5.834834232840914632e-03 1.460920307659028528e-01 1.929978110918068035e-01 1.732297556861351062e-01 8.040183890281976664e-02 1.402670925101000277e-01 2.492100497472286499e-02 1.341514472754684051e-01 3.296726724702141870e-03 1.537312498474827649e-01 3.021457693168828618e-01 8.846798888558508878e-02 8.151639503923038821e-02 2.758151144195278640e-02
1.625000000000000000e+00 7.566854992153830561e-02 2.452590213259869256e-01 1.290943303978546453e-01 7.964509650754696135e-02 1.190106009665279768e-01 7.587411116477954520e-02 6.026607207002802197e-02 9.245008151551101228e-02 5.950073246105348074e-02 8.417762172778822660e-02 1.894514949337670340e-01 1.025670103216167472e-01 9.363988143517890453e-03 5.354247335197577229e-01 3.104277954818214780e-01 1.699774138103097854e-01 1.922649900352007835e-01 2.364704972878439379e-02 9.744547739071035553e-02 2.153231233013580825e-01
1.640625000000000000e+00 3.752635733362508219e-02 8.147048009257243373e-02 4.480860398048559963e-03 9.917133459378195404e-02 3.985135304292466291e-02 3.238995263567522737e-02 3.374865291442390447e-01 1.225451735062656894e-02 3.122803348249209021e-01 1.429786222295948983e-01 3.709982310657614774e-02 9.468417329934093740e-02 8.905827808464759909e-02 4.627168835081269527e-01 1.926573524458616848e-01 6.242770480271164768e-02 9.958871618363542011e-02 4.782772117949706664e-03 6.253047827905990064e-02 1.478307577569530351e-01
1.656250000000000000e+00 1.510457993184022296e-02 2.111485332539886437e-03 3.739235402114222673e-01 3.577659548183961119e-02 2.381677213425735518e-01 3.451844893488145716e-02 3.039266817448212366e-01 2.639426177994962444e-02 8.304487096172590010e-02 1.278492239864231945e-02 2.219201148901020215e-01 1.577375146711847420e-01 1.202040395937941514e-02 6.709339818501870722e-02 2.600904229819949176e-01 1.203539422016081523e-01 1.975465237002237834e-02 8.409952520415002464e-02 3.564010434468489197e-01 4.183406752001825324e-01
1.671875000000000000e+00 2.321803650653417594e-01 2.834472213577441529e-02 2.527564398932910517e-01 1.977325967808970519e-01 2.761431658062805106e-01 1.020964270756249681e-01 8.486362267460094422e-02 6.022074237968523536e-02 4.300388830481431945e-01 2.438327071414450320e-01 1.019058457189606914e-01 3.076362623324360168e-01 5.353922373723545708e-02 4.559906990460327325e-02 1.606761516198427775e-01 1.470527117742400913e-01 3.423441071525167301e-01 2.171773771162267136e-02 4.900134021757742743e-03 1.284436479857894720e-01
1.687500000000000000e+00 8.970612024608534685e-02 1.264813923113416172e-01 5.371036059370639659e-01 1.020054146657839167e-01 1.671185721525408618e-01 2.800849647295777789e-01 5.458822077083964885e-02 1.268756837912930757e-01 1.281729215059309590e-01 1.157092980717370767e-01 2.600305999276158325e-02 1.879741556943344827e-01 8.181938833061671440e-03 1.145498155373888410e-01 2.054463692192659563e-01 9.937342276626393023e-02 6.839326291962764814e-02 1.802771651526746399e-01 1.242884549084402046e-01 1.009809315471861951e-01
1.703125000000000000e+00 4.797853554080361294e-02 1.630368872294918892e-01 6.464057524366971508e-02 2.411808175705476565e-02 1.355002691290064509e-01 1.102885011793730829e-01 6.367907482422895810e-03 1.384919293995692802e-01 1.542973074881352942e-02 2.601626258419182519e-02 5.583422524488190763e-01 1.793121089163008941e-01 1.434440337535433652e-02 5.537203619836456557e-03 1.853184575933220987e-02 3.972656901026263565e-01 2.700699935273466815e-02 3.551927660680187504e-01 7.005091003453919885e-02 1.260581961808830524e-02
1.718750000000000000e+00 1.679831212339839841e-01 5.159434211637592069e-03 3.995986106761426626e-01 1.024784471526292429e-01 3.229940136565050829e-02 4.382021867814638039e-02 5.200043595564336485e-01 1.655684312971946598e-02 2.487810173261213731e-01 1.692625402354082653e-01 7.331905032680709200e-02 2.183934015327720635e-01 5.325936454986087559e-02 2.412173088847830993e-01 1.933047887858645869e-02 1.102471773112405629e-01 4.012204876301262435e-01 3.622706414400705260e-02 3.032639202895555386e-02 8.034927056033319692e-02
1.734375000000000000e+00 1.434308347078995238e-01 2.158836415320998156e-04 3.894510311518756263e-02 5.511320293296771700e-02 2.104982989912825009e-01 2.340215914002188521e-02 1.022176030906904037e-01 1.397543388618647207e-02 3.470103680634593069e-01 1.452996166783980803e-01 2.263350349319306898e-01 3.771184103477425165e-01 6.071392035378192498e-02 6.101625099362936039e-02 1.586825994467029877e-01 9.209424067917705570e-02 1.605167869106360334e-01 1.165005243978958077e-01 4.824031341997076505e-01 1.512857468145943074e-01
1.750000000000000000e+00 1.755906798891561024e-02 1.536048454322750112e-01 9.520857110225507125e-02 8.445017335129866021e-02 6.675662120333905603e-02 7.978113599415488644e-02 4.634624330876481457e-02 2.914392192442548726e-02 3.603655060809982658e-01 3.187212633068587514e-02 3.095186478674131769e-01 1.366534675513323971e-01 5.285610071484160566e-02 7.846464789833210163e-02 9.302111687287049901e-02 2.781755591273448180e-01 5.005641943419993078e-03 6.827821322935229142e-02 8.933356786934110172e-02 4.612517925227632154e-01
1.765625000000000000e+00 2.384842604070854313e-02 2.359897995217289657e-01 5.387028642010071493e-04 1.143397171979965987e-01 5.541547431745465213e-02 3.103139679043629470e-03 6.081605147552013313e-02 6.942597194978172501e-03 1.629313026440768752e-01 2.277891963854357937e-01 9.088823281818488031e-02 1.153197073260013306e-01 7.101707759437268785e-02 6.461946992940982293e-01 3.307218612847072081e-01 1.375787720753436916e-01 1.359755305709518247e-01 3.325384011286915825e-02 7.555436632535626751e-02 8.991379381680468519e-02
1.781250000000000000e+00 6.459074290488943382e-02 3.984749939483177295e-02 9.959713064229723523e-02 9.060741874797537121e-02 1.596085548092274486e-01 3.401592829344226576e-01 1.704403825142386530e-01 1.053686148767860042e-01 1.652250172009524787e-01 8.555313618461524161e-02 4.041832261910065227e-03 9.970040156789275465e-02 2.746068902711258988e-03 3.122911162153296227e-01 6.210388482110374558e-02 1.513053276171242578e-01 2.289630923111216632e-01 4.177980837017280513e-01 3.591486796923455960e-01 1.913293582776952328e-01
1.796875000000000000e+00 3.342814336438317685e-02 3.365300525700676455e-03 5.554548940138304136e-01 2.353679146782351184e-01 2.301458906009400396e-01 7.222166265175776478e-02 2.629034961057312089e-02 2.708811035174523152e-01 4.773632749807550646e-02 1.158002105303475027e-01 8.411597637224970531e-03 1.667155550150864196e-01 5.360813371285028106e-02 3.699836949944300679e-01 3.174992207186237980e-01 4.136366430855005494e-02 3.971069672027409680e-01 5.717681333697207519e-03 5.369690379140675679e-02 4.691399892154456499e-04
1.812500000000000000e+00 6.859377573721728294e-02 7.636316234420742477e-02 3.253082707873958257e-01 1.181557546726958174e-01 7.906042028587291493e-02 3.031199926129142241e-01 2.853262141493764781e-02 1.404248339047636518e-01 5.884483212154189014e-01 7.025261794254260284e-02 4.415109167644416799e-02 1.714786719944248194e-01 3.030512055365218449e-02 1.814240454260103996e-01 5.344026561200725632e-03 7.405507229622820820e-02 2.078601770107083579e-01 4.335150547148085287e-02 3.470558905623941648e-01 1.019849248506008027e-01
1.828125000000000000e+00 3.044515997638782764e-02 9.569734873071454595e-02 1.701886483948622172e-02 2.659636847072108790e-01 2.028012292275036335e-02 1.759988041516757362e-01 2.646290904259558305e-02 6.150850141081915662e-02 5.015503406000487718e-03 3.197118268356064497e-01 8.822885112205741676e-02 9.567046091199471469e-02 1.051677631578973662e-02 6.247242700633790502e-01 2.505346316697405484e-01 1.465700853519583124e-01 2.354449819886264839e-01 1.612205998269589102e-01 1.577094705206741054e-01 1.470191889663967633e-01
1.843750000000000000e+00 7.010077500248608484e-02 2.428730828640413286e-01 2.292291091335879605e-02 3.150838796067274572e-01 7.387439964568889850e-02 1.769788358298863551e-01 1.448272592113674373e-01 8.220654764807820356e-03 4.450724628124579363e-01 6.191949535669334648e-02 2.963304414402556305e-02 1.697438837249915233e-01 5.064281623269781263e-02 3.421957254390858294e-01 1.818130788419201338e-01 2.824224351049900994e-01 8.256260786420484277e-02 7.819824175973526248e-02 6.471607243739418980e-02 2.738488945548130937e-01
1.859375000000000000e+00 2.754460405604173059e-02 5.895651261067830218e-02 9.041808187081988926e-03 3.251778885898777283e-01 2.886637984646032162e-01 1.437465777706084004e-02 1.588146605207341466e-01 2.677573413014994186e-02 9.589069628255961208e-02 5.767511983718567908e-05 3.843729039334728426e-01 3.686200303113086330e-01 6.369152935191701743e-04 1.316541086142314354e-01 1.206395586980320012e-01 3.674397328011705932e-01 7.120083871400752218e-02 7.693817752982562951e-03 3.880000191265038367e-01 1.872869354126125707e-01
1.875000000000000000e+00 2.611901792524802257e-01 2.086837592507084435e-02 1.953083336014866389e-01 6.928375716415403895e-02 2.426824697649182794e-01 7.380904216208572510e-02 3.409042100781166651e-01 4.795391162909935778e-02 9.901905789273776626e-02 2.569647413669208791e-01 1.314150493964594615e-02 2.831513335743113258e-01 3.543590845361276054e-02 1.412109741067641699e-01 3.106946903634192902e-01 2.316272276341885816e-01 2.880587120417688607e-01 2.226598384484532178e-02 4.964693890847389837e-03 1.356176269907690690e-01
1.890625000000000000e+00 1.819486796810223794e-01 6.237208463436860056e-02 2.186122346416770612e-01 4.057912112062853766e-02 1.083881813274523293e-01 2.557366568765521153e-01 6.787052106271823648e-02 1.021675195998270197e-01 6.663962839861464760e-02 5.066748526679022008e-02 2.243174009469190433e-01 1.867522447358967441e-01 2.388536167210600358e-02 5.256586669025900549e-02 9.911729198219582093e-02 9.111951405765846002e-02 1.509598997254617825e-01 5.679519227029694584e-02 4.630968213389657917e-02 1.490617438970073538e-01
1.906250000000000000e+00 3.828407904475727985e-02 1.393508435464383965e-01 4.510510693569955154e-01 1.377976210360316346e-03 6.053231073019814390e-02 1.997049758228896799e-01 3.308071147230958603e-02 1.026217200011031311e-01 2.903458680306937323e-01 9.949382078067203414e-03 4.981825208696769036e-01 2.138155320032195106e-01 3.813072499717979486e-02 2.048146504236941778e-02 4.011867839438406497e-02 2.682574779807074261e-01 1.660276888557181141e-01 1.921942853966394638e-01 2.483676104115738192e-02 1.987570387415065962e-02
1.921875000000000000e+00 3.173609128382515188e-01 4.339493788488858750e-02 1.892460637597981055e-01 1.764350253435797433e-01 7.606149804641089418e-02 6.222753909546829137e-02 5.572117992777472217e-01 2.460452082684715797e-02 2.248984485228802954e-01 4.788386803865323227e-01 1.707742088163162475e-02 2.272489893364347813e-01 7.733544535526537533e-02 2.251307662267602039e-01 1.107136483731365473e-01 1.247481372607252975e-01 3.697529024083793803e-01 2.468266149300904835e-02 4.321795243397819758e-02 6.068223167604271107e-02
1.937500000000000000e+00 1.051899603788096077e-01 3.478999103856176417e-02 1.632774081674402966e-01 2.443178251932440481e-01 2.181635320662100308e-01 6.636617249661492743e-05 2.252811483581063090e-02 2.057804820175359109e-02 2.840808595120453139e-03 3.785726696188889545e-02 4.214962933169643655e-01 3.301570568679103590e-01 5.243469661872854001e-03 1.295387000086267726e-01 1.745804195019669269e-01 1.047915506717001094e-01 2.164529398036741381e-01 1.675336341471611312e-01 5.091227894180370139e-01 9.130057410217257141e-02
1.953125000000000000e+00 4.994059478440582983e-02 6.498879566594443179e-03 5.035685532315897772e-02 1.445974125592741077e-01 5.479143556501898937e-02 2.734176273744727270e-01 1.276695273715925880e-02 1.960878486082683406e-02 5.240732169317140476e-01 8.584602330904456124e-02 6.155378782317322967e-02 1.982738497454133719e-01 5.976094315572052368e-02 2.001370898237478657e-01 8.737326466350071874e-02 1.212373615495022372e-01 8.970025738646016100e-02 2.260085031117712584e-01 7.491134239652273707e-02 2.145310038570524269e-01
1.968750000000000000e+00 7.858054982528590859e-02 5.630342561479226293e-02 2.627334355239047126e-02 7.821121509912745684e-02 1.056783928171714099e-01 9.463972368135559199e-02 1.677607736260113697e-02 2.504408289972800267e-02 2.486231236034108227e-01 1.320744900921697051e-01 3.622220627421559452e-02 2.561864128002940277e-01 3.159137014363516682e-02 6.591821498918979394e-01 3.929276465504805693e-01 1.967925485921528939e-01 8.394494073993126471e-02 7.781512114006931824e-02 7.309414310122561154e-02 4.824808008181149382e-02
1.984375000000000000e+00 4.038079402132372514e-02 8.610235497784179959e-02 1.122478631131386823e-01 6.995538649307049030e-03 1.344842317614196835e-02 3.782960989992104617e-01 1.302768051077880795e-01 1.306688838049998302e-01 2.577424999097532310e-01 3.475792854700604506e-02 2.988530854863901201e-02 1.514301878863484330e-01 2.639188264760818428e-02 2.415795023559384747e-01 4.399857968616818077e-02 1.748440899941037241e-01 3.425422980546626306e-01 1.769561229397325908e-01 2.755508079810634614e-01 8.407654166063707746e-02
2.000000000000000000e+00 2.011270185111952713e-01 6.268737970734642763e-03 2.162482123993221261e-01 7.021231498670030269e-02 2.043873515486076542e-01 6.774354562424632917e-04 5.879019109614473659e-02 3.143227681833871134e-01 7.715914035319850275e-03 1.114280705554691539e-03 4.750377818089885837e-03 1.979297405686455402e-01 2.675160452882402798e-02 6.445263032491020949e-01 9.363644722396007036e-02 1.547713214834036122e-01 1.682582375808090447e-01 4.070842090390815182e-02 2.093926975205103597e-02 5.723975770051049905e-02
