0.000000000000000000e+00 6.505503473772823453e-01 5.777427950916211134e-03 2.926173925846781501e-02 3.220224565717719201e-02 2.344887696948311272e-05 6.121869731681293079e-03 2.397324510425719035e-01 1.502508296570266057e-02 6.291465337115088874e-02 4.119562562888499924e-03 1.070561188722314316e-01 1.524210676832956357e-01 1.150537441473047651e-01 2.388735308781548827e-01 2.306254791765889045e-01 5.514670339525804769e-04 1.219065747457880461e-01 2.038499460909553862e-01 1.072753101063403519e-01 8.842688125472472627e-02
1.562500000000000000e-02 1.388467683286838950e-01 1.490904070298991468e-01 1.677668900917361483e-01 1.611125076891960217e-01 9.551695908104611710e-04 4.926632247605940429e-01 5.947175134723589607e-02 5.395632595763926939e-03 3.492355322939116324e-01 1.667597099355970502e-01 6.458560650835302661e-03 4.572797023616344270e-02 8.489093264713643006e-02 9.789657355260071581e-02 3.623846810221486702e-03 4.991647497676202083e-02 1.314054782425396785e-02 2.785072574928297573e-02 1.787768027971991039e-02 1.467215897974682992e-02
3.125000000000000000e-02 2.167199135870457594e-01 6.577352746190037736e-02 7.717285748285492020e-02 1.496218513818659002e-01 7.388780675217378191e-02 6.298007255045637853e-01 2.418767826247881780e-01 1.546084266783402106e-01 2.005586327491496179e-01 5.589965892784649615e-01 7.330746407093073624e-02 5.107136579347558436e-02 3.808903459221651411e-01 1.197335523066827417e-02 2.097541292300396099e-01 2.061546089528597525e-01 4.009934806617870134e-02 3.024013105117264941e-02 1.701005897477987083e-01 2.538460913578788336e-01
4.687500000000000000e-02 1.067739652224215796e-01 1.872704335806089082e-01 1.136593551146397041e-01 1.958676812231199826e-01 1.659737423800394795e-02 1.832916095786564503e-01 8.536995781192276145e-02 2.161917451177206850e-01 2.438246261076256471e-01 9.310900267953009513e-02 6.846473353141122736e-03 9.681402628668431265e-02 1.473964507612900710e-01 4.769059782132532843e-02 5.942170835912146537e-02 2.393995155327237057e-01 9.787531221517651800e-03 3.190128762253050150e-03 1.195591022980663082e-01 6.971472347183742257e-02
6.250000000000000000e-02 3.676732214866716419e-01 4.337521122437738019e-01 4.413831545251985511e-01 1.742610866141514336e-01 1.390733699278381974e-01 4.687945693040813239e-02 4.162434775628999772e-01 3.400594950368556191e-01 2.827758407435396193e-01 9.473199552408365087e-02 1.556779548014463332e-01 2.821411251000702225e-01 3.727897480367872024e-02 6.071748613878332618e-02 2.951718760874732887e-03 3.996267170904124200e-01 5.360527483959716399e-02 1.389493154140045150e-01 1.217710004922924749e-01 2.658489560548205066e-01
7.812500000000000000e-02 1.805541985183973241e-01 1.083125297139506948e-01 2.361549405204051710e-01 1.241889942743901881e-01 2.658942459512716322e-02 1.981156457521743991e-02 1.813118654309582023e-01 3.059333273617666493e-01 1.788337506429461266e-01 1.201019714026740765e-01 7.397546148829683976e-02 3.465397489144887710e-02 9.890125361922920411e-02 2.483940723072260159e-02 2.786598717563361638e-01 7.952067376490319639e-02 3.290889187746408595e-01 7.500573401216924230e-02 2.920747185712973051e-02 3.182754293027016679e-02
9.375000000000000000e-02 3.198950628591019224e-02 7.753100450075313399e-02 2.800261054814042749e-01 3.558855309001034833e-02 3.818429620032311872e-02 8.621943763629337509e-02 8.567823645854245884e-02 1.947191389956561686e-02 1.624699407723386446e-01 4.262460167806569195e-02 3.807509139648438540e-02 3.677519912022116366e-01 3.060397476040471743e-01 1.502346921559555015e-01 1.124107364447431701e-01 3.126682047331026393e-01 3.131729267854969634e-01 1.043978830009508890e-01 4.667080285381803306e-01 4.915838686374181948e-02
1.093750000000000000e-01 1.845550018866161102e-01 1.990823648656285250e-01 4.180561102548238650e-01 7.928596998037108767e-02 5.199681449510811654e-02 9.929676574898746444e-02 6.428590629518184107e-02 6.301767176406726512e-02 1.561815854643518742e-01 1.527961712017494589e-01 2.054015556520777108e-01 1.991484613722233413e-02 3.675725928800087083e-01 6.047042394469990395e-02 2.075401524612954240e-01 1.610629477108040108e-01 2.290318598583424698e-04 1.294626149021544936e-01 5.620733845965559805e-01 8.053567603177494427e-02
1.250000000000000000e-01 4.987685365691440498e-01 4.304868197311431666e-01 1.737466002359252248e-01 1.369130807171366482e-01 6.519257048226766160e-02 1.780553305273777000e-04 1.117640994146294614e-01 3.212889100345645010e-01 2.079141299057363779e-01 7.055436459337065258e-02 4.330211369043625580e-01 7.510064410616842934e-02 2.255290456350195205e-01 2.032868801083220073e-02 2.056298027368968218e-01 3.344575432388359193e-01 2.249287751521755405e-02 1.282137075912888335e-01 2.697997044108649822e-01 2.452231383980147950e-01
1.406250000000000000e-01 3.467249573971563636e-01 2.753985688197675419e-01 1.936521055750192177e-01 1.587024390110647609e-01 2.660853194971918648e-02 1.182916660105953893e-01 2.157710806114869484e-01 3.019673781170184590e-01 5.812736298695269505e-02 3.264898404260941356e-01 4.099310231196399146e-01 2.608143020478338459e-01 1.195713361594031299e-01 2.346200812260727242e-01 1.745868554355937616e-02 6.512742670984681403e-01 4.538307317086995307e-01 2.123226590359163224e-01 1.179414058505057067e-01 3.050579488380393903e-02
1.562500000000000000e-01 5.498402640808329467e-02 4.833038331162494566e-02 4.614470812840777009e-02 1.248741650689716987e-01 8.439154845189988929e-02 1.362800893507965794e-01 3.401174147059950886e-02 2.122362142967482990e-01 2.514248382721365194e-01 2.585507089960366600e-01 3.800441221256820740e-02 7.302595821028508294e-02 4.527477653039567451e-02 1.929680762024625629e-02 1.460268130115063012e-01 1.885120541009782224e-03 1.228825706299608855e-01 1.294409356766145110e-02 6.894709045456642871e-02 2.547079636006559511e-01
1.718750000000000000e-01 1.453561955250607480e-03 2.913364279537604129e-01 2.179739035096881772e-01 6.398063228880311593e-02 2.665666670979454089e-01 1.316219338328734612e-01 1.137776641481377284e-02 2.815281684326205180e-01 1.914959148719365400e-01 5.962654000323334980e-02 7.803848422751329117e-02 7.133514701807718017e-02 1.230420043271974878e-01 1.085282876329782126e-01 2.919118603934682254e-01 2.860132313302329865e-02 1.571925459327711272e-01 1.094591209013972589e-02 3.130135484193805051e-01 1.716518437253943818e-01
1.875000000000000000e-01 9.819038509784021596e-01 9.792875463708278216e-01 9.846483572597124478e-01 9.869259132936820667e-01 9.776796890866013001e-01 9.635542326749582109e-01 9.846091527273491684e-01 9.857188325936993012e-01 9.880016202336522335e-01 9.727580044750312460e-01 9.529826247275734463e-01 9.838217009687341141e-01 9.814373504356602718e-01 9.796719025773756861e-01 9.776673728742938385e-01 9.829321435812439223e-01 9.864635305157782863e-01 9.727990594743807229e-01 9.895874044286154803e-01 9.848356250736618467e-01
2.031250000000000000e-01 9.947363310294100591e-01 9.848818708099962294e-01 9.926069636202899948e-01 9.957791223693295279e-01 9.865819177396355499e-01 9.870121303274498326e-01 9.939409641932490658e-01 9.930802334063560943e-01 9.910383224364591737e-01 9.882506438490402667e-01 9.851698920405104198e-01 9.935681317196687345e-01 9.955563045930319044e-01 9.929352493024559134e-01 9.913998579295382196e-01 9.941013617687146642e-01 9.953424060841988830e-01 9.923428750663051412e-01 9.930949714157878416e-01 9.954821119854196931e-01
2.187500000000000000e-01 8.459235446337256548e-01 7.039773322277583789e-01 8.027847571779367364e-01 8.636569553413170341e-01 8.457656744159885998e-01 8.888328748829580350e-01 8.359084275158376043e-01 7.932859326154902968e-01 8.214735191374404888e-01 9.149529531728389786e-01 7.081937904155495289e-01 8.749238945098248843e-01 8.742986974657606103e-01 8.662128005910006978e-01 8.147878344547699880e-01 8.983929177770340058e-01 9.082882336743415275e-01 8.461330337609286323e-01 7.894259936388769994e-01 8.537564625649149974e-01
2.343750000000000000e-01 1.297934092804210182e-01 9.916716156420836426e-02 1.555093657790240780e-01 1.054668627419925592e-01 9.165604150476694412e-02 4.537660307548403993e-01 2.216430465536776140e-01 1.598266523567528352e-01 2.518769562793125583e-01 5.492741138698477021e-01 5.176904885352556079e-02 8.501294952509960701e-02 2.569140580052588496e-01 2.269984538918101355e-02 2.361469605645319381e-01 7.814652020789063236e-02 4.005605552680758380e-02 4.114782850193273583e-02 1.289866440794349978e-01 2.526902556222133112e-01
2.500000000000000000e-01 5.973779875318476623e-02 1.219207853093025665e-02 1.428910147627038621e-02 1.016812086326220610e-01 4.146873593420050130e-02 1.049723459520505164e-01 3.341119988064528146e-02 1.436876591717464735e-01 1.856281829712939091e-01 1.668597117750360015e-01 2.391415899752753066e-02 1.124328320065253461e-01 3.573151613791893111e-02 5.068837371197038727e-02 1.395419780095045470e-01 8.470800876833216309e-02 4.416407843005558387e-02 2.274170160694361301e-02 9.733381616178383988e-02 4.903240761583593788e-02
2.656250000000000000e-01 3.918560251240520986e-01 6.312974183011189622e-01 2.654642409584825336e-01 2.032354735114410282e-01 8.161621689424188031e-02 1.483574634871318854e-01 3.576476299531247682e-01 3.923495334599998441e-01 2.535930120646744390e-01 7.251383443410247889e-03 2.987979371985675092e-01 2.098912509221248224e-01 7.177805791371479061e-02 5.000158392278956226e-02 9.010550641114357939e-02 3.344639935528393448e-01 5.868616908970411550e-02 1.929946341375633478e-01 1.445799305393231649e-01 1.380179363849287633e-01
2.812500000000000000e-01 5.662462169944857404e-01 4.059381386671194192e-01 2.333278048905076951e-01 3.658634772426234277e-02 6.898193202481041342e-02 1.131493590252928283e-01 8.354527970723067687e-02 2.688938767172944777e-01 1.091224867475039662e-01 4.985434348332922622e-02 1.991386730601254207e-01 6.431849762783362068e-02 4.895374152105471111e-01 1.056153799909332995e-02 4.101096854233565736e-02 2.183486935860185219e-01 6.636972892405614000e-02 1.118304146331005333e-01 2.500949956545498454e-01 2.141471636474389095e-01
2.968750000000000000e-01 1.022569542087085588e-03 1.255288157201940313e-01 6.393451834505964326e-01 2.488607491121522519e-01 1.302237998994261181e-01 5.396306640489323403e-01 1.791804785419254253e-01 1.476139213938565571e-02 3.563950067530452515e-02 2.033998846979919589e-02 9.625346492199202131e-02 2.163603938163125573e-01 5.613607710536331341e-01 1.043570458185049399e-01 3.757651343522983578e-01 3.507386834551732280e-01 1.349670167437939383e-01 1.726477480364869144e-01 6.995408877710008744e-01 1.367894762895976446e-01
3.125000000000000000e-01 1.129392898551454666e-01 1.549905720161708078e-01 5.881880493200130067e-01 2.920494365134577719e-01 1.655378509208201288e-01 1.507554565420830273e-01 4.713317206350408073e-01 2.977717843254112373e-01 2.494107368809843073e-01 6.391302475274214523e-02 2.097002106132874188e-01 1.686327759887597255e-01 4.930090126359912284e-01 5.379262213052197206e-01 2.666756353848397376e-01 5.119263155652431507e-01 8.364401419399064563e-02 2.263040962622130461e-02 3.533058626474708808e-01 8.980875973408403157e-02
3.281250000000000000e-01 4.104756833438530372e-01 2.195583474359774911e-01 5.174512132620003868e-01 3.032673129726581318e-01 6.922752636450935255e-03 2.031390227129236184e-02 3.050623295275580737e-01 3.811329326491312286e-01 4.974093502699023506e-01 1.596350993676175917e-02 1.133569105439601911e-02 8.348790805807690396e-02 3.403392296279199036e-01 1.129373477241038121e-01 7.579179997711084013e-03 4.825690752799172145e-01 5.667683204445132794e-02 1.683367959694387628e-01 1.785692590981865502e-01 6.361065410594824582e-03
3.437500000000000000e-01 3.561397537212934172e-01 3.589049886428001823e-01 6.058093007214961911e-01 4.056550319554376727e-01 1.645928635051770172e-01 4.036170216766314378e-01 6.348685683860630369e-02 3.265289906784992757e-01 2.137417073373291954e-01 7.061919641158100058e-02 5.011852804235679588e-03 1.718802729455055078e-01 3.047997259438493534e-01 1.764927100665728346e-02 1.295552833189387298e-01 6.034809423442543119e-01 2.371118303967809371e-01 4.754468987881928232e-02 3.785453948516108724e-01 1.884176930472231670e-01
3.593750000000000000e-01 2.598971139820283605e-01 1.731856933569015378e-01 2.554457806954472249e-02 9.186535589498689980e-02 6.423534369082099793e-02 3.473024230577801963e-01 5.057966136309539895e-02 6.278650580996684993e-03 4.469254347722773635e-01 2.190834644178078494e-01 1.344022677361390514e-02 1.141950329157840199e-01 2.932684006838288671e-01 3.811445665444818803e-02 3.511909556494240137e-02 1.933720004273954685e-01 1.852077877298041741e-01 5.209337374040023949e-02 3.378302916512413573e-02 7.229950721279350227e-03
3.750000000000000000e-01 1.757702970713689583e-01 2.898230177280675113e-01 4.155896627826085460e-02 8.076352980761167255e-02 2.138707090744153549e-01 3.674701467265599208e-01 2.755214493973324741e-01 3.227921149364258030e-02 2.438653975370279336e-02 5.174163270777791812e-01 3.699211564419605663e-02 7.662489058644457451e-02 2.669024333124037640e-01 4.397179859682106423e-02 2.496869379902372232e-01 1.761473561598620174e-01 1.039026757621648728e-01 1.066519431712647376e-01 3.835020215004290856e-02 7.428033769784229100e-03
3.906250000000000000e-01 1.535009725725152707e-01 3.078321823867589679e-01 7.290853687077477295e-03 1.206848215447449552e-01 1.558129884093036321e-01 1.885716605511845306e-02 1.820330395875603413e-01 2.908324573357348036e-02 1.555681394145278507e-01 2.716567030949935610e-02 8.425381556768720553e-03 2.745000433334545131e-01 1.273044485225119649e-01 1.409856456917363832e-01 1.042608734993818870e-01 2.034871770272393687e-02 2.408388615333579286e-01 5.838181626278461656e-02 3.112051489239421338e-03 6.690416477893929015e-02
4.062500000000000000e-01 1.450536837487854946e-01 2.410191787929128471e-01 1.642365317332952464e-03 4.480915465293361377e-02 1.169033134994623274e-01 1.087482826244350054e-02 1.387243647610077735e-01 1.003395289393884358e-02 6.454245698823522781e-02 4.630743584992277201e-02 1.214489669342151690e-02 2.129948509192134409e-01 1.321534235219337938e-01 5.884038758174335582e-02 1.554913666801691075e-01 1.468620315089910451e-03 2.515165301565397415e-01 3.460141571339594990e-02 2.077975346038252440e-03 1.187172458341655135e-02
4.218750000000000000e-01 2.442255373173793931e-01 3.069400919694290422e-02 1.512162552387605885e-01 2.793846213913286913e-01 4.779603459094601547e-02 4.754059678540014655e-01 2.842365041620049659e-01 1.634822337455492103e-01 5.092190122190799750e-02 6.414670768019778979e-01 8.307329396347969130e-02 2.244457011645895339e-01 2.777160752527560450e-01 4.005964994622275913e-03 1.382905569535341495e-01 1.132951292972678853e-01 5.602979803879299531e-02 3.230458405991725596e-02 6.321008396165536669e-02 1.687712017234128670e-01
4.375000000000000000e-01 2.058600141280359508e-01 1.424489200318944902e-02 1.024947567043997670e-01 1.750769834936766467e-01 8.781177435968098854e-02 4.141393001231371551e-01 8.913123204140648015e-02 2.319815016388965256e-01 3.179792696011366493e-01 4.324559971585916762e-01 9.015850054185244045e-02 7.447455220914581120e-02 2.401171027565462412e-01 2.509010295239460370e-03 2.394222488368896729e-01 1.430395161910724966e-01 4.651065302446950878e-02 6.776447325539739809e-03 1.967926834815513781e-01 2.651085531127225225e-01
4.531250000000000000e-01 1.037818988504094764e-01 3.077774836548652360e-01 2.517606863673606532e-01 3.164610124273015135e-01 7.151436209163445842e-03 1.168092931461143652e-01 4.447454744438325558e-01 2.711933107263854170e-01 2.701905868230036756e-01 3.360119602554371698e-01 7.297086707575725639e-02 2.647689408654056442e-01 1.925218524376865956e-02 1.091911570268847831e-01 1.761876450670291430e-02 2.251390111786669146e-01 1.065957717765389674e-02 8.575371606826019677e-02 1.558473743836175651e-01 1.028588818746356409e-01
4.687500000000000000e-01 2.081096955704093698e-01 3.619748636479546700e-01 3.333092091417749758e-01 1.593807542790124376e-01 1.004438459078764584e-01 9.566279988046921812e-02 4.843286244917585637e-01 1.789000314874687747e-01 2.767101119908099149e-01 3.170635630224888368e-01 3.344795421871191721e-01 2.395198046574731898e-01 8.554242000860497186e-02 4.303806225949949327e-02 1.704854627355915364e-01 1.644594169139498296e-01 2.831204471339951456e-01 1.187306023426785428e-01 6.695548205679627274e-02 2.613294339834458802e-01
4.843750000000000000e-01 1.883238353732114706e-02 2.268062996377734342e-01 1.547839251431349095e-01 1.618663762611428081e-01 2.687235420231589081e-02 3.059481400078462587e-01 2.662561311852412183e-01 1.827518022779128434e-02 4.149935977206932192e-01 3.634574794037125911e-01 1.796248183696255163e-01 1.665126793251160142e-01 2.487696237204481686e-01 1.084511623690899845e-01 3.507971960642953801e-01 1.971427093457406993e-02 5.374042926554944977e-01 1.080941054816812186e-01 1.381401672200783734e-03 1.230433592902165779e-02
5.000000000000000000e-01 8.559067498686635800e-02 1.480033910510528128e-01 1.161040406790332935e-01 1.762428931191774573e-01 3.878671433786687328e-01 5.355488168199612486e-01 1.302609144388367779e-01 1.447454252513661332e-01 3.555678615294797784e-01 6.135663015059685810e-01 2.522473563062849755e-01 4.459605269263568483e-01 3.912203805906728227e-01 4.370473787622230349e-02 2.403192385021954425e-01 3.786367759380192544e-01 5.081985768128262082e-01 2.600919274751057886e-01 5.102233533985280900e-01 2.416111942935425805e-01
5.156250000000000000e-01 4.729493209479269100e-01 1.505625357429183631e-01 3.878634198538247757e-01 8.506799720256054409e-02 1.867753311896208634e-01 4.340521020946674913e-01 3.061311966820727259e-01 1.913345283865684476e-01 5.908767968251495972e-01 7.041030055982113733e-01 3.504829484332973033e-01 9.225851316699380800e-02 4.618229981592299471e-01 3.651394948439298793e-02 1.267641322022516719e-02 3.362578315963178355e-01 2.710656767430963399e-01 1.858255366333962377e-01 4.983028051271011782e-01 2.074561551689052263e-01
5.312500000000000000e-01 6.474179929148349277e-01 3.718607001417749691e-01 4.156214077933234607e-02 6.449832922396955652e-04 2.160174225448408813e-01 1.681397254156427323e-01 3.458685728530681569e-01 4.325473120533871452e-01 4.271770726478072988e-01 6.365788136718785184e-01 6.093417553293898337e-01 5.053781677647180975e-02 1.830264394667039940e-01 1.540464252650097510e-01 4.113633659407898158e-01 5.806473573620478668e-01 3.061067553175440548e-01 7.317558020400996913e-03 5.361453304577314949e-01 4.684114709156020906e-01
5.468750000000000000e-01 1.575767971390760191e-01 1.076881576100275906e-01 1.391493150541800172e-01 4.357173671898807721e-02 7.473515550174936184e-02 3.302351802162559746e-01 3.211224859764503226e-01 4.928588470548771194e-02 3.493152223290704045e-02 4.393103031857139018e-01 5.242753706221762178e-01 1.000837019230923081e-01 4.537207533708945695e-01 3.482825298178054974e-01 1.456543950049406580e-02 6.326756755788576214e-01 5.575423787119484498e-01 4.342977033831233596e-02 1.925558318648862288e-01 7.321846225536339514e-02
5.625000000000000000e-01 1.374557224571207326e-02 1.264520450542038765e-01 1.407536023581570928e-01 1.476110765793815505e-01 1.914191786792183714e-01 5.885848178700892747e-02 7.464931708055778936e-02 3.000467072229393573e-01 7.474181934723199416e-02 1.408156759244340028e-01 1.083753755958912768e-01 7.005942346304734614e-02 2.165668384481372541e-02 2.290027987849653501e-02 4.484684758992119047e-02 1.332725430210620829e-02 1.906161442841138864e-01 1.691580733416319857e-02 1.073948237572585340e-01 4.142953233450715200e-01
5.781250000000000000e-01 7.013463350230349225e-02 4.180974903802276987e-01 1.446621685715303030e-01 6.983467172349373808e-02 2.902710676942735768e-01 5.049786353563024549e-02 1.560271388545629023e-01 3.845926372034242507e-02 3.341503156616282277e-01 1.166611655664111374e-01 7.974937341730428675e-02 7.902241430590224713e-02 1.154729334854492917e-01 4.923275268525687531e-01 3.471590577574154568e-01 9.367636879645889481e-03 6.036431209871380155e-01 9.346085436175309569e-02 2.841447476611791423e-01 1.243091085135741153e-01
5.937500000000000000e-01 9.618241680652715730e-02 1.416832228411875061e-01 1.321957468193151776e-02 1.909280359541780728e-02 6.953840555501863974e-02 7.731789197745514604e-03 6.824022956569113230e-02 1.166857816373427156e-02 9.670718243416961957e-02 5.449188789479267325e-02 1.430642768595740202e-02 1.943047501882406991e-01 9.501189727622881553e-02 4.319235977077997418e-02 1.631501719509788895e-01 2.515561295092031031e-03 3.183905078492474394e-01 1.695488845326058314e-02 5.924829335307159019e-05 2.173254280568926930e-02
6.093750000000000000e-01 1.253167386683961548e-01 2.301587277045369639e-01 1.097163440045768705e-02 7.163747772238554523e-02 8.428546428795775924e-02 1.460264441217448337e-04 1.551529381187475853e-01 3.394182909442321899e-02 1.577985440504655890e-01 7.159808612800665217e-02 1.503202421167455088e-02 2.517301456083275157e-01 1.146651562199823698e-01 1.021960327003857694e-01 2.574896979076022330e-01 3.091831269271562693e-03 4.231561833520414706e-01 3.620277906647541982e-02 1.922845328695762732e-02 5.040526383346327632e-02
6.250000000000000000e-01 2.010291693263083490e-01 7.581029648760198580e-02 2.107777502463346053e-01 1.789380850803404255e-01 6.692940203396442744e-02 5.075292710924512729e-01 2.872712456998048336e-01 2.272823797624317632e-01 3.882640027385455411e-02 5.556253255335353858e-01 4.446646250387657762e-02 2.263046232749617859e-01 2.460947952223099255e-01 2.257885935327703583e-03 2.402933496662899571e-01 9.677304181958827634e-02 5.562212630273074589e-03 2.629884343059976301e-02 1.764823994276388808e-01 1.979466147968192979e-01
6.406250000000000000e-01 7.172275552695306367e-02 1.821153504897868661e-02 7.440973979395407167e-02 1.001367115476588243e-01 9.915379130328781654e-02 2.584100572737088597e-01 2.277070249527720844e-02 1.815408967969810994e-01 2.022124343537324287e-01 3.221368711947984464e-01 3.851269076370441441e-02 6.116838520339045598e-02 1.188333305882408875e-01 7.550424386126066909e-03 1.860957224101304208e-01 5.661659122911660152e-02 3.200099358986661230e-02 1.036253692284784186e-02 1.478648937914413264e-01 1.976848700108710943e-01
6.562500000000000000e-01 5.454712564042747680e-02 2.009347006267910851e-01 8.520931545377995187e-02 1.237843124506099873e-01 1.289929599317281815e-02 1.951460374359423322e-02 2.924264080738229188e-01 1.270380642582011055e-01 9.826374386646676007e-02 1.599289855243812564e-01 5.186748046271866253e-02 1.112997762574903238e-01 4.390437287365612368e-02 2.314288861583413681e-01 4.122910414130689233e-02 3.315881474685575259e-01 1.594755040396743651e-01 7.440241017602486351e-02 6.097574899202030940e-02 8.487488288386002208e-03
6.718750000000000000e-01 4.357834096221894771e-01 3.199566771513197572e-01 1.470489178382307360e-01 3.755832528835640477e-02 1.451454440806420332e-01 3.773790514174896887e-02 1.439098675089423574e-01 2.461208219536963338e-01 9.052717796665797623e-02 2.897741251297333148e-02 3.238926044364390244e-01 6.486711225672857350e-02 1.221368308766265232e-01 3.673366767190149734e-02 2.055462931471931098e-01 2.836387773003737345e-01 1.389257647680111965e-02 4.884802983588312081e-02 3.881633266077054722e-01 2.804725486806532442e-01
6.875000000000000000e-01 2.905425105853545187e-01 1.484378656945570252e-01 3.127346154610439743e-01 6.936389675210248573e-02 1.912616152102643297e-01 1.127963541383023571e-01 1.044870161335027976e-02 1.334080036116963401e-02 8.947986752583957093e-02 1.721995339210831699e-01 1.605398560761183424e-01 9.357589697324374123e-02 4.190214800467216283e-01 1.715747547409494367e-01 1.107208508466864388e-01 2.682819132707025545e-01 9.550963193856283617e-02 5.274883849542792713e-02 3.502600420989269159e-01 4.579813720649109632e-01
7.031250000000000000e-01 4.414701454215026050e-02 4.465388287448770477e-01 5.043302204486546092e-01 5.077520831031110404e-01 2.819600233408329770e-01 2.966595785512458061e-01 2.074166789432185243e-01 1.076592291478240676e-02 1.991331934332726539e-01 2.106328924705391445e-02 3.502605069019082418e-01 5.927649259707121199e-02 5.092671683195236776e-01 5.913001466579406173e-01 6.106079961887524998e-01 4.335795706815515627e-01 1.611569160652222832e-01 1.122469034445071068e-01 3.134494304529617525e-01 3.718976361661386898e-01
7.187500000000000000e-01 1.902860778710543099e-01 4.329739645372760459e-01 3.748903492027353401e-01 5.015373160633487259e-01 3.704050670762926711e-01 2.743725336336823761e-04 5.886602082802648850e-01 7.218749738640937996e-02 7.788587706260934329e-01 7.777307740539804448e-02 2.270701215525691985e-01 2.118697375488794443e-01 5.283263473193625659e-01 5.298824480830489625e-01 2.020316571015290663e-01 5.483710028025069461e-01 2.764384122480222916e-01 6.819612778364897432e-02 2.640488976537789245e-01 3.468799630679908486e-01
7.343750000000000000e-01 4.842526753935886830e-01 1.767215577210891619e-01 1.687222857694672118e-01 7.129900345781282622e-01 1.046120711707952955e-01 1.119436483861393217e-01 1.422970762616620477e-01 3.676326820167160614e-01 2.206496817550232525e-01 3.850882950420281281e-02 7.113031966315472299e-02 1.226065109653724644e-01 4.299136716153736937e-01 3.895033100408724219e-02 2.404837145619834471e-01 4.519852732183246014e-01 1.471625812395262745e-01 5.678382155562288619e-02 5.582139399649057587e-01 8.371663259852396566e-02
7.500000000000000000e-01 1.932070047436489912e-01 9.842601022246458276e-02 8.105224120028935164e-02 9.389595470538895927e-02 2.062773618810234966e-01 3.022971425365786891e-01 1.432189043905172758e-02 1.089600596384366314e-02 1.152078068153228746e-01 1.790897914579837880e-02 1.337222651251488148e-01 5.199583386456191510e-03 3.245956711352243063e-01 1.531772374477557153e-01 1.290197485774805669e-02 3.385704333864883453e-01 4.958819091462089990e-01 1.311037724922641673e-02 2.034298831757606896e-01 1.465525066055589076e-01
7.656250000000000000e-01 1.180053017736112930e-02 1.166188746245162278e-01 1.245137678412348570e-01 7.276068940822405517e-02 2.695573699914859955e-01 1.347840354387954409e-01 2.521296728992980518e-01 1.940190635681993958e-01 1.238269826348341873e-01 3.821069591700848589e-01 1.026477914492661403e-02 1.650793293211189339e-01 9.047657468154784999e-02 3.726744385277928201e-02 3.749582338603447973e-02 1.338043409438649729e-04 1.807435792355509274e-01 3.836638490439319652e-03 2.291129357150413839e-02 3.783487664180220089e-01
7.812500000000000000e-01 1.398697799932823171e-01 2.889747329089906169e-01 6.971935969731733740e-02 1.572573743747696096e-01 2.634326371935786781e-01 6.456798881555132763e-02 2.111041636338663041e-01 3.199078008462959838e-02 4.095137603053595754e-01 1.184403081690405118e-01 5.049431551349353731e-02 1.350077978217326391e-01 1.988560346967900849e-01 5.432843683679590141e-01 3.596632355405101622e-01 6.698051976817975817e-02 3.394580378143426391e-01 7.731144932516444135e-02 5.586099116714246526e-02 1.939562448641339309e-01
7.968750000000000000e-01 1.164835166648609532e-01 7.007832267176741792e-02 1.032814624291904237e-02 2.951837255461483255e-03 5.378061287254941314e-02 1.098170812750113093e-02 1.478133600384416366e-02 3.888377529872296475e-04 4.091164535220217363e-02 2.397181595695303466e-02 3.932207753902208086e-03 1.842342869656428128e-01 5.588188014431223760e-02 1.302137443861690370e-02 6.606655798282864978e-02 2.074466180786643538e-03 1.558341690496842236e-01 8.899407120727419185e-03 2.154481553872384172e-02 6.742920841339498407e-03
8.125000000000000000e-01 1.988614757748101980e-01 2.783165739459776966e-01 3.007053757091921950e-02 1.579271265386437972e-01 1.194832028845038141e-01 1.698013102292965718e-02 3.472723844295352857e-01 5.657791330437122318e-02 1.545587881263744134e-01 9.480380490976170194e-02 2.999068998696629001e-03 3.634268951700528327e-01 8.505471451128338023e-02 1.684063860633370768e-01 2.631708402381951473e-01 6.281833998522858703e-03 4.267367314345244522e-01 6.104576721513450821e-02 8.942520206905062163e-02 4.914765873840504923e-02
8.281250000000000000e-01 1.442609946659831610e-01 1.564042527190817877e-01 2.514347332245340794e-01 1.520601771180150052e-01 7.812315487809000369e-02 5.165154439521787433e-01 1.976839953225704438e-01 2.326283520509103420e-01 1.193934468187897585e-01 5.336995596708827838e-01 6.794555119284380329e-02 1.351998946188502360e-01 1.931511907702653796e-01 4.564118862648687547e-03 2.107312361631716591e-01 9.744928495001503599e-02 2.339364459534904600e-02 1.744578172760406429e-02 1.952934805985575561e-01 3.205270958312481655e-01
8.437500000000000000e-01 3.110659215728122165e-02 1.906658077442876381e-02 3.653981156418344839e-02 7.759776556041055040e-02 8.860916668399006213e-02 1.366699733047500864e-01 1.148553373549480484e-03 1.429829837034818640e-01 1.456976006982809990e-01 2.075698423130029058e-01 2.583792884950453922e-02 6.140549846610385276e-02 5.067644812678853694e-02 2.312534063724977496e-02 1.511157718599049904e-01 1.399905435053706501e-02 4.724802558313632300e-02 1.607278253420652697e-02 1.265223423616386733e-01 1.495597526205183769e-01
8.593750000000000000e-01 1.483461997199327642e-01 2.382873344381254421e-01 1.916885910880506694e-01 1.794096071350100973e-03 5.074301972753262301e-03 1.420266387456946798e-02 4.122802667870301141e-02 6.889286370394491488e-02 3.934512080002915135e-02 1.305698908327846686e-01 8.387298129362701082e-02 6.362115324984488063e-02 2.207516831570774940e-01 2.586160850823737700e-01 1.031092333141045841e-01 4.151986200153974793e-01 2.735139834798400726e-01 3.404411775897720621e-02 8.077476003378303293e-02 2.251481090361009268e-02
8.750000000000000000e-01 6.317155684962156847e-01 4.520475152504928040e-01 2.291688459980732451e-01 6.994882087379215851e-02 1.357538492202530478e-01 1.919634700447730644e-02 1.031524639592745068e-01 4.973588798294658608e-01 3.008280379900284962e-01 1.315901721612482700e-01 1.360123624410132792e-01 9.723136774213097340e-04 1.589370777876687457e-01 4.092051305551870632e-02 1.385514252919028133e-01 2.577854736792225543e-01 5.920581351247997115e-03 2.439253272719898308e-02 3.203279999494572650e-01 2.871497154645611394e-01
8.906250000000000000e-01 3.052540253529814063e-01 3.206612130846799302e-01 5.612188105412407868e-01 2.260538358065683484e-01 3.932703380433764662e-01 4.234216451098249956e-01 6.046862161765952787e-02 1.076323013603404377e-01 1.153065287002577877e-01 3.056501899175820824e-01 1.724257603404943384e-01 5.408370482760512798e-01 6.876093685116569931e-01 8.551076020582472348e-02 1.693828879235002582e-01 1.091868992643119790e-01 5.368731337570164380e-02 6.193950437660415698e-02 6.882878826205424128e-01 3.715340406237628845e-01
9.062500000000000000e-01 1.653010852621043456e-02 2.934645042140612281e-01 4.851931242988404835e-01 2.220586239371067638e-01 2.821392995531090686e-01 1.315879163685186870e-01 2.691362855403037768e-01 3.373150223966385475e-02 1.811755192554375393e-01 1.473378624419869332e-01 3.159348169730937239e-01 5.259142340031091045e-01 7.806887477941731879e-01 3.430692663184434776e-01 3.922123325042662922e-01 3.829893612559387983e-01 2.533029133912547207e-02 1.485832743213430333e-02 6.874642745763072105e-01 2.326108858525650913e-01
9.218750000000000000e-01 1.218046619646829670e-01 4.681595345605377156e-01 5.728977111492881136e-01 4.821504412803465645e-01 3.482013152653629789e-02 3.154094597986863147e-02 2.986482421407424259e-01 2.102048901400190850e-01 6.751121600965027669e-01 6.133633980589014989e-02 1.138407861724871351e-01 7.738809276213477750e-02 5.765639385073471068e-01 5.114423214385281913e-01 1.832170756531510958e-01 5.499101997798412356e-01 2.813713080904589603e-01 3.444755232532504818e-01 1.725280497361897647e-01 1.401895412810113262e-01
9.375000000000000000e-01 3.747138554655828901e-01 3.141763761720425818e-01 5.407527305535387852e-01 6.809245738854784458e-01 1.486572899762247657e-01 1.643246796829095080e-01 2.510446961887987105e-01 4.724619667198199369e-01 3.107997056826924953e-01 4.909593076046813581e-02 4.022642834761305797e-02 3.104846640749802100e-01 2.707587690935034375e-01 1.190660460283707173e-01 5.757107252410229720e-02 4.567358943785272407e-01 3.043994516882399248e-02 2.336006058996010493e-01 3.697857996774095990e-01 4.016323580981500663e-01
9.531250000000000000e-01 4.421028459239549346e-01 1.818071400647781888e-01 3.707353146940232103e-01 2.866841915568053567e-01 9.157965706655350757e-02 3.809619451123985034e-01 6.899271343232719900e-02 9.466846991369709530e-02 3.529745410052188559e-01 3.462809286489436367e-02 8.956649176921374633e-02 1.628362879972138910e-01 2.402219321493453408e-01 1.547687864800463275e-01 2.318936537226278308e-02 4.865530132322930523e-01 3.250187955338043055e-01 2.371309096709568395e-02 1.561559309552366659e-01 1.652874961439936563e-01
9.687500000000000000e-01 1.866748795940929295e-01 2.302481399821248442e-01 5.625410787692600341e-03 8.312538851322812117e-02 1.907893404735727383e-01 2.757570704089981062e-01 3.177302552557501047e-01 7.128491406768931726e-02 2.536415821792278869e-01 4.939390034618314496e-01 1.896015632119829319e-01 1.971107847489123321e-01 1.985294483973385760e-01 1.278287753572120156e-01 4.477941461079725238e-01 1.127725630836825810e-01 1.485182028252734765e-01 3.999347084540175526e-03 2.686868498782215078e-02 2.749465647485042560e-02
9.843750000000000000e-01 1.242488275278341714e-01 3.245450925159782951e-01 5.200251770792990551e-03 2.739668360951563741e-01 3.136716388935262834e-01 7.696792789122888778e-02 2.090291273043942688e-01 3.340656335475522543e-02 2.795884657002180029e-01 2.896264591382454734e-01 2.109424203799777353e-01 2.471690540089786781e-01 2.490055140049488580e-01 3.203763045534178677e-01 1.776457081547498651e-01 1.990694564133275446e-01 9.259267748099432593e-02 9.579955988817194512e-02 9.944234415355457379e-02 1.585113348935115740e-01
1.000000000000000000e+00 1.098376202540187752e-01 1.437447672755819139e-01 7.899543707990695773e-02 9.053183874921188687e-03 7.449503701797298427e-02 8.744288740515913580e-03 1.578489580082119773e-02 1.765270711183789670e-02 2.626295992980399660e-02 6.871915806309647663e-03 1.315708744136157016e-02 2.059860190220564047e-01 1.722036284470360862e-02 1.022243850825167201e-03 2.554590851577491842e-02 3.049798018780721515e-02 3.055167213918031158e-02 1.479048795615449906e-02 4.400386236520769517e-02 4.553317298057906783e-03
1.015625000000000000e+00 2.134372929164971011e-01 1.887511351003816340e-01 1.409001043488730676e-01 1.552189173195419603e-01 1.002878349492386384e-01 1.677404840505503647e-01 4.926810470851863966e-01 3.743659641194706234e-02 5.128782810171565038e-02 2.938266967965261767e-01 2.948427020441914820e-02 3.247335823645614017e-01 1.388568477409962698e-01 9.967831953874359274e-02 8.448371927295734649e-03 5.479692822904436850e-02 1.066695109287306847e-01 1.210967910364387640e-01 1.560126431193126495e-01 1.260556446127310964e-02
1.031250000000000000e+00 1.480396821195082702e-01 1.181264834821993126e-01 2.305775245936968199e-01 1.149565610496763035e-01 8.720006161508779552e-02 4.680714813092228255e-01 1.892595298117457636e-01 1.738155694212712155e-01 1.361757061142112590e-01 4.700872183275510707e-01 9.236605083499782598e-02 1.173048012555657910e-01 2.366121331095670244e-01 1.200041714797485566e-02 2.000937306750134870e-01 9.030724342023267737e-02 3.671976241988442885e-02 1.604458733548761937e-02 2.204515403101047211e-01 3.542971003262120333e-01
1.046875000000000000e+00 2.571411262673388085e-02 2.677665220539154900e-02 5.454453184724558298e-03 6.584859572187448662e-02 4.245980393061669217e-02 9.651982852276978775e-02 1.342466461482116902e-02 1.027936249397237850e-01 1.116622080631152897e-01 1.373731572046210381e-01 2.243928139297162241e-02 8.355237988792946213e-02 3.326775793749587457e-02 5.075687872516886773e-02 1.164476918954166357e-01 4.859105435826761854e-02 5.114667965661055110e-02 1.132552810903574882e-02 7.727403176063751822e-02 8.213189729508173220e-02
1.062500000000000000e+00 1.514353192910876666e-01 3.875484902842232238e-01 2.817954946571792352e-01 4.924338758042952346e-02 1.399838971544316024e-01 9.145668928422678867e-02 2.296216942674477179e-01 1.973193315427104189e-01 1.433168752648739386e-01 4.156786175409430545e-02 5.923564839605269944e-02 3.237400970926604948e-01 2.073712292321510525e-02 4.214369127146516680e-02 3.721359696736929734e-02 1.011619164794428094e-01 1.003625548997609182e-02 1.248829289108061846e-01 3.765850616105930609e-02 3.376849803827370322e-01
1.078125000000000000e+00 8.206930910924975509e-02 7.001936732166150201e-02 1.163446536650858953e-01 4.047313663928071847e-02 1.988080267522885844e-02 5.602255428009515065e-02 1.688929809205494958e-01 2.558062885674375897e-01 3.732383184764372780e-02 1.802030144676760037e-01 1.162337161591618789e-01 1.155129413137195304e-01 1.643309179502917827e-02 5.703544467251830952e-02 2.230119962601009587e-01 1.530920175176309350e-01 2.466488053694059213e-01 1.209178320913814192e-01 1.192000322129617707e-01 1.294145520697193297e-01
1.093750000000000000e+00 9.684398630993626411e-02 2.102261483316361645e-01 3.602237848460955461e-02 2.694549515305719178e-01 3.044836531815627717e-02 1.642338222115362345e-01 3.558528407002482796e-02 1.664412591200044589e-01 2.970153754914582334e-01 1.567489280806341478e-01 1.503846127058261761e-01 4.459366302038688668e-01 2.068132629555128332e-01 2.361268030655791772e-01 2.982027640964520776e-01 1.970353595593812290e-01 4.913071563574656353e-01 2.457756998531707426e-01 2.747302510999636294e-01 2.101901629867471422e-01
1.109375000000000000e+00 1.696782195725977938e-01 1.217024376284552289e-01 6.540844507612823822e-02 2.772232568267045116e-01 1.678774086059676429e-01 8.763749620857828881e-02 1.477114526641809533e-01 5.665086076225866324e-02 5.328571181515988631e-01 1.667511542868061747e-01 3.335172585688949698e-01 1.291394201652412178e-02 3.192300532634568810e-01 2.265233541380552995e-01 3.237089005780500184e-01 1.236767214833155021e-01 2.426147519863579849e-01 1.908583590651697082e-01 5.347462460533404238e-01 3.410532283336754067e-01
1.125000000000000000e+00 3.649139584661908464e-01 3.402545653941184134e-01 2.259824650172095606e-01 1.207733856011826944e-02 1.395744850992473862e-01 4.016737086709221832e-02 9.047242498929107535e-02 4.441029213661654151e-01 1.195549531982768032e-01 1.462763740981594569e-02 3.821407497427299349e-01 1.143792520931008194e-01 2.260284949335278071e-01 5.410540356633904840e-02 2.500571488711033630e-01 4.014050239745133308e-01 3.267715502925397364e-01 5.656132761786011875e-02 2.016773897644376645e-01 3.009989813639903367e-01
1.140625000000000000e+00 3.595727814547997059e-01 3.838890700969903036e-01 2.103138523819614025e-01 3.096475182100219894e-02 1.401432246455952269e-01 6.700654325128144184e-02 1.144721516012355694e-01 3.207152136333972225e-01 1.089558373067250202e-01 3.789247932618999282e-01 3.942443622551905502e-01 1.554756990048861420e-01 2.022382101394739895e-01 3.427758121212257092e-02 1.676888468800660087e-02 5.375404488136652503e-01 5.967899546794118715e-01 1.021935197066185380e-01 4.901985092121886045e-01 2.703078779388550790e-01
1.156250000000000000e+00 1.684399933277716229e-03 3.099584622307124601e-02 4.242824331392834256e-03 5.423318512640643019e-02 2.384792450108105533e-01 5.096514642760755637e-02 1.039773315730282283e-02 1.239762543717284060e-01 2.358783096891609379e-02 5.037847478630552711e-02 8.364882083849310701e-02 7.278527869256777583e-02 5.950312692018076832e-02 3.380353970773407324e-02 4.891032944102401137e-02 7.978543456207551343e-02 2.791142557128508672e-01 1.277832962653031867e-02 1.141211370354502236e-01 2.751628102345167748e-01
1.171875000000000000e+00 9.968183761373455853e-03 2.655819937175799561e-01 1.799573545562076771e-01 1.382327193814318900e-01 3.194942989492528529e-01 3.248879971874499284e-01 2.732363149572633598e-01 2.919579818421583761e-01 4.858616162154236889e-02 2.594480614251170603e-01 2.063376194542728206e-02 1.070654021047826310e-01 1.493571051571729036e-01 1.501143734455815532e-02 5.285318578910212783e-02 9.402011943720955597e-04 1.415967657080995645e-01 4.041429208722323307e-02 1.340591799706278286e-01 4.729282736381741348e-01
1.187500000000000000e+00 1.479471203184940242e-01 3.155080259384935304e-01 4.374623407416085297e-02 1.127925339812866218e-01 1.866711746348214684e-01 4.496378526866994137e-03 1.321036516044157283e-01 2.568252094543059527e-02 2.665121057514565073e-01 1.313493747352582897e-01 4.069634678396629596e-02 2.268213496432183174e-01 1.325392440219986256e-01 2.434070785404085502e-01 2.255776301716085064e-01 3.061675506297764290e-02 4.141378567858670090e-01 6.214883166522916502e-02 1.730947130022006050e-02 1.093491933299982899e-01
1.203125000000000000e+00 1.043314931145179203e-01 5.219984590678532210e-02 9.394436970374035398e-03 3.243705346136461012e-03 6.696831796279606452e-02 5.363815176240456332e-03 5.373365428672362970e-02 3.233613435653637062e-03 4.925850951806744898e-02 2.277339657694786579e-02 1.310646764261082751e-02 1.730472273945854456e-01 2.307088533319955406e-02 2.284450024078939212e-02 4.530531345375773955e-02 1.021340978919392864e-02 1.951025697388717728e-01 2.266784629131672960e-02 6.367931503422857506e-03 1.253149923273325691e-03
1.218750000000000000e+00 1.868814370454093265e-01 1.694818783357266434e-01 1.687953225203368546e-01 1.283986680651474643e-01 1.107136867134164288e-01 3.134017337812767812e-01 3.941336868635198498e-01 1.622678871347343621e-01 2.413243448916223971e-02 3.716942567753223625e-01 3.723226821511698131e-03 3.372819197329077201e-01 1.826504411782449433e-01 3.503002456401423798e-02 1.273442305894455784e-01 2.533801047241759224e-02 1.490282689076140032e-01 6.983744302174055285e-02 1.905764981317193407e-01 2.799082438309727708e-02
1.234375000000000000e+00 8.257314317440447859e-02 9.448724879664803511e-02 1.978476099037645708e-01 1.173634967837808851e-01 1.118115900747049529e-01 3.839893273444431876e-01 1.208484205672170214e-01 2.239365318303037644e-01 1.703223275311153695e-01 4.387592606072859835e-01 6.079692745610512650e-02 8.075205857332320991e-02 1.689883932281905643e-01 7.291253962820327950e-03 1.978994693966415197e-01 8.993579520150166151e-02 3.562530676084937897e-02 8.708288964267457341e-03 1.902831282715186090e-01 3.407693263151125862e-01
1.250000000000000000e+00 1.844187365267034671e-03 1.987400153812387757e-02 5.806395863503044895e-03 1.775367384918836999e-02 2.815576143314820617e-02 3.521538785045152942e-02 8.573429145080178893e-02 6.371715862950923237e-02 4.734127401427516008e-02 1.069161323024294813e-01 2.530481213960850129e-02 4.993182495534451842e-02 6.101755850272181161e-03 1.416760598218983758e-01 4.574333610500025404e-02 8.299652452558609061e-02 1.066572413095079191e-01 1.343031348076785189e-02 8.110861596925049433e-02 1.072099080144177548e-02
1.265625000000000000e+00 4.351644345810414261e-01 4.911622651074373236e-01 4.809765133931960257e-01 2.338179729177697341e-01 2.003093730914583606e-02 3.020233308729294852e-02 3.473372486799082282e-01 3.975998921774581141e-01 2.468092251598008879e-01 1.557114406109649518e-01 4.121985445938858988e-02 1.255279981575550263e-01 4.434007206556267455e-02 6.704892333362567902e-02 4.443267010877141078e-03 2.706392168987526992e-01 2.499058270541264226e-02 1.082917982899491011e-01 1.662887759744434424e-01 9.343624293286896532e-02
1.281250000000000000e+00 3.129909851258428355e-01 3.758245638011862289e-01 2.799351325308543914e-01 1.638375335188692605e-01 1.404650120559118864e-01 8.135484501203946173e-02 6.367770850624589196e-02 2.469024116913936806e-01 2.220605105154836723e-01 1.106353827868924444e-01 6.687324906601332768e-03 1.724741334992772141e-03 2.924482597463132216e-01 8.943609504081063977e-02 3.395994276412682422e-02 2.582874114609585714e-01 3.945882674133297657e-02 2.052994414460987491e-03 1.182401786863768733e-01 1.881638418513564004e-01
1.296875000000000000e+00 1.505661999961552602e-02 3.351729750021577581e-01 4.752443945942487202e-01 6.315853086691378682e-01 3.208208157457054788e-01 3.215673358152454919e-01 2.754951360732602918e-03 8.235247169229194253e-02 3.616001633369985563e-02 3.307807423726547014e-02 2.085180149861658450e-01 4.369921958737493228e-01 4.104362499139673770e-01 4.193713413582175753e-01 3.484058775773866690e-01 2.723756484931200705e-01 5.230754448768947656e-02 1.873099496050345536e-01 4.887004254586782004e-01 4.272437732705106628e-01
1.312500000000000000e+00 2.545895002897751933e-02 4.845312763209199680e-01 3.653702511696163002e-01 3.588979660225799506e-01 1.838137693579155185e-01 1.233695757905257234e-01 1.983888306432247950e-01 3.661388210277775196e-02 2.487384475036312492e-01 3.591630712860651164e-01 2.141713040330247841e-01 3.306732709017443650e-01 3.860507994862584225e-01 3.567510215600276369e-01 5.602012079964352465e-01 6.668233746022558250e-01 2.963671189532730565e-01 1.453941087897452815e-03 3.149238641178986886e-01 3.522855902202242651e-01
1.328125000000000000e+00 4.579545280005362651e-01 2.687972127553522328e-01 1.120625170591252745e-01 2.870404750320281750e-01 3.389113040150162348e-01 3.045688838072362764e-03 1.604319354246478979e-01 3.380815709387804957e-01 5.848069674724897249e-01 2.728800136859831360e-01 2.992828615645864998e-01 4.468532051661435189e-01 2.033934492471804190e-01 3.655681573633913772e-01 1.039840339964144822e-01 4.624781843117345970e-01 1.667563769964607590e-01 2.911872609504023712e-01 3.320247823003491527e-01 4.533287107699793816e-01
1.343750000000000000e+00 4.628238776562135226e-01 1.879740846839274004e-01 2.826667751942581464e-01 2.451970280035691563e-01 3.267453600042354300e-01 4.034630626112700180e-01 6.578973237569751310e-03 2.796140235528311035e-01 1.416285985926755697e-01 1.259526712219858346e-01 3.284293845501912723e-01 4.132956809213751970e-01 1.676592817237663180e-01 2.927288681817976634e-01 2.212321867706125780e-02 2.112171813706131274e-01 1.724890522363830281e-01 3.460395437221915754e-02 1.584510380273949637e-01 3.567070179487354387e-01
1.359375000000000000e+00 6.881571090344068553e-02 1.782418684152749788e-01 5.178789002558394777e-02 2.549548038443675874e-04 2.916206770487693167e-01 3.976363652287293743e-02 2.545284839455693171e-01 1.444156451533820384e-01 1.884223870586862748e-01 1.876443940512993735e-01 7.609338332929972692e-02 8.726561746290181776e-02 8.270421010228305725e-02 9.707619856478529041e-02 5.463864822548480243e-02 4.815269062841493787e-03 3.671015401184483107e-01 2.706820177632095637e-03 6.245409668923431780e-03 2.870883300307918717e-01
1.375000000000000000e+00 3.077801875560159939e-02 1.824133570841307284e-01 7.830668021311816551e-02 6.433252788238715165e-03 4.369479047467957344e-01 3.058541842107967423e-01 6.180131787842516600e-01 1.024061518849273961e-01 9.956187519088149918e-02 3.798715356356078821e-01 2.093467694907610033e-01 2.307251279947626077e-01 4.015424261944793294e-01 5.066881850317457581e-02 2.036038975278059160e-01 3.259914663299674081e-02 3.427831723957027732e-01 6.009056801573883083e-02 7.943905510386796431e-02 3.276958452789172083e-01
1.390625000000000000e+00 1.644306166549147630e-01 1.122608182593180653e-01 4.121021451829520038e-02 1.648762989259179024e-01 1.537385823817892239e-01 2.235406625757427324e-02 1.425089250487786563e-01 3.135179676792404502e-02 2.150605969050887190e-01 1.113889851088202820e-01 5.029053417754456717e-02 2.565125962283238414e-01 1.786471814268919267e-01 1.021174370162474393e-01 1.219270767422883373e-01 1.854986442206405656e-02 2.462135785769567486e-01 6.884374412022599421e-02 6.197030522254080159e-02 6.685470435230038422e-02
1.406250000000000000e+00 1.340545457659653716e-01 2.997293746382035384e-01 3.425151226995784559e-02 1.696783142498345040e-02 8.801441615778440863e-02 1.911652563687794154e-02 1.150746754407599437e-01 4.002131876500768584e-03 8.468116316171034330e-02 1.416887256084916474e-02 1.496706854940305954e-02 1.726255531748864536e-01 1.242760037206598958e-02 4.534925024837500873e-02 1.056104303224253138e-01 6.569136245337878210e-02 2.089231769360981594e-01 4.662982909712121149e-02 4.599263018590502711e-02 7.628491231018027022e-03
1.421875000000000000e+00 1.761182362907700860e-01 2.778676148257627765e-01 2.860759989268357728e-01 1.141827107485992032e-01 6.727144754603994747e-02 4.113488223292445789e-01 2.001764615716808970e-01 2.243895168952733110e-01 1.854835020956339953e-02 4.667985126593435785e-01 4.553418808614828617e-02 1.621749810496775357e-01 1.249792731112743804e-01 2.413205509584073695e-04 1.719458950480984849e-01 3.195051143151893952e-02 5.185064161640868738e-03 3.611642097814735802e-02 1.750080320317671245e-01 1.926123984951259027e-01
1.437500000000000000e+00 5.588460001187466053e-02 1.901074396445295023e-01 1.943371373607132857e-01 1.070870491537482400e-01 1.417289785496130827e-01 2.584221987638031792e-01 5.049558645994924738e-02 1.998451616696804989e-01 1.647439977673726130e-01 3.334492144978059014e-01 6.026708506489603101e-02 6.171431322565677086e-02 7.920278216596744747e-02 6.876466138847116445e-03 2.217834223073534283e-01 5.157438790204409845e-02 5.954912186877325125e-02 1.748801487389994164e-02 1.855697813895289539e-01 3.397127630476791671e-01
1.453125000000000000e+00 6.396359035611298705e-02 2.720354994607054877e-01 4.779344827137863710e-02 3.253325106997636412e-02 1.967840847770963887e-03 1.419112765223799061e-02 7.041891558128238193e-02 7.416475439383163337e-02 1.046215358881175507e-03 9.476298547250133764e-02 3.607811022153395442e-02 1.281451099596119664e-02 3.174104355163782643e-01 2.386635005889039263e-01 8.688365523246749725e-03 1.246765762156893248e-01 1.525923348272124336e-01 2.567763272662338878e-02 1.334506621793001835e-01 4.321861903714287190e-02
1.468750000000000000e+00 5.614723453572429968e-01 5.387925698749502779e-01 3.496319791665119525e-01 1.487310339741968190e-01 5.117404288126851941e-02 6.871832337253308207e-03 2.925537109177547279e-01 4.282851580704210015e-01 2.383527941691215013e-01 1.706475088381398664e-01 8.282597705069029426e-02 7.688082819007455160e-02 5.999997423346202507e-02 6.987632810018341856e-02 4.445183948162237386e-02 4.343561625776962143e-01 1.097552695577476943e-02 6.446066438144913702e-02 2.498892165417035682e-01 2.077403921912448770e-01
1.484375000000000000e+00 4.247209768227116489e-01 5.088264411724057190e-01 3.372023908487875588e-01 1.292570129717675043e-01 2.479222637182030287e-01 5.154911835769365042e-02 4.480483692473046647e-02 1.672916813961811411e-01 1.050036848962656588e-01 1.391851282141712554e-01 3.931056886597946581e-02 2.043349344643267118e-01 6.694054509473656989e-01 1.670811791704188976e-01 5.279938015321676559e-02 2.371981464690803565e-01 1.245505649341903734e-02 3.745149257579344360e-02 3.043986198591053238e-01 2.657345623572783255e-01
1.500000000000000000e+00 9.357956860518801268e-02 3.026961884470840691e-01 5.515965102269448916e-01 3.029368318989150155e-01 6.774013244629902841e-01 2.601845995253847521e-01 2.022947183181530717e-01 7.680610871549493901e-02 4.504163851751393222e-01 2.655251856187605952e-01 5.686425711597246080e-01 5.040125542027020789e-01 8.612208769150118126e-01 5.525397351692037384e-01 7.784166011512497763e-01 1.181002557419120330e-01 5.793361273043552001e-02 1.943535252818381909e-01 7.639728886925813978e-01 5.504150045061236840e-01
1.515625000000000000e+00 1.276861976164669898e-01 6.082717957717930224e-01 5.171909241805000557e-01 3.034426380339539930e-01 2.640344942207961121e-01 3.136457042626335928e-02 4.197028236116479571e-01 1.143622581135620153e-01 8.212727916059466837e-01 5.915388524427010741e-02 6.715214647679182969e-01 2.570097667309901857e-01 7.617146591095957930e-01 5.481171569940448407e-01 4.464041178014215294e-01 5.778783183742745022e-01 3.677400994170543780e-01 2.989759040707705151e-01 5.732996669863220651e-01 4.511744140721070107e-01
1.531250000000000000e+00 4.134086951825294287e-01 3.312008323850012537e-01 1.156457000553025721e-01 3.659643259937792048e-01 8.009541226899934141e-02 7.356711436093786582e-02 2.199130599431861344e-01 4.230866469205332159e-01 3.397155176641973306e-01 4.330884346010022701e-01 3.541869333969072664e-01 2.198081605523571624e-01 2.895284998663701370e-01 1.249396233762382069e-01 1.638447801474345045e-01 6.893553830567504814e-01 1.377075868988991980e-01 1.159611152904725939e-01 3.670672057820119627e-01 5.222511382354517728e-01
1.546875000000000000e+00 4.378895813645962698e-01 1.514982411884710500e-01 2.440647489891884236e-01 3.804630285788792587e-01 1.768066305986775444e-01 5.023618358902135483e-01 1.186219968377346251e-01 4.120138502156102112e-01 2.323087640376920449e-01 2.356367504787702238e-01 3.882791041366497886e-01 2.456608864041624207e-01 2.636260980797223707e-01 4.341360654865288882e-01 1.777803468498016098e-02 6.180623499051313141e-01 3.593610313437208825e-01 3.175440424594134364e-02 5.383841703118625865e-01 3.179888162500509319e-01
1.562500000000000000e+00 1.781306990830937853e-01 2.713077090502551969e-01 2.975428649590522445e-01 1.516361932859984843e-02 4.075987786786906542e-01 1.544179223140136892e-01 3.630550488950598509e-01 1.567457668635700296e-01 4.382751992600123492e-01 1.788658337533784726e-01 5.100428491929419605e-01 1.498570854603547831e-01 8.452628560622033049e-02 1.714543197051053292e-01 3.708102322200017009e-01 2.116692892687503103e-01 4.879138186740339389e-01 3.316630774752556826e-02 1.096792012185745374e-01 3.441266543275647294e-01
1.578125000000000000e+00 1.624735132926520831e-01 4.072163833832833646e-01 8.897351916133005786e-03 1.393473316253334149e-01 5.020763268787398204e-01 4.335957726152821212e-02 3.137946433098443011e-01 2.321309537468634610e-01 2.879121853544797660e-01 3.793917872737604946e-01 4.400126262430211765e-01 1.310729218368955895e-01 2.421489868887279628e-01 1.932303857682797499e-01 3.578845284062799892e-01 2.162093863074287803e-01 2.295708992070661647e-01 1.012384027789759999e-01 2.116839184274456331e-01 2.945458102655691968e-01
1.593750000000000000e+00 9.621649145748145671e-02 2.513867082408987041e-01 2.760739969672281954e-02 5.319461964441478397e-02 1.419927962111453557e-01 1.143880214229842963e-02 2.392238315585799857e-02 2.928928543238218385e-02 4.249424556002676795e-02 7.354813740849915071e-02 3.238703932372489352e-02 2.753131915283537623e-01 1.696299901007243816e-01 4.061715608624900248e-02 7.515985331350276411e-02 7.772080481454887724e-02 7.125491132675770833e-02 4.326993769868073964e-02 6.483797103525877625e-02 2.058102928627350905e-02
1.609375000000000000e+00 1.821721851494626232e-01 1.892400217081650904e-01 6.490270517468280098e-02 1.221635604398123992e-01 1.513191970234993300e-01 2.301908811899057092e-02 3.932915520056719516e-01 1.025629372029052133e-02 1.352812243644198331e-01 8.031008315791107743e-02 5.570718815044888028e-03 3.009422169889591769e-01 3.782563245430501514e-02 7.354493220801636144e-02 6.895219757944881511e-02 1.346258024111414986e-01 3.234380871213156650e-01 1.374416841192530048e-01 1.153134295332187698e-01 1.540152938928006539e-02
1.625000000000000000e+00 1.809211633124072349e-01 1.489852702902474402e-01 2.539569194494526450e-01 1.164484113920037228e-01 5.061297406868106585e-02 5.127504828046939300e-01 2.330492489821016644e-01 1.587481934638767522e-01 4.314258021331938975e-02 5.021528911294130815e-01 6.904418701117985557e-02 1.628797998870250285e-01 2.611653980626914562e-01 1.490376193662678109e-02 1.774764260943019478e-01 7.020747222116727193e-02 7.692857533763228055e-03 3.549014761235817078e-02 1.864155528573103460e-01 2.777219700994538742e-01
1.640625000000000000e+00 5.827468910987664702e-02 2.274978632124932676e-02 7.341251947952234791e-02 6.330975735435402652e-02 9.526312610770136524e-02 2.211266356984001591e-01 2.558887884879029045e-02 1.400242191223804444e-01 1.279475430304000683e-01 2.591348749646769645e-01 3.999138392320594065e-02 6.449162123537258151e-02 1.277293793390196497e-01 1.003924112240689795e-02 2.076141376003360906e-01 2.115408112775754579e-02 4.667570710435667986e-02 1.086202141794407293e-02 1.348679872679572067e-01 2.655062111101283429e-01
1.656250000000000000e+00 9.995853360761280948e-02 3.458873876741830888e-01 3.099006497835105622e-01 4.898153853546600989e-02 5.477478459727539578e-02 7.234766856430613347e-02 1.179736735352155813e-01 4.948194841256131626e-02 8.169616731109852203e-02 1.973931261754179045e-02 1.165177435260544292e-01 1.793663180084034414e-01 2.440115716963446313e-01 7.432174196760475693e-02 2.139497581256317310e-02 9.869953236968477539e-02 9.396785909150606741e-02 1.041307754805641528e-01 2.007751848044198040e-02 3.366414150170593533e-01
1.671875000000000000e+00 2.319781562658357887e-01 2.311259853382096607e-01 2.382887821880030899e-01 7.750536858149367769e-02 5.827885607139043217e-02 6.213229624481590718e-02 3.611994248822101294e-01 2.080937409895640966e-01 1.742545989147520902e-01 2.450944476397519944e-01 1.696361986139319766e-01 1.829902119058733068e-01 2.256002605258878094e-02 7.325410268049922791e-02 1.500086501346418466e-01 2.946571970686300279e-01 1.087699419860632122e-01 1.031026522141177404e-01 1.648746271637179517e-01 2.203621469483540429e-01
1.687500000000000000e+00 5.082790507606641667e-02 1.169963709808463370e-01 5.978850924182492650e-03 4.615045760903046385e-02 1.843634808778060741e-02 1.692892433841945987e-01 1.026389424413599594e-01 7.158587032277831386e-02 5.695174239977906366e-02 1.716132648746347411e-01 6.571851243679817378e-02 3.657355839933201236e-01 1.077844079042798442e-01 4.860530465818448109e-02 1.115902025387144059e-01 1.851127745122078949e-01 2.933226457641750495e-01 9.721212236312222477e-02 1.617904367656378128e-02 1.067560996898890835e-01
1.703125000000000000e+00 1.835757580630539010e-01 2.184712064165897361e-01 1.537418808693514528e-02 2.388856275207607849e-01 1.447867529016864663e-01 7.399435204708987822e-03 5.176787434770493274e-02 8.478056555153844209e-02 4.299830935922643316e-01 4.727834440866846011e-01 2.852196516558778705e-01 1.367247379578607758e-01 1.581586229228966189e-01 2.308304241523530809e-01 3.352232795904143137e-01 2.170752051994825627e-01 2.100696103047957897e-01 2.564205925041168066e-01 3.465381885075151658e-01 2.317340628656065493e-01
1.718750000000000000e+00 2.003524995727564983e-01 2.007449313545090208e-01 1.770080778130895260e-01 1.761146933334335751e-02 1.065057872832000235e-02 3.119235508000842063e-03 8.334794450021562606e-02 2.084860746567896161e-01 1.873047283857239564e-01 6.773337047438739156e-02 1.670503555727977374e-01 5.492899613972934691e-02 2.558286333035256210e-01 5.236119386864673125e-02 2.654204507742537467e-01 1.241453321068794469e-01 2.919892832517977932e-01 1.052864499203813239e-02 2.269947504831238139e-01 1.845567112265469045e-01
1.734375000000000000e+00 4.052365461285709625e-01 4.744206282099139305e-01 3.353895012941313092e-01 1.588147918246060608e-02 1.821963373673254616e-01 3.578994511520550148e-02 1.784090635622443410e-01 3.135711729216194010e-01 1.093025700865086908e-01 3.079258769398649648e-02 2.292671754860009514e-01 2.431067528388373977e-01 4.999060785639836135e-02 1.567305038677407197e-02 2.112970388503965929e-02 3.783753357954330876e-01 1.898120077854658916e-01 8.828166979571978878e-02 2.316365329806583107e-01 3.816427524241951530e-01
1.750000000000000000e+00 6.269722060285336240e-02 1.801388756370248534e-01 2.581182507753009281e-01 1.342599974495834250e-02 1.217764848488813584e-01 6.255465406284405061e-02 1.087980532605172315e-02 9.085207123390032224e-02 6.277883587933734411e-03 6.640369516085825596e-02 3.503657464896147711e-01 1.491371154579667069e-01 3.153228760585433110e-01 3.484688816547252266e-01 5.752283555805186993e-02 2.989554205624724847e-01 1.426416963234411472e-01 1.009957302496543724e-01 3.742600366827524283e-01 3.520862817325515204e-01
1.765625000000000000e+00 1.010495384976897310e-01 2.097369531709770696e-01 5.531447773057217576e-01 1.137632618321543325e-02 1.330897549713664918e-01 2.800126570120571867e-01 5.757595775371223551e-02 1.488368471627847522e-01 5.640562028842362186e-02 1.062704228872119044e-01 3.518786454851139389e-01 4.208215292328940094e-02 7.937753548585060881e-02 7.592599357539323891e-03 2.358499458596175213e-01 1.086502077683976220e-01 3.282657265363626009e-01 1.233378303075966936e-01 3.888706266822553048e-01 4.085518818603121050e-01
1.781250000000000000e+00 3.458478610741874126e-01 4.008018823246263795e-01 1.687564493221820616e-01 1.151508342274458994e-02 3.689044707438063897e-01 1.853806214192229218e-03 1.883413326868766668e-01 1.694115468561418342e-02 6.301548113038073218e-02 4.285292397545736875e-01 4.167211988726888805e-01 2.465129529786566284e-02 1.838706243019278541e-01 1.878538853012969023e-01 1.433650795662351485e-01 7.629741575118711983e-02 2.752762172177884992e-01 1.812023716596671274e-01 4.730413621413405156e-01 1.395580536698940721e-01
1.796875000000000000e+00 1.305400143659215563e-02 5.113008652642620638e-02 9.034144695887226517e-02 5.964226542890371102e-04 4.854273328300720558e-02 2.999662793196539515e-02 1.021440830883815765e-01 9.496184488303210935e-02 1.018399434029089584e-01 1.038288528057711019e-01 5.589929728209594439e-02 2.383130547581537306e-01 2.779177555965445801e-01 3.971824809414598728e-02 3.146943148654813421e-02 5.523161682256669258e-02 3.726363164045782411e-02 6.302270781479688000e-02 7.673133463373263408e-02 1.532602200552129340e-02
1.812500000000000000e+00 1.860802969224168157e-01 3.180109249698901963e-01 1.300617185473409154e-01 2.651135241943069955e-03 4.077245109821683172e-02 1.127537570984546433e-01 2.597231822690491687e-01 9.162595147575818000e-02 4.049278481446345890e-02 2.762450553793160957e-01 5.329546320534681719e-02 5.164817233772445171e-02 1.425518465253282074e-01 7.099677037372541244e-02 7.693742429552348494e-02 5.569016599387621030e-02 4.475009993734528971e-03 4.471521121370360813e-02 1.133625005567020783e-01 1.535239348646122957e-02
1.828125000000000000e+00 1.474985504583817830e-01 1.653051123514377441e-01 2.948857073827394482e-01 1.518700947784883126e-01 6.799465495658332803e-02 4.655171031477871035e-01 1.215768061332648253e-01 2.538257835800649120e-01 1.523805549097811407e-01 4.704756219705045761e-01 8.975120567922900694e-02 1.048294615412146413e-01 1.779141693018273795e-01 7.269959357963831637e-03 2.165923345829441071e-01 9.917900233164501922e-02 4.264698120367464013e-02 1.623433227162937934e-02 2.335451599559951186e-01 3.711766164559324732e-01
1.843750000000000000e+00 2.211927253681017155e-02 4.587147019794451941e-02 5.691997659031864526e-02 5.883450162852287002e-02 7.303068564183487488e-02 1.196226007339699637e-01 1.258467859337233929e-02 1.644932548059463706e-01 8.049997691190596827e-02 1.918116317098167989e-01 2.404762593294493614e-02 4.155724932701751473e-02 3.177159766195343515e-02 4.280783829898396342e-02 1.485238286839062338e-01 5.548639194470398293e-03 7.115327681841683571e-02 2.992810955778358109e-02 1.423259740686104724e-01 1.850242528537803244e-01
1.859375000000000000e+00 3.166281547454810608e-01 5.773833232723875053e-01 2.946705898696158066e-01 1.493481163335916018e-01 6.551685367904616641e-02 1.540570912562197817e-02 3.303258318934600979e-01 2.024071017224024216e-01 1.157114527358203693e-01 2.026982546515020481e-02 2.440941796337392222e-01 1.037604706463451792e-01 1.513133211953650858e-01 3.224946427399256327e-02 1.879697619256995994e-02 1.305475219727308123e-01 5.078129910993707530e-02 1.204695880438525352e-01 1.004612734544824554e-01 3.598449665789039686e-01
1.875000000000000000e+00 3.167171132253495669e-01 3.206046358836074917e-01 2.085329490446412581e-01 8.042578914331212359e-02 3.385886544227827838e-02 4.315213144089420638e-02 2.485017426541138441e-01 2.279312176829285941e-01 1.071797812059806648e-01 2.071088442084279835e-01 1.347444656035538535e-01 6.994824395822837881e-02 1.102154315757185726e-01 4.462475950271535541e-02 1.379133612251109420e-01 4.706101304330820856e-01 7.729773863557200253e-02 4.858128529109686372e-02 2.378276171229244396e-01 1.518841585948394468e-01
1.890625000000000000e+00 1.940809805510004815e-01 2.309148015998548076e-01 1.782231073548732336e-01 1.615405395270734235e-01 1.079585789758969877e-01 6.308959694632723658e-02 9.662617365486023471e-03 8.345139067080412087e-02 4.520672348354378561e-02 1.330701470612245252e-01 3.831917975713755586e-02 2.714315527461048580e-02 2.318220491387634474e-01 2.124418179654690153e-01 8.176769788825968832e-02 9.927461429019436567e-02 1.260225901136689808e-01 6.733429060399309662e-02 1.361572012775650597e-01 1.273250092288096547e-01
1.906250000000000000e+00 3.195995348824982180e-02 3.371942954181135210e-01 1.675850200614048824e-01 2.212762449671169251e-01 2.581842742693771786e-01 4.575703682626475893e-02 3.096647532954427962e-01 2.344376078582144710e-02 2.103406395059485012e-01 5.491299254776601524e-01 4.270471240595317963e-02 8.364089407213293192e-02 2.459243905117509121e-01 3.478911832390056413e-01 4.743566350761038164e-01 3.065389267190481992e-01 4.519512437092837454e-03 1.248624489129990661e-01 5.192063904377989397e-02 1.558337715582139571e-01
1.921875000000000000e+00 3.326309388972618075e-01 2.212662868404179362e-01 1.297970029051317975e-01 6.381645757623387316e-02 4.851643165348663161e-02 2.168268724091644215e-02 1.467722649521240319e-01 2.116064935574713257e-01 5.169421616873061398e-02 2.332020833661213044e-01 1.039198343004782976e-01 1.366947981646477080e-02 1.708455142553687856e-01 3.338122461683883102e-02 3.407346721035765802e-02 4.464594776195875414e-01 3.526309915179339644e-02 3.018465156884823572e-02 2.365195714248244097e-01 1.140773980285001155e-01
1.937500000000000000e+00 4.476820615755563448e-01 5.810325553938311405e-01 2.734205421015066806e-01 2.130470387903804774e-01 4.919736807927701377e-02 1.810723005151614398e-02 4.383627941200324285e-01 2.897683950852028012e-01 2.016450647693766307e-01 9.991724435497720269e-02 2.397112835223995653e-01 1.328712173460841750e-01 4.874026435435396820e-02 9.852136742961094262e-02 3.063348070840317058e-02 2.393012625355464551e-01 1.411770936032629223e-02 1.348018811482677715e-01 1.225367756916865142e-01 2.981962644168775767e-01
1.953125000000000000e+00 2.328461938312843815e-02 2.341884213443617968e-01 2.358389613369231766e-02 5.157756943545176165e-02 7.683654016968136102e-02 4.332133984128187093e-02 9.502218756809750755e-02 9.115840072359138180e-02 1.822095713254941185e-02 1.499051228033557448e-01 1.055317181501859262e-02 1.765642591770973449e-02 3.940300524203385613e-02 1.573931517280037495e-01 8.095638418724965257e-02 2.603926284952789647e-02 1.328548922291208911e-01 7.403921302974421359e-02 1.165894272486220073e-01 1.295026676707398128e-01
1.968750000000000000e+00 9.448754636680174734e-02 2.811724250431954508e-01 3.809291879518624802e-01 1.307950053224846698e-01 1.810101964421700904e-01 3.647523705942030681e-01 1.061017669246204220e-01 2.222681499120147397e-01 1.443586182723839706e-01 3.760021042890086540e-01 1.153990702357967774e-01 9.937531203049898565e-02 1.690804081826737248e-01 6.595166152039151630e-03 2.279965107455169671e-01 6.656332009979576414e-02 1.022405768167874568e-01 1.556505320344976108e-02 2.590928160967492233e-01 5.097578763873062968e-01
1.984375000000000000e+00 8.019354573948596354e-02 3.729044976077859341e-01 1.773767695975431713e-01 3.742782975331154088e-02 1.966444448759046004e-01 6.698308511053872871e-02 3.126021468820152638e-01 1.334475687728134130e-01 1.313597352815620289e-01 2.642992699551564573e-01 1.383455148743663599e-01 1.778330295336640055e-02 2.064480761745227377e-01 1.138173574828556939e-01 9.597883997101554210e-02 4.674523973875181759e-02 1.451776296412288225e-01 9.484714057724442926e-02 1.455250157297840741e-01 1.715286284877288459e-01
2.000000000000000000e+00 1.692803281989244471e-02 1.582604781813068684e-01 8.082909496036512487e-02 3.195273272434166582e-03 9.734820336751061343e-02 5.327013794147909126e-02 1.183767115356816786e-02 2.492761337676490177e-02 1.095017609755500471e-01 4.167400951522120395e-02 2.257882833716681585e-04 1.504048623219849112e-01 2.230433551303570017e-01 1.383979827001674198e-02 1.802155772937650028e-03 2.091379226475510028e-02 9.291559001881499746e-03 4.190824885370130620e-02 3.869594448335356152e-02 2.858285647176220072e-03
