0.000000000000000000e+00 4.744933528984533050e-02 2.503968489764344177e-02 1.016156383130894549e-02 1.500729886984863287e-02 4.346138811233271060e-01 2.439486009112562179e-02 1.620930561263169215e-02 1.799529562391494475e-01 3.399712424530665442e-03 6.106964276511376612e-03 2.365117015670381295e-01 1.538182710475362036e-01 2.436021100958636054e-01 2.219054223479404175e-01 4.142648323183032999e-01 1.222293666765024781e-02 2.965486757255839101e-01 1.886235632425976583e-01 6.059649166806232445e-01 8.864983720200422801e-02
1.562500000000000000e-02 2.707587824403340920e-02 9.684459037864877329e-03 1.312013674279592645e-01 2.733574010780495667e-02 1.428154210196482254e-01 4.598597504680613374e-02 8.801354314633521442e-03 9.083744079520454651e-02 3.048723696584266368e-02 2.106049780562108398e-01 1.998668150699895729e-01 1.191287282742883036e-01 2.343275677073797525e-01 7.490587634009381046e-02 4.478537337954910380e-02 1.439018055002925234e-01 2.051209444020740402e-01 1.335597811311676486e-01 1.102349451503905897e-01 9.208549021071550655e-02
3.125000000000000000e-02 1.875268373489488716e-02 8.572971529933073875e-02 1.012289178346909430e-01 8.866484101497616732e-03 8.933452626292975873e-02 7.048963706760398573e-02 9.069495024832760488e-02 2.228603389440811031e-02 2.025735032825220702e-02 1.509724533203234964e-01 1.364565093945624419e-01 8.455266226111054703e-03 2.756359341087582515e-01 3.142683219349548529e-01 1.322200054722172695e-03 1.442475429537534437e-01 4.554969648719100345e-02 1.381962826155253010e-01 1.383428263147412629e-01 1.931886959170731333e-01
4.687500000000000000e-02 7.863905098259526411e-03 5.305222823426292145e-02 9.548255592119649082e-02 5.561458887814117388e-03 5.835109438151077355e-02 2.596880520322858779e-02 2.428052335831320796e-01 4.515776811622421866e-02 4.674341549779623128e-02 5.756811452807272106e-02 1.769061283384091854e-01 1.434128330402611139e-02 5.738260665096120774e-03 1.392658133415741184e-01 8.680566649309199093e-03 5.839673783490465647e-02 1.201619247614551800e-01 6.839357842401259935e-02 2.653566485139164932e-01 4.282732618344803344e-02
6.250000000000000000e-02 4.501250727978153496e-03 7.619835741385786246e-03 3.649663424685359314e-02 6.673563118573846986e-02 1.167037041765406347e-01 9.342975295211894404e-02 1.940840834961480091e-02 2.088648645728190256e-02 9.169937712591802806e-03 2.296346389688692924e-02 1.727725547862597744e-01 1.885992362298550412e-02 2.475605205369800499e-01 5.348312718484084238e-02 8.521932246962083670e-04 1.497587179220531001e-02 1.264132732268338950e-02 1.577615139841369862e-01 2.697476967642478685e-01 1.350389842670705887e-01
7.812500000000000000e-02 8.985934453285344264e-03 6.905170189726396457e-02 9.789435922321326755e-02 2.965175035990883640e-02 3.397531394146537376e-01 5.114663777056500243e-02 1.117612381359134321e-01 5.891397385992955954e-02 6.184087796775756055e-03 1.241391629263336460e-01 1.109782991705418748e-01 7.873084079937828217e-02 6.095174087260991913e-02 1.737807740687619673e-01 2.933936456870919404e-03 1.613229108730597217e-01 5.810022804171339345e-02 3.800889141709828389e-01 1.783403774319223395e-02 2.887374573464323579e-01
9.375000000000000000e-02 6.556371163398543034e-03 1.102910522506355892e-02 5.154278664686615108e-02 6.867494136705601382e-02 1.450951808894926538e-02 2.303080498045999291e-02 9.895017195185200343e-02 1.757565637178823692e-01 1.094357042785907858e-03 5.900719076717197281e-02 3.883937058262204034e-01 5.598737368352094818e-02 4.754207648585685730e-02 8.851697716215269074e-02 5.395414108216978200e-03 1.075059378744963184e-01 7.999333965366543786e-02 1.931185016530194976e-01 1.540916929428665615e-02 1.038111699644074515e-01
1.093750000000000000e-01 3.034878962942448837e-03 4.896255311930309412e-02 1.257534676945682717e-01 2.594958272857735351e-02 1.592992895610839399e-01 1.276646982464561819e-01 1.648348944923821169e-01 7.626641402687669991e-02 1.364100413254799304e-01 8.276856233639881544e-02 1.363024711179847415e-01 6.649830901129649002e-03 1.134396466578930646e-01 4.718383097214757238e-01 8.580434429823001474e-03 7.640152267547059561e-02 2.344839627721516384e-01 9.711634182757046541e-02 1.811257498684847381e-02 1.620798777161031601e-01
1.250000000000000000e-01 1.334679177864778014e-02 2.726301896439744729e-02 4.239497315276015421e-02 8.373968429125648941e-03 1.296955914327903026e-01 3.316200311097753945e-03 9.479280294768238635e-02 6.635004605828610791e-02 8.419338603997975068e-02 1.440294738197768765e-01 2.103770337943639268e-01 2.973992688990400798e-02 1.511243693593486599e-02 2.792209453838295774e-01 2.997327450159457170e-03 8.012805960288314766e-02 1.322443374592080778e-01 2.211542171547906666e-01 1.361709267330750983e-01 1.784256848775379184e-02
1.406250000000000000e-01 2.821826055526751795e-02 4.453897464421459687e-03 7.717750440260438827e-02 1.754757594906937446e-02 3.346684664295098144e-01 4.627268736422730094e-02 1.373808953502444856e-02 6.185718400925070692e-02 1.352222918626616865e-01 9.127561847985131427e-02 3.433601769763726663e-01 8.133176340568884499e-02 3.130136315920173384e-02 4.407333423764044772e-02 9.873516204127926951e-03 5.821111820296530348e-02 7.643981784382458677e-02 1.221830499690655311e-02 5.167122012563578615e-01 1.974431341312362087e-01
1.562500000000000000e-01 8.567820850596127857e-02 7.239700164523811196e-03 6.974435011697792397e-02 1.454458134973295874e-02 3.320714614965773470e-01 1.439439012243560467e-01 1.974671635810284209e-01 1.711448017030010177e-02 2.433264070111435251e-01 8.232770872252367922e-02 3.960718281683133779e-01 8.809441992260390319e-02 6.121846587066877010e-01 5.234623470827771269e-02 1.546568639722852544e-02 3.397572931643432770e-01 3.372464456638890606e-01 4.224564864158518174e-01 1.402240792371194263e-02 1.269427920610173843e-01
1.718750000000000000e-01 9.835303175844326007e-02 4.127197286325723358e-02 4.438945418952804089e-02 1.322412066594846024e-02 1.412333293163226533e-01 4.882749917852727273e-02 2.318882839293837650e-01 1.325014471907170199e-01 2.619641564199475248e-01 1.559545053568935358e-01 2.111786692391749987e-01 9.288481563631063864e-02 6.502848888982877273e-01 9.866863810591397499e-02 2.462727321146988488e-02 4.508194902610673238e-01 3.625898351080639181e-01 3.540815616964064216e-01 1.627298495491367181e-01 3.440537676155808189e-01
1.875000000000000000e-01 5.052355469569758117e-02 8.630546690590906733e-02 8.054807315053881187e-03 1.250203866936042997e-02 5.217165106459676904e-01 2.337449046310055567e-01 2.825358052460660296e-01 4.081765664609091765e-02 3.067012527495337482e-01 3.508781623557834933e-02 2.104019080554263010e-01 2.673386182804293743e-02 5.537565119255225682e-02 4.831883894767842746e-01 4.615056039844141200e-02 5.161047496688445646e-01 1.574987163028597204e-01 3.609249361264172951e-01 1.972033286147949205e-01 1.233800401208576952e-01
2.031250000000000000e-01 1.537085542246614256e-01 6.668678235991461201e-02 1.525039038847405548e-01 5.161864890085975099e-02 5.854907026579416751e-01 7.608029361230143894e-02 2.880646648778717456e-01 2.320990552051304875e-02 2.944289406387807784e-01 7.399437983504203453e-02 4.635256479748245395e-02 1.691548847637631692e-01 1.199745517373017184e-01 1.615001534664291527e-01 1.926694434251353602e-02 2.997173929898459543e-01 8.546551535503639496e-02 5.224523306165987924e-01 8.978526739962945646e-03 4.395338947499927151e-01
2.187500000000000000e-01 9.390174983822488150e-03 1.443470340577000799e-01 4.230674419492232441e-01 1.091157840914178806e-01 5.592994554661276929e-01 1.826049440203172114e-01 2.041728765377405774e-01 8.319572065189433097e-02 2.346472620699591449e-01 7.030982979768447827e-02 4.060652702846298534e-01 1.570327037307192586e-01 2.328678046419856151e-01 1.773540511066948322e-01 4.520699094010795227e-03 1.234465716147379738e-01 1.491982809939861876e-01 5.233827212045110144e-01 3.294030910882203012e-01 1.415944281534697313e-01
2.343750000000000000e-01 2.272117263848413837e-02 3.686315212599433622e-01 1.772358477490247886e-01 2.692959005379881240e-02 4.418371266222511085e-01 5.456832211732268179e-02 2.313853374828749032e-02 2.919090288697286442e-02 8.164870007201645297e-02 1.759190023384774315e-01 3.254560153563946789e-01 3.583132317224781427e-01 1.769858714774265318e-01 3.353112874796074921e-02 2.097602680327197155e-02 1.421100103996359720e-01 3.260519370787880178e-02 3.214473037588181925e-01 1.606309217317573312e-01 3.709374071152229946e-01
2.500000000000000000e-01 1.396653539068961614e-01 2.063484458146259415e-01 5.466328971767790701e-02 1.756164358142765503e-01 4.956404260749876500e-01 2.644176474669662769e-01 7.070345690084016421e-02 6.388225417331119815e-02 1.498063581868399607e-01 1.282604839333174320e-04 4.363621406764612853e-01 1.899288494412952888e-01 6.181084282054529616e-02 7.867704910003550656e-02 3.806009502316020504e-02 1.636722364514043571e-01 7.051221016568336164e-02 4.106621481635018278e-01 9.032388648307679291e-02 2.715398545514178807e-01
2.656250000000000000e-01 7.811128342218939813e-02 1.611604063645178109e-01 3.423468938298082631e-02 1.849657026258888781e-01 2.742546512113989698e-01 1.645474751951137571e-01 1.051445690173359176e-01 1.442310999492861789e-01 2.523648648696992791e-01 7.794633659264569832e-04 2.961048560354648806e-01 1.304608206383891245e-01 3.634426349867309058e-01 1.924244504270196388e-01 4.266198756023225486e-02 1.317472060003092582e-01 1.738359434993733132e-01 1.333034199975395850e-01 7.724833243154835549e-02 6.917844489156800558e-02
2.812500000000000000e-01 7.226748465572929714e-02 4.297803162282287648e-02 1.519350008574523458e-01 1.691728498148921400e-01 2.017905182012038612e-01 2.945901414657547956e-01 1.748468033864669924e-01 2.342956623791884185e-01 5.413852221214968119e-02 5.093210505696193352e-02 4.160845512707363886e-02 5.415653284781344473e-02 3.947980977895826360e-01 5.098028544847841292e-01 2.238940155702091317e-01 1.791188529132462515e-01 4.503530510065584802e-01 1.445416427735555231e-01 3.257013699579313498e-02 6.814090364612945816e-02
2.968750000000000000e-01 6.816453423956460311e-02 2.698225787529850983e-01 3.068502023511398558e-01 2.154532467177042165e-01 2.097359454512849053e-01 5.506492120852283234e-01 2.655213416358473966e-01 4.169077241975560622e-01 2.537703650648462927e-01 1.073931329737872337e-01 2.408165299507583970e-02 1.799794628746201330e-01 3.370217163792049719e-01 8.346985958455599430e-02 1.634690553240994160e-01 1.808535536936834165e-01 5.446411690104385750e-01 4.110761169703310292e-01 1.652430609576447940e-01 1.030108625222675260e-02
3.125000000000000000e-01 1.472304518431376275e-01 2.795614641304758341e-01 2.867507764242633872e-01 3.765291555516981914e-01 2.870204684472853554e-02 9.541510475585555928e-02 1.310302458012889970e-01 5.497108758209705570e-01 5.669168352225517626e-01 7.829411334082422846e-02 3.557190373006021700e-01 3.351615645865342885e-01 1.341208829163478555e-01 6.954952822215504371e-02 3.438556928329112444e-02 4.556129977576377221e-02 1.515112713544134737e-01 3.048104505454258262e-01 1.154333420912283248e-01 5.146777968352680976e-02
3.281250000000000000e-01 1.199442329970227261e-01 2.235375568332150509e-01 7.881608019188442171e-02 1.490392190330021849e-01 4.329974692462208556e-03 7.259182381713497056e-03 2.458839234214435510e-01 3.974118836000058441e-01 3.565482821535657099e-01 2.758845811599071676e-02 4.562836300112742619e-03 3.971912028015506246e-02 1.290235768239575975e-01 2.233523411477081611e-01 1.216934799599637129e-01 8.701114764908318353e-03 2.697939295687204475e-01 2.022184059613029716e-01 4.039203084005773409e-02 2.940002359153097433e-02
3.437500000000000000e-01 4.262556636802900673e-02 7.925576185683099253e-03 2.348330135301622545e-02 6.354631515419925658e-02 3.350348259958357139e-02 3.330100059043254457e-01 3.265207855807048531e-01 3.654152663340075047e-01 3.420838256578741521e-01 7.295269627389155964e-02 1.109084217535028227e-01 6.718803315277585564e-02 1.033008938896831791e-01 2.487082023088977023e-01 3.658793195263329578e-02 2.251694212162731051e-02 1.791029873980574394e-01 2.199648257194286582e-01 1.750789734646845952e-01 8.012893925995506761e-02
3.593750000000000000e-01 1.774970498910020261e-02 1.983628229484586392e-01 1.788922498218945348e-03 4.426230839481967716e-02 1.893558711803025318e-01 1.961012373059877745e-01 4.634580948565418246e-01 4.246547517326099697e-01 6.033659315482271523e-01 7.186192741836708309e-02 3.481090932139739302e-01 2.036772817733940519e-02 4.123231925457338659e-02 1.581088416430156407e-01 4.042301597807517605e-02 1.416589561166223254e-01 1.644209481925604510e-01 3.574178751203300197e-01 3.618278832659910238e-01 1.598752294527759077e-01
3.750000000000000000e-01 3.906427378130886141e-01 1.650627830937261009e-01 3.044915311887176623e-02 1.065026165370139138e-01 2.119034070106783629e-01 8.078079040938604405e-02 1.376943827592146952e-01 5.770427002945842654e-01 2.911550848368638089e-01 3.384720809315741510e-03 1.284734557697999879e-01 2.136469222552826175e-01 3.824402581445200955e-01 3.634393780418509329e-02 2.934550758568682527e-02 1.921398553201512536e-03 2.332033959969294357e-01 2.155685679338758542e-01 1.021999666329517775e-01 1.787567591557917002e-01
3.906250000000000000e-01 6.114577913534273435e-02 4.835896074413086748e-02 2.060509288131963934e-01 4.901567508984903260e-02 2.593266817619299114e-01 8.531970420486062467e-02 3.501084464414629116e-02 2.734106007579256703e-01 1.707979415659254263e-01 1.652979923456253386e-02 4.702745108292347154e-01 3.299862726600107377e-01 5.923181171095810021e-02 4.417055580368172557e-02 1.000886034594959395e-01 2.043674793231587405e-01 7.013720328905864720e-02 8.927454766061682090e-02 1.721027357599772545e-01 8.324797444227987828e-03
4.062500000000000000e-01 9.006661234650069348e-02 2.923555452739867028e-02 7.213182517336129418e-02 1.141988765565384867e-01 9.616250402845186174e-02 1.335846361233867519e-01 1.580370238107168812e-01 4.335968278602682531e-03 1.397147659322576785e-01 3.629955398174613407e-02 2.101360780037907217e-01 6.809825852175679928e-02 1.008488892251671598e-01 2.369312947243739365e-01 2.447289208449716751e-03 2.248302315884067801e-02 3.513483929578863768e-02 1.122676205961379015e-01 3.403852592198099436e-01 1.275407271466914017e-01
4.218750000000000000e-01 3.980836433072093561e-02 1.330642530397692924e-01 9.925011910241750279e-02 1.008468500172608057e-01 2.028046368813308797e-01 1.310620633447366623e-01 3.937211289295851346e-02 8.629445014966477534e-02 3.834085766689407371e-02 7.306605289566202310e-02 2.788406234521579319e-01 1.145584239092114764e-01 1.913491213566229365e-01 5.361162987101107946e-01 9.574438947850968940e-03 1.880788007079646773e-01 9.958020640248639588e-02 1.717504321572721135e-02 7.609609746823076115e-02 9.548521736358950296e-02
4.375000000000000000e-01 1.103371458268371900e-02 8.320505805191472093e-02 1.749627514105217552e-01 1.622066748592130847e-01 9.747601399245156562e-02 2.508970867115811049e-02 1.752759889448233382e-02 1.412935475898650407e-02 8.488325786445703736e-02 5.551137333233907567e-02 3.196675228545764469e-01 9.156734938659935596e-02 1.106021844216732442e-01 1.853164613779595127e-01 7.522538395515079857e-02 3.355423496342374579e-02 2.776072093338492405e-02 1.281353409852256653e-01 1.072396009197639083e-01 1.759648573304945299e-02
4.531250000000000000e-01 3.491537137877197966e-02 2.021782189862741386e-01 1.628824773212642074e-01 2.089757576861129562e-01 6.160141946399137758e-02 8.289783751721596650e-03 4.014154175548764747e-01 7.142770112767636570e-02 3.966893944301754793e-01 4.207249130413543564e-02 5.449300000924357096e-02 1.403461384995626782e-01 1.711374852049269979e-01 5.495538471813735809e-02 1.945966032360497023e-03 3.255504535978118869e-02 2.811628525830198178e-01 1.788512110384967990e-01 2.966111823994985186e-01 1.563977040286510245e-01
4.687500000000000000e-01 5.562238634117288444e-02 1.225752339702083048e-02 2.168942984489810322e-01 1.354433687364874905e-01 7.247569987705772265e-02 2.145212522808827987e-02 1.222666485296527161e-01 1.749823276005905981e-01 5.508172636777756287e-02 8.096604204591863196e-02 1.028840231066038557e-01 5.758755481732006493e-02 4.374871622757873363e-02 1.482756895885202486e-01 1.273847107441894444e-02 3.165163604709800294e-01 1.223377970294982908e-01 3.137501887240652376e-01 5.255153152410749900e-02 2.077284961104485794e-01
4.843750000000000000e-01 5.202969799315662613e-02 2.029267859698638543e-01 1.993697035190181988e-01 5.850737173796910495e-02 1.738809041044576120e-01 6.192655447201626676e-04 6.343860189380438885e-02 1.159194258642799735e-01 2.155887849944408130e-01 2.274713225015494861e-02 4.193773876201709050e-01 1.462611263417752383e-01 1.863827355880481595e-01 1.098750718697864559e-01 3.496039172406631423e-02 1.880493171089827609e-01 1.455956705093702508e-01 1.510436853243138089e-01 1.585199409358476752e-01 3.701375982593302361e-02
5.000000000000000000e-01 3.925667632666105661e-02 2.464330454093585643e-01 1.585701562984704882e-01 3.634095085699052402e-02 2.585716386553667534e-01 7.816578057794043577e-02 5.108289017544652422e-02 1.485731550595542627e-01 1.605352041324132617e-01 1.224099644470810593e-02 2.982488309650009328e-01 1.386453077948288370e-01 8.412185276787632893e-02 1.044291003645459182e-01 7.587892369676744672e-03 7.221913170562231643e-02 2.168168742798282367e-01 3.521237203001554433e-02 2.732097342522676331e-01 3.845424460005895245e-02
5.156250000000000000e-01 3.382791029429538937e-02 8.310168762650642360e-02 3.404241809147807302e-02 3.067240731505978257e-02 1.579026101730847398e-01 5.059192109716959679e-02 3.169001282388007878e-02 9.053513155075573748e-02 2.196161135981039014e-01 4.270431176385522387e-03 1.665811342877082102e-01 1.192701575259660363e-01 4.767431177760657335e-02 1.776625711120526085e-01 7.881829763098724753e-03 3.381035451180530726e-02 1.369084993347655099e-01 2.740948120576847113e-01 1.593579019154462220e-02 1.466973075626298029e-01
5.312500000000000000e-01 3.159756352847783306e-02 3.786020270157879758e-02 1.851778155740422815e-01 8.793721719871323362e-05 3.340134732491725766e-01 3.414886766926558681e-02 3.294985738361576322e-02 2.612967746085344267e-02 3.105026160916871114e-01 3.063724243873801236e-03 3.270177527974252873e-01 2.512352984736647421e-02 2.117705406791077771e-01 1.103575429699170940e-01 2.654605178221561626e-02 4.577320240929567269e-02 3.148281713474897214e-02 1.127242640644927490e-01 3.448171530149678476e-01 7.818337968196829857e-02
5.468750000000000000e-01 1.001571389309844663e-02 2.019958499468591517e-01 1.647905104914541008e-01 2.556645357600350558e-03 3.935399982935213203e-01 3.726619799960434725e-03 7.215655523690404916e-03 4.200189529388544812e-02 2.381182558775256017e-02 5.626971879108098179e-02 2.049203862707296708e-01 6.110850237107379179e-02 4.402309411322304911e-01 2.670044751400063032e-01 1.110480917235490139e-02 2.943963620541588735e-02 4.059895105079813077e-02 1.798043548016262372e-01 2.553941943782433999e-01 2.553273396722960942e-01
5.625000000000000000e-01 9.139914515084938528e-04 1.487497269509462650e-01 4.746715894567062749e-02 1.126319881250948925e-03 5.422482276253910438e-01 8.429453376443594992e-03 7.795382952451192227e-02 1.455270159820799547e-01 2.807649568409649743e-01 2.062341555891865075e-01 2.150198609408444650e-01 2.876960523599501884e-02 3.054917650390745476e-01 1.995476436179556556e-01 9.315856447951414640e-03 9.296782232813960434e-02 3.092602864705577478e-02 1.500255043286899681e-01 4.802834529949845388e-02 9.141854848818528959e-03
5.781250000000000000e-01 1.524754269990652618e-02 2.884599603641233370e-02 9.845740271666245103e-02 1.473641134494809530e-03 3.612767910558947193e-01 8.056423208122337476e-02 9.517820474501466343e-02 1.401960082290749365e-01 3.452552968624100216e-01 4.334702024538932691e-02 4.510265762293978464e-01 1.541995403502182879e-02 1.834969204000893792e-02 1.052720135901752535e-01 2.131949085219989742e-02 1.521661031705471567e-01 1.414266799518834952e-02 1.872486058518821050e-01 9.837891313482252653e-02 1.939606784570114748e-02
5.937500000000000000e-01 2.370897778643081197e-02 2.527431210597876343e-01 7.239487204555203684e-03 2.771948135678205943e-02 2.376290456623268432e-01 6.903660636510332120e-03 2.313073507089921654e-02 2.316726336444676834e-02 4.044547109781161491e-03 1.088463756334756777e-03 3.065918288918657031e-01 1.101369740995444130e-01 9.305321105802780157e-02 5.166944355023634326e-03 5.317171280059164451e-02 7.592941170667072415e-02 1.983885091904078607e-02 1.951950760966360277e-02 6.184130934168388105e-01 9.108292875049595061e-02
6.093750000000000000e-01 1.774853110127219691e-02 1.628572658448386168e-01 3.613349707999192195e-01 2.014760855817402940e-01 4.028958468833556683e-01 1.813258418634049185e-02 5.880920753690106056e-02 3.831083644377114572e-02 1.598903275572747251e-01 8.879071678038981397e-03 9.205135425507486591e-02 6.283490185499840397e-02 3.689242181960412925e-02 8.412964837651097649e-02 5.210717262369410352e-02 2.381724971894261522e-01 7.903151408716917181e-02 2.256564935134821870e-01 3.119419443100477154e-02 1.093718210886884395e-01
6.250000000000000000e-01 2.499141645609982351e-02 9.653752643900812003e-02 2.538275626596742107e-01 2.216253272097401805e-01 1.359989568120670012e-01 5.560806876440038682e-02 2.729691107639971998e-02 2.144401234455151420e-02 1.245536355289190468e-02 3.465536102541911124e-03 5.093605093658699207e-02 5.356865067496401067e-02 5.588844848642293001e-02 3.702569408608940432e-02 1.236685395705138836e-02 6.491659338902756871e-02 3.907721183911335577e-02 3.793641093812929327e-02 3.705182877823837151e-02 1.743637091895097468e-01
6.406250000000000000e-01 3.788431504189608556e-02 4.686842315219884314e-02 1.811847014181239834e-01 1.533865171789947357e-01 1.683424281310909321e-01 1.524609108027258873e-02 2.481674886601875282e-02 1.508617337503270588e-02 1.838410521437526535e-02 2.300113838964887303e-02 2.511125933721677361e-01 4.707775374173347668e-03 3.690913058121109841e-02 1.883452610203341024e-02 7.523260585266976740e-03 7.231377469022409743e-02 1.116960880157290975e-02 8.956547920642951577e-02 1.161656683454086320e-01 9.564491058285047587e-02
6.562500000000000000e-01 1.437155048480520496e-02 8.875429551160349262e-02 1.035357229918320160e-01 2.128543176116102706e-02 1.211701643230978821e-02 7.534921745954815953e-02 1.875660661716863423e-02 1.824970158673215950e-02 6.822148572223324381e-02 4.569557565449701431e-02 3.213989287323209543e-01 4.469258722062078443e-02 9.905455870092285189e-03 5.451510492738612795e-02 2.084628321736968493e-02 2.536313341384176523e-01 1.649547494507336634e-02 3.927485874975333163e-02 3.842298630584257274e-02 7.607469209393481757e-02
6.718750000000000000e-01 6.003918763113449616e-03 3.399297129252393940e-02 6.863492830221738783e-02 3.226067451167809186e-02 2.441455362599286305e-01 2.061505338874585480e-01 7.108705777633652018e-04 9.028668856532062748e-02 7.435685431731123285e-02 6.383068619019471868e-02 2.971249003762858054e-01 3.644957872622163475e-02 4.007419674861543990e-02 2.286696192674833872e-01 9.888574941578048838e-03 1.310581941316079635e-01 1.094667783573195080e-02 1.630652557944662351e-01 4.286313066881883849e-01 9.548485618405173903e-02
6.875000000000000000e-01 1.825059432436514301e-03 1.474198176356055281e-02 1.061840146446415556e-01 2.015331881675580528e-01 3.025311667281537775e-01 1.607818957096169565e-01 3.518221857391826829e-02 6.200378236904750817e-02 1.657599288751794922e-02 1.720676014869928772e-01 1.924120879217426916e-01 3.503332969465339924e-02 1.824992479719340088e-01 2.666434036928370110e-01 9.498767634817568278e-03 3.182551835726611655e-02 1.449797947588531317e-02 5.610772229575235887e-02 6.890323229557181184e-02 2.044138102066473950e-01
7.031250000000000000e-01 2.160576375061565128e-03 2.399480587304262183e-02 5.296992755117840151e-02 2.982898025749091894e-02 5.529774118807634364e-01 1.053720368867594737e-01 6.880011616815817632e-02 1.260495267113237970e-02 6.921818830249466814e-02 2.493384961734480126e-02 3.364436795490162724e-01 3.282085149638717947e-02 2.280215296384936474e-01 5.979049589495928629e-02 7.297441052379376007e-03 4.284832655890088993e-02 5.265722309381166283e-02 5.482137617558310166e-02 1.470906698781559441e-01 1.251178965675708299e-01
7.187500000000000000e-01 8.646551945903829589e-04 3.123218405747034063e-02 1.157341681305808778e-01 5.783327275967197444e-03 3.788869685010307076e-01 1.287748263057333920e-01 3.409888339114405809e-02 3.687807537109743378e-02 2.971766321444165859e-01 1.255792516336192810e-04 2.435529548543745038e-01 9.721781720929292825e-02 8.701089381632787223e-02 2.004910887907448702e-01 1.373410826256665600e-02 2.540646154705275203e-02 1.299492407941574279e-02 8.224492356571924678e-02 1.722444705505132012e-01 2.037482148463950482e-01
7.343750000000000000e-01 2.204610144461853841e-02 1.938051218238070333e-02 3.674057045428529423e-04 9.363606649835112816e-03 6.188796191973582744e-02 9.447196094192179816e-02 4.297322508034290278e-02 9.097543671865022941e-02 1.293921522940015001e-01 7.306399935301577386e-02 2.905498930601312368e-01 2.230877297859452657e-01 1.123915746780512898e-01 8.896248890750520916e-03 3.527389508411674871e-03 1.625730359817591231e-02 5.463889979601353059e-02 1.195482670110773332e-01 2.467630354785090296e-01 4.973121793838689020e-02
7.500000000000000000e-01 7.896144621114935258e-02 4.711901909087995444e-02 5.923643452816515498e-02 2.567948874409575408e-02 4.867878694024289216e-02 9.019542080069815893e-02 7.836635760450554739e-03 1.562591241400856090e-01 7.575127341059177677e-02 1.836181055663296466e-02 1.265713155816721169e-01 1.061774316190976369e-01 2.454985449171015466e-02 2.362013869873254637e-03 7.075895533677305053e-03 3.255445882389686185e-02 1.142054870150220440e-02 1.275332920003091619e-01 1.772355054162159937e-01 3.668504911914431676e-02
7.656250000000000000e-01 5.069083160247980779e-02 2.156989671019771126e-02 7.127849063140309638e-02 2.533375552949130860e-01 5.617831230851375035e-02 2.325334747873426811e-01 1.082223308462730849e-01 1.093395960398825251e-01 2.655446760128031825e-01 4.084017719858279438e-03 1.269390732644478381e-01 6.502192610390564176e-02 1.128854164821224970e-01 1.659334285972428533e-02 9.799731008919690400e-03 2.944769647766073278e-03 1.671391442421664777e-03 6.999467218806093571e-02 5.015263728821959255e-01 2.280819540053416819e-02
7.812500000000000000e-01 5.623836905106035372e-02 6.811819854535022811e-02 8.121890623502182882e-02 1.731864900173263333e-01 6.752045191093006271e-02 4.000969355475352818e-01 1.564138825103622843e-01 1.592928740538412241e-02 1.827943987373883417e-01 3.822766542542787443e-02 1.788248309381614276e-01 4.070267068500663110e-02 1.896358678593309810e-01 5.319224713002179694e-02 8.371578648819311824e-03 5.712754644207024106e-04 2.368088165908899603e-02 3.412098282778189273e-02 1.568127019356951035e-01 2.240593432884207259e-01
7.968750000000000000e-01 1.005962351579614278e-01 8.602261817584597181e-03 7.839510915295906657e-02 2.550787014705339223e-02 3.449291527931790113e-02 7.872715060140215992e-02 1.667324365621875304e-01 1.110053936045613254e-01 9.902974868877966255e-03 2.336814562980828527e-02 2.723488586982997783e-01 7.709245695928113734e-03 1.495948898528743076e-01 1.445391396783523089e-02 2.411069393891284232e-02 1.990258890362312655e-02 9.741360619168032420e-02 1.899715524365737929e-01 2.171825567876497498e-01 5.941860913231473279e-02
8.125000000000000000e-01 6.752029558625448347e-02 7.318343484549251488e-02 8.423281382058751821e-02 4.679037871445717450e-02 8.551775707351599864e-02 1.954932468785090249e-01 2.414019923123771338e-01 4.225707644674439600e-02 1.284924127408009278e-02 3.502418540954948395e-02 2.771533771083643516e-01 2.197399658435979231e-02 1.550610786581300971e-02 3.946479580113498864e-02 1.211459598521878560e-02 9.028891190669538491e-02 3.140182630693823945e-02 1.138895036691535967e-01 3.163185474704395816e-01 1.607765982418890016e-01
8.281250000000000000e-01 1.830333058502630825e-02 1.650572163640292578e-01 1.642351780012459850e-01 8.706764032415335863e-02 5.348667307721587383e-01 3.003388577821454117e-02 7.690356931286322639e-02 8.430217928402873595e-02 2.257066251766338526e-03 7.675791373145456065e-02 2.385825924172853829e-01 7.110633371235439149e-02 1.385423737269056432e-02 5.676682266313136382e-02 1.102741502173322334e-02 4.213886051617220241e-02 1.825198543111152937e-03 2.025591479008934451e-02 1.076404945086268938e-01 1.476764711650376816e-01
8.437500000000000000e-01 1.195827570451084114e-02 1.095777402218322920e-02 2.078634202958821314e-02 9.190914981429255948e-02 1.331237088161548177e-01 1.448120367850714574e-01 9.049181550255477879e-02 9.138177886460759070e-02 1.575993098131520803e-02 3.396155514784318652e-02 3.818830237970901598e-01 2.381846924003896970e-02 9.150824981065763461e-03 1.190090441430221024e-01 1.722302970208662923e-02 2.682086840460063282e-03 3.975026442727336122e-03 1.977191284676590305e-02 2.356264897592291185e-01 5.981288815265749931e-02
8.593750000000000000e-01 8.006891916550256186e-03 1.006211470194715990e-01 1.484467483251267483e-01 1.532872691940511678e-01 2.657228187457145174e-01 9.911186909800950851e-02 1.137027005089561449e-01 3.024240758017666952e-02 2.098459007182254185e-02 3.895792533031768728e-02 1.993002711069499500e-01 2.586329445321630671e-02 7.884543135939416081e-02 1.127905065664768780e-01 3.840263147069206129e-02 1.859701030987500128e-02 2.915528404449003932e-03 1.213467147595806428e-01 8.833651405412738800e-02 1.252604574020039496e-01
8.750000000000000000e-01 3.817665435767541443e-03 8.830592200487340226e-02 3.370679873067958243e-02 2.932107590581006784e-02 5.366734014705243361e-01 1.330787485752197019e-01 9.657806126722812134e-02 1.534707960942978747e-02 1.714888876651577132e-01 3.425041080199395238e-02 2.787952924354760165e-01 1.418986258751659124e-01 8.594912835381905702e-02 1.171281209895317331e-02 1.845500399372531838e-02 4.859978581091533439e-02 1.826979812749095905e-02 3.174741974249484927e-02 1.815145660851008036e-01 1.450614717402452791e-01
8.906250000000000000e-01 1.115746514524395758e-02 2.444780054709684222e-02 4.618095787281323999e-02 2.562079277681953912e-02 3.828529390533242371e-01 1.500231729421625526e-01 1.039079149528778119e-02 6.813870021755684403e-02 8.534046510722355372e-02 9.952092542044616713e-03 4.055504099196680645e-01 8.954730050816558928e-02 7.593318684496870585e-02 1.876864282312245419e-02 8.450242491519497148e-03 2.718636251523550915e-02 7.734201548816954132e-03 6.033934659717181404e-02 2.828402069857978707e-01 7.377985863785176124e-02
9.062500000000000000e-01 4.036732556340031502e-02 1.802223215526695399e-01 9.156270666532786984e-02 3.946484727746546461e-02 1.283029954407811091e-01 9.299371376991433236e-02 1.209115111084248656e-01 9.375889941923452875e-02 8.663258940711983380e-02 1.539044425546901690e-04 5.834528580199642434e-02 3.217730828324285031e-01 2.649347617893720377e-02 2.772773957012154844e-02 2.260750459527185313e-02 9.763718613852398476e-02 1.334831022885777513e-02 7.088459370681771121e-02 3.344046134449477070e-01 1.819178121903647014e-02
9.218750000000000000e-01 1.360166309234151112e-02 1.957959100939495600e-01 2.100728143421362257e-02 1.196942327808777663e-02 1.156853216140456969e-01 8.585298887196257667e-02 6.152045388411766513e-01 1.988546265054322998e-02 1.046098656719346570e-01 8.033006024789841881e-02 1.661010342621633065e-02 1.065152411775662084e-01 1.205648114401231263e-01 4.979125734503127287e-02 1.233847285394730764e-01 8.340353991619788021e-02 7.289698470679568942e-03 2.334379352177854416e-01 1.794547698375567601e-01 4.226715331817280930e-02
9.375000000000000000e-01 8.095771798692738552e-03 2.621899180862313425e-02 1.712430775949630099e-02 1.220336098116435036e-01 2.934972829917332215e-01 1.051139097997894206e-01 2.963625742961162879e-01 2.799282350152569598e-02 1.101435344675677913e-01 2.968983029935025678e-02 2.982803340939452208e-01 4.904328593564857841e-02 2.917903821742222070e-01 7.395971640869505870e-02 2.932354099975416697e-02 9.495236573659950052e-03 2.499741678560512409e-02 6.906820069118820016e-02 3.912333557407919327e-01 5.465868155171543091e-02
9.531250000000000000e-01 4.470795070547162187e-02 1.499291402452895827e-01 1.308160759376258324e-03 1.978587691278677063e-02 1.413326111457137435e-01 1.139927651235811412e-01 1.301005194365214279e-01 7.426826062913326199e-02 4.622333105313807672e-02 4.021260723805609311e-02 2.381511107054068155e-01 3.328345568016525396e-02 2.484426562760465862e-01 1.109020655215264273e-01 1.002948794127197629e-03 6.845243082503346677e-02 5.327692364390425143e-03 1.436294755020354474e-01 2.537471598101043724e-01 2.670216020215345765e-01
9.687500000000000000e-01 3.037968087914439536e-02 3.640843156016913829e-02 8.888681121637240223e-02 2.641851647875147202e-02 1.562912857985488679e-01 4.966596317461798027e-02 8.696903430416687286e-02 2.884790480716615743e-02 5.296548175277870918e-02 4.639466003660179874e-03 4.228173772560272492e-01 5.102339972666767448e-03 3.710959693809651183e-02 7.173556263874944494e-02 2.935049871919527542e-02 9.753797497324672577e-03 2.074721288365763763e-02 6.224341985397377486e-02 1.158752307380403468e-01 6.670333987030663270e-02
9.843750000000000000e-01 9.100073868630693605e-03 4.777376077650015603e-03 4.257842187495630010e-02 7.436078119694961019e-02 3.139842781225304913e-01 4.010286227752384719e-02 1.752011673813427123e-02 3.118463952764660013e-02 4.349776100017761077e-02 3.616993970223474682e-03 2.083101877723111672e-01 1.994019067847460983e-02 5.173918956642836048e-02 1.870291676257369168e-02 2.678462871132453529e-02 3.632989487268586254e-02 1.151363362899305784e-02 6.563111557750328506e-02 3.386625494878637843e-01 1.761804105709018076e-01
1.000000000000000000e+00 1.572513387226207732e-02 8.740719692675829114e-03 5.641643887417550907e-02 2.269704488369218565e-01 6.355051079463652774e-01 2.015490140990173693e-02 5.677565655408878253e-02 1.639400602749630786e-01 5.754087290874465577e-02 1.279632540251275652e-02 2.984385225399817099e-01 1.420835808181111250e-02 7.046436192651331365e-02 5.604271460033717622e-02 1.225443787368181957e-02 3.462730602859186158e-02 1.906198965696785652e-02 7.163907362987262384e-02 1.510082334867539344e-01 1.588161121380225194e-01
1.015625000000000000e+00 8.061296034401381830e-03 2.332950161187956339e-02 1.758616020063743374e-03 5.849593550978374884e-02 2.313574337350816634e-01 8.162715746137114148e-02 6.945844376061911796e-02 2.341002509644053986e-01 5.828432340484861890e-02 4.613250977117883296e-03 3.828343298273143014e-01 1.454502235029025807e-02 1.167926982165271715e-01 4.672396705724801008e-02 4.951725058517467484e-03 4.682757210130061853e-02 2.506894163268259552e-03 2.832614614604104727e-02 1.108945846871454838e-01 3.870876465044108261e-02
1.031250000000000000e+00 1.766030631071604509e-04 1.559897868583236605e-02 5.131021853897164975e-02 6.245303064033255747e-02 4.790867213360922028e-02 1.708931775895380090e-01 2.978651700805366731e-02 1.059901443181287262e-01 5.024221033270279135e-02 1.599810140017240284e-02 2.071544101333800958e-01 1.356209468978187838e-01 1.850974795690560337e-02 6.499736782938766999e-02 2.022980590586252736e-02 3.157821334532921742e-02 1.073747774918836921e-04 1.754034135921921783e-02 3.340351763031209065e-01 1.456731990621676076e-01
1.046875000000000000e+00 1.580160939750161961e-02 1.220389084164510800e-02 5.876529106701853383e-02 3.861830836741215328e-02 1.215654423268529988e-02 8.379790792490455012e-03 6.998057271329381768e-02 1.180698898554101255e-02 2.482906918363304849e-02 7.283869150202776539e-03 3.153042531974472595e-01 5.919411320227385004e-02 2.096232079054951847e-01 1.648970233559864107e-02 1.169599734622077045e-02 1.772646059611588179e-02 2.458814872419877906e-04 1.439125049670314516e-01 1.768957807377673497e-01 6.032997888468907832e-02
1.062500000000000000e+00 7.023443570481606446e-02 9.377758761572903279e-02 5.209075213740167049e-02 6.522286959143393237e-02 1.409210770184771977e-01 3.610821514111327568e-01 7.071296157124903892e-02 1.115925637587168173e-01 2.136286452048627160e-01 1.245529583080633683e-02 2.053849363667055727e-01 1.068143572526227512e-02 4.788142371367645755e-02 4.317172830281822138e-02 1.148978197646102761e-02 3.096583353406483566e-02 1.346416346060312109e-02 4.443938573687671728e-02 1.768538644574186025e-01 2.408783481443146357e-01
1.078125000000000000e+00 9.558628583298781067e-02 3.530698141548192087e-02 2.436160519384558340e-02 2.729873000090897103e-02 3.266275106938287265e-01 1.567380202970958605e-02 2.191493831565242134e-01 1.262788717291402907e-01 2.427802023119956243e-01 3.823876122526897320e-02 3.735256416719383299e-02 4.751597317809334864e-02 5.637729120594674875e-02 3.527465774951676208e-02 1.396561342475983818e-04 5.513877287831839974e-02 6.491789086293977586e-03 4.685603757682363368e-02 6.430279008600252588e-01 1.111614995612116713e-01
1.093750000000000000e+00 3.691308459782392110e-02 1.499609261066323918e-01 7.061369843489277189e-03 1.168451172479067872e-02 6.241679604960141681e-02 1.707429449396421009e-02 1.870405029404119124e-01 2.364015540417561678e-01 1.493149639233574445e-02 8.831717963449785269e-02 3.543379607024302880e-01 2.603298881933807651e-02 1.293886210472838527e-01 4.628201880959760539e-02 9.341044674435177581e-03 1.105883736774073214e-02 2.111318970481831925e-02 1.358060274933838574e-01 1.556753937169723379e-01 1.191298502628482248e-01
1.109375000000000000e+00 3.894062578408767281e-03 6.132432307146390080e-03 9.038989785572177499e-03 1.804031406917552469e-02 1.480441706143102998e-01 1.424654563802917225e-02 9.292717239856009004e-02 1.393616470143316521e-01 1.086410567380448680e-02 5.909770781021468633e-02 2.563747167009354788e-01 2.674872898470039700e-02 1.358973604329644091e-01 1.965402868422401819e-02 1.804825496443231495e-02 2.839745500974869691e-02 1.247690149752511690e-02 1.065778048867024701e-02 2.773480964402507687e-01 8.615275856115774122e-02
1.125000000000000000e+00 1.362296397066410387e-04 1.191263454718259202e-01 3.604113901490128835e-02 1.169998924010835252e-02 2.986082786510191323e-01 1.024737090726412225e-01 1.550191878036858706e-01 6.712427195731182628e-02 6.056995243682597452e-03 1.926301025871288153e-02 1.565709315236607224e-01 4.852797784204253978e-02 2.837066585634625410e-02 1.867009907234080815e-03 1.971124224178543577e-02 1.828096945451950298e-02 6.192467477827845977e-03 4.549192791125196422e-02 2.422168641878635065e-01 2.610637543476189149e-01
1.140625000000000000e+00 4.153019651068056220e-03 4.446769443785893866e-02 3.252489481169932445e-02 6.574517670200219488e-02 1.004099034367410548e-01 4.412111877231974372e-03 3.839511289455195802e-03 5.972841623091031810e-02 1.523226958545613810e-02 1.059676149972879206e-01 3.733523823671338060e-01 6.494471709148482048e-03 5.546339696109829631e-02 7.045092033416454347e-02 5.059122754687986681e-03 3.464106098707258469e-02 3.706366858581030491e-03 9.533885628801680445e-02 2.052869125604669109e-01 1.317601687577087399e-01
1.156250000000000000e+00 4.376710038259635366e-02 1.236927608486025100e-03 4.895151018146831623e-02 2.070231569000031413e-01 7.874968857176473103e-02 7.261505928797833131e-02 2.198029001418851797e-02 8.122941668748325655e-03 2.535043863486966670e-03 4.409255611033252586e-02 2.754515965019563861e-01 3.782570792284130345e-02 5.523554114126045383e-02 8.268386275336747637e-02 2.255775978609499220e-03 3.544669561415061260e-02 3.324088884448212367e-03 1.273042798188050474e-02 9.525568226681700723e-02 1.242916668737683722e-01
1.171875000000000000e+00 8.822897515504914481e-03 5.266003211926054833e-02 3.221405611022298138e-02 9.362072285642815406e-02 3.882035382101226562e-01 1.936935823007668658e-02 2.241016429897922657e-02 2.879085109167947229e-02 3.578011691499424080e-02 1.758433190802617674e-02 1.865735452862767041e-01 9.903392440352272452e-02 1.580307522688525340e-02 1.116988297811234709e-02 8.900124930970115811e-03 1.670774608856658711e-02 6.522952692916352165e-03 1.266731232932365170e-01 2.969770174187178480e-01 1.554537856714310606e-01
1.187500000000000000e+00 1.591162240635333319e-02 1.054437470061256737e-01 3.954721305514596191e-02 3.221142923875388447e-02 2.562482078651162620e-01 8.215107205884215197e-03 5.179291780717202621e-03 2.162596209595818268e-03 1.004569775875143178e-01 3.001451556658217903e-02 4.318790396792178132e-01 1.106033398555819752e-01 8.587484359295011194e-02 3.387044097803599500e-03 1.453713162512955751e-02 7.494915308704385402e-03 4.943005168442430458e-03 7.883773059777565706e-02 9.241992282338824805e-02 1.146235793736105762e-01
1.203125000000000000e+00 8.337153277079757674e-02 3.692571718589254034e-03 4.068421553813560999e-03 4.609708604621337580e-02 5.950134315928509721e-02 9.205854750408597534e-03 4.012085164132789261e-02 5.364723124218195166e-02 1.144357753252066012e-01 6.382731889658817270e-02 3.413154418290388903e-01 5.233437697837390462e-02 7.220697486792139463e-02 2.397801120687103812e-02 2.180581110639974625e-03 6.105434721246131256e-03 1.085585541241641154e-03 6.841757458468071540e-02 3.360593362411755103e-01 1.418270628358527241e-01
1.218750000000000000e+00 1.387566945618087799e-01 9.941073090374182020e-02 3.303703625563083474e-02 1.264546384373198828e-01 4.211425904371678131e-02 1.097044009939502768e-01 1.270309841888035141e-01 6.280965645484157256e-02 2.020421331154522576e-02 1.030990998502072931e-01 3.638397064889640348e-02 1.654525680407603963e-02 2.518339368313582405e-02 2.282863911231932351e-03 1.052058940962271108e-02 4.177566828762264983e-02 1.769079600346322358e-03 3.477123836941208544e-03 6.162328747761032233e-01 2.015889676057874835e-02
1.234375000000000000e+00 1.616205157091130107e-01 1.197041923389787904e-01 3.112731940160174890e-02 1.667324471963595178e-02 1.043647027784223302e-01 8.118935265901991438e-02 6.258276953641691565e-01 6.947153654249030308e-02 8.035152599730527312e-02 2.341841579561905473e-02 8.854191277950680672e-03 9.532197365726471916e-02 2.614503920632941722e-02 3.708621057146992833e-02 1.873489293900567343e-01 3.746392273154493524e-01 2.482190407228646316e-04 6.012319141000884055e-03 9.529822175611461429e-03 2.497619625139117436e-02
1.250000000000000000e+00 5.027957602144000893e-02 1.652806088473948720e-02 8.384337108033089458e-02 1.101830028578788812e-02 3.077647090586468348e-01 7.241931805660423160e-02 2.366593400448089302e-01 6.522563898219867727e-03 2.986329461973257632e-02 4.403146137655276904e-02 1.796172882387354341e-01 5.389234602024098320e-02 4.367167829205864660e-02 5.979543289189067148e-03 1.332839251864673669e-01 7.811696614376741066e-02 1.094840139994108022e-02 3.273404994996084814e-03 3.378596332972549909e-01 1.034605504667568954e-01
1.265625000000000000e+00 1.167971097750125295e-02 1.853261000068364903e-02 9.780979574229081708e-02 3.528360832463191266e-02 2.133262899175475125e-01 1.404817860012687152e-02 8.941794622558928152e-02 6.940177258177306074e-02 2.403989322096134265e-02 1.217913112842530614e-02 4.190212478406032948e-01 1.904468268850142976e-03 1.169638060162649235e-01 2.940481701634619152e-02 6.270047318241332539e-03 2.994824168007017076e-02 1.735556082316453558e-02 5.228967118229436994e-02 1.345643232237940523e-01 1.135274439461138735e-01
1.281250000000000000e+00 1.940976622915216790e-02 2.543933254186254295e-02 3.923329471856818601e-02 1.134339002776585392e-02 2.591965979510858498e-01 1.363818165438685504e-01 9.489631177462500011e-02 2.252486680899611418e-02 7.632797903899538744e-03 7.796918980379699549e-02 3.162608974095327263e-01 5.379599450869670257e-02 1.419588796587894185e-02 1.717517985370212441e-01 1.966273027430422149e-02 1.201475359226888799e-02 3.631972653559352449e-02 1.396334201841553657e-01 2.160420111536729970e-01 6.790042845818430872e-02
1.296875000000000000e+00 6.425855443228332790e-03 1.704718502220898364e-04 3.002462706746028206e-02 1.127269710937295333e-01 2.724078460573383098e-01 5.663358421699441619e-02 4.283262553915360982e-03 4.134906419089919710e-02 2.461827081745166304e-02 1.924598240541671931e-02 1.523352459267228176e-01 2.275498901782451247e-02 3.440222205252287807e-02 3.445243092024206921e-02 2.388071198901477524e-02 1.149249299006611241e-02 9.744099969978246151e-03 5.347322628159053431e-02 1.827661605023304381e-01 1.898398727391555907e-01
1.312500000000000000e+00 2.075280693019001046e-02 4.462605873529931766e-02 1.246349593890900762e-02 8.393664994169813820e-02 1.141841753985849660e-02 1.733599925357315677e-02 6.660476052411712367e-02 8.442484003742057111e-04 1.238510895480892694e-02 1.481916109969487645e-02 3.954724353675098114e-01 1.624677647684304171e-02 1.557889469725085713e-02 2.549974073158212118e-02 1.825583484513417301e-02 1.028019950660666836e-02 3.584779711264752134e-03 5.888209827491661108e-02 3.999313156798567359e-01 8.680372157851300174e-02
1.328125000000000000e+00 2.429865407148688525e-02 2.269107794421719795e-02 2.394648845443849566e-03 6.998406357172323733e-02 2.459608650866561552e-01 1.182662822525559244e-02 1.053574450003416929e-01 1.843155483417892593e-01 3.540793440965719907e-02 4.587012606806843695e-02 3.510233113224265900e-01 2.824211130532184449e-02 8.299538568571150632e-03 1.448348825140814179e-02 6.418188719093515654e-03 3.179804484724426533e-02 5.392626290388800869e-03 9.640972767195081505e-02 3.673215491107893749e-02 7.948743722275380952e-02
1.343750000000000000e+00 1.723311538180433752e-03 1.622737626538005989e-02 3.144860391719758036e-02 6.542129757803372136e-02 1.301526578414404778e-01 2.610460435073381699e-02 1.405327418046249388e-01 2.170881961260674453e-01 4.899771375550773106e-02 7.904756560161535495e-02 1.482582331520380658e-01 1.271885603818610246e-02 2.075229402658669009e-01 5.925599951393283049e-02 1.648964958696019084e-02 5.164190998667357591e-02 8.606698938375329563e-04 5.436195090532595746e-03 3.710176996309795250e-01 1.175474702587331333e-01
1.359375000000000000e+00 1.666891870406773946e-02 4.979558774989781972e-02 4.542724042748623806e-03 3.514030260553864526e-02 2.346479194149556635e-01 1.022972562922716266e-01 1.884417122505828990e-01 1.494653604150606718e-01 8.744653805149615877e-02 8.634464603135433292e-02 3.851344587814325982e-01 6.032227930672277166e-02 5.286754070746917111e-02 1.279604768248509827e-01 1.960132662299466852e-02 7.160151356802065339e-03 8.161430229520199187e-04 1.466624073315163021e-02 1.804925590339505892e-01 1.450874242028782624e-01
1.375000000000000000e+00 1.808249187723737217e-02 3.246090721426435344e-02 1.544836710333798435e-01 5.721008781871116111e-02 2.288578120141816497e-01 6.498359103272895176e-02 7.714573679157021857e-02 1.762745315418671188e-01 9.724509446076903818e-02 2.649658280338088186e-04 3.286826786541552359e-01 1.186843241350238470e-01 8.074990823457773746e-04 1.009081266286560030e-02 7.675299049726592646e-03 7.696179421587817648e-02 1.904600698803255712e-03 2.910027480243554399e-02 3.534130619300930309e-01 1.711637047590812699e-01
1.390625000000000000e+00 1.821290254337691941e-02 1.987645595957731881e-01 8.556767991203480250e-02 2.898303759311170458e-01 6.762461973801209281e-02 9.947010419349663901e-02 1.858164201264649595e-01 1.210594866019901045e-01 7.652431315728949746e-02 5.416439699192189712e-03 1.184624291626481252e-01 4.651156957595774244e-02 1.785688435476448163e-02 1.024649232934124292e-02 5.024863398337356402e-02 4.961054987193448673e-02 1.073483370542111133e-02 6.195383787662331679e-03 5.101890758171726548e-01 5.550421954980599287e-02
1.406250000000000000e+00 5.358047249869392868e-03 1.916162702778855323e-02 9.575634662947669386e-04 3.178517522221524505e-02 3.839425707328993354e-01 5.287065706055920494e-02 2.141723846329481387e-02 3.574213813756924041e-01 1.641598552721432614e-03 1.041058682350210485e-01 3.834237141787492642e-01 3.598925779332760172e-02 3.736395413610495153e-02 4.095749506788545768e-02 3.243168535498075489e-02 9.642543243736340086e-02 6.391229577546321539e-03 2.840689070673177094e-02 8.393285656167494280e-02 1.819271168494581425e-01
1.421875000000000000e+00 3.782095766356708636e-03 1.616399726255022401e-02 3.972885187782079081e-02 1.853434083542463209e-02 4.770032218087809361e-02 3.877499726207722392e-03 1.078661517721287710e-01 1.189705761781089249e-01 3.391978556781229115e-02 3.824841067107627446e-02 2.064884514501911794e-01 7.554942694496820377e-02 7.371620658260999437e-02 1.524501609166359628e-01 9.212697226970805592e-03 1.014417927591888639e-02 7.737984589893725715e-03 7.425830439128836002e-02 2.195594651150437060e-01 1.176720722734054814e-01
1.437500000000000000e+00 2.504034874086574769e-02 4.181481648468916151e-02 1.835274935211874542e-02 3.729584799133294631e-02 1.081126911570932936e-02 3.177283615460126109e-02 1.169995133147713751e-01 5.862059493266711524e-02 1.223901727186604144e-02 2.759921085974647789e-02 3.134466750223414144e-01 2.921912160409478321e-01 5.675467749563446740e-02 3.197493688265685974e-02 4.713655545408029258e-03 1.548512964282447620e-02 1.049619949732190881e-02 2.695452449199745373e-02 1.374034509423877892e-01 1.015862761157221295e-01
1.453125000000000000e+00 7.593800137118242484e-03 1.127663336737374927e-01 2.230270422220556603e-02 1.162413095529853287e-02 3.374340867514426939e-02 3.612643642204362016e-02 2.774209034326404269e-02 6.670014119025079180e-02 1.460770344727244097e-02 5.104166652553929207e-02 4.184621591465533808e-01 8.708665708811277884e-02 1.502769914517333716e-01 3.982848930758207950e-02 3.670820281224977319e-03 2.499473398142223676e-02 6.494524372557966899e-04 7.628904282497764311e-02 3.229375077607793409e-01 4.808816039838387235e-02
1.468750000000000000e+00 2.783225932979537659e-03 1.912410025229227149e-03 5.636924151984227388e-02 2.911169848885990924e-02 1.265819917991938513e-02 4.943514088251450833e-02 6.648193278905633122e-03 6.443109075725775292e-02 1.469931856498802106e-02 6.683530501236266408e-02 2.162069264078558262e-01 1.193321785524834311e-01 8.412437907559972006e-02 2.386048252790027788e-02 3.954309771982409023e-03 2.190082568635634899e-02 6.293799344255386879e-04 1.057482699345850263e-01 3.576697081235650361e-02 1.722765173356443913e-01
1.484375000000000000e+00 6.977464498859367592e-02 3.915242850578742190e-02 3.815515648063228307e-03 5.232475560488140942e-02 4.945389110532793370e-02 3.672726899400430983e-02 4.772562006193732664e-02 2.761549207011157817e-02 7.914161032490064918e-02 4.021406792222140952e-02 3.361977109861971624e-01 5.103818341344613929e-02 1.066696054675321803e-01 8.335028503657551657e-02 7.211152852377915833e-03 2.379222193410077124e-02 1.754245614983276306e-03 5.640271614377996567e-02 3.419425715135783750e-01 5.357725967828203678e-02
1.500000000000000000e+00 6.819569482304671526e-02 6.184787146842467623e-03 1.397049207274971838e-01 3.814103531370728606e-02 4.224642841729888548e-02 1.435217603586906865e-01 4.017805244282066784e-02 5.706646206794781934e-02 4.199908220571080264e-02 8.293798299919620531e-02 4.094749486233836833e-01 1.058271287663438281e-01 2.277212022621063203e-01 1.748553802699440718e-01 3.004140464421562601e-02 6.491780721935020391e-03 1.421040186179188753e-03 4.349418220905251070e-02 7.751246630232434820e-02 6.395627390347355390e-02
1.515625000000000000e+00 4.381274939064495194e-02 4.156798732197655027e-02 1.165289731505874116e-01 3.171455239076891724e-02 4.407155859822665944e-02 2.513080825648410579e-02 2.025381060271713163e-01 2.756305254606781011e-02 8.503165360625312974e-02 2.569962917017804428e-03 1.609577096982291178e-01 1.493974317735938251e-02 1.117267135485633250e-01 1.074315525926993337e-01 5.137400024561621786e-02 4.144065139641729331e-03 4.830279911121969469e-04 4.719916867902284457e-02 3.473419750327355060e-01 4.790327067349664514e-02
1.531250000000000000e+00 8.028967041608481119e-04 1.045872036772006741e-01 4.433900413227915421e-02 1.913969560919622503e-01 1.539502087482927106e-01 1.578434070334656658e-01 3.444787288344395293e-01 4.525127555780095873e-02 8.016228728871871434e-02 1.064345675068953390e-01 2.240738981907231323e-02 1.201962626637650099e-02 1.990062144078088777e-02 1.954040734686872741e-03 9.929743351209597418e-03 5.392291807046408619e-02 9.859577276827317320e-05 2.886926674854602831e-02 1.215930800329546174e-01 5.168787554752342361e-03
1.546875000000000000e+00 9.807813902178040902e-03 4.709507417173228738e-01 4.976882109342473798e-02 2.237588809311457094e-01 9.736281334207068372e-02 2.367886320907486575e-01 2.802936117721975817e-01 4.445931980629187069e-02 8.822848667190902328e-02 1.127961708336799353e-02 4.103700522440000692e-02 5.943733975202660641e-02 6.283160724149380871e-02 6.875288539130070030e-04 3.701571973174141994e-02 9.564439757887968629e-02 8.808034823037640820e-03 4.458725640744964219e-02 1.667436456976201520e-01 2.444357302473527949e-02
1.562500000000000000e+00 1.629008473908229865e-02 8.441145559928402153e-02 1.777341736727177657e-01 4.985057354135127849e-02 1.479463847065299875e-01 5.637084243783962306e-02 1.733026860829077476e-01 3.359682597279739242e-03 6.284689809455643039e-02 4.459257065773851447e-02 2.657894311502294604e-01 1.051583680539128207e-02 1.044144386070340602e-01 7.275734345294154748e-02 4.427921442574903749e-02 2.294498108587858607e-03 1.194534729026618634e-02 7.459647290113290141e-02 2.676577596636177669e-01 1.412739662388201867e-01
1.578125000000000000e+00 1.804376435669296716e-02 1.314090961109553018e-03 3.480084670786832285e-02 2.396674131177454342e-02 2.344599303411089020e-01 8.489976566495981147e-02 5.265327747412224674e-02 2.073945037176654071e-02 6.270342758918259762e-02 1.008396419432144777e-03 4.183243061867111812e-01 1.031594632704156515e-02 8.795660502179907317e-03 1.093759557438968022e-01 2.700658074251164470e-02 3.975258868396217005e-02 5.058566290922356101e-03 9.294866598677729852e-02 1.216462501749992348e-01 4.369089773282751332e-02
1.593750000000000000e+00 1.964682184874252599e-02 4.509490519168064121e-02 1.745592385590257478e-01 2.799616485109530581e-02 2.597086392642883323e-01 1.765836325526350670e-01 3.934301813529837710e-02 9.150997234830239579e-02 7.408059053733301487e-03 5.958889248283767703e-02 2.281402769975987010e-01 4.835193898182793548e-02 4.791786451844658179e-02 6.492718497334530603e-02 3.409343250631282230e-03 3.173588505301327273e-02 1.353230001832856494e-02 7.170266338510307425e-02 2.547544697631752286e-01 1.058055204085572298e-01
1.609375000000000000e+00 1.850024803188406175e-02 2.127314739527835438e-02 1.411303352802271427e-01 5.523278748899049934e-02 1.102390906860166719e-01 2.247434678146930931e-01 4.992017768565355090e-03 1.231475785532022138e-01 2.468083839244505744e-03 1.171425564839415762e-01 2.723637859053830712e-01 1.735484913756232261e-01 1.639163953557215003e-01 4.609456932775631705e-02 1.886552877416450627e-02 4.716135068733440933e-02 1.361050521209852641e-02 6.041613951333060090e-02 8.640807080153870001e-02 1.514264353989886180e-01
1.625000000000000000e+00 1.235748621067576589e-02 2.663501572595222341e-02 7.166095016513640559e-02 5.143559769592982028e-02 9.362276718314764545e-03 2.730031849638031027e-01 1.543669520875714379e-02 1.292678560314368397e-01 1.090773596174008167e-02 2.972006692429638927e-02 4.171912779491067091e-01 3.379553027982440394e-02 9.034185179189037351e-02 7.411825300246513426e-02 7.151534951592074425e-03 3.670024084943518394e-02 1.554518361186365757e-02 3.516877992479008896e-02 3.327931294509347548e-01 5.655696469315871916e-02
1.640625000000000000e+00 5.665177456810942952e-02 1.494752470028193614e-01 2.683427836621049001e-01 5.051599322022415177e-03 5.642814344195724169e-02 1.519775614538848574e-01 4.874639945149035480e-02 1.979498296428636520e-02 3.055196890155902067e-02 5.841486197934369490e-02 2.177743960312648885e-01 5.515120721492778808e-03 1.032281737850842748e-02 3.802386808511054039e-01 8.828806817312007376e-04 1.661766098226399174e-02 1.251302177539023730e-02 6.285983050951785001e-02 4.643382081592644511e-02 2.229502330938114285e-01
1.656250000000000000e+00 9.940286229916160676e-02 4.553236445894223890e-03 5.603399161329647438e-02 2.265390624334911313e-02 8.157765966619397180e-02 5.241161180099329631e-02 4.436438577875144451e-02 4.253432309973372016e-02 2.097682182455948372e-03 3.496875697787995424e-02 2.822316560308317790e-01 1.140308434388573322e-02 1.058582064069214096e-01 7.676623009848378143e-02 6.612204591630291631e-03 7.691717912884977505e-04 2.384282043627502482e-04 8.024949479479631664e-02 4.421110899186868615e-01 1.477734390986322199e-01
1.671875000000000000e+00 2.586348671180287856e-02 1.621932694879719417e-01 1.633781754677371412e-01 8.143909112065713871e-03 1.056894420317926742e-01 2.019168987310770436e-01 1.857076141432356942e-01 2.211668703337561076e-02 1.395661525343876996e-01 1.239065018944916080e-01 2.779256709651218848e-01 2.353409146509088598e-02 1.156146441015592913e-01 8.385238071057994277e-03 1.076331917898599166e-01 5.797719928411999152e-02 4.698477195966271479e-04 1.807438449082184387e-02 7.321229695315108199e-02 3.340636594736443032e-02
1.687500000000000000e+00 2.691389926554328682e-02 1.557233834265945582e-01 3.257177963728102171e-02 1.036117203408230686e-01 1.623751901267790898e-01 3.015199992482585079e-01 1.822851220455878885e-01 4.630901613808175062e-03 1.695318582364434001e-01 5.388823970505979971e-02 9.897807689268553477e-02 6.416846991199955802e-03 2.234968102647517940e-02 6.852680585597542562e-03 1.424199964268682561e-01 1.340673827281428088e-01 2.391832573505747124e-05 5.179028952964982030e-02 4.311422489249402967e-01 1.822255418727103393e-01
1.703125000000000000e+00 2.992442013830987763e-02 8.418160793473500325e-02 2.853235166392725231e-01 1.605207740380749093e-01 3.920335214090262532e-01 2.657358551501730615e-01 2.282326317609514044e-01 1.104697634564590497e-01 1.149881553240107712e-01 9.895441980971698970e-02 2.786168431983602201e-01 2.301284639166433291e-02 1.470733719817287830e-02 2.201254264769768321e-02 1.825983645662713345e-02 7.017043614102440319e-02 5.253009109617228813e-03 3.579960130745506869e-02 3.777373176542757616e-01 9.524150976069802044e-02
1.718750000000000000e+00 2.361017845289661160e-02 4.136028246810216635e-02 1.453291454276774142e-01 9.200925454016167793e-02 3.131681387625700475e-01 1.432786421022274603e-01 1.900085017377320384e-01 1.712990418399727710e-01 5.780762616039512164e-02 8.096315741365758475e-03 2.159379775971409232e-01 6.045688247307697341e-03 3.076827276493763683e-02 5.851348848550791404e-02 2.287065434724223911e-02 6.171854181462281888e-03 3.016139330664413965e-03 5.194687980375983782e-02 1.651853047321020507e-01 3.458691536677173384e-02
1.734375000000000000e+00 3.830962033015330309e-03 6.411209337470974434e-02 8.577995240739866301e-02 5.396883167351472499e-02 1.966615688687977648e-01 4.735139934150515706e-01 1.295528577961942984e-01 1.971362388169417834e-01 7.148299916690153966e-02 1.046307273915149383e-01 1.925174101508289048e-01 2.638540137175180919e-02 1.092328079186039372e-02 1.231235642031058286e-01 3.160595768958925078e-02 5.074876415314322903e-02 1.506105602937710120e-02 1.031916331699842954e-01 1.990122330355770519e-01 1.410261020329379167e-01
1.750000000000000000e+00 2.809821031065696129e-03 1.059309947052708423e-02 5.381206969499621046e-02 1.088441403192657031e-01 1.783016194438452606e-01 1.853172384369202452e-01 8.341360256364609149e-02 1.664283160084420177e-01 5.867394610763816687e-02 7.849826082292343798e-02 4.164606723971674418e-01 7.164431643062880994e-02 1.128132151212989098e-02 4.633025670110303695e-02 2.072427560988185022e-02 2.524311462897419183e-03 5.225279439519026417e-03 4.928268494033215263e-02 1.775147332761360941e-01 7.534976811698562704e-02
1.765625000000000000e+00 7.293022854379601488e-03 2.871547251478314550e-02 3.845471924159730992e-02 5.539923144232243579e-02 2.320839201782883277e-01 3.874838091108904203e-01 5.384922933613855989e-02 1.988086628283468882e-01 2.448478663521206841e-02 2.372931377913401266e-02 3.119066246712630108e-01 2.079163671876968211e-01 8.110934395670506281e-02 1.500577396408207809e-01 6.961673702972816929e-03 1.330461076811332091e-02 5.446293975791684054e-03 2.640745661777625652e-02 2.990123550542684305e-01 9.421855162185960308e-02
1.781250000000000000e+00 5.449005186532018818e-03 3.552869297606985749e-02 2.245825003531505271e-01 5.781397602613125991e-02 1.041436992828860542e-01 2.234539771064154856e-01 1.554552837561578270e-02 1.832315307507534699e-02 5.411329399282812855e-03 4.773945095948478601e-02 2.445568504331178949e-01 1.192919346264886132e-01 1.004770588585298004e-02 2.153934781738896520e-01 9.362185469437732041e-04 1.278776026436073340e-02 5.452555804342290244e-04 3.168247448912919068e-02 1.188484495392668205e-01 2.098423850453326189e-01
1.796875000000000000e+00 3.138334868456669428e-03 9.603757307253901754e-02 1.600612236909580710e-01 2.308939033642600294e-02 3.215183385588897547e-02 4.246294157778415790e-01 1.149575657826323698e-02 7.689293573379720479e-05 5.801271954797836833e-02 9.273346385673177095e-02 2.904172458864060502e-01 1.046961926252413036e-02 1.301100996837493140e-01 4.169144565183030560e-02 6.855432901586297652e-03 2.032589628717711150e-02 5.082162726182757467e-03 1.177843291594700553e-01 3.057155877630227669e-01 9.514965422768500991e-02
1.812500000000000000e+00 1.609713369861269852e-02 4.017643066973691779e-02 1.655682925663841953e-01 9.981058243752335274e-03 8.752907644662884235e-02 2.808401034472690627e-01 5.964473865301896799e-02 3.984956796548624197e-02 7.006203360260011836e-02 5.337979485486522152e-02 3.362701179581182864e-01 2.024506752459232298e-02 2.399669705378837045e-02 7.196256916251235480e-02 7.028507690132182115e-03 1.835537515794386301e-02 2.578635168887480952e-03 3.750648449356733249e-02 5.742804370884916493e-02 1.351956818924815451e-01
1.828125000000000000e+00 1.162059810269233662e-02 3.282672139405741762e-01 3.928671920765033354e-01 4.864756313022209011e-05 9.164588424636165020e-02 1.202016791304820892e-01 1.603929067602345160e-01 3.024268533426133221e-02 9.003727842750222643e-02 3.398102986725650559e-02 1.097359172191804400e-01 1.364285891679969075e-02 1.571199270719212185e-02 4.996062492093211044e-02 3.044413463084042273e-02 1.785096822304922115e-01 2.640318472065517527e-05 5.227883175285444328e-02 2.345696738090119193e-01 5.534030391185042197e-02
1.843750000000000000e+00 4.036304942664966505e-02 6.641818450203298974e-02 2.569499583161947293e-02 7.313004022669236659e-02 2.416258916828434647e-02 2.439851034501979155e-01 4.045707584368303800e-01 2.274782416591064893e-01 1.749078666191488940e-01 4.220552643772667450e-02 5.026723643138100370e-03 4.911357538825167346e-02 1.506484604507873047e-02 5.613776078500516860e-03 5.260875759846911359e-02 1.970777744485469329e-01 4.523411908639973344e-04 1.479646306123544586e-01 3.223272422892442968e-03 3.361029415906859052e-02
1.859375000000000000e+00 1.337657196221409828e-01 2.382377584456980280e-01 2.394472991218294516e-02 1.072665848479197187e-01 1.019587441468328831e-01 3.536545818087937221e-01 3.396167717629675620e-01 6.826215500791847635e-02 1.727931637777063156e-01 3.324879653069461732e-02 1.174213043397492884e-01 7.319808218745045211e-03 8.109659468831386872e-03 1.216650272495694574e-01 8.692552555736001363e-04 6.047803096546797152e-02 1.831170655425512278e-03 2.008980808627590098e-01 2.350439766147821852e-01 7.502866097602850504e-02
1.875000000000000000e+00 1.380170344873531477e-02 3.666639209983641595e-02 2.010959045555482383e-01 6.431293930404223536e-02 8.151119579094563694e-02 1.294090040995928836e-01 6.843062193848151176e-02 2.606542262843671021e-02 1.517623006140008390e-01 1.127550364777958336e-01 2.444660003949540028e-01 2.206138807453230516e-02 1.670232823159931157e-02 4.280344780365198665e-02 9.078497634509824499e-03 5.472435200826251261e-02 7.758300570120942735e-03 1.242187754912819631e-01 3.034087626820904382e-01 2.039969115006493861e-01
1.890625000000000000e+00 1.706742003949496267e-02 5.648642082530000441e-02 3.813768569064514002e-01 1.096571374510899380e-02 1.944221905165537945e-01 3.569893397729104745e-01 5.501085117392788375e-03 1.759586222981409376e-01 2.580840113462473107e-01 7.524536600312259349e-02 3.124792416656659300e-01 1.578014610988601879e-02 2.410654304578501925e-02 5.305290233053379378e-03 5.771275162659443396e-03 1.393169899268719911e-02 3.314762785417770061e-03 6.150410411399872407e-02 1.610567377527178656e-01 7.411954544810038514e-02
1.906250000000000000e+00 2.201239678860520202e-02 1.119203310964845682e-01 1.830837202593713076e-01 3.418916575270712632e-02 1.163828837451228865e-01 2.965388090292263024e-01 1.411565878420016108e-02 2.201876171729413856e-01 1.037389105163852854e-01 3.294870167917730158e-02 2.165843733856993858e-01 3.961994774250707924e-02 6.549775279453261267e-02 6.367969542486279222e-02 8.231221881384248942e-04 4.172827490866518052e-02 7.017200540774354463e-03 1.414663221047179377e-02 1.752314281993706535e-01 1.990451519881063780e-01
1.921875000000000000e+00 2.984143732672577334e-02 1.560406251507914788e-01 2.425825016460204375e-01 2.317918223740771388e-01 1.198017217556454905e-01 2.624211892965750970e-01 1.196185876341357250e-02 5.552617436709918891e-02 1.209232706477454851e-02 1.124074966162132427e-01 3.615628832953765026e-01 2.160368241500031650e-01 1.354346603314900976e-01 1.693217736098041604e-01 7.923747593379232984e-03 1.391450579996710620e-03 1.111914813498504758e-03 4.952155677650118409e-02 1.965977331871598399e-01 1.592089793902816131e-01
1.937500000000000000e+00 4.658921442591304474e-02 3.475109667770912708e-02 1.805792339288041226e-01 1.778858806199071219e-01 5.604433975629701664e-02 2.934013939694664619e-01 1.244258907208261808e-02 2.777189888537126561e-02 3.630246200078663527e-02 1.156643010211365619e-01 3.447858607376707574e-01 8.356187709498803795e-02 1.340410250065328934e-01 1.737965126052338494e-01 2.036814178893740432e-02 1.590040615873608565e-02 1.622767750705557833e-03 4.903365962651082960e-02 2.597922864210134852e-01 1.088558306837811573e-01
1.953125000000000000e+00 1.729336265319736041e-02 1.595438769792907052e-01 1.838306424712428666e-01 2.290772584145907634e-02 8.306865102360118380e-02 3.839223766268590188e-01 4.345952871709045373e-02 1.081308663578628426e-01 1.478204544614545313e-01 3.746240058575969756e-02 1.981040829498476874e-01 6.020684531542642298e-02 2.793984587830991920e-02 4.054106688286537169e-02 1.434870783020901312e-02 2.419507922918304535e-02 1.168798549572889860e-02 4.319704297808835830e-02 8.900580497470968189e-02 1.661741288619895951e-01
1.968750000000000000e+00 1.583771604799601856e-02 4.551536413542306425e-02 3.722507774911798517e-01 2.250040213127377231e-02 2.663839426369135066e-01 2.829232075206595254e-01 1.178152424647751217e-01 1.305086996933476316e-02 1.872128059777665721e-01 9.466060613376183278e-03 3.079017563685146341e-01 8.861784409561113129e-02 9.616016491230032145e-03 8.343034585255609814e-02 4.580251645990122099e-03 7.597639474317710584e-02 4.709973811424303727e-03 8.428599218182214470e-02 2.755431618051276121e-01 8.193122016559294118e-02
1.984375000000000000e+00 4.578093135879889031e-02 8.046914206828321980e-02 7.332981820840807352e-02 4.511666633866671244e-02 3.023874608630134908e-01 2.555153797525623258e-02 2.914084638857512566e-01 1.098293983116313544e-01 3.933264491409020625e-02 9.427916214737924738e-02 2.977659562224212464e-01 2.550689268398316674e-03 8.505624877440810805e-02 2.326221535926616298e-03 8.764136877431440154e-02 8.667273647816216287e-02 2.304323860699886845e-03 6.384185619897062014e-02 2.705774640460333891e-01 7.285723822945087969e-02
2.000000000000000000e+00 3.364379832148874788e-02 6.225395023040308090e-02 4.352919351724021668e-02 2.842423321652946464e-02 3.486525045366658526e-01 7.047623255197823511e-01 4.209777843277432430e-01 1.382522820084024773e-01 1.664136052910367581e-03 2.109826253652207634e-02 7.945113814636540692e-03 8.244245403839944863e-03 3.010944135186582188e-03 4.129190103631468726e-05 2.461949818778573496e-01 1.467706188271994672e-01 5.569255699054589774e-04 9.124757157286363107e-02 3.016267985175738464e-01 6.910207731158739264e-02
