0.000000000000000000e+00 6.669557647004843715e-02 4.840641442755523327e-01 3.377367968525414321e-01 3.080802642204112374e-01 1.917501639256347090e-01 9.346507326974706417e-03 6.600229055343834195e-02 4.775338069622993564e-01 7.003266598525697932e-03 9.613172267388206751e-03 3.577296015076424918e-01 3.066846252884354307e-01 3.251599919047272729e-03 4.955926932690313952e-02 5.928802262182257810e-01 1.112390602482390967e-01 1.843014304927004590e-02 2.006052761434232723e-01 4.616932801846875267e-01 2.121237932183026031e-01
1.562500000000000000e-02 5.254865646275014984e-02 1.314082654630940698e-02 4.169222981416926821e-01 5.421665221237086801e-02 3.920631270667004897e-01 6.397652125227174524e-01 2.337511974330411593e-02 1.400925849234990195e-01 2.614732834553114282e-02 2.576518795449850296e-01 4.644869768735498394e-01 6.973878312058619244e-02 2.237383577731192827e-02 6.632403526948200956e-02 2.817072805342782926e-01 1.969605836051216072e-02 1.013494095910427439e-01 2.585842020287271170e-01 1.157708266393846080e-01 3.722354196431922058e-02
3.125000000000000000e-02 9.356689466221203288e-02 2.198956076060578080e-01 2.413208663762582695e-01 4.220738585383649322e-01 2.122904555312566111e-01 3.166410959303403994e-01 1.605023426209361004e-01 1.503963444454670464e-02 5.098437064601505503e-02 8.320634765304145419e-02 3.220456906651988360e-01 1.413838498065530247e-01 9.068945114713077016e-02 1.252956022577953465e-01 1.222591710646754037e-01 4.240672654067074721e-01 2.869108538880568715e-01 1.346184242065563523e-02 1.712336736305481166e-01 8.389388328243038706e-02
4.687500000000000000e-02 1.216166985744468187e-01 8.547181484693033848e-02 1.483581671559768278e-01 3.423981153351373513e-02 4.527219489872910119e-01 5.682512804731305878e-02 3.546185601870684243e-03 2.645211756719269558e-01 2.426467408266846093e-01 1.735245778823200566e-02 2.967059111585609865e-01 1.606748130560459453e-01 7.060561173541811397e-02 1.826379571556524528e-01 2.143108989465318248e-01 3.562294078058415026e-01 1.292773084866574163e-01 2.650202008883693894e-02 1.251306436152757329e-01 1.858999310265052052e-01
6.250000000000000000e-02 1.455906908788978937e-01 1.551656330413241913e-01 9.420980111671511947e-02 2.196201615211033076e-01 4.502123064804464669e-01 4.388908029653929010e-01 5.196216739526075823e-02 1.076411211797099199e-01 4.029259095141388136e-01 4.970606992611293490e-02 6.409862894201605321e-02 1.121811307888893189e-01 1.200523604938292521e-01 2.809682326415886555e-01 2.830583013148119664e-01 4.983599164189194131e-01 1.788258460774981018e-01 7.810637157595547164e-02 1.751020929808666249e-01 3.979125331021233780e-01
7.812500000000000000e-02 4.747252185116124928e-02 2.241828248868431850e-01 2.534742481752328969e-01 1.245210391445090992e-01 3.022246731630204852e-01 5.184456939040160695e-01 2.488713493467759330e-01 1.182648217170433891e-01 5.910291934601685782e-01 5.805608250149504324e-01 1.760952225951601946e-01 3.131360598673392226e-01 4.838517250471326414e-01 1.740155606956132472e-01 1.139317932918041676e-01 3.434313005038850952e-01 5.672851025441996015e-02 1.709519125763296343e-01 3.122193195633641283e-01 4.764888210719465667e-01
9.375000000000000000e-02 2.122119105039506001e-02 5.029572371221785465e-01 5.971681820421652631e-01 4.150563218486763573e-01 2.452397760091796219e-01 1.744981481488565578e-01 3.805806429197917118e-01 1.655380883392984503e-01 4.660250942445145483e-01 2.857000638093397660e-01 8.836744138908333990e-02 5.140813220773375880e-01 6.030485546491162197e-01 6.390782753929928894e-01 1.000093731147465720e-01 2.311110365375465547e-01 3.912507733431733192e-02 1.758796069050040378e-01 5.024404003370097627e-01 2.675972330141792588e-01
1.093750000000000000e-01 1.216868250098148141e-01 3.501930900678622005e-01 5.810089192422677185e-01 6.239743316570275367e-01 3.458150913285246153e-01 3.611720146140774967e-01 3.695315444744339262e-01 4.894792812144448946e-01 3.134357448725608730e-01 2.088231720773836286e-01 3.384731208172474526e-01 5.695668907893312038e-01 4.079990982194178217e-01 7.669370058571505222e-01 3.387521885585533243e-01 3.058307781742326537e-01 3.648009988650817714e-01 2.153588103960119293e-01 4.459914791426855540e-01 3.299315190543371523e-01
1.250000000000000000e-01 4.523309887698134246e-01 1.236303172735413458e-01 4.427904503945629955e-01 5.083767989971987866e-01 2.213460441012905788e-01 6.024611555163111865e-01 1.575342609377209380e-01 5.956425897347330523e-01 1.558731719077376121e-01 6.050042601080245497e-01 6.062953284738774595e-01 4.833706464461837715e-01 3.767218199930021938e-01 5.938227376031816052e-01 5.593501611703368681e-01 4.698995463152545460e-01 4.324781729194775992e-01 2.843717492102851296e-01 4.178068069187964584e-01 2.838677408941360225e-01
1.406250000000000000e-01 5.037877902020182486e-01 6.787596453180717582e-01 6.680224621846335697e-01 5.098235423107074782e-01 5.176733727145109709e-01 6.824386059119946779e-01 4.468870586716914284e-01 6.210840400400123862e-01 1.166626986930291848e-01 6.799106383774866647e-01 7.951499889772716267e-01 6.611089482087648683e-01 6.200270143367049291e-01 2.668716296352419692e-01 5.854090558880780115e-01 5.861962166010249442e-01 4.862303827256179156e-01 5.509252123177880156e-01 4.188162573962420643e-01 3.281216814102209112e-01
1.562500000000000000e-01 7.359757466451806174e-01 6.576023407582151092e-01 7.180678962754432071e-01 5.671283942555133128e-01 4.335135961657898829e-01 6.711085472026556698e-01 1.575242155148456613e-01 8.321797461998156065e-01 4.862171005183047456e-01 6.674065242649529495e-01 5.760132237266990529e-01 7.257229551763014763e-01 7.374441001909232130e-01 6.570841889260438107e-01 3.976745014047649018e-01 7.108913738188094023e-01 6.567895746360248310e-01 6.993996083011698728e-01 1.808632912741495458e-01 7.105796810994000623e-01
1.718750000000000000e-01 6.343521807256601308e-01 2.552548847719580682e-01 4.707999097182791193e-01 7.494863267204818769e-01 5.344428891661058278e-01 2.982696213417447284e-01 6.390607211065952864e-01 5.310684054204346527e-01 4.656955101294019128e-01 8.592869853388587220e-01 4.852174346026761897e-01 5.590052714112684340e-01 5.486002171338917321e-01 4.557581511289837128e-01 2.262581385570092418e-01 5.720995346730923803e-01 7.398238547376764229e-01 6.083744871452607672e-01 4.487985513179833519e-01 8.110083346747570809e-01
1.875000000000000000e-01 5.116590026975716965e-01 7.494904403980613417e-01 4.066557733033464017e-01 6.859718599707128606e-01 4.448662812211421902e-01 6.193102556304569406e-01 6.685985737696623632e-01 5.124769474638526390e-01 2.794697405602346585e-01 9.121443004093303664e-01 3.419700691225134870e-01 4.771870984399176896e-01 5.433320530931634584e-01 5.878108476558647766e-01 3.608203832506997055e-01 8.803586963516447650e-01 5.621400525668722725e-01 5.294739793409367623e-01 7.285162996870380159e-01 7.377622293339216597e-01
2.031250000000000000e-01 5.392917656058966447e-01 2.983188904416049225e-01 6.262338601880165223e-01 8.112731596776512344e-01 5.310303179090493098e-01 5.243511486418879208e-01 6.169601571138557672e-01 7.262655141038433237e-01 6.843168825610361494e-02 7.667194155689303070e-01 4.057622246795903886e-01 3.441930307705280412e-01 6.591797547912541244e-01 9.051364019392008631e-01 4.746151978976538843e-01 9.045475051026302671e-01 7.012985589745667214e-01 4.966299251086493949e-01 6.883591822551169415e-01 6.682861595286676559e-01
2.187500000000000000e-01 4.164635799139050909e-01 7.161880313650368368e-01 7.492751184111933194e-01 8.803366634530712664e-01 6.902015790301855303e-01 7.978930126853573945e-01 7.833874552391166812e-01 8.502414608471853263e-01 5.151297875833678042e-01 8.758066608198884495e-01 7.868017877067552401e-01 7.583245686033166510e-01 7.847179906767239865e-01 9.069862868573431713e-01 3.837116549358991491e-01 6.211315104983506918e-01 7.533446358555158096e-01 5.926879779098220835e-01 4.153993784476606721e-01 1.664331802215243961e-01
2.343750000000000000e-01 1.327084257105042298e-01 7.204724683937587804e-01 7.669213554582233749e-01 6.774280795544597167e-01 4.188316704798683565e-01 7.218821819061075340e-01 3.090265742986992303e-01 5.057963986987441540e-01 6.969414104056920189e-01 7.865141552898367028e-01 6.720285850297909036e-01 5.749349404356761672e-01 8.885543253972375544e-01 8.268646185031658380e-01 5.043009402040542488e-01 4.968472445366626800e-01 6.783146154881836143e-01 5.978183825834008092e-01 2.123864391632579451e-01 6.964631525242112042e-01
2.500000000000000000e-01 6.378177873016909194e-01 7.093729915471310710e-01 5.675157433062073542e-01 7.748953782024112780e-01 4.296339636737378509e-01 7.523692405261029892e-01 4.002732130736395000e-01 3.810557106554133266e-01 8.394972155596351904e-01 7.328486512591209090e-01 4.855663650330357406e-01 6.312144924962764803e-01 9.120210229390296464e-01 7.561070937741384279e-01 5.148592226882306999e-01 5.544866362907263646e-01 5.842503366738975856e-01 3.673763720626920248e-01 1.701876383914116275e-01 7.627652641830305891e-01
2.656250000000000000e-01 5.517147175909600243e-01 7.673076485830776505e-01 5.326126794953806032e-01 7.274939490722845958e-01 7.526954888978655278e-01 8.638980363289723297e-01 7.821879208983720799e-01 7.337432325594304139e-01 8.310538108657239409e-01 5.920991407533064965e-01 7.000260401543438871e-01 6.752240466453832690e-01 8.865856920961167065e-01 8.107202522895996522e-01 7.574799336971419494e-01 3.417820659193830934e-01 7.475488239401933965e-01 4.487022761962233819e-01 4.080269060099455114e-01 7.974689671876497021e-01
2.812500000000000000e-01 6.008239285412118047e-01 6.828516006078017009e-01 7.236389365209342506e-01 9.041833891544971413e-01 7.787028136970203240e-01 8.732810133158747101e-01 7.545103916817600398e-01 8.483385165108935366e-01 8.271742548199143563e-01 7.617953440053505387e-01 4.940253904921729777e-01 9.594046240425284644e-01 9.080376381237842409e-01 8.242350977499222076e-01 4.470958832824284412e-01 5.544886818225088776e-01 8.698919235249605864e-01 8.047384182736004865e-01 7.698630512327219177e-01 8.447512936974075348e-01
2.968750000000000000e-01 8.862386433902805782e-01 7.820207455900578530e-01 9.404272957034149893e-01 9.329381912327785464e-01 8.094374463457967295e-01 8.830435760600564565e-01 8.972225920200338489e-01 9.234306270756651447e-01 8.239202938468531690e-01 9.121675258254392515e-01 8.877169140873382158e-01 8.201117294961847159e-01 9.084123886673950432e-01 8.009989211088315297e-01 8.960667008797661426e-01 5.813053451388386916e-01 9.179659248552041184e-01 8.845527109901826224e-01 8.066933893884894458e-01 8.442105294253812175e-01
3.125000000000000000e-01 7.783930569340361538e-01 7.045611300935934462e-01 8.251774706270387227e-01 8.016329855943059579e-01 8.745131328535994397e-01 8.663822799707450173e-01 9.060682353929742083e-01 7.941836389973608856e-01 7.832009727550350853e-01 9.324933327314118836e-01 8.811059562475318518e-01 7.665119752547188137e-01 7.451589700916517733e-01 8.655402648198237125e-01 9.350296233292453296e-01 7.199010169763272460e-01 7.799024828185575631e-01 8.037263568787310630e-01 8.827943527588062445e-01 8.513103864999399528e-01
3.281250000000000000e-01 5.527474518896597910e-01 3.758498751443808406e-01 7.478204436893078899e-01 6.469645734163743667e-01 7.619369347357760613e-01 7.610261920672901637e-01 8.074942845100330224e-01 7.040171034045683562e-01 7.919951574140455808e-01 7.993854832613815908e-01 6.658699136770330762e-01 9.392578854396927968e-01 8.353687242534786339e-01 7.001102437361712560e-01 8.478043545400348879e-01 5.715865441024272631e-01 8.316666935775649527e-01 7.552370441214247831e-01 4.278320294631151044e-01 8.013455249754989351e-01
3.437500000000000000e-01 7.199550024861340880e-01 5.993730974231389341e-01 6.436177447513572458e-01 6.483162548028466032e-01 5.692046743249908891e-01 6.327584086202173719e-01 7.969649430612670837e-01 7.001321585727687813e-01 6.842295017525245049e-01 6.297616801648914242e-01 4.768187718406567410e-01 8.307115793910831991e-01 6.797112414858152984e-01 4.689564230649448384e-01 8.200575634792370838e-01 7.320792895519567800e-01 7.557422117809436957e-01 3.951298000857282333e-01 4.792114592027789111e-01 7.587074153018218414e-01
3.593750000000000000e-01 7.186496088559520823e-01 5.500144925943460938e-01 1.772655619202784805e-01 3.651922156263830987e-01 4.979516836563166460e-01 2.725623760153296771e-01 5.537236533828364671e-01 6.037512388372833216e-01 3.963253599029826768e-01 5.887768191783248062e-01 1.020874546931808263e-01 4.688889119337592004e-01 5.397312898410907556e-01 6.922530814836811430e-01 3.676467250984882806e-01 3.791224913702668231e-01 5.336283858449429873e-01 8.294738866684647771e-02 1.794044074486992324e-01 6.005345502153972559e-01
3.750000000000000000e-01 2.973650361670260311e-01 4.660350160741622561e-01 4.756588071746296366e-03 5.729643170344198705e-02 2.992953941531110718e-01 5.659251894238102043e-01 4.926244505917161676e-01 5.585091493943392660e-01 2.269030719024665299e-01 5.330728140724048103e-01 3.988444959358793812e-02 9.285836021639846949e-02 5.916754464910859435e-01 5.486860438003383633e-01 9.430980570521212136e-02 2.385278559750507177e-01 3.432935645343675457e-01 6.342577319262679425e-02 6.733723465297451749e-02 7.201986227353985859e-01
3.906250000000000000e-01 3.438258592621876719e-01 1.087999728144071337e-01 3.059466716614401838e-01 1.133977805784396470e-01 3.940730333773741906e-02 4.296790677788186463e-01 6.076071743497879485e-01 4.303822337194826431e-01 3.279933047011910907e-01 5.728221960239151533e-01 2.501176995642638845e-01 3.346467713595817073e-01 4.367832549165275302e-01 6.942663142222872397e-01 6.678434558321138040e-03 1.069028411736837325e-01 5.099119584740809952e-01 6.120615955284347542e-02 3.615953378156481351e-02 4.887654301978099913e-01
4.062500000000000000e-01 3.660425181201381051e-01 1.275986688205227593e-01 2.217639271742635199e-01 4.226245445816832480e-01 1.338090860090536682e-01 4.350525912864890432e-01 5.398355969061381376e-01 7.415152170553004386e-03 1.760203256486177203e-01 7.387982511260144936e-01 6.451694971663276545e-01 5.196137256627886974e-02 4.137646087347601753e-01 4.740879436050744050e-02 1.108521738494680636e-01 2.924335025563460366e-01 3.272367957253717319e-01 9.824566222893253709e-02 1.487482671844054527e-01 4.612455380042158604e-01
4.218750000000000000e-01 2.494241154303282124e-02 2.391756751421295069e-01 6.979663714463567314e-02 3.591631729797806205e-01 3.093542085652884466e-01 5.232479458735629363e-01 2.736354467334135565e-01 1.279177782720798129e-01 4.160853868423380897e-01 5.581911992988309867e-01 4.030502875913284933e-01 1.717829734023208765e-01 2.953246947538344380e-01 2.455141491919127228e-01 1.418619656662869766e-01 5.055324944358310368e-01 1.918970984463905516e-01 1.810743397763849016e-01 8.412920000639446949e-02 2.228804313838609608e-01
4.375000000000000000e-01 2.676460029706855259e-01 2.585110056649080335e-01 2.329619460103963535e-01 6.172396298738997561e-02 2.976602840975032804e-01 2.295890711609753498e-01 2.740210067833167007e-01 3.358780172014062537e-01 5.725271584090236843e-01 6.270220501113721312e-01 1.418077633864304743e-01 3.069142843471368565e-01 2.246914855707278502e-01 3.635046976787552064e-01 3.063780463175138635e-01 2.186334839018111154e-01 3.659766603833294885e-01 3.749448876772719375e-02 2.907322721138831945e-01 4.667407773894547418e-01
4.531250000000000000e-01 2.335695887363339884e-01 4.709349113657516385e-03 2.287302040549807000e-02 1.912811785979183152e-02 1.829905646004279240e-01 4.587675323313593623e-01 1.280167488206584159e-01 8.169952109095889037e-02 1.625292736064734012e-01 5.537319855173375993e-01 3.257137852712971848e-01 4.466667747877007266e-01 7.257329667952788776e-02 2.451668461158890144e-01 3.359796756554715991e-01 7.445637887567993496e-02 1.321354358510088423e-01 1.112855546206524826e-01 5.736897874272584019e-01 5.325442571543286263e-01
4.687500000000000000e-01 9.623955482163208675e-02 4.434355396710046998e-02 3.088428907535046286e-01 3.791751711861439111e-01 6.116505407132072358e-02 1.491180914206643483e-02 4.788656909323313338e-02 1.579500619936564376e-01 2.602326868103135293e-01 5.632317483241680578e-02 3.775997470514571019e-01 7.465010022337061069e-02 1.239387804033776352e-01 6.347009000535255852e-02 6.490935510912261563e-02 1.482618196970899860e-01 1.138156466151365453e-01 1.472924752016879502e-01 1.439304324255283318e-01 5.589371767554858206e-01
4.843750000000000000e-01 4.252634106442290673e-01 5.083358730743561260e-01 1.870532709216116141e-01 1.399690447797633797e-01 2.284990441111940940e-01 1.148380977715196816e-01 2.794807592410443464e-02 1.705272210763565943e-01 2.549535371212380622e-03 3.615349130847093917e-02 5.364358980040966340e-01 1.727900603934030554e-01 1.189074929334639624e-01 2.569317862621467441e-02 8.813616523329302621e-02 1.142880125819075859e-01 1.897707592925234610e-01 2.897253024216160378e-01 3.870288452428371495e-01 5.767471284425236544e-02
5.000000000000000000e-01 4.255790653272781277e-01 1.158096416120767275e-01 4.873933383840824418e-01 4.131602785442274883e-01 2.463814040458393861e-01 6.431914645105565320e-01 2.078064332611449516e-01 1.862193640444394227e-01 7.582527950922934856e-02 1.287438913513645200e-01 9.062042304657230707e-02 1.295532661705811606e-01 2.459096600678408184e-01 7.848631877093041609e-02 6.992609366720428654e-02 3.272044978168135998e-01 5.060999294419996769e-02 3.367066475932922187e-01 4.644677468728086733e-01 3.249524170982497351e-01
5.156250000000000000e-01 1.824194680166354721e-01 5.319850499577417624e-01 1.730720431288050309e-01 2.794531982831124362e-01 2.117601540497467405e-01 2.643871404799784663e-01 1.217798988083539646e-01 1.573811812807951460e-01 1.834605795384962601e-01 2.270195111567774038e-01 1.044397148702019135e-01 1.282893708479251604e-01 1.761396556023533677e-01 1.454031417771722290e-01 2.481945487471940923e-02 3.749671270879859075e-02 1.410330067414980737e-01 2.188403076287660232e-01 3.015658160579591796e-01 5.875420119727937651e-01
5.312500000000000000e-01 7.493647564423133733e-02 1.028195390977742485e-01 7.060030593774244134e-02 3.656275666478432940e-01 1.209816769604226024e-02 7.028614328821411461e-02 2.427075797239007515e-01 2.539674785730997031e-01 8.723035120671579490e-02 7.846375350607596999e-02 5.076161175465090936e-02 1.253632323180421670e-01 2.285996136817328162e-02 3.593051831311529498e-01 2.625577515077216414e-02 3.409020126677647644e-01 1.617865046353289538e-01 1.527185300941746315e-01 2.530160410527816303e-02 1.458928264378314688e-01
5.468750000000000000e-01 6.580401472924732320e-02 1.245064344885090379e-01 7.097225941110253677e-02 2.216831188425997246e-01 1.414075724195065775e-01 1.316186953957457391e-02 1.773124097781456771e-02 8.070636611759118839e-02 2.182558558088781853e-02 2.340113860911975652e-02 4.239567043628512111e-01 8.631572765716083451e-02 1.796599586422229500e-01 3.855572443335869015e-01 2.925280283011488791e-02 7.822584787863678946e-02 2.313470548046122899e-01 7.987352856719743405e-03 5.676164903772214915e-02 2.493134237880836046e-01
5.625000000000000000e-01 9.203729610259066274e-02 6.867804055391966978e-02 1.343206179177896739e-02 1.332158727396555442e-01 8.795545616607802764e-02 4.416347711348320854e-02 2.898160809854595232e-01 2.553358607625953458e-01 3.134344982637678467e-01 2.508471783036001282e-02 5.043478985016652816e-01 2.210938091951823378e-02 4.090717850841021352e-01 2.387770119104801470e-01 3.612933058445916973e-02 9.421281904328934753e-02 6.622060407218940958e-02 1.064171211435525899e-01 1.161812683542328035e-02 2.219140942682489848e-01
5.781250000000000000e-01 1.432271498185798062e-02 6.162486589129000797e-02 4.402695752796468437e-02 1.399988829576744309e-01 2.920801820232653279e-02 2.676695670997218390e-01 6.693009040975621271e-02 3.530861472770169263e-01 2.969400014756790607e-01 1.554259573979341336e-02 2.279168289211404019e-01 1.091498900798520272e-01 3.863816028169187455e-01 1.648605998107071091e-01 2.708579224780599537e-03 4.561999308925592661e-02 1.408133011692877801e-01 3.313393051526126315e-02 1.328858064552447191e-02 2.317408613520546279e-01
5.937500000000000000e-01 1.398584326385382548e-01 2.016403103190273494e-01 1.219451368481404112e-02 4.799016376320050514e-01 1.242411371664426181e-02 7.566036372969215350e-03 4.302640351925295092e-02 5.487601427733504802e-03 6.891663015544777227e-02 1.390841391586774833e-01 5.399354220464519516e-02 4.213631075131721998e-02 2.053868789967075725e-01 7.494017618505423306e-02 1.796921628548606986e-01 1.406484046794521103e-01 1.063427922202636322e-01 2.237851026632877577e-02 1.048459420674331677e-02 1.245085888959183429e-01
6.093750000000000000e-01 1.629524566031018140e-01 5.165809120350196848e-02 3.273459925536410103e-02 4.424453008930604447e-01 5.900520572262253627e-02 2.041454694258943922e-02 2.798803130775742980e-03 6.585822775828417686e-02 1.105908709391742184e-01 2.702423243935428432e-01 7.030949136807032596e-02 9.464809318819829287e-02 3.410690183673524278e-01 1.307474472253366271e-01 3.547368678702521316e-02 4.258253921549479126e-01 1.454295054129996767e-01 1.975686674359823647e-02 1.812542688391818035e-01 3.199204377186105203e-02
6.250000000000000000e-01 1.632468475575755973e-02 2.654360590520642438e-01 9.459881378641757377e-02 1.335508931131525190e-01 1.311592434104947302e-01 3.500270671982477072e-02 8.782172515332692386e-02 1.508118255358848192e-01 2.689050514062225616e-01 1.227180171832651795e-01 9.358539713832936258e-02 3.065553338467504746e-02 5.973448905324106606e-03 2.136607152829902156e-01 1.548621371681259580e-03 3.990956720857514184e-01 2.362363956497759987e-01 2.028296516563145857e-01 1.051282322698492283e-01 8.258380224244157852e-02
6.406250000000000000e-01 1.674393969913243463e-01 1.212187967537814992e-01 7.253506495330075410e-02 4.521001387860568849e-02 1.369581103883097395e-01 6.766763156240714061e-02 5.473280981368556786e-01 1.071976737063923546e-01 8.797849452548144045e-02 3.009326565963611477e-01 1.564677851311209456e-01 2.472133058915876036e-01 5.346520000640423570e-02 2.091235089285113369e-01 6.297605556427408879e-02 3.498339986576980976e-01 5.196785010768937285e-01 2.912621559132107518e-01 2.876021093198170564e-01 6.765766924282747008e-02
6.562500000000000000e-01 6.484317108809846408e-02 1.600678378066003604e-01 3.865175541563486538e-03 2.784188370103546362e-01 5.408423874933244724e-01 2.968508807885342216e-01 2.323260519492595377e-02 1.573680655055939848e-01 5.410350867183940510e-02 4.562490996570980895e-01 2.388432988884115760e-01 8.663975103274335066e-02 6.219843728350413041e-03 2.874095101616530590e-01 1.110445711016423177e-02 2.073724183059861004e-01 2.730105015276740321e-01 6.877095004938070799e-01 2.145702125925237347e-01 4.189850353303768704e-02
6.718750000000000000e-01 3.784227441174455031e-02 3.653786335767917892e-01 7.007435308508492416e-03 1.276154347857550719e-01 6.195828339093890219e-02 4.557455594683363503e-02 1.218541206633399316e-04 4.811348001077258088e-03 2.611980359764495829e-02 2.864235539795738084e-01 9.687830951221538742e-03 1.654754527087270721e-01 4.725843199365505065e-02 8.895667651941718823e-03 1.525099628668332152e-01 2.653603031117930389e-01 7.094628107647739379e-02 6.305383046930084223e-01 1.743918981914902577e-01 1.748741987515163229e-02
6.875000000000000000e-01 2.374114859562250976e-02 2.481295684264443191e-01 1.033403556401285214e-02 1.084714151645942148e-01 4.543583472752354968e-02 1.071126361891391876e-02 4.856187964143432456e-01 6.538846541728228490e-02 1.221993485441872501e-02 3.775112128967098579e-01 8.314300207389965780e-02 6.918536621449286605e-02 7.731312974744729977e-03 3.718380206179326408e-01 3.547660430545807042e-02 5.580297377515569535e-01 4.609764838420609551e-02 2.922132890442212250e-01 5.640759936448013212e-01 3.794457923279325167e-03
7.031250000000000000e-01 4.143601383901834162e-02 3.191579090510485855e-02 5.727765499085563788e-02 2.089282915568194399e-01 1.453535444821353884e-01 1.656651613557307001e-01 6.871125585914132639e-02 2.344201125502056171e-01 2.352789952901304400e-03 1.517382366642032743e-01 6.388107783059375488e-02 1.266661150310909867e-01 1.455679394510049351e-01 1.002754839896463357e-01 7.594650329117895449e-02 5.879210141610925477e-01 4.431544350913515368e-02 1.167377556733418392e-01 2.914962203834176035e-01 1.585804896750115517e-02
7.187500000000000000e-01 8.439059154531959595e-02 1.428752035185610891e-01 1.193701909194099936e-01 3.990485950278725991e-01 3.724796667197773359e-01 4.290730007664807916e-02 7.493982305917978870e-02 2.629430045136431082e-01 2.645420662534935657e-02 5.986255005217078901e-02 1.206850477190876958e-01 2.497550973349568493e-01 7.624204813355481281e-02 1.033533030866005823e-03 8.411777895033996366e-02 4.884554936057893260e-01 9.815491434483489264e-02 1.596820048965789940e-01 1.194166809604598201e-01 4.344917437403898741e-02
7.343750000000000000e-01 4.311282163275599252e-03 7.593579627090671358e-02 1.982551909136481272e-01 9.201391762680073694e-02 2.349732200650123115e-01 1.837152914340506593e-01 3.490080003857731206e-01 2.614276715473156168e-02 4.522261416607317036e-02 1.858450411980162309e-01 2.165375448907045086e-01 8.673530947475899255e-02 1.445825231297563351e-01 1.718511249077469272e-01 8.851531180185978273e-03 1.539594400215313907e-01 2.731970267759263327e-01 8.713328990456550849e-02 1.795113374824344743e-01 2.037708351392796546e-01
7.500000000000000000e-01 2.671972457533523804e-02 1.157429702977005176e-01 5.938639260241818790e-02 1.552751201839380757e-01 6.509749177700943634e-02 5.091029200133136390e-05 1.203900912586899491e-01 1.548406219142857421e-01 1.638069632426477629e-01 1.857481164602591550e-01 3.253442112413722498e-01 1.680581376056202725e-01 5.093152292624009841e-02 3.661049755416476148e-02 2.909030704433327938e-02 1.344919147164427842e-01 4.220375038243711491e-02 3.100062000394648853e-01 1.945040765218687406e-01 2.684135654209256899e-02
7.656250000000000000e-01 2.021160326656351869e-01 2.990442660248383011e-01 2.667285229930837706e-02 1.453265020692093290e-01 1.007387454188239939e-01 2.578904079671125518e-02 1.086794161445871557e-02 2.372674411378052628e-01 6.125155905722280691e-02 2.752398152353096039e-01 1.243825447661263961e-01 3.370639741319984145e-02 2.714095931930571304e-01 3.023242425578548040e-02 1.963294569952475366e-01 1.932408930959533533e-01 6.974329046079083549e-02 2.227042587551782485e-02 2.891370410126496981e-01 7.657638015844855928e-02
7.812500000000000000e-01 1.355360793717735046e-01 2.595336737036657015e-01 5.684615451523331725e-02 4.318662816682670158e-01 2.887923152181047226e-01 7.989836188447055343e-02 2.710780082695664062e-01 2.395089039023250155e-02 1.682798617906729466e-01 1.360100345561101876e-01 2.199084381602393889e-01 2.400756759586421818e-01 4.490503990977717241e-01 2.860713296344156165e-01 1.418867050299824073e-01 2.804331074545067526e-02 1.181806489755225925e-01 2.578501743265175783e-01 4.340736088354003180e-02 4.816927246482616276e-02
7.968750000000000000e-01 6.097490184601956492e-02 9.482189465633773795e-02 1.621941772181179908e-01 5.637103759891614052e-01 5.934216171105968218e-01 1.726256161167268877e-01 4.430053331253367560e-02 2.412755247405767856e-01 1.475911585577240337e-01 3.133861348992115214e-01 2.722613054682118672e-01 1.779465589519814428e-01 2.232705572063108934e-01 1.497510981430023036e-01 2.421128626491893254e-01 4.542017020495108248e-01 1.364724661527411814e-02 3.263023293884296794e-01 1.518010523164494141e-01 1.501824030184006342e-01
8.125000000000000000e-01 8.180716483376711257e-02 1.815588621273201142e-01 2.493916134472455304e-01 9.381210901802511382e-02 3.038999916674956503e-01 6.423271612080363457e-01 9.060303020951189501e-02 2.777009212511894476e-01 3.657241477077002312e-01 2.425920965230398407e-01 1.659916329661304535e-01 3.394065851969663150e-02 6.959605762173001753e-02 3.645232816903221096e-01 2.384837892851489893e-01 2.966031608960756349e-01 1.291686965469186765e-01 4.414233882320787727e-01 2.617597547769184296e-01 3.287314217823370521e-01
8.281250000000000000e-01 9.152345186921577447e-02 4.381424440160124334e-01 2.948127267721882827e-01 3.866580875568644271e-01 1.533801678415027403e-01 2.732986174761422582e-01 2.461659792325026908e-01 1.361501016192816493e-01 5.129127564059845490e-01 2.809970636607503347e-01 2.272063635950709662e-02 1.525078118533092775e-01 3.720372994990158722e-01 9.666979023289608286e-02 1.206392102109179049e-01 3.103953757081961973e-01 2.169877347498355424e-01 4.508028152736280880e-01 1.615100233673918695e-01 1.703748312673805942e-01
8.437500000000000000e-01 7.711050521488448106e-02 1.510318218906065157e-01 2.922519535734472915e-02 2.826396206618348450e-01 1.252824654680847506e-02 1.815599749318985989e-01 1.406059540374424432e-01 1.761889640753369901e-01 1.681462694941711633e-01 3.016473436384360385e-01 8.488137882952385971e-02 3.005128311815556952e-01 1.602296225067718627e-01 2.591729794730066594e-01 2.007937700046706353e-01 2.791115071767819589e-01 1.905651205584570074e-01 2.841987113175514224e-01 1.860071914438661267e-01 2.535544290458087158e-01
8.593750000000000000e-01 4.833929964210991193e-01 2.935810955271007661e-01 2.567491171455566976e-02 3.611918428463767317e-01 1.706701114524475649e-01 1.520888084359671710e-01 6.840043515514485084e-02 1.228957254896315548e-01 1.462329058972887952e-01 5.112587446853709972e-02 5.622024330469656273e-02 2.020556906982237388e-01 4.114811201364010004e-03 6.289629858316013455e-02 1.070528993590291744e-01 5.701602765392188576e-02 5.361089883592357053e-02 3.263985926423609851e-02 1.411205138481730348e-01 3.030877938723001708e-01
8.750000000000000000e-01 3.675645157522470785e-01 2.551904194918270252e-01 4.477729272685414541e-01 3.296377252949948544e-01 4.671004286224323399e-01 1.826724844087890542e-01 2.524080084094970089e-01 6.127724672552269103e-02 1.207862158989050361e-01 7.249640991755502972e-02 1.636907943932748577e-02 3.592008067168911412e-01 1.477231983744623223e-01 2.174693470137537277e-01 2.504730341775655497e-02 2.972867789015662954e-01 8.259264051389651751e-02 4.077015788742356650e-02 4.219855324032387167e-02 1.059497725426519904e-01
8.906250000000000000e-01 5.089876241006526664e-02 5.080527465192731518e-02 1.576271759794860283e-01 1.484917814053932084e-01 3.581361419071941721e-01 2.262001888158046703e-02 6.900756157368101440e-02 5.497886234533948258e-02 1.822105944386756826e-01 1.547296152726375731e-02 2.403610881395633614e-01 2.544827386659644364e-01 3.142173170076745237e-02 7.449817891606685949e-02 2.885098909292138983e-02 4.694070307827948318e-01 9.457851863513503515e-03 5.452166223625283525e-02 2.904010045677921092e-02 1.346800698625836568e-01
9.062500000000000000e-01 2.820693885206352128e-02 4.874169698246223065e-02 3.855158144991085306e-02 3.486731117342403152e-01 1.324106015668147507e-01 3.237357167671577329e-01 1.206254335088711854e-01 2.593569494945314191e-01 5.199619707450391370e-01 3.655879026954057115e-02 1.531031070490966872e-01 1.456974508139824154e-01 3.399223190438935283e-02 9.487646320907798525e-02 5.486883411233413332e-02 3.896413314207073930e-01 1.747668145009899920e-01 3.528442603128785493e-02 8.003721239289819656e-02 4.462572692814703590e-02
9.218750000000000000e-01 1.503600328097650651e-01 3.499532632513433494e-01 9.129053049561580702e-02 1.917391991102528614e-01 2.830672326336724706e-02 1.910775232799466483e-01 2.158487661684922176e-01 1.961942413215847225e-01 1.803410049957873684e-01 5.889861581695751691e-02 7.455310924371363022e-03 2.394086392901732460e-02 2.210402132250833748e-03 1.398761498729591060e-02 8.078159153534292258e-02 1.654207440069974944e-01 2.169334522895805251e-01 4.269780097049464401e-02 3.177045641276383253e-02 6.673156254488757377e-02
9.375000000000000000e-01 3.828523079819768360e-01 5.438021849985910094e-01 1.259589769029149098e-01 4.011379539031876829e-01 1.411017536588928256e-01 7.431638571833240614e-02 7.828066930448043803e-02 6.493538896862743881e-02 1.113962104655912347e-02 1.977565096886746143e-01 1.537313170577164212e-01 5.043432782748611537e-02 1.159196932063065628e-02 1.875194097640585644e-01 1.577942060127027479e-01 1.150895497963711628e-02 1.941440334943987933e-01 5.382092813988429425e-01 8.632236931883154052e-02 1.548388182223238707e-01
9.531250000000000000e-01 2.043168442723636291e-01 1.702501425220586950e-01 1.745330064611325810e-02 2.928225683155434300e-01 4.828952595943872966e-02 2.443163180679370494e-01 3.347259628066341919e-01 5.388179882657443409e-01 1.594626066564013289e-01 2.698489290515139749e-01 3.361225849270588761e-01 6.758639635465579776e-02 6.058552523772019194e-02 2.436682026186857974e-01 2.758171376855988455e-01 8.206119757537924664e-02 1.204507417994723079e-01 5.467685850019139426e-01 1.601559788402206752e-01 1.634242857945293059e-01
9.687500000000000000e-01 4.490654184346258848e-01 6.024248282652057418e-03 5.108869369499340340e-01 2.206020478628467896e-01 4.369118977769562151e-01 4.468754242716282965e-01 1.799246086155847912e-02 1.916303022801365552e-01 3.891560845859135531e-01 3.443739572975231811e-01 1.319196269745937788e-01 1.132420105335176647e-02 2.340321935378390228e-01 4.372376777434454076e-01 6.041894449478110891e-03 3.101904997583787571e-01 1.755426443617314758e-01 2.404572474027697471e-01 8.577106229771881696e-02 1.856558619604584681e-01
9.843750000000000000e-01 5.771794702182140302e-01 1.636882003601915492e-01 2.770816926811031644e-01 2.868659615005663133e-01 2.992612899654658598e-01 9.627444963433522129e-02 9.916449495919711643e-02 5.991451820436239500e-02 3.001904010761832081e-02 6.191684862287716307e-01 3.458870194925008912e-01 9.491782499240207808e-04 5.114019275037688939e-01 7.442892382421671671e-02 1.024154304314736780e-01 1.195575633662226689e-01 3.820152237438900755e-01 4.055559286448842671e-01 1.734864152436577101e-01 8.337003471799692145e-02
1.000000000000000000e+00 3.011718971130394329e-01 5.351511303829634136e-02 2.872252489317440871e-02 5.036173194921879093e-01 3.343948622043174113e-01 3.698403163971883401e-01 2.237777920114018826e-02 2.231574317680901087e-01 1.048519566213974852e-02 3.675436241514547508e-01 2.934603002998818488e-01 6.156494732027877753e-02 3.457366026843323170e-01 3.074519182336963863e-01 4.249160201102405998e-02 5.145941668576654165e-02 4.325265678030887906e-01 5.247459787040941182e-01 1.335232609435340057e-01 1.736963834460105993e-01
1.015625000000000000e+00 1.649317499671628384e-01 1.388914381035302181e-01 3.493516708847041463e-01 3.767020203664011024e-01 3.565908136689805996e-01 1.785396526824230279e-01 3.815604581329984923e-01 5.029396287293381729e-01 4.408968982098430273e-02 1.564376296303602032e-01 3.421624989785457260e-01 2.396868829533441159e-01 2.622042359914751875e-01 1.882032050374767562e-01 6.339164681769840493e-02 3.517552955471051623e-01 2.978420643307695959e-01 2.449190537092092723e-01 7.589118307005918163e-02 1.161880289954695389e-01
1.031250000000000000e+00 1.756080522276687039e-01 1.625827124947528931e-03 5.215050492135026028e-01 4.646473020565539125e-01 3.661366193877660935e-01 6.044466148286997687e-02 1.465268926330546284e-01 4.834965864786225365e-01 2.901009080244254523e-01 2.393463402154882291e-01 6.161284316562188890e-01 2.220128011700940318e-01 8.639938341254860960e-03 4.099525848207598577e-01 6.752012307536452151e-02 4.433478692276790478e-01 9.150481717730979403e-02 1.952169445902806610e-01 3.103333230327000591e-01 1.026210352871241294e-01
1.046875000000000000e+00 5.097744917193346159e-02 4.680066853453925674e-02 2.160222485103951984e-01 3.616711376341608108e-01 4.975274517971807198e-01 1.743647465805230889e-01 2.257894133601133502e-01 6.656373153567252121e-02 6.053314134267608893e-01 4.049854642279187567e-01 5.496914599271541801e-01 3.088851254820950028e-03 1.580477902701404314e-01 2.742620463818007392e-01 1.935987470760388851e-01 3.176285638879006168e-01 2.552910336393947599e-01 5.039389012932112832e-01 2.765033113886894434e-01 1.377299581514731530e-01
1.062500000000000000e+00 5.500247686178393741e-02 1.550440610524810026e-01 6.224989756290133514e-02 1.762104160455163493e-01 1.837027287931397301e-01 2.247140862420989871e-01 4.740351843969637193e-04 1.553881889624435519e-01 3.864047409978823011e-01 4.278537002175518689e-01 2.249521235200118707e-01 3.671650279274760263e-03 1.380543884520368525e-01 1.954636360743797208e-01 6.778027856236980286e-02 5.773276931022655045e-01 3.197557626869864111e-01 8.911298067183269500e-02 3.916798013392112643e-01 1.878334110834187776e-01
1.078125000000000000e+00 2.058637291579598974e-02 1.053586275015792710e-02 1.410102902156038646e-02 1.863493830124677078e-02 1.635932917532978773e-02 3.672067170058234548e-02 9.481000351062134068e-02 2.918743630497458996e-01 3.464267403718266324e-03 1.531038942643390688e-01 8.551243291073100383e-02 3.551036485059994030e-02 5.508104563761091754e-02 4.261103808668757764e-02 8.550205512644133699e-02 4.747177274847786399e-01 1.178208558819845014e-01 1.063128157114937578e-01 5.810822234601838165e-02 1.402413053108785279e-01
1.093750000000000000e+00 3.155183893762659314e-02 1.042111095919211611e-01 1.345945180386169671e-01 1.815301305881434901e-01 1.123122869306748262e-01 1.818464160897800275e-01 1.268225079619393070e-01 8.102116212934602768e-02 2.026638717030541381e-01 1.248751315642485649e-01 5.795411143154835520e-02 3.339861547874393710e-01 8.005316810857317222e-02 2.302539011241795316e-02 1.558214916273337747e-01 3.259146989237146630e-01 2.119912070309867003e-01 4.277128171616109698e-01 3.807887134087445391e-02 2.126746924367143021e-01
1.109375000000000000e+00 3.741767228424024150e-02 1.793113880606220234e-01 1.018078322231019683e-01 3.729092575927579062e-02 3.239290094433571743e-01 2.896913009351825274e-01 4.926340761210871999e-02 2.260778941247378743e-02 1.631520732281736830e-02 7.871357915407010963e-02 1.419792044149186250e-01 2.511036958014236098e-01 1.151435218315807196e-01 6.278222787192304366e-02 2.257319641997443949e-01 1.964794755990330669e-02 5.445729123457654364e-02 3.247713284003606593e-01 7.968989227878922610e-02 5.486788753938939139e-02
1.125000000000000000e+00 8.573806881925008505e-02 2.896486382542770022e-01 1.080927816890719234e-01 3.288174918695437321e-01 3.448297603624783658e-01 3.339673020380610757e-01 5.469198449711542426e-02 3.328974415023627093e-02 1.101438675020055963e-01 2.455843106648913088e-01 2.113420909411874507e-02 2.497550307205030351e-01 1.969070735369072289e-01 3.157931665922619757e-01 1.557040717920842865e-01 1.618387196313073317e-01 2.393696238071928162e-01 2.736109462150073668e-01 7.998446623920400789e-02 1.637183594441594670e-01
1.140625000000000000e+00 4.636682957488750395e-02 1.263171260887390179e-01 2.201387681885587089e-01 1.641343243579697631e-01 9.985255634192269358e-02 2.513246159164398558e-02 1.168509792111398354e-01 6.940031546216468561e-02 1.100312447411895544e-01 9.306360152944780084e-02 2.327907294845876496e-01 3.117563822312928098e-02 1.822778300772140703e-01 8.719944183943700855e-02 3.130532677141504294e-01 1.916327714076566380e-01 6.590605343377710368e-02 1.306667731422538059e-01 1.103266271678074173e-01 7.732846977154053669e-02
1.156250000000000000e+00 3.382835379376879503e-01 1.205368512928934877e-01 2.992669606929503068e-02 6.460380300768372996e-02 1.496457059285668245e-01 1.768449301685722508e-01 4.951430738083598820e-02 1.011881097083189712e-01 7.712658403005426266e-02 1.211429857324177045e-01 5.642181325141718551e-01 1.383331811895974206e-01 8.150306797723347318e-02 1.898532612984504542e-01 1.255347011309701499e-01 4.566028198524892945e-01 9.244441274413670029e-02 1.946781509253250331e-01 1.000429172598572003e-01 5.147557183570723033e-02
1.171875000000000000e+00 3.040836283267669971e-01 9.505362777148382292e-02 5.232959746315875987e-02 3.294432958160182778e-01 5.156291674724795826e-02 3.751161296158312952e-01 2.478710596339295802e-01 4.701202154424925783e-02 3.268440302110504625e-01 1.809910977503504936e-01 4.887386445099268228e-01 3.677800288300018261e-01 7.003442681588702146e-02 9.751680382502840583e-02 1.971317057101184406e-02 5.108197196194660394e-01 1.999318739900128594e-01 4.482372968338816932e-01 2.836204407979111553e-01 4.577442276702351626e-02
1.187500000000000000e+00 1.518257029475455003e-02 1.892407761750350692e-01 9.326432724105099270e-02 1.814592301469118152e-01 5.640311429971500701e-01 1.356051510514104386e-01 2.064673928340715961e-02 1.479322429785521857e-02 2.662806802162915321e-01 4.474958604575153542e-02 6.517614277503449571e-01 1.811111375135198709e-01 1.671130051110312209e-01 9.546825931841940518e-03 4.557317740783654592e-01 6.041419136906759357e-01 2.160903046874854821e-02 4.221765356187889284e-01 1.073710505769992635e-01 4.215221973550496437e-01
1.203125000000000000e+00 2.324156135380402860e-02 2.459097114181941213e-01 2.000872604061154983e-02 8.152918804378139761e-02 2.101046027138177286e-01 3.426016067911127894e-02 2.285452444054020815e-01 1.025901888256408045e-01 3.443509507235841260e-01 1.038273154882174143e-01 6.973322564201192009e-01 6.598410813267080455e-02 1.301663728554072752e-01 1.715297547995070504e-01 3.136830617356506923e-01 6.648185641927882861e-01 5.946470029041645705e-02 2.095283617388962460e-01 1.210106281304202253e-01 4.803400164749862533e-01
1.218750000000000000e+00 7.046894273032419664e-02 8.027879662361190119e-03 2.944429678577252865e-02 2.083140375859088289e-01 4.237752217310785524e-02 9.033475134086944858e-02 1.295136917284196443e-01 9.524581669649531679e-02 1.206875728768662392e-01 1.313781947079239176e-01 1.567079119126857933e-01 1.481676137216500211e-01 3.724474131249293496e-01 5.982589987563590173e-01 1.045177957683398294e-02 6.873684333741162389e-01 3.167930118131994429e-03 3.981398016389010169e-02 2.890458611870433056e-02 2.559428374600239975e-01
1.234375000000000000e+00 6.467185914601712715e-02 1.422524430898216008e-01 6.166088404420698443e-02 2.150909123521161648e-01 3.307985471647722359e-02 8.394983553614815408e-02 4.126975775010477965e-01 3.087187948988316388e-01 1.788665524203354729e-02 6.396365108636024865e-03 3.337593570114394739e-03 1.182784686545794578e-01 6.909813915558657427e-02 9.046987926829251625e-02 3.866930726674496221e-01 7.649750466145497363e-01 7.628488248197490273e-02 3.021861510337602863e-01 3.284695561188783475e-01 5.663836805542243891e-02
1.250000000000000000e+00 1.897364256837015539e-01 6.725845343935493714e-02 1.402867626015628644e-01 4.008735075296291916e-01 1.690081889638424262e-01 1.086089415622580184e-01 2.942075958741741104e-02 5.161884311653234386e-02 8.381975640620865919e-02 1.576203270800839440e-01 1.633351036845129001e-01 1.446349859960613382e-01 2.629152237599892764e-02 1.229059045933423300e-01 1.636139640402312079e-02 8.955866012108613106e-01 1.524311422613444100e-01 9.011592155223893674e-02 8.682184741215037693e-02 8.011506950943811378e-02
1.265625000000000000e+00 2.057838782586207116e-01 1.348410773403959928e-01 3.044335476572816029e-02 1.855696742359470020e-01 1.175738507717783987e-01 3.408511542020281615e-02 3.822953508763158453e-02 1.124345870162875571e-01 1.862929707952678260e-01 2.817776835726345519e-01 3.147015776245602470e-01 1.442390080968720956e-01 1.641352447239280768e-02 1.188147826233545840e-01 2.004435874665955186e-01 3.641820604746778267e-01 1.801708195725907347e-01 3.771255159478275054e-01 1.064250914812842064e-01 1.234799601196728824e-02
1.281250000000000000e+00 1.479542760509322818e-01 8.791428082480838568e-02 2.780191665623655828e-01 2.025111347203302214e-01 2.457063823893771148e-01 2.709779270205521853e-03 3.851508713934089639e-02 3.830258979469470804e-01 6.159203889059719494e-02 2.503365956204847143e-01 4.551083875951087432e-01 2.253824399298957545e-02 6.058895453489379634e-02 4.152774631084333867e-01 2.099007959499319953e-01 1.159793235571330849e-01 3.310633776376361581e-01 3.499795180077975298e-01 3.972545800625495310e-02 1.619759673873604200e-01
1.296875000000000000e+00 7.963759406648937555e-02 5.711070352170567466e-01 3.173642610220854809e-01 4.324768876204890811e-01 3.858295250858650438e-01 3.892510111415005136e-01 6.041966748402263949e-03 2.106265170881910231e-01 6.848419985099761520e-02 2.780780274907095340e-01 4.502593426618861083e-01 2.095471583490964018e-01 2.072028626857971290e-01 7.246988273119014945e-02 4.151351250829000278e-02 3.756602790537182379e-01 5.423885426579355684e-01 2.381444787958088838e-01 1.384881704867536346e-02 7.601120145518355797e-02
1.312500000000000000e+00 1.035537447363682750e-01 1.289872651002678949e-01 1.582666327380074373e-02 2.870561587078124810e-01 2.298560110439321902e-01 4.958173525848455498e-01 2.106501733406106192e-01 2.525214799586286522e-03 2.328860628885777717e-01 5.048678064807617938e-01 2.761884387868986379e-01 5.041637858186830828e-02 1.495367349207094021e-02 1.187512489861816956e-01 5.377267609097213102e-02 2.704407924186324474e-01 9.698284418929911666e-02 3.075847685277621202e-01 1.397559241812389996e-01 3.378284819607686451e-01
1.328125000000000000e+00 3.038048137911989258e-02 6.178406169925931141e-02 3.107310559921192591e-03 1.888249504285604008e-01 2.702541501852104289e-01 2.559513825725909242e-01 2.249050634983490171e-01 2.737666699961325764e-02 3.620227994436137769e-02 1.171043543252151542e-01 4.483754069454639613e-01 1.435046934264608276e-02 3.657553982875306198e-01 1.446499165676850274e-01 2.275556891040477273e-02 2.041718480244406053e-01 1.228926709549294817e-02 3.374058041754182669e-01 1.239281228702563686e-01 1.320811095283506154e-01
1.343750000000000000e+00 2.367037139884884539e-02 3.433040654043102435e-01 1.707464176468572459e-01 3.333289791448198341e-02 3.222282217975505625e-01 8.017326313718141362e-02 2.080260090180869603e-01 5.462853268584877409e-02 4.173412096635005508e-02 2.754946684125710865e-01 5.494600377769264243e-01 1.966577851096224655e-02 4.471994716012053783e-02 4.709467298376116551e-01 2.279227159884277681e-02 1.442925224400295747e-01 2.046437848007077176e-01 3.772086256786529868e-01 4.597409984706550025e-03 3.045466374542056820e-01
1.359375000000000000e+00 1.735149542704571557e-01 3.143554584145103470e-01 1.251182634149718420e-01 6.078142109607664184e-02 1.702655866660255646e-01 2.400565264472684646e-01 1.494700537284011366e-01 7.138452832523269282e-04 1.511226503441510660e-01 2.112559883846791275e-01 1.246669465854679804e-01 1.353519179674387563e-01 1.230372476087641387e-01 1.615808106916537257e-01 7.298383444593228853e-02 3.718713997312751984e-01 7.372916475602590836e-02 2.310863370980016651e-01 1.551630871382414512e-01 1.645022300740262844e-01
1.375000000000000000e+00 2.881569291399584398e-01 2.160915695738561612e-02 2.395105851989432627e-02 3.088512495025498295e-01 5.105102172440858718e-03 1.337410840180755234e-01 2.152550758576909085e-01 2.100343320555582149e-01 4.921361162719013055e-02 2.392017517927619991e-02 2.057386532317256322e-01 1.478287452719009160e-02 9.062945000924580927e-03 2.146553018969123705e-01 1.771331642476731139e-02 5.199103165321827813e-01 4.554667780357812834e-02 2.344394565194919677e-01 1.316159932687505918e-01 1.045265656839191315e-01
1.390625000000000000e+00 1.176044281168588113e-01 2.845351733422883944e-01 5.693932804129916980e-02 1.288903197957298463e-01 2.284690852856065268e-01 2.181109508650708184e-01 1.601764584159394086e-02 4.876086958434446353e-03 2.670440815141920110e-01 8.020735932040952421e-02 5.031143865607683452e-01 6.637156500966889805e-02 1.459648432675593743e-01 9.424448609915593925e-03 4.035397302201261249e-01 3.801432704592768164e-01 9.437136773052295924e-02 1.466209322234485746e-01 2.371352214052715734e-01 1.764480479430716175e-01
1.406250000000000000e+00 1.879110855684691106e-01 1.399097159143158076e-01 8.155442939704220240e-02 5.292897921584835408e-02 1.975459910518557322e-02 4.538439023703445818e-02 2.235367709475667708e-02 6.379543380441686506e-02 6.411002698690126955e-02 1.315810530656933153e-01 5.803591190214731910e-01 1.409884169253467490e-01 1.977514452175075932e-01 5.664257174275157472e-03 1.536206706275672351e-01 4.028670044125436944e-01 5.376613262856832359e-02 1.984225256186473718e-01 3.275078885440540349e-02 1.907104965274665845e-02
1.421875000000000000e+00 1.768636929562851512e-01 2.093020058102056796e-02 1.414848548729587263e-01 2.426762809391405096e-01 1.583797246417266991e-01 5.714792813944562927e-02 1.346662766906875086e-01 2.468380558675992674e-03 9.614472624981178217e-02 1.550441637728657285e-01 1.117294306103923801e-01 2.697727224371709517e-02 2.284933305173711404e-01 3.167016224300835403e-01 1.732067277522879312e-02 1.055907601129334600e-01 6.958236868897549332e-02 5.933298193489067174e-01 5.497533277071744995e-02 1.319416654014066159e-01
1.437500000000000000e+00 1.237628582369594277e-01 2.329123521862849211e-01 1.095382488055592629e-01 1.572077722423311785e-01 2.060106754004328855e-01 1.529840364413865596e-02 6.146733428382897962e-02 2.391494203938995117e-02 2.429821922568344283e-01 2.821810923766552848e-01 1.555676169771684214e-01 2.231722757718959671e-01 1.072260457056170568e-01 7.374204820035983043e-02 1.505285476564909297e-01 9.299695272062000195e-02 9.269260622409621064e-02 2.191799311861309940e-01 4.365334362981632133e-02 2.267987045762554221e-01
1.453125000000000000e+00 1.047478994406206565e-01 2.156346370174271332e-01 4.611732825290596610e-02 2.055875429529995524e-01 1.137111890731542646e-01 2.080483637247118323e-01 2.807954897939349617e-02 2.255731284280876672e-02 2.054810713766502817e-01 2.940887671082843477e-02 1.792637890400934353e-01 1.283382240598354707e-01 6.073637452582388019e-02 5.754350748170170560e-01 1.956679424324702932e-01 5.840380901736991898e-02 1.911633288347347470e-01 5.928962254923427627e-02 9.959041737392201887e-02 2.569185741849078219e-01
1.468750000000000000e+00 4.485470466626476638e-01 9.010740563296518180e-02 2.250792213394091079e-01 1.714999192558701313e-01 3.004083041843725321e-01 2.430480557218559767e-01 7.302654740191413807e-02 3.231815494371547033e-03 4.391125161484945444e-02 1.666289616384905303e-01 5.589957562901698429e-01 1.963080656419693704e-01 8.954991493503754174e-02 2.165933690206349738e-01 1.577059169080158030e-01 4.851820289496817928e-02 1.114078924739854010e-01 1.889446673285447575e-01 3.961098143946360783e-02 7.670357934674995604e-02
1.484375000000000000e+00 4.217098699492036196e-01 3.783200520983920900e-01 2.435478790238674012e-03 1.975461000621376029e-01 1.385377714830848539e-01 1.327790092900607288e-01 1.177207999409390360e-01 6.003523118296964084e-02 5.575177779456932242e-02 4.895927062089038828e-01 5.226313372920247113e-01 1.316600141995971467e-02 9.140728522573625392e-02 5.621750071665393422e-02 2.706502270878881622e-01 8.298056882400484113e-02 1.022342232615475049e-01 1.310950363332317181e-01 9.253213335140178519e-02 1.130925092240895186e-01
1.500000000000000000e+00 2.323203264038918581e-01 3.376673095950684655e-01 5.631021491075734187e-02 1.200219873137461091e-01 3.451826201765595958e-01 2.345310975710735435e-01 3.210570927110338868e-01 1.970097510529048301e-01 2.239719282591944582e-01 1.939151779095020511e-01 2.339453690010569187e-01 4.953080532808016301e-01 9.966687189101892941e-02 1.630436407481803546e-02 1.792680016444622160e-01 8.210694256520498224e-02 3.613102274963756605e-02 4.691647140500795204e-03 1.233268119541746921e-01 1.498748306551184704e-02
1.515625000000000000e+00 2.105713352136764568e-02 2.616661057021527070e-02 8.210153549487346492e-02 8.396180601177780783e-03 2.881663973324219419e-01 1.133481077891463906e-01 1.302141918865456771e-01 5.694043048177550859e-02 4.130665935186897397e-02 1.012099791186239633e-01 1.967375040436545805e-02 2.498404110870847405e-01 2.515447631608336287e-01 2.724500342645888029e-01 2.511788334401766631e-01 1.273801883195485318e-01 3.742621042872181641e-02 2.232263907034104378e-02 4.218011424685470107e-02 6.390426720608496924e-02
1.531250000000000000e+00 8.874880548667794800e-02 2.318306299988812658e-01 6.970427422595094902e-02 1.664464126842507830e-01 5.152464642451894117e-02 5.890526149218369700e-02 2.093280037403604521e-01 1.496210449274548160e-01 2.044890324622314348e-01 6.528969802000185452e-02 1.500111720866997289e-01 2.858415756569611110e-01 1.797975059153330002e-01 1.832869355574913428e-01 1.358951415691460884e-01 2.478067609138535077e-01 1.272484523131893214e-03 5.347162905382862874e-01 1.261940817635931467e-01 1.165279865810229243e-01
1.546875000000000000e+00 1.706614102420166701e-01 4.134741302813166874e-01 1.856743067477502063e-01 2.501443044990165482e-02 3.287741620311375734e-01 9.211710828924113068e-03 7.929297110095193113e-02 2.093275312778556663e-01 5.444151694670749247e-02 6.344138669316082280e-02 1.130418485659816091e-01 3.195524907056486730e-01 1.475580566055458009e-01 3.482741622691358785e-01 7.942502879058638277e-02 4.218209810852073804e-01 4.870240810492400957e-02 1.966984012862507680e-01 2.207019989185562137e-01 3.998162550786486802e-02
1.562500000000000000e+00 3.496336913457677442e-02 2.050029740207476303e-01 1.712186353565310279e-02 1.869415764796419632e-01 3.077116978905323763e-01 2.239226006735386687e-01 1.145201556022361067e-01 1.137016495603320881e-01 2.998695755219884379e-02 1.306810939786045081e-02 4.126022767028997840e-01 8.429323432165541918e-02 1.167036120989781434e-01 3.096556257246380409e-02 5.391655073215733118e-01 3.232288944968035871e-01 1.515922593681010011e-02 3.974267508997307574e-02 4.668069797165406987e-02 2.954094094608503140e-01
1.578125000000000000e+00 3.106390126474185137e-02 3.556783175773368666e-01 1.079431353489989781e-01 5.580292439758975931e-01 5.551769451508413722e-01 2.195051959067259029e-01 9.698275942642306524e-02 2.785116523308334494e-02 2.215007581193439989e-01 1.927312508542012026e-01 4.984984805926135493e-02 2.082537889874086501e-02 4.096809657688588180e-02 6.628234353362266740e-02 2.298919969958678200e-01 1.361679637527380970e-01 7.796330965962214310e-02 2.851941581767190592e-01 7.139729296937083469e-02 4.619045536826820592e-02
1.593750000000000000e+00 5.661505550326079855e-02 6.909279525783406095e-01 4.065252748407673783e-02 4.547550771612816622e-01 2.289775928099965496e-01 5.372644546856910654e-03 1.701115234025382672e-01 1.229024399666931583e-01 3.696737330105363539e-01 4.005574353580818037e-01 2.775663016425549690e-01 5.492856702047081707e-02 1.286238911850673683e-01 4.131161100394444008e-02 6.472614106867299322e-01 8.633628707334260743e-02 1.145218872972296048e-01 6.169416961884204298e-01 6.066499557466887849e-01 6.595893445624739782e-02
1.609375000000000000e+00 1.844695695528233426e-01 4.937774498694630365e-02 2.295055189509343230e-01 3.163747103974274277e-01 3.330748247042488175e-01 4.989267627240480119e-01 1.556696980993363122e-01 4.445611276218675578e-01 3.176915909258704040e-01 3.803957176931111461e-01 4.206608845658175722e-01 2.489232823636045866e-01 2.283523374610341855e-03 4.052804812538031154e-01 4.502226526332430562e-02 3.115972309026093234e-01 8.257020282540650236e-02 5.144870399720966603e-01 4.080229182954183687e-01 4.281935481996236581e-02
1.625000000000000000e+00 1.584219007044474214e-01 9.253109630506385630e-02 5.859124681878621205e-02 3.116790444314167519e-01 4.716602006372379585e-01 5.204526073319357682e-01 2.142534418065998314e-01 4.766631931327713345e-01 2.028508358181773386e-01 3.164864112953462705e-01 1.492901248313870666e-01 1.412824407001835314e-01 5.778343018903781686e-02 7.055969518035949684e-02 1.466670095721862299e-01 1.151042280447021615e-01 2.650193539551368160e-01 2.673875946823855987e-01 2.512435662983275031e-01 1.262497719674323671e-01
1.640625000000000000e+00 2.386895692943263869e-01 1.476836860401475049e-01 1.623018283128153105e-01 2.221631579914022936e-01 1.649883632311537618e-01 3.253652983504073948e-01 2.047432560893976405e-01 1.145588903087540050e-01 1.650395809311340223e-01 2.423243133974898322e-01 1.430504443024683062e-02 1.454183830565037860e-01 6.032765339948027022e-02 5.497611729217557336e-02 9.519955575066206543e-02 1.578397375724736873e-01 4.091591559680177875e-02 7.730218738932101430e-02 3.227824400649410563e-01 3.986491582694930425e-01
1.656250000000000000e+00 1.200041467034168446e-01 2.318568757542904812e-01 2.904881955695423068e-01 2.741370546456644575e-01 1.312190938814790375e-01 1.632647794521301654e-01 3.911239569538860206e-01 2.692340965453790536e-01 2.886128736375868642e-01 2.702608303057595363e-01 4.240539860423292451e-02 2.444505982284206624e-01 7.677421501214029553e-02 5.190224663070247546e-01 4.921840386294305814e-02 3.110837305677736225e-02 9.318487885539157578e-02 1.826504434422990819e-01 1.173176248212452755e-01 5.777034840912691482e-01
1.671875000000000000e+00 3.145536904390043575e-02 2.060794917954447414e-01 5.906319655445810626e-03 7.185582365444437986e-03 3.335747506943146368e-01 2.734358028683609998e-01 1.100736215199262652e-01 1.918882602497710976e-01 2.103677788585089914e-01 1.303883366217151729e-01 4.071697255470610455e-01 1.723103184230519516e-02 8.215783028202194860e-03 2.596213845663683517e-01 2.712828083814577962e-02 2.365124415557200155e-02 1.521715644551540070e-01 4.131602711226702723e-02 1.094405671296993371e-02 4.048853381924212291e-01
1.687500000000000000e+00 8.111387488686101765e-02 2.225089625190043163e-01 3.506770102366110753e-02 7.718226591398417991e-02 2.268266941820751836e-01 5.820472284662924628e-02 3.577796879271159525e-01 9.796351687757462456e-02 5.430689845580072284e-02 3.633906669243400916e-02 8.248288127153881322e-02 3.806737705298759988e-02 6.165908745947917824e-02 1.614628816535424727e-01 1.260147165828740153e-02 1.958810950155084885e-01 1.175797975068744727e-01 1.942704897814455378e-01 2.026810581197606431e-01 3.077035228834936187e-01
1.703125000000000000e+00 8.469059911043592959e-02 3.088589114425308382e-02 4.975870669636831001e-02 2.393792653988975894e-01 3.024601178816481717e-01 1.646949962429402892e-01 2.842750226716651146e-02 2.427097366681675028e-01 5.635662726220634910e-01 1.583796858149526809e-01 1.647373563090244186e-01 6.600150298848511676e-02 5.658283071890172350e-02 1.268662998499532450e-03 1.076058710294864884e-01 3.272658211819510221e-01 1.493517250870452784e-01 2.036509976206638539e-01 1.485943093881541555e-01 1.013689695966503573e-01
1.718750000000000000e+00 2.986482479344564345e-01 1.079695534890561665e-01 2.191241926071823762e-02 3.612790584275442640e-01 3.874828150270065996e-01 1.685794376197363442e-01 1.272764038467473144e-02 1.138318331954911444e-01 1.756651875416904429e-01 2.113494718334599232e-02 1.453625872865264290e-01 3.474158561879658880e-01 9.913708071522460419e-02 1.307068544160399637e-01 1.451609772053024661e-01 5.995301112644171315e-01 5.053441655515060749e-01 2.176245515469252267e-01 5.822064338290439123e-02 3.743710507175189717e-01
1.734375000000000000e+00 2.402890894018891443e-01 9.063008898819080450e-02 2.294588186202098715e-02 6.590366619820241245e-02 1.208071330703420349e-01 2.913944249312532681e-02 2.482472180933299466e-01 9.600960155459473122e-02 9.186493106624095406e-02 1.159312403804818314e-01 4.828583485029418476e-01 9.083175133840767912e-02 2.935993326509020104e-02 1.545580662290703400e-01 2.419923402319542338e-01 4.912006475908985426e-01 1.487340999244674278e-01 3.411811304922222898e-02 1.245295339751189070e-02 2.024701279044286151e-01
1.750000000000000000e+00 1.839754471575337502e-01 1.826077010301041248e-01 5.521105966036635865e-02 1.130999431621318996e-01 1.850460536203712425e-01 1.085572671045238885e-01 2.415567136792268477e-01 3.645307927134806558e-01 1.375431402279493794e-02 3.867372180336350884e-01 4.515511716283449051e-01 1.071745545506402469e-01 3.175644598369734006e-01 7.339595801762452409e-02 1.017120029476921567e-01 1.728910202698303866e-01 9.581747130072613972e-02 2.304755637519676215e-01 6.097019901268455055e-02 4.510445891284067810e-02
1.765625000000000000e+00 2.230874284553592546e-02 6.307382627579746250e-03 5.375450344266011204e-02 1.671210720346495426e-01 1.529165226539074274e-01 7.084218894776711517e-02 4.569469849549562951e-02 9.440838217698471757e-02 2.090636055961971052e-02 5.628102401632076313e-02 3.650180127465674773e-01 6.257907101755719181e-02 3.460679558490220575e-01 3.591793115785255758e-02 3.057404054547450262e-02 3.242342138299319360e-02 1.163542361265283848e-01 4.008580832693693363e-01 1.647669257579687241e-01 1.312333258436205671e-02
1.781250000000000000e+00 3.957553427185021566e-01 1.638129228802000792e-01 2.948521219732811935e-02 1.319520462842471431e-01 3.270134483612893161e-01 8.479306274488131179e-02 1.877531047977093470e-01 4.928866653240017437e-02 3.556962981736232904e-02 1.009381145837296850e-01 3.071099022648419163e-01 1.086627689522525197e-01 2.443827407284521747e-01 2.970673494746476906e-01 6.263481547981301911e-02 1.264206315685658943e-01 1.220631013385009393e-02 6.341810593390945217e-01 1.301218142960346991e-01 2.378404649938747201e-02
1.796875000000000000e+00 2.285365765009832739e-01 1.980923640557311904e-01 2.030745717249606008e-01 1.116161825497747262e-03 1.949592862743356747e-01 5.149624971622513980e-01 3.246628379325833258e-01 1.867980705939970964e-03 3.836200402160645090e-02 5.153350743146059010e-01 6.337461527827964458e-02 1.420453685859373594e-01 2.429083357207375837e-01 1.231742646312675715e-01 2.250461982140288669e-02 2.363632333868202484e-01 7.808648407303045436e-02 5.108875092157248998e-01 1.322553122058619801e-01 3.511393912528221195e-02
1.812500000000000000e+00 9.671060875601855678e-02 3.202926983346063849e-01 5.582247090855595173e-02 1.216791595544057109e-01 1.887856857790324305e-01 1.582265987129976570e-01 3.425608223712423017e-01 3.999953438083898166e-02 2.013649728692634353e-02 3.138074326260160696e-01 1.593521520916636736e-02 2.278824503204909535e-01 2.193720799547187184e-01 5.475978236807569344e-01 4.360880506610963214e-02 8.155194375086460834e-02 1.826408116257042802e-01 1.175706110087118977e-01 3.656614920076952102e-01 4.167228343685398795e-02
1.828125000000000000e+00 1.608228768602380646e-04 4.141273612900080864e-02 1.058150768738429781e-01 2.274225493858688177e-02 2.505139076335465842e-01 3.684742895025679144e-02 4.257380028071172662e-01 8.206556353830396500e-02 7.942003964113329706e-02 6.262582547501512054e-02 4.045580886525790287e-02 1.268317477029976825e-01 8.585284367152547225e-02 2.586779268817831490e-01 3.905801973635998625e-02 7.206085672036057106e-03 5.895921350028494184e-02 9.901853107727827397e-02 5.199971175605628826e-01 7.310939139294543587e-02
1.843750000000000000e+00 4.337669223396251605e-01 3.151107077968022807e-01 9.848541597955314322e-03 9.345122676387519756e-02 4.958064966558707598e-02 2.180257003389824144e-01 3.577809562183216774e-01 1.415139747093155376e-01 1.818993069895592229e-01 1.271236487217565492e-01 9.774839788443141775e-02 6.574197758685436377e-02 1.036139817845057876e-01 3.526642819703639797e-01 2.407727549997078567e-02 5.337750252325589029e-02 2.329305070611629655e-02 2.084062918065003878e-01 3.392878706121323362e-01 2.884878439321537091e-01
1.859375000000000000e+00 3.469185250119596886e-01 9.338872544730049408e-02 2.490376459109498730e-02 1.338545725211444104e-01 1.331279291219366057e-01 4.013898088904249151e-01 2.265960876511101951e-01 6.706865366924470717e-02 3.726210560215147127e-02 3.040033400753392422e-03 1.056677766502823676e-02 7.405792982925166190e-02 6.496826078983250485e-02 3.357060157469718420e-01 6.861787205285278801e-02 1.707390779488670574e-01 4.673596070547426928e-02 1.472003690512867780e-01 2.265862358946279728e-02 1.633627041816575198e-02
1.875000000000000000e+00 2.796203316038869402e-01 1.347667955287970565e-01 5.865437493235139271e-02 3.510391531760018863e-02 1.066565905426088839e-01 9.786954150132518016e-02 2.217088213626746546e-02 2.810966520112271327e-01 2.391183932291840730e-01 5.701808428825759674e-03 1.675464781126256297e-01 1.802868870778837340e-01 9.259744388515234181e-03 1.273370409137678516e-01 1.013184283429657308e-02 4.044892002483789772e-01 1.049831943799196254e-01 1.307727500581883640e-01 1.677896316033415658e-01 5.276859240086150260e-01
1.890625000000000000e+00 5.706541220425906946e-01 2.428145967030554200e-02 4.362545020176362975e-02 1.781018059452875724e-01 5.988890224395356648e-02 1.811926476228354482e-02 6.774227809195784711e-02 1.204997533526220438e-01 1.582455405358511313e-01 3.088080094473088510e-01 3.863202304085252559e-01 8.881357469161975382e-02 1.553714539043482210e-02 2.355635621773512559e-02 1.630571201428508005e-02 4.461959857072947400e-02 3.586402404952678813e-01 2.675716591169884362e-01 5.146094313946728005e-02 2.447527885022488525e-01
1.906250000000000000e+00 4.646505596111442093e-01 3.350522817581138568e-01 1.754683727298360146e-03 1.000839839002764936e-01 1.587265207050742588e-01 2.462467563755426636e-01 1.314464161357425664e-01 3.431731113282283085e-01 1.642329163091639788e-01 3.585891232425915121e-01 6.147939287911625694e-01 9.717903344959984147e-02 1.275757141329305899e-01 2.022871138822983084e-01 1.999608525514012802e-01 1.585205422898428584e-01 2.877778428543703582e-01 2.314502322379591859e-01 2.013678356786515605e-02 1.199646182061690491e-01
1.921875000000000000e+00 2.606687305865277096e-02 1.559273191729362851e-01 4.690174574273673902e-01 1.544247169980808299e-01 6.898161721306537986e-02 2.221973435895619187e-01 1.585488041630410405e-01 1.905288571732251524e-01 1.872892502525505820e-01 2.091858079781357405e-01 1.983917389351927685e-01 2.736539322572740796e-01 1.324366414228680677e-01 2.506067952774186300e-02 4.986044308431097222e-02 1.608335349295210090e-02 1.235035936124815031e-03 4.505445893222476128e-01 8.370112980496383082e-02 8.322560558920022444e-02
1.937500000000000000e+00 8.922338995021192321e-02 2.515199466812412243e-01 1.106350910093093498e-01 1.635056556396231181e-02 8.071121704666991969e-02 3.162042643264131314e-01 2.015467200910427831e-02 2.045272105391686412e-02 1.709530440954183939e-01 7.055758893625040107e-02 9.276094120830834233e-02 1.486759935331917193e-01 2.185909040401728953e-02 7.418057400050308281e-02 1.151328446424848967e-01 4.139114067793091545e-01 3.826323790033914762e-01 5.030771952942453273e-01 4.344636591885773780e-01 1.389101074793404889e-01
1.953125000000000000e+00 2.855473621518082872e-02 1.581133377527932649e-01 1.267248123357026246e-01 5.804086301973637729e-02 2.914538890309994468e-01 2.329198270696886119e-01 8.236117331303358102e-02 1.653499236889125756e-01 6.213778363583206676e-01 1.006445941428399035e-02 4.678045431728113934e-01 1.974438478897893035e-01 1.244087396023974834e-01 3.228466767373443513e-01 3.423009870046226921e-01 1.311717101918105366e-01 7.517811605086316407e-02 1.451413516500089929e-01 9.895113041972551648e-02 1.489795395565941816e-01
1.968750000000000000e+00 1.378793323726722475e-01 5.179973669646579376e-02 7.338774164456475513e-02 1.888783956806426023e-01 6.805499692029820524e-01 1.837051200863610567e-01 2.672487623663418743e-01 2.965302230110066634e-02 1.337832799798602257e-01 1.247639854311576729e-01 3.375841286726188328e-01 7.639032548276812606e-02 1.179324682724651463e-01 9.728770028948181825e-03 1.101375067485254981e-02 6.504807920360974882e-02 1.357635646742165469e-01 7.550530562570124948e-02 1.576350875884989164e-02 1.672208021687488499e-01
1.984375000000000000e+00 7.898186698290882157e-02 3.639783156194576624e-02 4.341598344218944479e-03 2.624366453418097364e-02 3.938878024318380744e-01 4.858237592860911724e-02 2.515373876538175568e-01 1.926389404488962620e-01 2.567063436140045157e-03 1.450825875446555557e-01 1.760200373465596949e-02 5.031831057604980312e-02 2.021110427286009759e-01 6.846849663034558497e-02 1.760147548862962541e-01 1.082792549962063172e-01 1.029557368866560740e-01 4.227891147603573402e-02 2.336843135604856070e-02 1.416218758639741782e-01
2.000000000000000000e+00 1.510540688050650629e-02 9.982742090726599155e-03 4.683915429308563826e-03 1.420358441815459949e-01 3.309341813552396094e-01 1.258468706030595186e-01 5.249205127970463236e-01 5.094716910053783687e-01 1.391272561805274172e-02 5.386902620207848630e-02 7.021087245712452629e-02 5.282903453391901531e-03 5.283536767128736017e-02 3.877603119757802586e-02 5.085849174987510518e-02 2.783654545877572994e-02 2.670664394342769921e-02 8.798115923475699138e-03 3.769015726101592606e-02 1.845257823900577644e-06
