0.000000000000000000e+00 2.417032211609659309e-01 2.080875828915152992e-01 1.328099956307319529e-01 6.918627529306043966e-01 2.446109633436922837e-03 8.216367930567448907e-02 3.306813644454061896e-01 6.630814712273622735e-01 6.002946710036162481e-02 4.023705208989708168e-03 1.747865961963742960e-04 1.896103174775581879e-01 1.486229367241556354e-01 4.242374221591221212e-03 1.306829822472790371e-02 9.221119298702898370e-02 2.684583634982712352e-02 1.547966183476789659e-01 3.241797153401017296e-04 1.562760412562866907e-01
1.562500000000000000e-02 2.572779749528014692e-01 3.661106569995024040e-01 5.269543582140098770e-02 5.153336576166502869e-01 5.949820467686688791e-02 1.811443421223369599e-01 1.055123871191728097e-01 5.805837589793709785e-01 3.827056897717442951e-01 1.960714454111074367e-01 8.342183654803739246e-02 2.212364588718295222e-01 1.051817075801523838e-01 4.656621369492572882e-01 3.185766574960887110e-01 7.152360063827163661e-02 1.014734606760192143e-01 3.665138475659875938e-01 9.227334331387561372e-02 3.412099217007431157e-02
3.125000000000000000e-02 3.339867080742415784e-01 1.974819498802390105e-01 3.077276184901239220e-01 1.961837548638396267e-01 2.428587908216758157e-02 4.362972475963411423e-01 1.580012606126645625e-01 7.992444355350698804e-02 2.338905889565451313e-01 1.371185258294608522e-01 2.845094201626927055e-01 1.037946499399855088e-01 1.451515339498742341e-01 4.382117788911559786e-01 2.674475626079574342e-01 1.263355096865165506e-01 3.891646315982835030e-02 3.199773536063405532e-01 4.271680210317687632e-01 2.547374768189697089e-02
4.687500000000000000e-02 5.810991318211157219e-01 2.741080147150670165e-01 1.832508432747989857e-01 4.526938541410820416e-01 8.283573408226345414e-02 1.770034218569025708e-01 1.600895958686537612e-01 2.797041494611047369e-02 7.086096036166755763e-02 1.052948692683067511e-01 2.269978020216426584e-01 8.291324644488722029e-03 1.850846797817772005e-02 2.144975707255037944e-01 5.097225660331702324e-01 3.363451982640711102e-01 5.178738611384146179e-02 1.733471526922244765e-01 1.051092023132655234e-01 8.532688268533916709e-02
6.250000000000000000e-02 7.812499791886193257e-02 7.618469753936818467e-02 1.705170573164751513e-01 3.002592752493335460e-02 1.357039146169523314e-01 1.092979941466525190e-01 1.481914111388397126e-01 7.298129994773336349e-02 4.407263155433094326e-02 1.347331392657568905e-01 7.638476060270203705e-02 1.117490187826389592e-01 8.436659600971782580e-02 6.606510014373231932e-02 1.715687316944248531e-01 2.369129757591607530e-02 2.207496013713813598e-01 2.027006489252983767e-01 1.819596732698516295e-01 7.348311710084896864e-02
7.812500000000000000e-02 2.203276389829249560e-01 8.792082834211824294e-02 2.034999506014223969e-01 2.493552600647782336e-01 1.354746609095236753e-01 2.269987453253120291e-01 4.309612403842318362e-01 7.069188431791478822e-02 8.948781787953849487e-02 2.182878471355361449e-01 2.176661042649450373e-01 1.313896764606651280e-01 1.924082037912460130e-01 3.175326008440125802e-01 2.032372499629620521e-01 4.093866303760544667e-02 2.125621769747860768e-01 4.175343499042275149e-03 1.724283378598338856e-01 4.422952005349809479e-01
9.375000000000000000e-02 1.341611548754888805e-01 4.266500170776543061e-02 7.725275989309011992e-02 6.423173276790525299e-02 1.568005446299081118e-01 1.012290860883743038e-01 6.439338878931816224e-02 9.750111435416601580e-02 5.038154891094389493e-02 1.605686582476082980e-01 2.851101349478044056e-01 6.628362111223208564e-02 1.589816746597542685e-01 1.122168087522977253e-01 1.500153489027247489e-01 7.355747745908595980e-02 5.923535567065437574e-02 1.148401396603981051e-01 1.279653353793665238e-01 7.987775168533151060e-02
1.093750000000000000e-01 1.598030340931635152e-01 2.661248885966837618e-01 3.470798570529077393e-02 2.110617200082434419e-01 9.879376380601971597e-02 2.159221235119622162e-01 4.637355405290068955e-01 5.824858372724870531e-02 3.172836472038467193e-01 2.194744579735103673e-01 7.431740979164997984e-01 5.441251519399521452e-01 2.766405473310377672e-01 3.082213435193743856e-02 6.988660013307571583e-01 2.586032397641458425e-01 4.804673991792696719e-01 1.468782456029818217e-01 5.836226866895978249e-01 1.769971770458308447e-01
1.250000000000000000e-01 4.439986584055710672e-01 7.339467032910037547e-01 1.071590207255593979e-01 3.388666860535941017e-01 1.790907626108045325e-01 2.230348477258386197e-01 3.299580479449885639e-01 6.044644339850131776e-02 3.266865460376713881e-01 2.887475402751031872e-01 6.922454090253268300e-01 3.675935300554293850e-01 7.261387293678649157e-02 3.599257882342782842e-03 5.744587579910834796e-01 2.996731262844365418e-01 2.560112781186905107e-01 1.042484991190633092e-01 7.983509559793831034e-01 1.953861834127923747e-01
1.406250000000000000e-01 5.756884048097410389e-01 4.663637046545734410e-01 5.402342123520157413e-01 3.974786427744489425e-01 1.224389094034882969e-01 5.162705084003335054e-01 1.164538890826662398e-01 2.631635375632996321e-01 5.657503980058651294e-01 4.701780804527832536e-01 7.211189068048765582e-01 3.465799925766462897e-01 4.441870658985963005e-01 2.330426446943791585e-01 4.306783648997913327e-01 5.361396983093024149e-01 3.579401299182120022e-01 3.019714109498188304e-01 4.896969474312326542e-01 2.657627604351103789e-01
1.562500000000000000e-01 7.593738384442880740e-01 4.970891320748536679e-01 3.344036347996673375e-01 4.077623975642334364e-01 1.644897227393118666e-01 4.832364503437882597e-01 3.541261940122340524e-01 5.453336881233066258e-01 5.647658716386666500e-01 2.758759722291848626e-01 5.986340917003153406e-01 4.464132421490455416e-01 3.617937582450760359e-01 4.652788819525529029e-01 5.296067580369585581e-01 6.967858911737007110e-01 5.255670139856143397e-01 6.509581962745494277e-01 4.795804294397658096e-01 3.652241466528655112e-01
1.718750000000000000e-01 8.721765982092165581e-01 5.719378910997756638e-01 5.286658542870278366e-01 3.759988496171555172e-01 4.708400697888386333e-01 5.930563670175739155e-01 6.332548237872409613e-01 3.853447702842979217e-01 6.948136351017298873e-01 3.294700551793102727e-01 7.634565908246017107e-01 6.981694238803378694e-01 1.901052353252297988e-01 6.298001761112029806e-01 3.389667491683704958e-01 6.563428588311198686e-01 6.121965277368657254e-01 4.818291302338729154e-01 7.336689861117996481e-01 5.057268144646893671e-01
1.875000000000000000e-01 9.387212591241153037e-01 7.636312760645901365e-01 6.333330112386051924e-01 8.062733419061478557e-01 6.232437724897043063e-01 7.930705836881037918e-01 7.576952037255703098e-01 2.729526429420404687e-01 5.350713293783027069e-01 2.699563154728373271e-01 9.124562847281431077e-01 7.236625100103390995e-01 4.718606908026353741e-01 5.866374367150097857e-01 5.516581499705235370e-01 5.997760439202295402e-01 6.116462083377020020e-01 5.781205454686519918e-01 6.231701337912195493e-01 6.210605880874296991e-01
2.031250000000000000e-01 8.562928581138916639e-01 5.193353556899632517e-01 3.327687184844383972e-01 7.586490688366563928e-01 4.392807174260962566e-01 7.648232339163336668e-01 7.163019952387932321e-01 4.323278499709907186e-01 5.288592170591788211e-01 3.217109161484809632e-01 8.736520359081269005e-01 6.983516133621271438e-01 7.059955670326323318e-01 2.611946596805375109e-01 6.551504807249941553e-01 5.382880180081852650e-01 6.059909288698703822e-01 4.958597504968170755e-01 3.906252170030676818e-01 7.366432790620477400e-01
2.187500000000000000e-01 5.231341287824208264e-01 9.313622841321242962e-01 7.133683524339122783e-01 7.460852360346013068e-01 2.474911102838603660e-01 5.670965980885539492e-01 2.359810329719731758e-01 5.388739022504183129e-01 5.074718760167943321e-01 4.700113263192756685e-01 7.602900085237644934e-01 6.374833937412982543e-01 4.607557708466737956e-01 6.461306361980698014e-03 7.008800060041688873e-01 1.638501332189109816e-01 6.989193053573213854e-01 2.252002553198680923e-01 3.938636035338143326e-01 5.449139120636212752e-01
2.343750000000000000e-01 1.203966514045790998e-01 6.238448075292719608e-01 5.008275787471445639e-01 2.037804367893831237e-01 4.896374302652930499e-01 3.413879959613208559e-01 2.622975852741929459e-01 8.345803116263895982e-02 3.342620254129673174e-02 1.887382539241420631e-01 7.042848031162203259e-01 1.712112264351486335e-01 1.501263448350992902e-01 2.557369452627136219e-01 5.232784951367229764e-01 2.248324380307117898e-01 2.778848213210986517e-01 8.152092164816625297e-02 8.819516815218837735e-02 3.787364489802613199e-01
2.500000000000000000e-01 4.384290139427563515e-01 4.777850317467697283e-01 2.878197110874028408e-01 2.291530341436604501e-01 4.895568085209313636e-01 3.041784693333518530e-01 1.684888525183930730e-01 1.032550565588420816e-01 9.131016054656967973e-02 3.063965385304215916e-01 7.257992677970964701e-01 2.629510445768922788e-01 2.413119213604548452e-01 3.413678204214622425e-01 5.424894325146141227e-01 4.492467425382916102e-01 2.544077890197727898e-01 1.304301760842808966e-01 8.387634507692248720e-02 2.362743241975198139e-01
2.656250000000000000e-01 9.384540701589024758e-01 8.474865640859593485e-01 4.317979207616545745e-01 7.492357170672219180e-01 5.160624908781250575e-01 5.370625325707359954e-01 4.065719078058875335e-01 5.379903050236438666e-01 2.116421961367290772e-01 5.252997211759243834e-01 8.855104272905527374e-01 5.046071419452308193e-01 8.660578523747569646e-01 4.951560581470886291e-01 5.581227988823376229e-01 7.318548810346381384e-01 7.330523074936877714e-01 7.627713184761603094e-01 5.881217264292721847e-01 5.420227083295480197e-01
2.812500000000000000e-01 8.809600072137259152e-01 9.483357701679784313e-01 7.718861885394202593e-01 8.676366930659215049e-01 5.061041016187082242e-01 7.926174488794068829e-01 6.794189705177035021e-01 6.192992908370968941e-01 4.676626287813576699e-01 5.797267596728015171e-01 8.460939243067154836e-01 6.639214396397803419e-01 8.730642283786400615e-01 5.203807996346436759e-01 6.614192477839947459e-01 7.258590443337386011e-01 8.611731297069006308e-01 8.982557850518085862e-01 5.126357972116672990e-01 7.893518207914510532e-01
2.968750000000000000e-01 9.163762125544459014e-01 9.042731186742908323e-01 9.245755755069270387e-01 8.556099018612307594e-01 7.840541960042715086e-01 8.282826027025714799e-01 5.395918787923646986e-01 7.750176591077806432e-01 8.258997446176783441e-01 8.425231937953998607e-01 8.319824468183704136e-01 7.030668317753568930e-01 8.942691046933924914e-01 6.078706081862776944e-01 8.176661623068611773e-01 7.247355448423408175e-01 6.833547332028802046e-01 6.770859633300716496e-01 8.123620487292002590e-01 7.302485185106832866e-01
3.125000000000000000e-01 6.251165783162206946e-01 7.863293760479881378e-01 5.441490135971678299e-01 8.349577721407435149e-01 8.048048767502591350e-01 6.957907678849208910e-01 6.568411194650335405e-01 6.447416539673840319e-01 6.018006774525562763e-01 8.443511481215899561e-01 8.324273607610737091e-01 6.429573932146905868e-01 7.974467155850586408e-01 6.360146094297401964e-01 8.102249400273747737e-01 3.744972031946716129e-01 3.927744292176166829e-01 6.076604523987331197e-01 8.352719202730510828e-01 6.833154948227938563e-01
3.281250000000000000e-01 7.883744230901477135e-01 7.762431641298097595e-01 5.876185704045291391e-01 7.321088015780627956e-01 7.396109790152796126e-01 7.815915188502388089e-01 7.399537938495377443e-01 5.750850737705875959e-01 4.789239987138663723e-01 7.260824511284698080e-01 7.606118895398236157e-01 7.995593347832259390e-01 9.050423519323563815e-01 4.507619397561531960e-01 7.117962105322543920e-01 6.650993499860954339e-01 5.699521975388880390e-01 3.419452559361275679e-01 8.233644446379352333e-01 6.105774598306766832e-01
3.437500000000000000e-01 8.033145314655577574e-01 7.902940804466787039e-01 6.053493290621140277e-01 7.893564564407157258e-01 6.516084489582718575e-01 7.500209015722918426e-01 5.393526893499730468e-01 7.312608126869494241e-01 4.063794546525641982e-01 4.165535870981194044e-01 3.927539870337660166e-01 6.181763685600700775e-01 8.465044998691770850e-01 4.167192214348569013e-01 3.455765817769428927e-01 6.286412342394953612e-01 7.508501368254935082e-01 4.925074003187100424e-01 7.625917912187740733e-01 2.133879400269053372e-01
3.593750000000000000e-01 5.829121159088589410e-01 6.503957078295269367e-01 6.125749635453345832e-01 4.900661651066682278e-01 5.286334341504383971e-01 5.549562803411051126e-01 6.324735241328445223e-01 4.985271370502304400e-01 8.151693719612145700e-03 3.176060809437754595e-01 3.411920315716553409e-01 2.067252413381582832e-01 8.033318369774234968e-01 2.206647862554919626e-01 4.495726945545305137e-02 6.741456161045367157e-01 5.412072287489846367e-01 7.281472707040046455e-01 3.684248145811127029e-01 1.462794152369343015e-01
3.750000000000000000e-01 5.668629984953061918e-01 4.903767530156577514e-01 4.486486413797817208e-01 1.976214903276326817e-01 4.325870218085607344e-01 3.662488687118002351e-01 1.089018650987665093e-01 2.841756917294190332e-01 3.161008764017425587e-02 4.935981648397001487e-01 3.189738070119184643e-01 3.916314348450490868e-01 7.138690400034731764e-01 9.354743018426743550e-02 9.482397960126229264e-02 6.151011497240616022e-01 9.102882993085209540e-02 2.369354841380565402e-01 2.500802156224238848e-01 1.608175515311124626e-01
3.906250000000000000e-01 2.731279372978601683e-01 3.967896506099049536e-01 5.094071058253702572e-02 1.281310511065611446e-01 2.849173665377262993e-02 5.169345250131330421e-02 1.278617549525992159e-01 1.770828727512110956e-01 1.025033468238874673e-01 2.475467006155173122e-01 2.182353688351790777e-01 1.244714576665636868e-01 4.730251863765591700e-04 4.571542107041222103e-01 5.478237068475637350e-02 1.294897932297745247e-01 1.367133713085924296e-01 1.642329776653111140e-01 2.690147698268384180e-01 1.364451611051983003e-02
4.062500000000000000e-01 3.178257981157964207e-01 3.859751820490542884e-01 5.821601789083912654e-02 1.549396518401526812e-01 7.079242230476674724e-02 8.412030289529801030e-02 2.297811849459448497e-01 1.648811381077063543e-01 3.190216272840321055e-01 1.718754161978971184e-01 2.709387676492218122e-01 2.948244799738343469e-02 5.411662181424384960e-02 3.014513405181638017e-01 1.266549937005577572e-03 4.485963562333625254e-02 4.042253493662582575e-01 3.526230320536435925e-01 3.173367795915254530e-01 7.084871081932561099e-01
4.218750000000000000e-01 1.578615323507784052e-01 6.755168970234639580e-01 4.169460180559694806e-01 3.688611550624227298e-01 5.823987590235262662e-02 1.598926448298549075e-01 2.169322170559043542e-02 4.512617344427485855e-01 3.640950708391804125e-01 4.468971924033329768e-01 2.891535789392221667e-01 2.011748875809691861e-01 2.473805171349106047e-01 4.122095596314682697e-01 1.582768115329823699e-01 4.085838354835482633e-01 5.097949757306048379e-01 6.572192299305149588e-01 2.979100262298565172e-01 1.567203080423829054e-01
4.375000000000000000e-01 2.144887894186173552e-02 5.849045313132306134e-01 4.072487147037702204e-01 3.578857190704314850e-01 3.221108046303463035e-01 3.064901992071189518e-01 1.377534473754523647e-01 4.032662399481689586e-01 2.109416447481140822e-01 3.210750100822610809e-01 5.595507729643989236e-01 2.560469242120067546e-01 4.967716465118417468e-01 1.905265034626422160e-01 1.311260236186308770e-01 4.049834764743059368e-01 5.885803797985056374e-01 5.492419908206911394e-01 8.350039149230877034e-02 5.683549905469093000e-01
4.531250000000000000e-01 5.333231961463529014e-02 2.014619170197694542e-01 1.779029098694508149e-01 3.290022598934402159e-02 3.046776108864004962e-01 2.399737689641489868e-01 5.810853725858714514e-01 5.580600960274210293e-02 3.384613164980266875e-01 6.719573856227712381e-03 2.851825919131084630e-02 9.752038892535108694e-02 1.467826726965926754e-01 1.563325937799515120e-01 1.513366129052178821e-01 1.375287933247872352e-01 3.166396933008298054e-01 4.588819813554800842e-01 8.218696049350411592e-02 3.118719508147232977e-01
4.687500000000000000e-01 1.593100495135023609e-01 8.317903718003466507e-02 1.298341431003386878e-02 9.605346590841659302e-03 1.179925413270786066e-01 5.757417517170036053e-02 1.371397627449774115e-01 5.369711303604968872e-02 2.031630876395741636e-01 3.077160414321733484e-02 8.466377837196821521e-02 3.200724970049674545e-02 1.413441784503658982e-01 6.697321251628610313e-03 2.924121205733268281e-01 4.208899698436122661e-01 3.151911289069435074e-01 2.931217406427873429e-01 7.926029629870318116e-02 2.075160115824096763e-01
4.843750000000000000e-01 1.504496061176686383e-01 4.260953840012093180e-02 3.728729603735424919e-02 2.196145502190902654e-01 1.151686664562932144e-01 3.258459592699714663e-02 1.571087337473802414e-01 1.504525593194898370e-02 1.636318552767610790e-01 1.082849922026898892e-01 7.180991243957290937e-02 8.332152701470078859e-02 5.797458332347911192e-01 1.131032996987227646e-01 2.622375630187990803e-01 2.352371681984717910e-01 9.876451349709927663e-02 3.836001906286519436e-02 2.258504459936130082e-01 1.132869394356044862e-01
5.000000000000000000e-01 2.856805901383653243e-02 2.396874213675508347e-01 1.315846915690956631e-01 1.901294211000249534e-01 2.259846645583949917e-02 5.324940636281716433e-02 7.677917296341607578e-02 4.665361050937195248e-02 1.368446584552373835e-01 2.812650645062464080e-02 7.815448759630505560e-02 8.088144676908583242e-02 1.581941474709327444e-01 1.977750854827623472e-01 9.300024449664819060e-02 1.890675786289098548e-01 2.097107172416581410e-03 2.773096559960155361e-01 5.635108194982102470e-01 1.004105956667369765e-01
5.156250000000000000e-01 6.555335658258805431e-02 2.843356101142336390e-01 2.018851287195859989e-01 4.366602730346700878e-01 9.378179848848809674e-02 8.483101915705236473e-02 5.904782789612272181e-02 1.305858088242675859e-02 2.580192278311344012e-02 1.628963795982093232e-01 6.492367707772150887e-01 1.753533016372475425e-02 1.549520496342725664e-02 1.458033579433744009e-01 3.823457100961569766e-01 3.547381140688684042e-01 2.352809646706189584e-01 2.447290198995534793e-01 2.601966187898283045e-01 4.650774399020244365e-01
5.312500000000000000e-01 2.676165082241862003e-01 1.659983854692321792e-01 1.886964500381860532e-01 3.311575730153287767e-02 7.737765067365189042e-02 1.164167882281567784e-01 1.456528415352793641e-02 8.475760879915368584e-02 5.732834384075766176e-02 3.992921087527944723e-01 3.731658573728608430e-01 1.737562460358626493e-01 6.116261044136278580e-02 2.010172700467585671e-02 1.871152462835830310e-01 3.770668974700163711e-01 3.926552685072612348e-01 6.947889568237252886e-03 3.297547872501820354e-01 3.311792823723673784e-01
5.468750000000000000e-01 8.908509073563895819e-02 1.052032807681361620e-01 2.499567616236549050e-01 1.042301959508674658e-01 2.125602574736146916e-02 1.756015848437072480e-01 1.836081474643916356e-02 2.795301400669340190e-03 1.142845549135452221e-01 3.321785256418420262e-01 1.374819512749189954e-01 4.099520832684501737e-01 1.529550956592292121e-01 8.750091860587035086e-02 6.245350734169618362e-02 4.290100279303477190e-04 1.534233387137393378e-01 4.395806323330903216e-03 1.299100750042612995e-01 2.538952271297905891e-02
5.625000000000000000e-01 1.309246642789848591e-01 1.946107134617300061e-01 6.137234096438563130e-02 1.685320078084463213e-01 4.648310324132736704e-01 5.729082862891644173e-02 8.528706163666227580e-02 1.741594629978809317e-01 3.072938242349950166e-01 3.582923829668251403e-01 1.208405864097256144e-01 2.380230890001445720e-01 1.803031364077294363e-01 2.263257499597809974e-01 2.967673411651636228e-01 1.453822169615500148e-01 4.143052746109779916e-01 6.510486982923487098e-02 3.487043751019890947e-01 1.102873893808241912e-01
5.781250000000000000e-01 1.232479696621454901e-01 3.469512578642533485e-01 5.349295294930802441e-02 5.833624291488914704e-02 3.589725227356945214e-01 7.073430318273497310e-03 9.529458528108833426e-02 8.351095747654208078e-04 1.791029546336101730e-01 8.019131198584276976e-02 3.586259657026947406e-02 4.100289618568922489e-02 4.648282567284782625e-03 2.330339623385505321e-01 2.241715574586218007e-01 1.132559827837143485e-01 1.570787589709392584e-01 1.569404883152314412e-02 9.238590259003519323e-02 1.138195973896671265e-01
5.937500000000000000e-01 1.886124991889100433e-01 4.274009108555112402e-01 2.439545658740103484e-01 3.245219973732782048e-03 2.141816879737720447e-01 3.197115988112433915e-02 5.256540260817531979e-02 3.073547897843781906e-01 9.836591809895869898e-02 2.653603149099904024e-01 3.544105813306610425e-02 6.274982493686036278e-02 6.561663754690172379e-02 3.170862986489744739e-01 2.924169567474168008e-01 4.818932477333085496e-01 1.696330892328872242e-01 7.611239892215211980e-03 2.417047390464509629e-02 7.038743487584038505e-02
6.093750000000000000e-01 2.096534246542205160e-01 2.341103905038424138e-01 1.286800312946391189e-01 2.048752754913157059e-01 3.149045817108589995e-01 2.147284407113592697e-01 4.639558721211677061e-02 7.662067197062867596e-02 2.013812073735828378e-01 2.722670109060393306e-01 1.319721631588304800e-01 2.925654998550684602e-02 1.065193045860673565e-01 4.571911880549802687e-01 2.868982086028443734e-01 6.088434300274989802e-02 1.412874935044350355e-01 1.481733261776270738e-01 1.328874374073971687e-01 2.884507551832923497e-02
6.250000000000000000e-01 4.295719600553210560e-02 2.642971667665849345e-01 3.050990325421856220e-01 1.369754760210698252e-01 6.763712653741381364e-02 4.188331911286986148e-02 3.408247546428391783e-01 8.218226804845076006e-02 4.218481473700148171e-03 4.553144448178209069e-01 2.106836945544189044e-01 5.301263929066533931e-02 1.686949889312411646e-02 1.580600779132884937e-01 7.209969429010361364e-02 1.083158267962665150e-01 6.264454156482524017e-03 1.306326281134826406e-01 6.213740187191963034e-03 1.244857043874589286e-01
6.406250000000000000e-01 3.871253952416055244e-02 4.580790806750442701e-01 1.047699527461041918e-01 2.788811995242461705e-01 1.640181162207136889e-01 6.861414940468088530e-02 1.018912268421608147e-01 2.618117137628778873e-02 5.527929052802105919e-02 1.936397790013948406e-01 1.210096423672542276e-01 8.924958997957320450e-02 4.918428710011371607e-02 3.436639735892078051e-01 1.027430144662308947e-01 3.504396722846253032e-01 2.586755527503849933e-02 1.821415262316198116e-02 2.377968654222711864e-02 1.291095290396546413e-01
6.562500000000000000e-01 3.936039637582468276e-02 4.731960731124125741e-01 3.071673928243131568e-01 4.471976878583294179e-01 2.121023857742492524e-01 7.235276176836308304e-02 4.093591029338343179e-01 7.436340297818387624e-02 4.561835469590252989e-02 5.771330696370446239e-02 4.164154377372839555e-01 1.112188182725999536e-01 5.755253965275294870e-02 1.868556016557811894e-01 4.320513622405547892e-03 1.569903614576850792e-01 1.609141806789882168e-01 5.512874655196769308e-02 1.266519556141046041e-02 3.190067371704136123e-02
6.718750000000000000e-01 1.439213024046464284e-01 4.387230418784767161e-01 1.208016751288926993e-01 1.340081910595162240e-01 1.404758401445454774e-01 3.086781863665019610e-01 1.104583287955372972e-01 2.537507323503574233e-02 1.153384273329983861e-01 1.287549605919793838e-01 4.698008136733269335e-01 4.318605296465066051e-02 2.814176845944657557e-01 9.070730975279413244e-02 4.192487109147768204e-02 1.066832447894838082e-01 4.448288504020980055e-02 2.822168555045895810e-01 6.749086063235434918e-02 7.987737798283119084e-02
6.875000000000000000e-01 1.151656925231853007e-01 3.302700071456403652e-01 2.718246263509185856e-01 4.352761887007827735e-02 1.286140702794506818e-02 1.489259388810463824e-01 5.564800006394216708e-02 5.842810513760468560e-02 1.854337326610309630e-02 3.328792025835685675e-01 6.399188460037412707e-01 3.328230394323469093e-02 8.267059874359319882e-02 2.355972458646150014e-01 3.966055705258549752e-02 2.978977618474438205e-01 1.368511790260811267e-01 1.277189904396446862e-01 3.888020858561612447e-02 6.073834196400054383e-03
7.031250000000000000e-01 6.816256669241974042e-02 2.774521338896390188e-01 5.527118968631256068e-01 1.354075219213324950e-03 3.908666876169321347e-02 3.862406689653224423e-01 2.954862789373952081e-01 1.167993164297880387e-01 7.821529211220146216e-02 1.196482204493811569e-01 4.465601453527600628e-01 2.128970656024247454e-01 6.953540997553324388e-02 2.837174296883951952e-01 2.421808151756371374e-01 3.570476254738479821e-02 1.500970108331716735e-01 7.633501110974826032e-02 6.137184134256547935e-02 1.603328408943043015e-01
7.187500000000000000e-01 3.516353427724361325e-01 3.295332930756085243e-01 8.533981388691375125e-02 2.854355380472658674e-02 8.154362610352275387e-02 2.900046879292896840e-01 1.922663468828367805e-01 6.886966940329344866e-02 3.450881621042945491e-01 8.004485645398697058e-02 8.282096218078389971e-02 1.807653440854588012e-01 2.091723835473880896e-02 6.434111713741036409e-01 1.601083662471164681e-01 2.401623123899580478e-02 1.206211960401225997e-01 1.388788691574429357e-01 1.659110789707280431e-01 5.599496278166702506e-02
7.343750000000000000e-01 4.639539654118727818e-01 3.223162207050297989e-02 3.668998595745360802e-01 1.827577148916318672e-01 6.692023033214515582e-02 4.626701508831062432e-02 1.873673070984645944e-02 9.240880611441586179e-02 3.768789553547974291e-01 1.526113346083094180e-01 1.403321455972726117e-01 2.290277826236638559e-01 2.303522899873707355e-02 3.739557871260347777e-01 5.835343308801726331e-02 4.654468871751511749e-02 1.602158363491681670e-01 6.736833349791364334e-02 1.544017119313933206e-01 1.266458566610191849e-01
7.500000000000000000e-01 5.228923791902123641e-01 1.768148545576203046e-01 3.552092047232291994e-01 1.764109729137511851e-01 9.416060896059445795e-02 7.618747115117770717e-03 5.150576808728272310e-02 3.583803076890810374e-02 5.617542304829284960e-01 5.092910311741249280e-02 3.009167414265643270e-01 2.039944600566095945e-02 3.250008050713614760e-01 1.414491423629188338e-02 1.836204964425202091e-01 1.656372039164425158e-01 2.194672092632920790e-01 4.372398637897007001e-01 2.200842996976659915e-01 1.923566146353443418e-02
7.656250000000000000e-01 2.081929268375338204e-01 1.075533860608849229e-01 2.802667961306081756e-01 1.715116394132635072e-02 2.441852930800903487e-01 1.804006524676593504e-01 2.018601954858377512e-02 2.057918082861040845e-02 9.225033287869305321e-02 9.505067114675901097e-02 4.323864336433498323e-01 1.589742393145307520e-01 1.661582782491559662e-01 2.956418562732997940e-03 2.721999930824131608e-01 2.510974279408836329e-01 1.227840317213771681e-01 4.638975975748710345e-01 1.023018499947142279e-01 9.184100092492111789e-02
7.812500000000000000e-01 1.056675210712485352e-01 1.469379214084956357e-02 2.121394403330558176e-01 1.086559529854239613e-02 2.770991492451314875e-02 3.961351242184580346e-01 4.955766096080500144e-02 8.809083903103280544e-02 9.670444021516648100e-03 5.266528408853872467e-02 6.933158497687563759e-02 6.543508609323690772e-02 1.901712970657679358e-01 1.317037495641411489e-02 1.340632838327640575e-02 3.390580930502223311e-01 2.275195128267697153e-01 8.632135820533043402e-02 2.545750701363399746e-02 8.977910858868875729e-03
7.968750000000000000e-01 1.876344429281507076e-01 2.561679011505737513e-01 5.775559642271768657e-02 1.291767508115128360e-01 1.848204870182453552e-01 3.836573363777687901e-02 3.780381133848988995e-01 5.330969360208174385e-02 3.426015336331779126e-01 5.625211433878618550e-02 4.449117667860569281e-01 1.999612022514615506e-01 8.923865905516997765e-02 2.397751961733988191e-01 1.226459017656451045e-01 2.776067534315385110e-01 1.036823139974433067e-01 1.742323765466085791e-02 1.806940070570918488e-02 4.180691087434657699e-02
8.125000000000000000e-01 1.320121919061821580e-01 2.064789038527249931e-01 2.549105367987964943e-01 2.894576770384060110e-02 2.323460895940652471e-01 4.081969934801501360e-02 2.678018793470715586e-01 9.903082949101904564e-02 2.706154024104791556e-01 7.620584852914530360e-02 1.521489195730693633e-01 6.695959295539802292e-02 2.025978250324639296e-02 3.806320980620747085e-01 1.025035264905577448e-01 1.242952093849196971e-01 9.016681904805329273e-02 7.781044459628201626e-02 2.444950444527552516e-02 1.363747473966540058e-01
8.281250000000000000e-01 2.320186704218125603e-02 7.021402235341257791e-02 1.337313809540223997e-01 3.002656411410453141e-01 7.881689476063988287e-02 2.749877233876752217e-02 1.448320501180387077e-01 6.273683927743585464e-02 8.595938436620365747e-04 3.368672967324621518e-03 4.046177128752393437e-01 1.346289587001685550e-01 1.680559120011595672e-02 1.883039134432053507e-01 6.899737163037980570e-02 2.723898422675350220e-02 1.802164595902735686e-02 3.039242171542161711e-02 2.881551292732065228e-01 2.852447883486642927e-03
8.437500000000000000e-01 2.999166700746818681e-01 8.115370336010409302e-02 4.182964832920831877e-01 1.290436080937023833e-01 1.778431432465496162e-03 7.281413975164282692e-04 7.888835478195004025e-02 1.881411603984187719e-01 2.585061663381200692e-01 2.902664982540232308e-01 5.955621490108081728e-01 2.986446104599576462e-02 3.390483700817845114e-01 2.487797072027163048e-01 8.518820382433571481e-02 2.056526602383033919e-02 7.505685128046706012e-02 8.195606567150488797e-02 1.667400687199515896e-01 3.298230203780439657e-02
8.593750000000000000e-01 8.571497264051339271e-02 7.121734349791945633e-03 6.073219296149643398e-01 1.813509982961224176e-01 7.464110427149044102e-02 8.954309602056932660e-02 4.570473632356921584e-02 1.136251915666639245e-01 1.323476777254375958e-01 3.414738434168353987e-01 2.487214846138889601e-01 3.014289298877220746e-01 5.991228481052089938e-01 3.721670767653839640e-01 1.531111580695136420e-01 2.820398062340067069e-01 4.211493211097275258e-02 1.210949628482895224e-01 1.416049304355724570e-01 5.852201515251579528e-02
8.750000000000000000e-01 2.197236238688334287e-01 1.190479355709843645e-01 1.565994011597680174e-02 4.448378519807221626e-02 4.203113119281353532e-02 2.343188936857447391e-02 1.871479466807543790e-01 4.961887822926895619e-02 3.027048402175626096e-01 1.348165028102265850e-01 1.180728598834379361e-01 1.605391138752227387e-01 1.976000470672803211e-01 2.735981052500960353e-01 7.305356102172837207e-02 2.781139242350214036e-01 2.179411299316151851e-01 2.983539870539936856e-01 2.774612001075723589e-01 3.542437388804192677e-02
8.906250000000000000e-01 1.005809926659715497e-02 8.418842028401177235e-02 4.717492443510037381e-01 1.226608716841874336e-01 2.392253727016704218e-02 2.586174105021283309e-01 7.945779518084454540e-02 1.331404519508575524e-01 3.952409332054141466e-01 1.224839700053852315e-01 1.697908702946175283e-02 1.658009660929931663e-03 6.159506079260597400e-02 2.848992971108266214e-01 1.259222604755577679e-01 1.322030370634075802e-01 1.079814899568075359e-01 5.543405614226037947e-02 5.887483941060300818e-02 3.115764387688587170e-02
9.062500000000000000e-01 6.784098830071287611e-02 6.178011102454653014e-02 5.857193863135239376e-01 8.878692550458873456e-02 2.842479280981241932e-02 3.106374522591128784e-01 7.612860268360380211e-02 5.808652983937422770e-02 4.028320013218862905e-01 6.873555761144399534e-02 2.085480089000651960e-01 7.715675858191858860e-02 4.660596918486311496e-02 2.089274903005739759e-01 3.212326906753794065e-01 2.257740505641270545e-01 1.522534725063576753e-02 2.564256940380825189e-01 6.829544991566421919e-02 3.845671232769021924e-02
9.218750000000000000e-01 9.576639454848250022e-02 1.828401378814885903e-01 1.853913902429323302e-01 2.536380976313224456e-01 2.057270986264599089e-01 5.616597343124092589e-02 1.860729758802807388e-01 8.704495469131132146e-02 4.679911311528456852e-01 1.006252422535231861e-03 3.144771865955106049e-01 1.904422395664226442e-02 1.292022159312665730e-01 2.222046372256948898e-01 3.023867222737893767e-01 1.341449597886961442e-01 9.996883588087228378e-02 1.109036687762643969e-01 4.694765714169157195e-02 1.502675290036407929e-01
9.375000000000000000e-01 3.190648840357399041e-01 5.864719232526117293e-03 1.536510331967610131e-02 1.315759488035212754e-01 8.984029794820556913e-02 2.041569670358525379e-01 1.980459532713458315e-01 1.037258571228089482e-01 2.270865632998935457e-01 1.497821656137738877e-01 3.191374996202493985e-01 1.076178929140379908e-01 3.984997763545544691e-01 1.312849050954123520e-01 1.012975130727426787e-01 1.875862245176858067e-01 4.253925350091891655e-02 1.244672148313805127e-01 1.040717251786401482e-01 1.735173252610801020e-01
9.531250000000000000e-01 3.547235787330163537e-02 1.365716244579968375e-01 6.841040938670348015e-02 2.524230169674866464e-01 1.946841114673477091e-01 1.482651259274114230e-01 2.395634982310220276e-02 3.844151013764823127e-02 2.441860898083175191e-01 2.845887570363677677e-01 2.635586845259707545e-01 9.329809660600615895e-02 6.655155925988581744e-02 2.729913339786762465e-04 2.284296567574219117e-01 9.947673265529331788e-02 1.519564351711870098e-01 1.105285998806655456e-01 4.256598037857466099e-02 4.341998495036488576e-02
9.687500000000000000e-01 1.834251337341416266e-01 2.197606629212837392e-01 6.525176254790548969e-02 9.630992004233876469e-02 6.136803568252644642e-02 4.068994728097562186e-02 8.850235485435531402e-02 9.255692751865798873e-02 9.559620562758758266e-02 3.048451452600779987e-01 3.596580725044668525e-01 3.076421812040599710e-02 3.729040234877802756e-02 2.195250760654852192e-03 2.223177627561393199e-01 3.314189756659367825e-02 6.394274259023277618e-02 1.580596474555252540e-01 1.062692950677828277e-02 6.122620915087428894e-02
9.843750000000000000e-01 4.758801364110294418e-01 1.139268213569505084e-01 6.117436185112058028e-02 3.530165334261864962e-01 3.093318863573073924e-02 3.003465235333443450e-01 1.156905106737291106e-01 2.170162883615956231e-02 1.477192165704557824e-04 2.829598770430706844e-01 3.918816681431343540e-01 1.420048569455619192e-01 2.096069329093997943e-02 1.955090723833700916e-02 2.023595060348166719e-01 3.657211269793526204e-02 3.912327590932179744e-02 3.193861658169670076e-02 1.656250646835942530e-01 2.688498725219144736e-02
1.000000000000000000e+00 2.400827453195749361e-01 3.037050014672347809e-01 6.615246785939266072e-01 4.800618619739421833e-02 5.803469162548969412e-03 1.047536402597043642e-01 2.869557527333542191e-01 6.678451616372617188e-03 1.079294155178574383e-01 3.706990397504287826e-01 2.107175579792661957e-01 1.885231983458298954e-01 2.839328259431121021e-02 5.578632751866635826e-03 3.085198451487728422e-01 1.234354527434083221e-02 2.393573869957793532e-02 2.463845484397810259e-01 2.271648326648203087e-03 5.962981050054333432e-02
1.015625000000000000e+00 1.305976179538797521e-01 1.029718770464076449e-01 2.060360885288840121e-02 3.441295760714433577e-02 3.780899678118119361e-02 1.329147154153481891e-01 6.197152193437229645e-02 4.306156365695686106e-02 7.069219630671259857e-02 1.656858961379329975e-01 5.689398849443673134e-01 1.444947857659115986e-01 2.096749077829287433e-01 6.059244785457907137e-03 1.147861464939286570e-02 1.498929726811087590e-02 4.504459462417403914e-02 2.433521451070665143e-01 4.399233070194557421e-02 1.114567104364349304e-01
1.031250000000000000e+00 1.041057423005060517e-01 8.180138176669725369e-02 4.137476383947812919e-01 4.237713422965910803e-02 7.839736754395593143e-02 1.432994849363829759e-01 1.794646500553249979e-01 5.097106884763039775e-02 1.214828456962348119e-01 1.676346142024300045e-01 1.372542518966969605e-01 2.231290541557897633e-01 3.428937776380330260e-01 5.259388670257165305e-02 1.525685478748592949e-01 2.226710235846057762e-01 4.491256828744416563e-01 2.732595884307586487e-01 8.883578408928906323e-02 1.803695413253678104e-02
1.046875000000000000e+00 2.797812528070545146e-01 8.153247635811258776e-02 3.294643247595668289e-01 9.678793294025032912e-02 1.425341333743354033e-01 2.379963539956577723e-01 2.251106792403605172e-01 9.751493804628858300e-03 2.892502438358999783e-01 2.643328294595517769e-01 5.750490341958156004e-02 1.340974853892020480e-01 3.598697219856448193e-01 2.782983326644088429e-01 2.315418374654384936e-01 1.210573958955950269e-01 1.964082424715341280e-01 2.952660022530703143e-01 1.203329094557622526e-02 8.828122017844466235e-03
1.062500000000000000e+00 1.753365238854542041e-01 3.296759075192869527e-03 2.664199158190648231e-01 7.232531502268449430e-02 2.023543909803710711e-02 2.758237643881852105e-03 2.010883934141607932e-01 4.416039548613299309e-02 4.196895403353089193e-01 1.216179687648313995e-01 9.583722026596193377e-02 2.916862265759173969e-02 1.425914997782172233e-01 2.340407810573122138e-01 2.766114016877462278e-01 4.730794195268738234e-01 3.890437596730642600e-01 3.244968051158864109e-01 5.179701244525015263e-02 6.911503712051117552e-04
1.078125000000000000e+00 7.628842614644872067e-02 7.598895041077964596e-02 1.938240152329537280e-01 2.467310878681918361e-03 1.412201547332811724e-01 1.562331490834131505e-03 8.174663236449826453e-02 2.254337123071363871e-02 2.315031493906495874e-01 2.732903632434556876e-02 2.317870121196880795e-01 4.917584187817199137e-02 6.596633976536854516e-02 1.458524280516725058e-01 2.385329269856352186e-01 3.821505316630931515e-01 9.570806792280071862e-02 1.825315825251542234e-01 3.919874836891412695e-02 1.767978808688058442e-02
1.093750000000000000e+00 9.299779850711391294e-03 7.503330116452247567e-02 1.783777137715033267e-01 5.420804409136474600e-02 9.304316539874535330e-02 2.484498611490349174e-01 7.395859394925619057e-02 3.026752303212229891e-02 1.254802530742641919e-01 2.844883588501699312e-01 5.379048457935485805e-01 2.000247812154610505e-01 1.186153845000973289e-01 2.502715347719178807e-01 2.657561386685423632e-01 3.649455385452470835e-01 4.231651239051814617e-02 2.151604497378739045e-01 7.110447538076906104e-01 3.769553274963093059e-02
1.109375000000000000e+00 1.412496014609317674e-01 1.742685694494908455e-01 1.047110569267286628e-01 1.437088517031123447e-01 4.406707482295049716e-02 2.305361433561001483e-01 1.762992427551804409e-01 1.224739864501748002e-02 2.033046740011820175e-01 2.097831151265791561e-02 7.590912581032759343e-01 5.057723695577616418e-02 2.768887112463970790e-01 2.839410781063079758e-01 1.133421691311269214e-01 2.417872827185544859e-01 4.985093493724095798e-03 4.975314542798332101e-02 1.895876296218950152e-01 1.294294384071520698e-01
1.125000000000000000e+00 2.307305663802323159e-01 2.543958000999229085e-01 9.462929694187582896e-02 1.299309299176749921e-01 2.248988894870282071e-02 1.988624309775079493e-02 1.499083776677901346e-02 9.754008716996025175e-02 2.321841268769394839e-01 6.593429236707197549e-02 7.414682496271428613e-01 2.810942370360747927e-02 5.716806366557601604e-02 1.385441518080841872e-01 2.195758203776908002e-01 1.868204832915168201e-01 4.072865102168935804e-03 1.043720295023498924e-02 6.899027203702466637e-02 9.683373134627008827e-02
1.140625000000000000e+00 4.987169096359883591e-01 2.132822847861436666e-01 6.118951403298299452e-01 2.997436323223007237e-01 2.157080037609192952e-02 3.778611956490873225e-01 7.851638375901322242e-02 1.036154992660516408e-04 3.528221803253806660e-02 9.948844918510568736e-02 5.175448595036129529e-01 4.372000607400056832e-02 1.269093539688692304e-02 1.620440414494640213e-01 1.937734908145219981e-01 9.086610790491192469e-02 3.811587935976730457e-02 1.556577407914085109e-01 1.758951099075846125e-01 6.596347957641512938e-02
1.156250000000000000e+00 6.923386596522282943e-01 2.556575073951368737e-01 3.964565347793365113e-01 2.201621220827995329e-01 1.034082046162018154e-01 9.859833158877696901e-02 1.591864544510002422e-01 3.870843734289370480e-02 5.663899307358340185e-02 3.702708295922957915e-01 2.400959139904980111e-01 1.224391447502158614e-01 2.800633401611105633e-01 2.491550122057158978e-01 6.273317096962854889e-01 7.379999339638763228e-03 4.372266549097573313e-02 2.094448987735191836e-01 9.651432399301926313e-02 7.537412399391789017e-03
1.171875000000000000e+00 4.719455286015203921e-01 1.880784433727137883e-01 1.132984597455899550e-01 9.746366782312523847e-02 8.329444663702158247e-02 1.616808592597601957e-01 2.679377775059635022e-02 3.347817359616198085e-02 1.265436532706051553e-01 2.877633158009818559e-01 3.794975433143023269e-02 6.654933412614739974e-02 2.113042551216108844e-01 1.184114240432462828e-01 1.093136007669256449e-01 1.136199431191935727e-01 5.883667331277665086e-02 7.772011425769460857e-02 9.438781752486047338e-02 1.133222760390242140e-01
1.187500000000000000e+00 3.309289043164973521e-01 4.834306626585482825e-02 4.920469424903402555e-01 5.201525416640314509e-02 9.123398748028326011e-02 8.320805344301882706e-03 2.377944601605959662e-01 4.365338476741951190e-01 1.356521541947500534e-02 1.359561386069254099e-02 7.989554412385523052e-02 1.710775319430350022e-02 3.159619741071836505e-03 2.360558104835395465e-01 8.058188761898230079e-02 5.825491455083173231e-02 1.708521085025834496e-01 1.462627570165663249e-01 5.662103663162674355e-02 2.055961222223101625e-01
1.203125000000000000e+00 2.585348117045881480e-02 6.309916502986638587e-02 4.198914900628572533e-02 4.522170065721254489e-02 5.777340796361483954e-02 2.312338774026815869e-01 3.706838781170979091e-01 2.737901462891427148e-02 2.197594420651176883e-01 1.615774360111612296e-01 3.547487437337645266e-01 9.894579539640881161e-03 2.833723963031833243e-02 5.994706943126930365e-02 3.335641759923908128e-02 2.212119982591206346e-01 4.659971774360243194e-03 4.109541301539701985e-01 1.755351131037854312e-02 3.687993539363279560e-02
1.218750000000000000e+00 1.857755568921211006e-02 1.202960164297805926e-03 1.291821292742799665e-01 1.579345725180198168e-01 5.686017853444353537e-02 5.088589008845324779e-03 1.453639480472022905e-01 3.717152626282151789e-02 2.174726763479804537e-01 4.783830409193431943e-02 4.401459931531147007e-01 1.302972314177569015e-02 1.251567800615718817e-01 6.886693158941502302e-02 3.917642422763673027e-02 4.207398845653814723e-01 3.565641045237547685e-02 3.821849856147665481e-01 1.631378765541526554e-01 4.477049656440361403e-02
1.234375000000000000e+00 8.542908096448759148e-02 2.709062272704794785e-02 1.554515733010142231e-01 2.496946165216511887e-02 1.186750333067645158e-01 6.730016789954332279e-02 4.842009648999603955e-02 1.580351509529883194e-02 5.011578029482430252e-02 2.954363106219336232e-02 4.718733049248300393e-01 1.932933165653465124e-01 1.731146725327681046e-01 1.426725378845628278e-01 3.922763584806347736e-02 4.287191573083211082e-01 1.751676901179681500e-02 1.972602227305754463e-01 7.710098342025578644e-02 4.786367182769533934e-02
1.250000000000000000e+00 8.310061422520184649e-02 3.547706496632610507e-01 8.174077478844700428e-02 1.363915225729547265e-01 5.932129531528319150e-02 2.120827763110419428e-01 1.390641572818649974e-01 3.717394435854640133e-02 1.328040815200831615e-01 8.366923561349880190e-02 2.662020946399284993e-02 2.339169852128170912e-01 8.356899711340833037e-02 2.036520627128109995e-01 1.442339904073070556e-01 2.227824939965738771e-01 5.100253904427079488e-02 1.313987529752781713e-01 3.349575431254445818e-02 4.054475153287705191e-02
1.265625000000000000e+00 3.011777460569955989e-01 3.534043863387825724e-01 2.003060354966699347e-03 1.097112189734969212e-01 2.360935142589107999e-02 1.472906893392604000e-01 8.658753229319923750e-02 1.837738026401170011e-02 3.918660678130070352e-01 6.852195456738785842e-03 6.984639627427207120e-01 1.512393613557697913e-01 7.592019337002076096e-01 3.918915699023600152e-01 2.044639127191141270e-01 2.103271005635084234e-01 9.180452635017006396e-03 1.060115683093845462e-01 1.197271719193983702e-01 1.038704032502650032e-01
1.281250000000000000e+00 4.500439672741429198e-01 4.857415048965911530e-02 2.181722264396704636e-01 3.961760001920067165e-02 5.103293933225293288e-02 1.776735150101911853e-01 2.674740673611405040e-03 1.103402762124953834e-01 3.294168580151515258e-01 1.033842844113843223e-01 6.256264216796511013e-01 1.215374693820211044e-01 3.691382407620960593e-01 2.457898923684540826e-01 3.166425801775313298e-01 4.839132651351293335e-01 4.071896137527567655e-02 3.344904800807198438e-03 4.148605566219200347e-02 3.494090191475196505e-02
1.296875000000000000e+00 2.127361747045364293e-02 3.889382492180625261e-01 8.042901068870446091e-01 3.920263911675204993e-02 3.200676951175244339e-02 6.625468639700160707e-03 7.864274039003235628e-02 4.105381907435709521e-02 8.847429300850555289e-02 2.212606918814589707e-01 6.577057349353814253e-01 9.453824987632776511e-02 3.819329008067315259e-03 2.792152023306808117e-01 1.423602732644196345e-01 1.919724818739364236e-01 5.536910720786796664e-02 4.591020277561391055e-02 1.165541036893861238e-01 5.967787212661906926e-02
1.312500000000000000e+00 6.381286436309348276e-02 1.620464136533451838e-02 7.944445220020489307e-03 2.467033644686355554e-01 1.122575868746387845e-01 7.530252021542378771e-02 6.737228541356668488e-02 1.204935258544355819e-01 1.012851724038417098e-02 2.733296116587107250e-01 4.840082351162945384e-01 1.382013135952713800e-01 2.089359826478858484e-01 1.791381125572137911e-01 4.230670518994954499e-01 3.803063251261432770e-02 1.433835907345156618e-02 2.158845826387986444e-01 5.138373518473596246e-02 1.899795128908906006e-01
1.328125000000000000e+00 3.225325929651425838e-01 2.034847923128197400e-01 3.737666112615414815e-01 3.313737220162775721e-01 6.939938395417323547e-02 3.275951543758935658e-02 1.219854502867463849e-04 1.043390100530686287e-01 1.314575162372493868e-02 2.716794125007012117e-01 1.925022169813546680e-01 4.672289888512363987e-02 3.026719931632701477e-01 2.164575499281668758e-01 1.135069881216065196e-01 1.029364671786448804e-01 2.607424520472327589e-02 3.075001310315282899e-01 7.372568923939362695e-02 5.882129764932782917e-02
1.343750000000000000e+00 2.708818708549118326e-01 2.664299600130441981e-01 3.059563905750922186e-01 3.402931083461078199e-01 1.865993065012772761e-02 1.430645977961152726e-01 3.320300868407844441e-01 3.799822218171604316e-02 4.675087935790123855e-02 3.341363395258890590e-01 8.732075829319924098e-03 3.739445050990394728e-03 3.752856943588697702e-01 1.248250456602680303e-01 1.898586368706100744e-02 4.184536022114890286e-02 1.713274860833399749e-01 4.536024191652254789e-01 1.791075445354037288e-01 9.318911406261081234e-03
1.359375000000000000e+00 1.235608274171647314e-01 2.160964246309549606e-03 6.980836963844792853e-02 4.712291312191772136e-02 1.354187134524064973e-01 2.866527955998362381e-02 4.661191024945294248e-01 1.402977922635976760e-01 1.668806649848099122e-01 2.197936805652540015e-01 2.065813364416758668e-01 6.314387394191807099e-03 2.713473108499797615e-01 7.104265402328958923e-02 3.450783585073050747e-02 1.475357674174398448e-01 6.089555087676108008e-02 7.457897104673016919e-02 1.052173034148924935e-01 4.911055373750365660e-02
1.375000000000000000e+00 1.378058353503988087e-01 2.229940633290482949e-02 1.203812866379085911e-01 5.207843068695557770e-02 2.330926996593640776e-01 2.166658440255538748e-03 2.284576167003292413e-01 5.820472543937050408e-02 4.456114497520071577e-02 2.914874516413101802e-01 3.634514007088047172e-01 6.252187493884284186e-02 6.439190948426473660e-02 6.131190917621863468e-02 4.643808286253175294e-02 4.016420804351543694e-01 7.953459379632342452e-02 1.177388676534811413e-01 4.708199042079742186e-03 4.396904685904379217e-02
1.390625000000000000e+00 3.941576359581991928e-01 2.302342073372510844e-01 2.250276547938005745e-01 1.724002751963206181e-01 2.076404448621178567e-01 1.773360719295968557e-01 1.636615701586426053e-01 3.374650728203593131e-02 4.622919745497045679e-02 4.064691577827903579e-01 4.388596599825069777e-01 5.552610087042269410e-02 2.579483537503173829e-01 6.185532876367067640e-02 2.507350351169256863e-01 6.356742360615141862e-01 3.167495304852405852e-02 3.006654769507121072e-01 3.410062664072716077e-02 1.084117017931205892e-02
1.406250000000000000e+00 1.220028702086150829e-01 1.086178144649522087e-01 1.130253934399878535e-01 1.287686761240479372e-01 5.461207392618395995e-02 5.548767724345168156e-02 9.441620114235793615e-02 9.801429171413465410e-03 4.950252158601114449e-01 1.889526316860901389e-01 5.930782175977947768e-01 4.371171247162168594e-02 1.967665285888321736e-01 3.938219103552328265e-02 2.266840443762129509e-01 4.243128831417773972e-01 1.208663488603186134e-02 4.976209024200837772e-01 6.330622194743075470e-02 5.700270083324491394e-02
1.421875000000000000e+00 8.891171363733091360e-02 3.750240905238964584e-01 1.923576370425008619e-01 2.535344096063267202e-02 4.702389879948480622e-02 1.487525471738741500e-01 2.379798232120861612e-01 6.953961165946007626e-03 3.690774680491957227e-01 1.031530611174217849e-01 6.315651886765510925e-01 3.250365782699788375e-01 2.503865398194654590e-01 2.176746167771605872e-03 8.272265776895597333e-02 2.051571988819046732e-01 8.100310753812909118e-03 9.672368237632676669e-02 2.960096356899431791e-02 1.101241418478447059e-01
1.437500000000000000e+00 2.907064993452008750e-01 1.368537948667171433e-01 4.827522643467767050e-01 1.051276572037779938e-02 2.671002506937861232e-02 3.679253655117870059e-02 4.315153564595470836e-01 8.822738274411461024e-02 4.859957138853233938e-02 2.249207643327730266e-01 3.210864648586482240e-01 1.082246219001408022e-01 5.337034567641016358e-02 7.348829084461312722e-02 2.855513699145904860e-02 1.724774459736482801e-01 1.863366769729564998e-01 6.074263084445771788e-02 7.055145878243401780e-02 3.311512652197641515e-02
1.453125000000000000e+00 1.611625435928438488e-01 2.088350011412354601e-01 2.363771042715818727e-01 1.509161628147129286e-01 1.225620669824232511e-01 8.187689163369800405e-02 5.921096681784666915e-02 4.143884646436152980e-02 9.409152738749483602e-02 2.748793109463543161e-01 4.386393727231061579e-01 1.513209848739314467e-01 2.924670789286547279e-02 3.927113196842844239e-02 5.011662007890253095e-02 3.544285064101239668e-01 5.218736419061655724e-02 1.223575229236781442e-01 1.828641340374231317e-01 2.935425885781888650e-02
1.468750000000000000e+00 4.518241634080111258e-02 8.056225974073778773e-02 2.779876516790016905e-01 3.947813406358651744e-01 5.749841861421977479e-02 4.372393829329625226e-02 1.181229829608754223e-01 9.661949838586554595e-02 2.789934320933795328e-02 3.888935840147569184e-02 1.989038484050252853e-01 1.119782871892634202e-01 1.567047490684536359e-01 5.696028661846988354e-04 4.048489349203749921e-01 1.413941128144614034e-01 1.340660306797874235e-01 8.063816013730949750e-02 3.346415138380853804e-02 5.609706699993124296e-02
1.484375000000000000e+00 4.685694832099021045e-01 1.875102686719619938e-01 3.995266341665245080e-01 3.011357024676112881e-01 1.229065641002091008e-01 1.711692583853363092e-01 1.220086028667634881e-01 7.289460460525144792e-02 1.037428813402624730e-02 1.769378366043921902e-01 3.094993677815245300e-02 6.533073705676248344e-02 3.971841879897802241e-01 9.290363026217043907e-02 2.757664917678111505e-01 5.926673639207836325e-02 1.548448225671314737e-01 2.930469094609008604e-02 6.478216449069267024e-02 1.152491906939757081e-02
1.500000000000000000e+00 2.588472412953189972e-01 1.467512694415639696e-01 7.180459641358212346e-03 2.613399329988165265e-01 9.497636875513805477e-02 2.152687712558330191e-01 1.794500380938094108e-01 1.587710208915810994e-01 3.930437546639703461e-02 2.692962561338423932e-01 3.002221974074463229e-01 2.117440385432746708e-01 3.855219261000378261e-01 2.380511248779506317e-01 1.519019065878758103e-02 2.504342079048673883e-02 5.214838791812877877e-02 1.432414674545160471e-01 9.709814796028304329e-02 1.157720894787234167e-01
1.515625000000000000e+00 8.083431301758069176e-02 8.094965040306197068e-02 3.169841796950603752e-01 2.800124796496132329e-01 4.305859113026828250e-02 2.433722734004872650e-03 4.591927865353861993e-01 3.694212007848565738e-02 3.721746002587774660e-01 1.881564270412005857e-01 5.892913723944964710e-01 1.175404346380251736e-01 3.059739396891923979e-01 1.825699250375444616e-01 1.244520742607198721e-01 6.506332616128265856e-02 2.091691183790179639e-02 4.732275655434036166e-01 7.591693410225780481e-02 1.134114186126021842e-02
1.531250000000000000e+00 2.737644922341667467e-02 5.774607572059945598e-02 3.010417860253407629e-01 2.625650607912841106e-01 2.496046814932442737e-02 5.383879114291029860e-02 6.251820401137324346e-02 8.437805268336444342e-02 3.721065328706274489e-01 2.106746353548882844e-01 4.001664790790653847e-01 5.481671520602635767e-02 2.504687473283100929e-01 2.167537454134436936e-01 4.411692718183336109e-02 2.524067250770656856e-01 4.895583983781732519e-03 4.822628899681568049e-01 7.769947702573035131e-02 2.287800819945007974e-02
1.546875000000000000e+00 3.466166499121248745e-01 3.004169997459525329e-02 2.295796868188376694e-01 1.455679530529434829e-01 2.104611235723504725e-01 2.914529516652048305e-02 1.869661075835274688e-01 8.962681564591408467e-03 3.401127317327993517e-04 1.466314957164578936e-01 3.365791376872666052e-01 8.090426520220532491e-02 9.491945400806646449e-02 2.544595297472216910e-01 2.724881638635930914e-01 5.694346342667400140e-01 5.573945201021648921e-02 1.712201945470736009e-01 3.065354555458747465e-01 7.295903741141986087e-02
1.562500000000000000e+00 5.342625441438405426e-02 3.805315110951794366e-02 5.694619258446376869e-02 7.295152291928280741e-02 3.739834216040416326e-02 6.257873142290895641e-02 3.070614097137371323e-01 7.236828930025044661e-03 2.704355777483432033e-01 5.904152524875873331e-02 6.032107039229979151e-01 3.600737049513085264e-01 6.912081378721603164e-03 3.347072665867695251e-01 3.918685833474365721e-01 5.186684168456481281e-01 9.128868790822457224e-02 5.656907865704853371e-03 1.680404565261047201e-01 1.000517835008077339e-01
1.578125000000000000e+00 8.017515800768963696e-02 1.358182428214540494e-01 3.151901568190630942e-01 3.589802269314067429e-01 1.327503645902188521e-02 1.713389528176882670e-01 8.705112345548719766e-02 5.910047628862830082e-02 4.147363825827258821e-01 4.522288181543102775e-02 6.220680735579015019e-01 4.059116457756526963e-01 1.361311785081849302e-01 2.058329372839274307e-01 8.422724228852726536e-02 8.859075832368980274e-02 5.306693689781945278e-02 1.271360582240737419e-02 3.562478178816331220e-01 5.937157043409675011e-02
1.593750000000000000e+00 1.620882270418022020e-01 2.451610852241041250e-01 2.695462901423472668e-01 2.599564591795308077e-01 1.676259323894505049e-02 2.854826717181424001e-01 2.395656815196294323e-02 3.216567459389292703e-03 2.452085091528194150e-01 1.507800524913428530e-01 6.083242569069093886e-01 2.699416204062899949e-01 4.153922947409048883e-01 7.416119157045827394e-03 3.627288364940310650e-02 9.484318112832933190e-02 2.497739244792206437e-01 1.746700673188185116e-01 1.948944328773327961e-01 3.442254858310406229e-02
1.609375000000000000e+00 5.591861259451676169e-02 1.202733426315436283e-01 5.289217258108095798e-04 1.244408710149667446e-01 1.010837779512184786e-01 1.478760797292002216e-01 7.814655847867349459e-02 1.097561898812023234e-01 2.977590083312495750e-01 2.445525840889062053e-01 7.989111225169745478e-02 4.722168081178647336e-02 4.779506422608486432e-02 3.888836719457312852e-02 3.137069779453270646e-02 2.049385456195486344e-02 1.139375971029814860e-01 1.292545432410961426e-01 1.448932896927258296e-01 2.899346153201541251e-02
1.625000000000000000e+00 3.679688971880228782e-02 2.341203383074980104e-01 7.889697640103447984e-01 1.051612044442620797e-02 2.039488492705053557e-02 1.579793394218505787e-01 1.524114828868395818e-02 1.702444360316835992e-01 1.511990239307099970e-01 1.866614869812122379e-01 1.119487789072641098e-01 5.651073629106750928e-01 8.732309854071652888e-02 4.987494854980631387e-01 5.523255254837199091e-02 1.102389382078939641e-02 7.272976461976059237e-02 3.793380533993561451e-03 2.116324629521647641e-02 4.959730766005004954e-03
1.640625000000000000e+00 1.911216865624184580e-01 2.873990534659795482e-01 3.554581082051155860e-01 1.652420510364317197e-01 3.193055497609420534e-02 1.181581428989758320e-01 1.483667575252997639e-02 1.503231774600309045e-01 1.072767094040739388e-01 1.583599110924451825e-01 4.173120033664766138e-01 1.869734708045542870e-01 3.850578783636538632e-02 1.387816348216395490e-01 1.542114634524913708e-01 2.572145527472360568e-02 1.222253427968160999e-01 8.546432124103271744e-02 9.184308125449999749e-02 1.955241927917067413e-02
1.656250000000000000e+00 5.423293495980566203e-02 4.428192100252605068e-02 2.190879592465763415e-01 5.297861770571121037e-02 1.111988549071655785e-01 6.833964928072821382e-03 2.385407259666960933e-01 8.375819803567086108e-02 5.523456253879376748e-02 1.349337913809207090e-01 3.702412439663091970e-01 8.645343700825350308e-02 6.768786801525925045e-02 1.201988712060097532e-02 1.612134194666870468e-01 1.448216306766718364e-02 9.018046929976142323e-02 2.135520537306467848e-02 8.209364574575350737e-02 7.117398869498142711e-02
1.671875000000000000e+00 2.970192822449032113e-02 5.170926434211853273e-02 6.065942945096171046e-01 4.493653226784361659e-02 3.918279960832794090e-02 2.889006887228051657e-01 6.141755357917902947e-01 1.879184872716774257e-02 1.885123256205032127e-01 2.264001399453631214e-01 1.444601518816797103e-01 8.316641731781923563e-02 6.386394264677337784e-02 1.283205384530784754e-01 2.330208305873924385e-02 3.926249098691152878e-02 9.529525696634953344e-03 1.513073687891358377e-01 1.979234558580512601e-02 5.903006501187839372e-02
1.687500000000000000e+00 3.329968155024191911e-02 8.788886978792699589e-02 2.637227960734825349e-01 3.904745967650745386e-03 2.567449616055226258e-01 6.316055776224963059e-02 1.771002585234357773e-01 6.198991862498520744e-02 1.944998997054163958e-01 2.133707751127597030e-01 1.845806447063484956e-01 8.551839899718829963e-02 1.679584480394086532e-01 1.705501987860330304e-01 2.730390431493166792e-02 2.248846877306850400e-01 3.117752915621518559e-02 1.790415829715319151e-01 1.036651610868550705e-01 9.495873221266770692e-02
1.703125000000000000e+00 4.155850852955259717e-02 2.103582256113953053e-01 2.008155198232464966e-01 2.466043086193845935e-01 6.369058627858331656e-02 9.155033346480211109e-02 8.035406827435673943e-03 1.832716842816046326e-02 4.277384861979590114e-01 3.202869739486600698e-01 3.326198363121567469e-01 5.024805333080183817e-02 4.028661681211941764e-02 4.784785828570062294e-02 5.613609644615914079e-02 4.419816962052655618e-01 4.504862108681271377e-02 1.002031214165024359e-01 2.367434155605934731e-01 4.018442864827253408e-02
1.718750000000000000e+00 1.373502258213067217e-03 1.151835571103087541e-01 1.831085950936084117e-01 4.903569229497419246e-01 1.184079697194661135e-01 7.702127211385260963e-02 2.103392603529877572e-02 5.385050834477295156e-02 1.046399565297453788e-01 3.202566163109226705e-01 1.595482815463596382e-01 1.488259101090941838e-01 2.965089651895032319e-02 2.178713212405618271e-01 2.015193532685909394e-01 3.887516227860261520e-01 1.469550559435952308e-01 3.607050756635149513e-01 5.405083285749292532e-01 7.238423459693742179e-02
1.734375000000000000e+00 2.368714373767277226e-01 1.031370834824439503e-01 3.275972004354271716e-01 6.495638966875618703e-01 8.867583622441548019e-02 1.539776271709095978e-01 2.599300136111746262e-01 9.635675062278808989e-02 8.930290874374910426e-02 2.566285127095458418e-01 1.173687006748648093e-01 1.631650661343810593e-01 1.449241728981218516e-02 3.049541866349805286e-01 1.315021322967441786e-01 2.216761917120456116e-01 2.047796562914012408e-01 4.043679287999574767e-01 2.183758010361413482e-01 8.475112045457952603e-02
1.750000000000000000e+00 3.422492385969895523e-02 1.043269239560166983e-01 1.136735753343334904e-01 2.074017686322369436e-01 3.618159575747870171e-02 3.898925546306074019e-01 4.051164393008853670e-01 9.130623823526984317e-02 3.313441502341952782e-01 3.183290306647692525e-01 1.598597412351738800e-01 9.995027991726024297e-02 1.179769867604310019e-01 1.804319794016371603e-01 1.150826045275167436e-01 7.163615067295706074e-02 1.692064818741938030e-03 2.428876916676697348e-02 1.089216437087363737e-01 9.593159085075694814e-02
1.765625000000000000e+00 1.837955633854542192e-01 5.413769543050545724e-02 5.797612419542288315e-02 4.646876486603682133e-02 4.083585295613192945e-02 2.138963453783827573e-01 3.189165732791083840e-01 1.352116788641214984e-01 6.490613815098850159e-01 2.708284997402283234e-01 1.836123844496207608e-02 1.111962098602589238e-01 6.390168054035344491e-02 1.326115139654763520e-01 1.719253506038560253e-01 4.376841102634828479e-02 2.336463812315876798e-02 1.427572506295185506e-01 1.921899966716072716e-01 8.074246406897552311e-03
1.781250000000000000e+00 1.382405502153079280e-01 4.533318177192045828e-02 3.042857767706115824e-01 5.503400649909745223e-05 1.499327230812077388e-02 1.006471857360781950e-02 7.191283876822384367e-03 2.435082359140808284e-01 2.755982661469246753e-01 1.613864758171930369e-01 4.350624027673430927e-01 6.165551009308972708e-02 1.241316968031685487e-02 4.767046373125931602e-01 1.870330545005525202e-01 2.000482235615143045e-01 1.309409590123529997e-02 7.356968101361578694e-02 4.736244732368394793e-03 1.200061513895657739e-01
1.796875000000000000e+00 2.572063100129798330e-01 1.318768477119588722e-01 2.951304399426258468e-02 6.065840403158598293e-02 6.833221189789404071e-02 1.386262068178074625e-01 2.453541239820170375e-02 4.461480369280795832e-02 7.709749854150874104e-02 1.030254678175711730e-01 7.050319950989752948e-02 4.641790546921366334e-02 5.799584237829103622e-02 1.724294168077065703e-01 4.294618045683933905e-01 3.822585144301211546e-01 4.507204801323645010e-02 4.148588164574810166e-01 5.210805046665453050e-02 2.466286141666240994e-01
1.812500000000000000e+00 5.256092877329217317e-02 5.117765610273981164e-02 3.823766691518422634e-01 1.979973072392986894e-02 5.103208185450124057e-02 5.685320566402018994e-01 3.714229915576721108e-01 5.381419863723838765e-02 1.328039945289699042e-01 1.019788313567690785e-01 3.608434898907137561e-02 2.536580716873911290e-01 5.499180449089496880e-02 4.825607635311125743e-02 2.587951699682605744e-01 1.658514767539464585e-01 3.757690704376834973e-02 3.344973277038833515e-01 3.860106731678741160e-02 1.456111505830547381e-01
1.828125000000000000e+00 5.122953170404092038e-01 2.185064282554045542e-02 5.560152876168498182e-01 2.437937514842875297e-01 1.402564300052789870e-01 1.397326961804090661e-01 3.899884146376633720e-01 5.263253123145924736e-03 4.711284912498049648e-02 1.045447127667311349e-01 7.970495693168039297e-02 1.006478282211436120e-01 8.240362603474367387e-02 9.742142462815320259e-02 1.293922196780361578e-01 8.234948381284022678e-02 1.662037962330064900e-01 3.907684679692729340e-02 1.850635153128994681e-01 1.413207215036475228e-01
1.843750000000000000e+00 6.026034176000173437e-01 2.040424340098094536e-01 2.532876192934429560e-01 1.955245505346670520e-01 2.112356105371780146e-01 3.257908920898853200e-01 8.851097828360159070e-02 3.861986278983679886e-03 1.351440681855916037e-01 4.740380546116614024e-02 1.916384099028106136e-01 2.769320881242555519e-03 6.156418694737873787e-02 3.529302083626451036e-03 2.053628485147438731e-01 1.486429576951882325e-02 1.903366093600784292e-01 9.903264953255379310e-02 3.056627075829419088e-02 1.702172836574424378e-03
1.859375000000000000e+00 5.732607607696093011e-01 3.625459434305011164e-01 7.862582095735050347e-02 1.990238243869306978e-01 1.523613123529715674e-01 3.424732446816419196e-01 1.406727335670068628e-02 7.153305349466768451e-03 4.613117613567876973e-03 2.266267233822625016e-01 2.843512299560972401e-01 9.942258955292581843e-03 2.547511526448786173e-02 1.463275740078310017e-01 2.694270985036402721e-01 1.623906741764035710e-01 3.261726406762327501e-02 2.559838612728401741e-02 1.103786485985757404e-01 2.092643195968124092e-01
1.875000000000000000e+00 1.139203764157597637e-01 1.833045535668276493e-01 2.158531251126047934e-01 2.431138004421376855e-02 2.961972991815793876e-01 6.134661784703974163e-01 8.636942729248343886e-02 1.689564862615246243e-02 3.405442332315050114e-01 6.948917573190076247e-02 6.727672954845495545e-02 4.321548129736081656e-02 1.347918218339649310e-01 2.758226288172442586e-02 4.773419964698581430e-01 1.799810573437285732e-01 5.744794543515466256e-02 3.353121011761928671e-01 1.980178146914222670e-01 1.799196215448068126e-01
1.890625000000000000e+00 1.424690523350280967e-04 2.323047593204366490e-01 4.386057376274756225e-01 7.016316316121604113e-02 2.429606742598917068e-01 5.291805498129360519e-01 4.798323235337403209e-02 1.630194980691181128e-02 2.848637887826325210e-01 3.252094917748187264e-01 3.291138351843083121e-01 1.316411169719749474e-01 1.801982666498335994e-01 1.413783302534846187e-01 2.732231093856389847e-01 2.374811253416141826e-02 1.756315578466599858e-01 1.127624580641924945e-01 1.704910991116168409e-02 7.547764232901074503e-03
1.906250000000000000e+00 4.173102553647922361e-03 3.305771998190414757e-02 3.934556659152465760e-03 9.330504947188081322e-02 1.592591213872935479e-02 1.312934420101311006e-01 2.518778683285689546e-01 2.834428985152704847e-02 2.124610213103387268e-01 9.798978300653178597e-02 6.577770427378982175e-03 1.926128914409573900e-01 4.450764629438599962e-02 1.339304605357160560e-01 3.351895408821656264e-02 4.707932773729358103e-03 6.069872660561757005e-01 3.938738740755773349e-02 6.030787814785206619e-02 9.073330295738152307e-02
1.921875000000000000e+00 1.013649340155371864e-01 2.063965895118921867e-01 4.510050357505781538e-01 1.020589488725396066e-01 2.423024567173739929e-02 4.326577503665320762e-02 3.632412275957621478e-02 8.636805629510233007e-02 7.677491092449173493e-02 9.092117281063787082e-03 9.904805684827978907e-02 2.805556947600985895e-02 1.343725454240979056e-01 9.744270827758906572e-02 1.061931108380089611e-01 1.144024254921075477e-02 4.015629518885948518e-02 1.662295979682702207e-01 2.695978806757999835e-01 2.554367271609667492e-02
1.937500000000000000e+00 1.757756194522263893e-01 4.978607965213975063e-03 7.322933794397364082e-02 1.189951333285410029e-01 2.114073748631697253e-02 9.070859828830868388e-02 6.932771006000720826e-02 7.466413817228245708e-02 1.427374377717664788e-01 7.427145838264592737e-02 3.144637379200302951e-01 1.275058400419904481e-01 3.348334949728341559e-01 3.432808086959629468e-02 8.533034808471044730e-02 1.528687165914301149e-01 1.874155494661530405e-02 2.360565743991233090e-01 2.392335029847545216e-02 1.714520952307495849e-01
1.953125000000000000e+00 4.845228983732302597e-01 9.319361965615648169e-02 2.056945318689758495e-01 9.650936661182736576e-02 8.521036156557064423e-02 1.301298375033803356e-01 2.694978738363966453e-02 1.986631198394116227e-02 4.449188939491298123e-01 1.623164213164250413e-01 7.396034229300295360e-02 7.902270912910187850e-02 6.300066717489873069e-02 1.234259101847094559e-01 2.734023265280153825e-01 2.622849374048156768e-01 9.008057263479141152e-02 2.438502253987931412e-01 4.410960809699172175e-02 3.710395181860647734e-02
1.968750000000000000e+00 4.412043469432755383e-01 1.120502733563696028e-02 3.522838461069475180e-01 8.883522368813227821e-02 2.796955693311969915e-02 9.416448994597315754e-04 1.721371242346616051e-02 3.478736652232548160e-02 1.932650267464517124e-01 3.740616519394901474e-01 4.339959211418920604e-01 1.417400149825050470e-01 2.851629390675570336e-02 2.349495474178368293e-01 3.285022793601547475e-01 3.069117490770262302e-01 6.535199348150325105e-02 2.376136799095124319e-01 1.021427290318870640e-01 4.281549387837216281e-02
1.984375000000000000e+00 1.667952413482134688e-01 2.387717471241089795e-01 3.839082998285512915e-01 2.660212756526740552e-02 4.585673114106511572e-02 1.727479566846489567e-01 7.235853918860166156e-02 2.633322568886389478e-02 1.300392398317820053e-01 2.800859272308842129e-02 1.553582916939170722e-01 3.987096184701735546e-02 1.662867707577128096e-01 2.326963873298519836e-01 6.067359873289684957e-02 1.850904928290451890e-01 1.143750763404381698e-02 2.650912503420622679e-01 8.179546012774004116e-02 1.545823748389354990e-01
2.000000000000000000e+00 2.173803490260672096e-03 7.901040357990473870e-03 9.326652643104285656e-02 1.900246206041903557e-02 6.398345642539059012e-03 3.029003409344510969e-02 2.352027886510494326e-01 3.818386455444214463e-03 5.302237562439416491e-02 2.061557474529096823e-01 3.147623885993777043e-02 2.770351054793942017e-02 6.216444066642645705e-02 4.082543456574408425e-01 4.527490245433733046e-02 1.073944973006842607e-01 1.687886435554011508e-02 2.081121555903931407e-03 2.974521954358381737e-01 1.291359933691545170e-01
