0.000000000000000000e+00 3.032644663115355299e-01 8.256355317197601462e-03 8.498583274455619174e-02 1.654114291856195740e-01 4.378276467715850329e-01 2.815488586040741370e-01 3.038219453608588614e-03 3.344136012342226461e-01 1.034158498023079673e-03 9.124381322694999352e-02 4.080981749706866224e-01 3.897827544671429445e-01 5.499782486019855806e-04 1.101788023428489638e-01 2.004919506534469931e-01 4.422186414265555920e-01 3.380258142402904897e-01 5.956849303207328861e-01 6.040751053771671319e-01 6.890585283613230583e-02
1.562500000000000000e-02 2.235420143973498863e-01 9.431394952598347314e-02 3.993274637124863413e-02 9.286531381688703513e-02 9.592318362813476162e-03 1.703392963232569501e-01 1.652994531902082440e-02 2.257124121874220513e-01 1.040808030086684821e-01 8.535373711110845474e-02 1.082026467952569987e-01 2.088854129827036887e-01 1.716986487637423703e-02 7.153255447905204623e-02 2.596466413544458729e-01 8.120414304480003120e-02 6.424461328578688624e-02 3.046536040425760761e-01 4.279629175878044700e-01 6.494207106210700409e-02
3.125000000000000000e-02 2.395704555672250810e-02 7.923124818820850845e-02 3.781645375038284462e-01 2.773868647173303309e-02 7.219223941986316340e-02 1.427476071165165727e-01 5.857209579022917278e-01 1.225101389748389225e-01 9.065511468250242455e-02 3.210194882950938022e-01 3.352685026072088070e-01 1.229260298231137222e-01 2.299278102688828707e-02 3.726251852089410704e-02 9.806157903126837272e-02 2.542852635666628114e-01 6.581672216420313137e-02 3.190174332151875930e-02 1.039808919838792617e-01 3.394998827821230775e-02
4.687500000000000000e-02 1.385175009011714309e-01 2.925454745395129202e-02 4.632176371144733906e-01 2.173997947051881929e-01 4.486950544315389602e-03 4.710681150770076875e-01 3.337118982032188375e-01 1.302888770809171592e-01 4.704241643181916732e-01 2.336642100440147751e-01 3.064254168145183477e-01 1.739380582145921283e-01 7.393818524280391935e-02 1.140617524820518869e-01 1.835980517452484029e-01 4.397441086823550283e-01 3.373088504997496795e-01 3.874543457386024625e-02 1.445823547391041075e-01 3.098508889405156286e-02
6.250000000000000000e-02 3.952485322030507842e-01 1.939108171153692550e-01 4.256064574114476473e-02 2.411516813377767854e-01 7.456856428623696853e-02 2.575378091457989904e-01 6.263490713499875184e-01 1.896899250127684067e-01 2.534466408372005874e-01 3.059423294055221842e-01 3.780197840706439605e-01 7.331055428088099901e-02 5.190008972750650290e-02 6.864618311443836107e-02 2.348568644550308726e-01 5.812629685643375677e-01 1.957481868740658659e-01 8.889914732050850643e-02 4.898355692351127333e-01 2.266888815808364432e-01
7.812500000000000000e-02 3.426121624242865482e-01 5.473721372906899946e-02 2.675612738544487779e-01 1.843685305236751615e-01 4.977664205459803037e-02 4.978350760985817205e-04 5.577496985914259797e-01 1.241698537323124643e-02 3.733477944517899494e-01 3.082049134300191701e-02 2.060993003305445770e-01 1.096493184879774457e-01 6.785892605646327846e-02 2.139073362929206912e-01 1.750056104749728170e-01 4.898910991746671106e-01 5.170396308155670445e-02 3.197720030352187159e-02 2.257608338511620794e-01 1.456163904382837548e-01
9.375000000000000000e-02 7.028642779027043097e-02 2.554315941360607023e-01 5.400478670330411957e-01 4.253748003608752160e-01 1.062539887931454041e-01 2.821053045481477506e-01 4.035229268442404593e-01 4.348131031257370521e-02 3.185838040924611203e-01 4.593902190820999820e-01 9.681246822608324809e-02 2.144017622284363767e-01 6.633378341349325212e-03 2.024933259772688510e-01 1.042910451426918433e-01 4.699187601400379166e-01 4.633972521320515320e-02 3.602885874892639562e-01 3.187302118194872969e-01 1.955055111321297306e-02
1.093750000000000000e-01 2.699473324365969651e-01 3.857751854795539448e-02 2.571216115825996074e-01 4.153520664624766878e-01 1.868511675920734583e-01 8.355984466580121395e-02 3.374885390386623274e-01 1.150768528579166755e-01 5.342807618894189758e-01 2.191160101765783075e-01 4.650521446183305541e-01 1.091510084291987537e-01 9.819844803770738650e-02 1.310848163807246947e-01 6.743013982235048775e-01 4.020393212535978145e-01 4.974691899239506165e-01 4.739428437779667942e-03 3.317075495087314363e-01 3.227463299896464726e-03
1.250000000000000000e-01 2.665199884039512468e-01 1.008505158015872427e-01 6.011523579897321001e-01 4.308199520995940057e-01 9.130005579656134962e-02 1.936039322568287868e-02 4.311338567900429436e-02 3.039342003245661950e-01 2.358360181173705938e-01 3.758691381052254865e-01 7.602644603740017493e-01 1.578214669694714967e-01 1.357051988702822065e-01 1.408990691353517732e-01 4.903571676214512065e-01 2.334538778346935406e-01 7.022886414778833908e-02 1.184252426308418371e-01 1.871592829506826816e-01 2.811291153163320566e-01
1.406250000000000000e-01 3.253746856511194330e-01 1.380244695740106553e-01 1.561279147224448882e-01 4.409953469992986541e-01 3.446351260125354310e-01 1.462640378220247395e-01 6.217163693827583160e-01 1.515341068877950337e-01 3.522240252522439441e-01 6.113029091017646577e-01 6.139594995938193467e-01 1.880182270291466673e-01 2.090176807448250115e-02 1.156954926403981482e-01 4.187643708741083937e-01 1.828619311933660507e-01 2.726452661319723747e-01 4.528560610738315839e-01 2.571572155276966726e-02 3.549255535855577737e-02
1.562500000000000000e-01 2.478486068286234190e-01 4.712636938320668989e-01 2.851515481196703616e-01 5.067216160828112992e-01 2.357110579690506746e-01 1.122384145236212938e-01 5.953556422534564962e-01 5.060619882410856141e-01 6.758362203241341515e-01 2.254702257364656348e-01 6.989552613457510333e-01 2.097313336492409308e-01 1.633065716789072197e-01 1.957790111273670919e-01 1.739777720854591148e-01 4.381597359398649583e-01 1.298342591964884718e-01 4.169874077454402417e-01 2.426197828333290230e-01 2.466794065499237909e-01
1.718750000000000000e-01 1.927278603878925245e-01 5.592973597838550859e-01 7.485881360164677867e-01 5.829691245700613367e-01 3.093924882527112619e-01 3.227140497038624711e-01 6.449560980894278872e-01 6.688068716818172943e-01 7.185211535531865756e-01 6.504297742584641551e-01 5.095291276132690728e-01 7.302064631533532468e-01 2.435976901666659089e-01 6.071386350708031232e-01 7.512112241545461089e-01 6.490514215205602788e-01 4.078157919530940312e-01 3.644062391150170721e-01 3.615875967334756247e-01 5.964535928347238780e-01
1.875000000000000000e-01 6.093050636337367099e-01 5.490550008389144532e-01 6.411036955418611960e-01 4.794066316037708386e-01 2.482869064409754245e-01 5.975665853385710991e-01 2.165735001936024973e-01 5.348610994119078477e-01 7.933475012254189718e-01 4.332983704675683612e-01 5.244505636418642647e-01 3.627355365185738756e-01 2.230830816147787721e-01 5.165503933320733099e-01 6.270340096452419187e-01 7.352849328560687736e-01 4.772431639349371535e-01 5.163822311985840630e-01 3.601785167452800085e-01 9.946869454040928316e-02
2.031250000000000000e-01 6.847441934078675185e-01 7.361849733173138066e-01 1.683520590250664195e-01 5.307121720402404597e-01 2.453040508949421716e-01 5.220979881877416684e-01 5.566254912799984966e-01 5.789761863620898064e-01 9.139956124636405832e-01 5.219805005072071236e-01 5.491995255114191510e-01 4.318677247833184185e-01 2.998563575080722132e-01 6.300843125519469679e-01 4.568608657850905530e-01 8.041061833346644372e-01 4.085820084952607179e-01 6.885511821653367281e-01 4.178813559890021123e-01 2.741225883231869220e-01
2.187500000000000000e-01 6.436259114301449147e-01 5.307163585615951584e-01 2.498801868358405953e-01 3.616896132399938235e-01 3.890081861037775757e-01 8.624215837174578625e-02 5.939816483317132967e-01 3.545362898472081414e-01 9.207399305961644354e-01 7.254545407654995337e-01 5.196903648237565232e-01 8.327721774425924650e-01 2.587891326822803761e-01 7.234794279473967249e-01 2.469032940758197070e-01 8.099379052695081516e-01 6.970219673267137317e-01 2.679875304735933050e-01 3.202588444170081927e-01 1.904715610476535037e-01
2.343750000000000000e-01 5.527381319134629933e-01 4.326970560706011049e-01 4.835791619778301298e-02 4.175732875374391639e-01 4.831200198269839374e-01 4.309203871837725963e-02 2.730049899414818682e-01 7.511692963872456108e-01 5.969835767209122901e-01 5.166365874352106813e-01 4.905983818624634618e-01 7.700759284968586860e-01 3.391952741696634965e-01 6.172808055894669632e-01 5.901943100148988597e-01 6.272597687885790307e-01 4.238709059845178206e-01 6.167758652256356555e-01 3.339141143212034368e-01 3.360797383444369957e-01
2.500000000000000000e-01 6.621419314429678460e-01 6.249217568847910131e-01 2.929733864517905517e-01 2.573089757246390663e-01 3.940824782151118866e-01 2.458687083073514967e-01 2.672610008983948293e-01 7.878159149926999838e-01 6.622336003401708693e-01 7.428611136092594380e-01 4.329451340961067984e-01 7.857649809430182763e-01 3.915222570052628304e-01 5.784790916940206751e-01 4.744100155445128419e-01 1.157772232384477740e-01 2.913611791847926513e-01 5.008367635267528817e-01 6.044002527989945639e-01 6.170198629825653924e-01
2.656250000000000000e-01 8.079273172831749061e-01 8.214260221850145927e-01 4.542615136800103315e-01 5.909876599451107104e-01 5.591902042781292659e-01 5.294880621177775470e-01 5.334791698955805295e-01 6.793016283655560761e-01 6.764205976725274905e-01 5.940921637883168627e-01 7.257837105725472027e-01 7.840747774849927687e-01 3.133932694812943121e-01 7.534504395330997584e-01 5.178179111107898969e-01 3.350887150151919958e-01 5.743719086817733466e-01 7.517306220586539300e-01 5.984623747713088138e-01 7.145305588459726076e-01
2.812500000000000000e-01 4.904029178257846566e-01 5.217973547990878425e-01 4.684193366151662152e-01 4.928034660395109734e-01 2.618490124333817670e-01 4.933073785664454092e-01 8.507880558115618053e-01 6.492251826636186163e-01 6.845090074570994165e-01 5.006825394683400710e-01 8.869312981006213237e-01 6.728437792141209739e-01 5.596546306080486533e-01 5.454292231482781306e-01 2.992585730689500401e-01 4.440403050259449369e-01 2.636908145094404854e-01 5.450035704925225710e-01 1.882697176475752465e-01 7.639942324869840595e-01
2.968750000000000000e-01 1.152212858504399889e-01 4.244215536726303473e-01 3.659364704377320865e-01 5.791743713259219772e-01 5.460475751488720331e-01 6.137394340244374247e-01 7.667626180045261641e-01 7.234495239339188144e-01 8.700578662405414887e-01 8.191902749594587307e-01 8.652921175903529605e-01 5.968218947345362846e-01 5.186620243953056208e-01 5.800823594445855269e-01 4.257618391700382920e-01 3.912711788518918321e-01 7.796923468824036307e-01 5.324868095117928357e-01 3.443081988005606275e-01 7.416959066458147509e-01
3.125000000000000000e-01 5.713234063404775132e-01 5.192740614766404583e-01 6.048277954626988251e-01 4.173828433751430311e-01 6.847606879084537912e-01 6.019273131132213406e-01 8.039260134680287218e-01 5.467905012917128049e-01 5.853184955319550298e-01 6.087858091958135986e-01 7.791645618299225529e-01 2.406993828711089800e-01 4.271758456236903201e-01 6.073238627898448483e-01 8.462679307511837834e-01 1.241432591277061570e-01 6.973290140033536755e-01 2.813303334834724723e-01 8.406573250324639313e-01 7.201705917166628668e-01
3.281250000000000000e-01 7.907395632398840357e-01 6.140490949717603009e-01 6.022336045031001506e-01 6.334093264435867177e-01 7.033233265102178944e-01 6.711208714963181610e-01 7.081691211585396939e-01 5.417239885634028695e-01 6.302500111531956772e-01 4.980768675140054835e-01 5.049655103882552121e-01 5.735516151501801607e-01 5.380339769290615193e-01 7.347474963884175203e-01 3.637269948168814215e-01 1.300928583814185691e-01 3.155186017298054479e-01 5.554888760385686686e-01 5.713123364500516388e-01 7.526311058788706099e-01
3.437500000000000000e-01 6.543650570495078700e-01 1.724975649505952890e-01 8.004616778957156509e-01 1.296311097159674464e-01 6.712932680289804832e-01 6.334821513262307580e-01 3.163442779359035839e-01 4.380922187208183827e-01 7.496686906320164656e-01 5.855678368111076892e-01 5.002749367383595436e-01 2.304906111076687192e-01 5.528617546050852427e-01 3.996388701863511361e-01 1.861733427194485202e-01 3.187255360850645147e-02 4.077708950749650008e-01 4.948733918983268532e-01 3.855994058276546732e-01 4.135693880527941957e-01
3.593750000000000000e-01 5.060253323035465017e-02 3.376901415700639952e-01 4.591834268077658598e-01 3.201294788148423831e-01 1.453166708312971789e-01 4.279007455789981540e-01 3.059337366501190258e-01 2.927682787638892781e-01 7.814177446242188685e-01 5.842942413757674647e-01 5.175713286287197956e-01 2.397373142843947924e-01 5.030834524474538938e-01 3.914467324561573536e-01 5.798979725962050136e-01 3.806560279653053436e-01 2.214315919661730692e-01 4.219505895901367598e-01 3.204598531215223089e-01 1.822816323017707185e-01
3.750000000000000000e-01 1.034635647227089700e-01 3.626289528874492851e-01 3.573193278513839832e-01 1.300586026275916407e-01 1.266592178531308344e-01 3.706255092556808295e-01 6.995821573102022350e-01 5.434486973514646158e-01 5.615203102376474797e-01 2.696172214374272236e-01 3.617388373860381257e-01 3.668135045930277505e-01 4.023334466916670960e-01 2.744456066469708189e-01 7.483487434759049650e-01 6.051091450336600897e-01 1.671474497788317803e-01 3.458454630666040197e-01 3.424000223747655780e-01 1.130421470740880369e-01
3.906250000000000000e-01 1.862165834451751656e-01 1.175748268983404891e-02 1.297253359123341498e-01 3.120802053221639061e-01 3.448589032744354271e-02 2.872043871585935326e-01 4.928215255954568885e-01 1.040142174279420212e-01 2.852622006582636316e-01 2.674490243860802585e-01 2.544575074267667603e-01 1.413305597601171582e-01 1.058167475248790734e-01 3.348309688183282451e-01 3.703117328462390834e-01 5.375984065107400900e-01 1.836154050683395655e-01 2.622907005459160779e-01 1.970320404068149622e-01 8.485422501548460505e-02
4.062500000000000000e-01 1.303001206461553985e-01 2.682570164276553148e-01 5.819858049846845377e-02 2.300867550712369994e-02 1.519509293932297389e-02 8.324466751696503464e-02 5.755946211336673488e-03 2.936247439408918858e-01 2.972274525841058779e-01 6.845634225604061429e-01 3.584529325335540639e-02 3.259233486965046334e-01 1.463588174269810638e-01 2.744943486195228211e-01 6.603749363663663496e-02 4.045958268102028410e-01 2.675645949331315609e-01 2.497431369050102379e-01 9.811116178025199031e-02 4.658409256093977435e-02
4.218750000000000000e-01 3.557682756532488111e-01 1.441051473985889009e-01 4.372784296693605355e-01 2.825309274262504666e-01 9.931146783524888444e-02 6.740414609933254031e-02 4.856659707088665789e-01 4.281617537044348776e-01 3.631911714691409276e-01 1.642366884184538189e-01 1.267028453499392249e-01 4.717975773031943265e-01 1.319506988113844648e-01 3.566254286174909138e-01 1.241244678495775910e-01 2.917460108694736043e-01 1.948056762098288736e-02 2.438146402289775028e-01 3.694971272493131897e-02 6.123229783858845365e-02
4.375000000000000000e-01 1.688984746360185640e-01 1.756023973500324409e-03 5.388511276494742930e-01 6.396305601892514625e-01 1.855338810172950936e-01 3.000908999223463325e-01 6.185713936774164257e-01 1.235195649667987366e-01 1.891393992135449176e-01 1.464032414871416499e-01 1.966531236418294151e-02 1.677832644872363221e-01 6.283241868305640410e-02 1.143612327674898843e-01 3.010177599419213701e-01 1.126516432984822486e-01 8.355467923173268141e-02 2.172060125639083735e-03 1.542394083434642793e-01 1.585684319972748002e-01
4.531250000000000000e-01 9.368442462084027034e-02 1.540327584340517586e-01 2.214233109663742705e-01 4.079383688147002474e-01 4.166902074427494655e-03 5.697093484590110002e-01 2.355434123848669792e-01 1.017249594378834415e-01 3.787174256441211417e-02 6.707002769588711610e-02 1.090428506069065773e-01 5.532433674656722644e-02 2.881674899349821461e-01 2.669635730468492563e-01 5.536058034109947457e-02 7.507937437563899641e-02 3.408134816830128977e-01 1.721687474020594799e-01 1.634078525881727806e-01 6.530406144418418601e-02
4.687500000000000000e-01 2.668724353672942140e-01 3.157230895469157472e-01 4.053059328329041561e-02 2.367375211885186792e-01 2.199707638465282777e-01 1.297028253385798247e-01 2.797819918108488194e-02 2.437034084511121440e-02 1.741009506596314926e-01 9.164290220485825367e-02 5.666279651271436540e-02 4.810512892708754956e-02 3.693765052374749502e-01 6.025404711064990398e-02 3.313279308225777764e-01 9.523023836563869471e-02 2.225526757760618729e-02 5.666397374777812912e-01 2.976217647960614499e-01 2.408247183565335181e-01
4.843750000000000000e-01 3.555200456202917136e-01 7.210580057701304613e-02 3.400692452712487240e-02 2.098942092208718191e-01 3.352716668236584846e-02 9.756529661117853414e-02 3.875399518100622331e-01 1.692988555558176678e-01 4.003376843667629803e-01 9.956925025156886100e-02 2.530027875572788548e-02 1.749387497394503527e-02 9.735893903128572946e-02 5.148388072456611120e-02 2.734973472943156847e-01 2.431232954310908259e-02 2.650984213254454769e-01 1.402604048206407827e-01 1.249302516152835524e-01 2.574440284734894613e-01
5.000000000000000000e-01 4.621818566137667617e-01 8.843600558441876147e-02 6.703438874071976361e-02 2.753477459542902350e-01 7.290443495830918608e-02 1.382266215187251956e-01 3.116590137675568362e-01 8.686311721856528056e-02 2.664626347097459047e-01 1.906883020387118988e-01 1.063649513923174000e-01 7.429569874752781078e-02 8.079093421040978856e-03 9.202451405076815527e-02 3.389959055814357192e-01 7.492275311773043123e-02 4.786951452022872484e-03 3.554360642447985108e-01 2.442844855913575419e-01 7.061921824377034862e-02
5.156250000000000000e-01 7.298238892281987411e-01 1.594483024885082201e-01 2.998408459109919155e-01 1.166619438480738791e-01 3.855464502658197401e-01 3.554510176272041022e-02 3.904444170972259931e-01 6.395469632482983502e-02 1.449355549839838886e-01 1.851319406604086115e-01 1.387979599430893239e-02 8.741830050571093233e-03 1.346454638380268076e-01 7.747105210218471760e-02 3.950864358100798501e-01 3.142017153627218451e-01 1.232455296334604156e-01 2.249688679010905523e-01 1.966339119703482130e-01 1.401007960446414846e-01
5.312500000000000000e-01 2.805911776901441335e-01 3.811385621221853870e-01 4.275571262359116886e-01 4.747763880330671538e-02 1.561503896734089680e-01 3.093509332927316113e-02 2.948808100526704723e-01 1.360890187261706019e-01 6.012957741045015653e-02 9.153695277436531275e-02 1.229097378857549328e-01 7.791427770686196186e-02 1.554857023177686204e-01 1.228954753750927664e-01 4.931514363408448509e-01 3.854814776161372136e-01 4.047146651105104076e-01 1.466223373277693700e-03 2.434591684307621171e-02 1.063603564625602710e-01
5.468750000000000000e-01 2.512148097815360415e-01 1.069495273789957679e-01 1.403054382426556779e-01 2.614791132003526641e-01 2.605020631746661208e-01 2.145061210590182010e-01 2.703278274759826627e-02 4.906146618899491496e-02 4.344205654986715293e-01 7.919558460157549717e-02 4.794413993445780786e-01 3.213146495300459038e-01 1.364988011827373560e-01 3.770476276163098328e-01 1.337679958137472369e-01 1.386562567036274951e-01 1.341434718489416533e-01 7.386366384218945313e-02 2.337193355392757910e-01 7.202719173047076456e-03
5.625000000000000000e-01 1.031045254824315416e-01 3.038003124417345546e-01 3.609107601779542041e-01 2.197703025025203871e-01 9.117160756453658588e-02 2.449433693972901394e-01 2.293500285128684951e-02 2.130464560032293009e-01 4.562381749604857428e-01 1.983743023680682033e-03 1.510767242894016649e-01 8.925043537336711796e-02 1.655258430307424491e-02 3.558515550525125359e-01 3.675744536897500303e-03 4.418444092878297952e-02 3.465551446720022133e-01 2.046686732352648030e-01 2.562634278062473348e-01 1.277642147853661203e-01
5.781250000000000000e-01 2.335053040834196569e-01 6.783784642942219814e-04 4.721732219652647333e-01 1.100794102027431998e-01 3.257313200872745673e-01 1.420423422494625498e-01 4.489804015116442837e-02 1.633472509608416001e-01 2.869977917125996272e-02 2.843878975635955597e-01 4.533337313742633046e-02 3.139554900894120371e-01 9.098401633505144581e-02 1.470483375423378980e-01 4.468000860334715718e-02 7.031589402044356729e-02 1.966740207923277084e-01 1.735664337366381038e-01 2.250262182587436377e-01 2.445675109266587655e-01
5.937500000000000000e-01 1.289729813214169352e-01 1.223024782090254420e-01 2.663942628647473776e-01 1.951393815380321195e-01 8.756743789723016314e-02 1.815685221127216475e-01 2.648202605688608213e-01 1.314929658065931983e-01 6.382302510152779162e-02 4.090572975841497705e-01 1.311119005245751368e-01 2.280672892153318698e-01 3.409874844682616590e-01 1.574852570340415925e-01 2.787926415756571963e-01 2.291503170593201799e-01 2.593620148478064102e-01 8.137123484711465682e-02 6.169144026986825985e-02 3.623642325468211522e-01
6.093750000000000000e-01 5.002388317331554063e-02 8.596403749811883099e-02 4.915277353703203372e-02 3.631895671523345803e-01 9.751734641600549869e-02 1.160777121550249542e-02 5.951939478896226682e-02 9.611424239229689193e-02 1.170786466229983280e-01 2.928915775044031444e-01 3.802837982529363448e-01 7.268665096694131023e-02 2.348073042471298388e-01 2.277565638733352327e-01 1.007644630293494659e-01 6.576519316935849901e-02 3.262296364732005238e-01 1.554425433499468934e-01 5.589873865598353475e-02 1.407954003307771984e-01
6.250000000000000000e-01 1.311772492386591993e-01 2.608496450905279165e-02 7.940384539469665104e-02 3.067876966992990617e-01 5.104123613010972402e-04 7.803460094429873206e-02 3.213511865331495354e-01 2.152794371547476215e-01 4.601813156862333276e-02 5.570176183799694508e-02 2.099708980300813155e-01 1.425150792980118819e-01 1.385016365023000462e-01 9.603869144506022026e-02 2.612909082279552334e-02 1.435656244578683016e-01 6.153106102632634883e-02 6.735471410521778335e-01 6.480224800533872231e-02 5.539997747228919862e-03
6.406250000000000000e-01 8.073252757418349079e-02 2.843930972995738493e-01 6.630011426125398399e-02 1.538685679984534704e-02 5.495421111678285009e-02 2.480457188563098825e-01 2.092492622200157748e-01 2.980946965098135171e-01 2.046351904931495436e-02 2.834380715946090423e-01 2.474534464841103565e-01 2.272087624302159270e-01 4.591799209874403709e-01 2.243733258413039416e-02 1.304454856126061046e-01 2.995976417936579983e-01 4.200563663075502358e-02 2.294876560333650173e-01 2.636272128472515464e-01 3.718003836750227026e-02
6.562500000000000000e-01 3.427403736711970295e-02 1.741490454447941760e-01 1.040487034533068705e-01 1.240281399475269553e-01 5.805121235276880336e-03 2.728815244740443458e-01 1.886010581974169042e-01 3.759017526551812205e-01 2.456816316368877207e-01 8.502633912907631153e-02 9.302512289688696923e-02 1.298044643079231675e-01 7.226124731991112604e-02 2.540834912356002007e-01 1.335558176565835309e-01 3.658224185584633692e-01 2.042921147348453204e-01 5.237306371923007575e-02 3.800745314842103872e-01 1.415543678143181376e-02
6.718750000000000000e-01 2.622883859765090531e-01 1.759160133076080046e-01 1.592513198151818687e-01 2.023881487241818156e-01 1.153853061728298823e-01 3.954011966807041145e-01 1.878403348416223528e-01 6.733072932030422127e-03 2.693249610018197404e-01 2.347885079914015238e-01 5.626346410379065577e-02 4.583845085347994924e-02 7.609225721043146040e-03 2.153651749788053904e-01 1.653826723841841095e-01 5.140934049325781574e-01 1.066003301318790425e-01 1.229645710941797490e-02 7.398536997266694226e-02 1.954651571729559834e-01
6.875000000000000000e-01 1.149202706195611295e-01 9.531915814803000597e-02 6.155133708051160335e-01 3.261626815080962416e-01 2.739018972683471276e-02 3.409825323518882456e-01 1.870612438697371038e-01 8.181609148402334752e-04 1.448509091309305163e-01 3.123901832853356320e-01 2.021036517382593378e-01 1.729056049629619229e-01 2.318200477000969748e-02 9.202540328596094110e-02 1.225489854224545982e-01 6.665090721540416485e-01 3.514379082072773275e-01 7.853256292346084966e-02 1.354359591257602372e-02 9.934633233569246935e-02
7.031250000000000000e-01 3.681812569298234528e-02 1.852743497109807583e-02 2.831062391904088926e-01 1.040508603168969343e-01 4.375704380991512349e-02 1.765863212603660526e-01 5.338218900797782052e-01 1.310854912454156862e-02 4.238879818881167161e-01 7.839352355231436753e-02 3.252775359902173591e-01 1.131922591699919545e-01 4.092817706981673187e-02 2.521470087403368532e-01 1.531092489846015594e-04 5.375039547599606005e-01 1.470763368443488983e-01 1.108443146539243029e-01 2.624792712639266168e-01 5.257846042720187678e-03
7.187500000000000000e-01 4.385905354858107841e-02 1.260048607112737862e-01 5.044258906154108768e-01 5.126524274934605163e-01 1.807716989083578765e-02 9.511079282513863753e-02 5.556829332743075112e-01 1.409149137231303361e-01 2.372352312300521904e-01 2.620319758438354740e-01 5.575019182623788261e-01 1.382408476012018383e-01 2.931387110284133790e-02 1.000246800855720819e-01 9.838414634235252698e-02 2.979087573359590069e-01 3.173064851380812817e-02 1.980849754658033784e-02 3.395895376993129239e-02 1.843090401937414261e-02
7.343750000000000000e-01 1.954075470571953466e-01 1.064459069787604822e-01 4.214370258588896467e-01 2.133413832916644659e-01 2.150667302434371500e-02 1.287397492260891341e-01 6.987959133119235888e-01 5.667926082355725231e-02 2.038157812649659673e-01 2.755288660334909712e-01 3.332009950134550702e-01 2.430321499157631626e-01 2.331720504903010693e-01 2.124137632870304326e-02 3.012939030334530477e-01 2.923956446051170222e-01 2.068068134636112387e-01 1.988888702776706319e-01 9.556744583853624131e-02 5.547230916859730715e-03
7.500000000000000000e-01 3.415024065497682115e-01 6.166295244471863696e-02 5.263562244435637111e-02 2.229582276534886748e-02 1.056294345116452066e-01 9.594028783845752473e-02 6.104654287484974073e-01 1.580163087555295220e-01 3.523305839933968397e-02 4.848058049275758008e-02 1.050245864291114301e-01 4.692149009693510897e-02 2.234472532655935595e-01 8.592735971132578476e-02 1.187145362875974414e-01 1.303140760888649163e-01 2.871458934080895475e-01 5.039819541710904849e-01 1.918463737746309017e-01 1.678270099967199168e-03
7.656250000000000000e-01 4.251976165199738422e-01 2.124962018418545540e-02 1.638716903807425074e-01 3.987835510653247595e-01 2.391494960307019302e-01 6.090251076350210874e-02 1.954041640766443211e-01 2.247422602137544856e-01 2.341024328742151439e-02 7.393947843004290699e-02 2.027253138241053576e-01 2.252176568156452063e-01 1.465514126881409529e-01 1.007953724267656309e-01 1.804211405127466861e-01 8.389725066670526699e-02 7.640407245743109123e-03 7.707522249698534056e-02 1.738033046090301792e-01 1.468607854268174084e-01
7.812500000000000000e-01 3.670143102440177052e-01 1.168304051679500133e-01 3.210523448831805182e-01 5.702130434610217513e-01 2.363440406263222493e-01 1.459434863342480571e-01 3.109420264882479246e-01 1.758135813877598208e-01 1.645050678242029052e-01 3.955357715545335662e-01 4.360526359762399023e-02 1.915764927838106702e-01 1.884492611389856631e-01 3.221388908089922731e-02 2.558575909843562868e-01 1.041193311392014653e-01 1.034808508596990612e-01 2.156009769292337522e-02 2.270583877790854910e-01 2.659818329207831455e-01
7.968750000000000000e-01 4.911342095781230377e-01 1.714052623011905890e-02 4.513868242352606086e-02 3.714787489657443986e-01 1.938219335569844881e-02 1.300665762320633856e-01 5.374098911368954679e-02 3.119953562974733807e-01 2.429533462705406321e-01 2.946385224638825573e-01 1.993523741482698952e-01 2.814761215966218866e-01 3.670951074131586500e-01 6.453605311547862267e-02 1.088771050830644044e-01 2.931065221629963191e-01 9.875326945316445504e-02 9.276654265285927403e-03 5.277330897404610560e-02 2.698175567909902317e-02
8.125000000000000000e-01 3.613910344723695323e-01 9.797656869222227949e-02 3.836891586594828318e-01 3.913079360577371713e-01 4.406893942780718693e-02 1.306154609651858922e-01 6.503898878449160259e-01 1.764249201549586699e-01 1.764729888490970400e-01 1.899529426526350984e-01 3.663263025442857757e-01 1.974591144533129061e-01 4.014273881726829890e-02 1.129773127434953589e-01 1.078248604166033575e-01 4.057567005625666301e-01 7.150667312269012865e-02 2.145816518246766030e-02 1.495909382863397363e-01 2.736706797796339269e-02
8.281250000000000000e-01 6.054687178637723211e-01 3.202394278931966487e-01 3.510024465577746833e-01 2.905650346896835323e-01 1.267264736265679981e-01 3.095650221305346755e-02 1.948810448935867357e-01 1.446142667911580193e-01 2.372701921375671985e-01 2.389134873259999570e-01 3.425836142294467201e-01 6.464978493189952116e-03 1.449817771762791363e-01 2.741629487527642572e-01 4.115488339844787791e-01 3.978631199599331758e-01 3.829832779247839547e-02 9.778966280068866757e-02 3.205172104267658972e-01 9.257688863274227131e-02
8.437500000000000000e-01 1.011754932184190103e-01 1.607282930577323410e-01 2.251570081786991029e-01 4.581560832694710483e-01 8.625850374610473381e-02 3.466840431780404685e-01 2.708835833210576638e-01 2.134506263219872971e-03 2.154202697392476884e-01 2.310316158599799996e-01 1.484527610824804278e-01 6.547305612324272328e-02 9.779626959437510980e-02 2.132096920779422144e-01 3.706115576444312110e-01 4.355096688519066173e-01 1.175217133043657547e-01 1.469811958098873146e-03 1.524245497408175387e-01 1.061720482897420964e-01
8.593750000000000000e-01 4.030632630634548574e-01 2.426522725292802329e-01 6.356880730317803208e-01 4.644219797474610778e-01 2.492700896227029173e-02 2.154597912620599132e-01 6.274072606572352884e-01 1.482317751999564712e-02 4.471741162829554472e-01 1.662556588789457571e-02 3.658057276308681605e-01 6.380064649337048588e-02 3.598355585417148395e-02 1.266163691297607363e-01 4.793866181562043693e-01 5.553323633329806386e-01 4.287583045315907504e-01 2.131199028823237487e-02 2.695090787123965992e-01 5.301152138310744055e-02
8.750000000000000000e-01 4.808794782007638768e-01 1.207599331421968514e-02 1.632945566216068289e-01 6.875665003136248454e-02 2.402392187360227471e-01 1.666430350567016383e-01 2.078441211979969450e-01 8.771978852956052730e-03 4.768209784206616231e-01 3.210690326665144867e-01 4.780028431462653438e-01 2.078362259764428635e-02 2.876570911719825673e-03 8.870106748627855364e-02 1.904986759378362593e-01 4.554744648394296047e-01 2.232196484756866425e-02 3.988521645919753111e-01 5.418212585751429611e-01 4.104676732713437304e-02
8.906250000000000000e-01 3.761061563564153110e-01 2.224459084206679149e-01 5.636502448336529192e-02 6.641101187242595683e-02 7.606204276479620885e-02 5.146422566378130448e-01 2.206816496592525489e-01 1.320164963890497478e-01 2.577091582712338624e-01 2.751178506773273025e-01 2.595707674085385719e-01 2.623881842931580777e-01 2.363744336583854799e-02 1.667317650475336199e-01 8.717994841307512288e-02 2.892203075004065593e-01 2.968016945944706997e-01 1.091993994293204324e-02 4.384968548918452003e-01 3.746426292887401061e-02
9.062500000000000000e-01 3.646213169222023986e-01 1.682126184454130549e-02 4.800542125965624463e-01 1.501370531630234206e-01 1.514305813040573157e-01 5.149054500509362420e-01 3.971718846771665756e-02 7.056608632914303236e-02 3.534560859537593247e-01 2.623294348085197358e-03 1.670903371337321142e-01 2.284652647694255384e-02 4.503248049702283581e-03 8.922252301198684010e-02 5.696775062918664201e-01 1.446262897001697467e-01 2.579936315749883358e-01 1.340043571884993318e-03 1.424056819152497433e-01 1.688449636878266644e-02
9.218750000000000000e-01 7.751906416890676959e-04 5.915989192398722618e-02 2.365298483632782278e-01 2.840112677146603981e-01 1.482272086314521606e-02 6.694491684309787638e-02 8.165780701718894363e-02 1.121933335230889950e-01 3.480752208737795672e-01 1.935509705485909948e-01 1.599412485334258671e-01 2.959158664357024876e-02 5.232091024199688606e-02 1.398568882957199055e-01 3.061221668008796692e-01 8.423413714258530527e-02 4.397774335591748962e-02 3.015470206065347658e-01 1.773797769161419846e-01 2.681696768931901564e-01
9.375000000000000000e-01 6.832046569622141075e-02 8.479583019721889658e-02 4.203196766466086309e-01 1.567745611947805179e-02 2.983009417655374876e-02 5.242290431471716833e-02 1.706955809815050296e-01 1.835801504188282196e-01 2.294202372864457551e-01 1.260310454246600098e-01 3.597960619850457120e-01 1.485820363560104163e-01 6.210771339076676112e-02 5.749447805094783787e-02 8.818952207082031425e-02 4.989358072617819939e-01 1.853108275769055346e-02 1.352854906762660514e-01 1.271775521939852438e-02 4.622089538398854031e-02
9.531250000000000000e-01 9.021705812300968852e-02 2.303559739422990360e-01 3.764446583043049022e-01 1.643115214390007128e-01 9.886336201346826447e-02 3.235323069677426555e-01 3.259081041111542287e-01 4.138488710752708487e-03 4.228217554185042526e-01 3.327041951271255682e-01 3.683982475831246162e-02 3.973267317116581654e-01 1.852691535971626446e-01 2.889414614454339780e-01 4.639560467905855246e-02 5.395248786118697071e-01 5.205655662870532080e-02 3.747684729535458725e-01 3.774942368774379664e-02 4.792127482341652228e-02
9.687500000000000000e-01 2.680013778871861985e-01 1.502823139235954231e-01 9.428635989048434612e-03 2.753482509720700522e-01 4.238620272423359453e-02 6.788736252503313473e-02 1.217391218232401762e-01 1.955108965673887644e-01 4.728888110937318756e-01 1.681012578962394755e-01 1.674588774026316007e-01 1.007658987171893700e-01 1.042802924758977623e-01 7.334496855844364893e-02 3.006236009407730041e-03 5.944524722131691030e-01 1.488485224790715156e-01 3.852640031625983452e-01 1.496757620655624899e-01 5.846874566086949360e-02
9.843750000000000000e-01 5.544271421236292019e-01 5.417868891413005206e-02 2.995793192619825573e-01 5.018029742800252935e-01 8.821569309380632162e-02 2.218586372712953170e-01 2.295322346599208418e-01 2.660601610871142220e-01 6.113819129406976582e-01 8.168216597444160829e-03 1.864069879773171123e-01 8.777824194637158517e-02 7.901909530288483627e-03 4.962796182752698959e-02 8.033930383548144524e-03 5.799620606835310666e-01 1.094593899592963132e-01 3.272464365070550940e-01 1.854534451712971654e-01 1.234608929685997308e-01
1.000000000000000000e+00 1.267134917490430335e-01 8.859056316631828965e-03 6.279292871689146072e-01 1.183615209312380706e-01 2.800574778984328203e-02 8.654721706919525637e-02 2.424539013534727505e-01 1.995747339388704578e-01 1.061048766751770678e-01 1.097782862725736469e-01 2.835301744217542663e-01 1.491422125795794328e-02 1.233779570685867785e-02 2.938780829410494455e-01 3.349318289220252348e-02 5.729493734456310161e-01 8.844544190965228370e-02 3.786237098310354932e-02 2.112106976380848378e-01 7.126572217584969948e-02
1.015625000000000000e+00 5.705435913826143249e-03 2.419568980557792459e-01 4.457928461193057523e-01 4.769700962570299629e-01 3.614193810658931222e-02 1.630548890328106793e-01 8.785242624280437118e-01 1.123366619816755924e-01 2.729311697287185590e-01 2.542533156743065001e-02 5.942263111122277897e-01 2.147380104251655764e-01 6.877048176562322590e-02 1.386911012615473504e-01 3.559248889480012834e-01 5.878459641006370529e-01 3.920637696872159017e-01 1.356754249545496782e-01 2.672033810012078847e-01 3.015413411750244785e-02
1.031250000000000000e+00 9.714901987205908085e-02 2.406881770144385924e-01 6.901325272963734214e-01 1.265817749665630490e-04 1.162090356134089231e-02 3.418604822422584566e-01 7.590380797228996057e-01 3.984121865575517007e-02 6.873978790311086051e-01 8.943313366342821313e-02 4.380749226983723932e-01 1.087052537143391312e-01 5.408602591745351185e-02 1.177422463590737378e-01 6.726089990789158035e-02 4.478139405641466952e-01 9.632784449050504905e-02 1.119863637149880048e-01 4.741258902869116554e-02 3.179440440470528845e-02
1.046875000000000000e+00 1.948765868302375359e-02 7.627930709036363777e-02 5.536721234807078229e-01 6.698483335308887121e-02 2.445177087151865006e-02 2.481734278443756547e-01 5.018106454098018032e-01 9.236574693011033454e-02 5.712109855644897927e-01 6.192476007634879070e-02 4.056688310354781418e-02 3.007829849258819230e-02 4.469476071272405517e-03 1.367266219122266202e-01 3.576983076427104891e-01 3.544477386768982718e-01 2.643272825635060719e-01 3.013123264058600523e-02 4.236582910086584275e-01 3.417363149912676368e-02
1.062500000000000000e+00 1.935005642949726157e-01 2.976179726978350204e-01 4.539507840218395818e-01 4.593071199861559206e-01 8.287182849080786118e-02 2.307816895395069581e-02 5.944189905480029568e-01 5.453487978276669312e-02 1.958929128528998920e-01 1.447072364677023937e-01 1.965254118750147660e-01 1.967229005286967036e-01 1.299042286357703774e-02 9.898333899680943071e-02 2.601110175592947701e-02 2.116162251719909959e-01 5.860731037311833758e-02 2.691147746360585818e-02 2.876247209282212225e-01 1.395901876019649962e-02
1.078125000000000000e+00 8.829656380768546864e-03 1.454327247620245123e-01 1.759422542426583025e-01 6.260254071265590470e-02 4.541565689902777453e-02 7.207182147651253201e-02 6.266339687835503769e-01 2.715273131257235802e-03 1.281506493110147471e-01 5.097847288260296678e-02 8.840312355784693543e-02 6.173174459044862561e-02 1.468133650500372082e-02 1.735780616950277286e-02 1.548694937986458131e-01 2.512740292381190205e-02 4.968755077016315247e-01 2.631361700611428711e-01 3.395847684038356684e-01 2.071691244621446382e-01
1.093750000000000000e+00 3.302549197164363903e-01 6.695042777094864506e-02 4.322371276517372740e-02 2.497539196727464050e-01 2.729432017768605029e-02 3.668251127294807623e-01 8.365880139055802411e-01 1.077814130661236131e-01 6.795526962628621603e-02 1.781972796740323162e-01 3.120325427811081465e-01 9.560797142432118922e-02 2.342744265717824903e-02 2.221326098741725763e-01 4.183687134476654079e-01 1.607073647390019344e-01 1.402377761868160988e-01 1.445690498280109149e-01 3.612681646991429130e-01 9.867860718674625886e-02
1.109375000000000000e+00 4.801943885345235502e-02 1.941746131681786058e-01 2.322994517593203467e-01 2.241558140676623845e-01 3.299253826691891239e-02 1.599479308558103205e-02 3.205476293469836646e-01 6.750325102385637543e-02 2.919842378679510242e-01 8.557956994447361507e-03 6.421883277789672828e-01 1.382953579025350543e-01 1.160609232607197686e-02 5.573528788332179212e-02 3.497592753695120682e-01 4.754041067100201468e-01 6.420800188649278262e-02 2.527590444022934091e-02 2.146185576428298325e-01 9.020182390518936832e-02
1.125000000000000000e+00 1.230571531437301136e-01 1.490585388225326158e-01 5.442019978972233440e-01 2.544616729309566172e-01 6.016137153934260698e-03 6.403721507757862419e-01 3.161031609897165251e-01 1.492153951222517649e-01 1.245304205123772684e-01 4.237287310776671062e-02 4.621325182654754116e-01 1.947657505362963490e-02 7.910020546298364430e-02 3.265138564764893947e-02 2.329322735320009385e-01 5.242398360373827781e-01 1.247988358537959058e-01 1.378016920236906362e-01 4.084582932402326949e-01 2.978924282705238194e-02
1.140625000000000000e+00 3.541447011877797979e-01 1.146742965091308436e-01 3.427972267959329966e-01 2.670394887319870736e-01 9.705215790623711314e-02 5.739508183186141366e-02 2.512931272033498975e-01 2.117133774312382130e-02 3.530625706946555198e-01 8.163469971224693311e-02 6.420164062194178012e-01 4.379127378804891640e-02 4.725789277935019128e-02 9.509087250136372821e-03 1.243140585390871133e-01 5.842196751924731979e-01 1.518704040616465807e-02 1.419236453313011195e-03 1.403613918249543568e-01 6.258895916774039059e-03
1.156250000000000000e+00 1.369391316278346371e-01 2.166796257871038411e-01 8.156517956149533788e-01 3.021685815616149129e-01 5.614854772834448199e-02 1.374062331321937724e-01 6.502760952230302038e-01 1.674117108120306563e-01 9.915544346779890661e-02 3.446284294767041345e-01 6.371657910080444909e-01 3.312482015336946505e-04 6.693802058076905870e-02 6.829472845282747069e-03 7.312579260746605858e-02 4.391434726018309531e-01 1.484788996394144911e-01 1.774131513579714492e-01 1.558721123248739057e-02 4.694186342983902062e-03
1.171875000000000000e+00 1.738509800687799423e-01 9.354994982316451602e-02 4.755442754931006322e-01 6.081947301157708541e-02 7.931146856443582749e-02 8.689472266822101387e-02 6.583849851408694054e-01 1.987967401749038410e-01 2.821401337468008585e-01 7.497725795542893590e-02 5.158923299899970116e-01 1.913992128585231822e-02 6.448292335524181962e-02 7.140520470509480362e-03 1.777251176178016034e-01 4.784125988401217167e-01 1.767642854185204337e-01 3.630424350539478845e-02 3.481235957815531079e-01 1.058222620581285647e-02
1.187500000000000000e+00 4.504841406549788263e-01 3.393980325585491675e-01 2.405133093469598582e-01 1.073554144750170913e-01 7.594326275524189429e-02 2.378793383764231661e-01 4.435118779597573280e-01 7.553835904222365449e-02 2.432119987410892858e-01 2.844083863598933018e-02 2.266031453529517570e-01 2.279971363330814127e-01 5.227303989268831247e-02 3.041587600459090199e-02 1.770800347987297185e-01 4.900796119748914159e-01 8.925642343550729829e-02 1.680824419943255377e-02 1.156244140910686474e-01 5.018062480384324203e-02
1.203125000000000000e+00 1.737813386136124461e-01 5.856274833153823911e-02 3.690480851957398389e-01 2.340857630542455270e-01 8.536658756081667854e-02 1.216010413592877176e-01 7.589705790266354501e-01 1.569393255614906779e-01 1.343952433069453556e-01 5.440523005720732802e-02 1.483657540294108512e-01 2.238914679953305301e-02 4.269317861654865071e-02 6.475491182160528214e-02 4.035509275960433850e-01 3.884452486039945418e-01 1.872764202217913343e-01 9.556243852336056277e-02 7.166294046000837303e-02 2.607171492812830615e-02
1.218750000000000000e+00 1.352231627104463207e-01 6.866969384480123631e-03 5.556326913496058284e-02 1.866184223014244747e-01 5.928774836079990507e-02 2.720911953369001268e-01 4.755605293521019128e-01 9.603768615089552929e-02 3.118697971527337187e-01 8.226750144523916827e-03 2.164371055546601141e-01 3.206174216278538380e-01 8.714617409500725886e-02 3.474871258070902792e-03 4.531356976803566639e-01 7.044157435746827012e-02 3.393937478903404914e-01 6.345339579621576964e-02 3.078058134720241257e-01 1.407165813523983122e-01
1.234375000000000000e+00 7.412563078367985503e-02 2.122687963695394087e-01 1.522638872733569348e-01 5.387491280462252119e-01 1.090247662229641423e-01 1.448369985395439319e-01 6.090139270207716171e-01 1.859678897695763167e-01 2.798679333882700404e-01 6.665669105798051330e-02 1.345185790552832182e-02 6.477693174079915406e-02 1.973178701538158206e-02 8.873933678552824167e-02 8.844752978648108555e-02 5.651373481010424360e-02 3.051909637037447665e-01 2.452761713625889739e-01 1.144180115068496179e-01 9.969002683491301475e-02
1.250000000000000000e+00 2.792456774630380778e-01 9.416647915959994175e-02 2.411985267618819984e-01 2.742091212163361713e-01 1.305740646770073843e-01 7.410033585156786118e-02 4.037370420853557684e-01 8.146287250403091984e-02 6.443698257402726004e-02 3.406739681231536060e-02 3.441924429586685520e-04 6.556229795929964521e-02 9.790574653070569650e-03 5.390682455933937939e-02 4.198636078837975627e-01 2.835428500165275700e-01 2.648410458246627797e-02 1.142686264911666749e-01 1.573160767399769677e-01 2.510390899487949246e-01
1.265625000000000000e+00 4.670762351645264543e-01 2.407104885910172909e-01 6.116968781403214067e-02 6.650355289465810227e-01 1.173068589306048709e-01 3.533208029643220560e-01 3.622478210519981378e-03 5.112365903929783073e-02 3.620261323685695642e-01 1.955714010428973582e-01 4.813425918901440559e-01 9.903923609614941059e-02 1.039469934650216615e-01 1.094116592616423828e-02 5.462342767966722468e-01 4.167552373519943787e-01 2.219908206301129117e-01 1.589835185747943136e-01 2.209580122639619518e-02 1.862753305034100526e-01
1.281250000000000000e+00 1.985701765767061422e-01 4.448657386465200425e-02 3.369062085506917548e-01 1.931313068863717841e-01 2.483811645484116509e-02 1.601515054504489277e-01 4.101067924056992636e-02 3.200478434516801363e-01 5.040022505884657056e-01 5.690311924787044839e-01 8.394496506029618388e-01 3.539351312539557731e-02 2.489051069458618481e-01 3.282438591056761890e-02 4.379494961047994961e-01 5.918153773051230138e-01 1.553817361853408185e-01 7.183550900697302510e-02 3.546147756163847697e-01 7.068869110908698739e-02
1.296875000000000000e+00 1.496147848965264926e-01 1.889415071960151571e-01 6.492959416712966725e-01 7.190735412057447373e-01 2.905577049746013198e-03 1.360405463044941365e-01 3.258462187966165713e-01 2.431442122271496586e-01 4.008462065905328275e-01 1.902245437323238919e-01 5.555670999526676201e-01 1.482502229637196745e-01 1.943804377206574674e-02 8.486557976319163143e-02 1.139241854854504687e-01 6.765795297106895756e-01 3.138008972774538469e-02 2.115274983212176718e-01 6.532514154668931372e-01 3.163824197430843699e-02
1.312500000000000000e+00 3.900320220765875895e-02 5.856723521375099134e-02 1.281782232946608313e-01 3.692881341924850874e-02 7.910959669919241655e-02 2.619542091475680623e-01 3.921878414409937091e-02 5.278356103452986475e-02 8.477790251052402803e-02 1.265381593713378050e-01 4.159339103748445621e-01 6.892657345752335740e-02 2.091153544586830948e-02 1.361424033319376566e-02 9.988228218999026242e-02 4.363421289357746757e-01 3.292769100152674322e-01 3.327623310357534225e-01 4.103100720013529434e-01 6.060614761610273044e-02
1.328125000000000000e+00 2.197452055021681672e-01 1.988042431737705729e-01 5.209974148563759622e-01 2.364790206056870403e-01 2.025971572062507386e-01 8.335152053377989367e-02 2.966295975810659402e-01 8.404693071690238354e-03 2.204059177626508104e-01 1.189146635575176608e-01 3.603654408177879853e-01 9.706634820018233967e-02 5.773751545359192411e-02 1.003749537454451946e-01 4.684985070977571581e-02 4.122682421897364557e-01 7.467523846003085164e-02 3.312795510142218375e-02 4.290912680265868140e-02 3.131936409590166566e-03
1.343750000000000000e+00 1.287719022869103225e-01 4.750428462250980838e-02 3.428152157616438656e-01 1.231644005713773554e-01 7.525026517297432604e-02 3.196634974180346811e-01 4.199826350858749113e-01 1.729248146288639432e-01 6.206848086496383754e-01 6.146529596503397946e-02 3.931206042613735185e-01 1.527631983426872286e-01 6.235931148205733909e-02 7.369178863059175355e-02 4.031032366554685997e-01 4.549440296098728465e-01 1.890751352043429923e-01 1.163957706743815324e-01 9.512373002779506148e-02 5.514393387604848290e-02
1.359375000000000000e+00 4.012051978939510516e-02 3.767169373233589802e-01 1.840429612888374034e-01 2.780708688030992248e-01 1.744616462378664745e-01 3.428848812527909296e-01 2.875196932160326568e-01 2.355367463294612551e-01 3.482184821564157651e-01 2.097099561006341706e-01 9.033046890744483859e-02 1.611299144764853919e-01 2.971035321914326788e-02 1.668017592943620286e-01 2.287732449189555095e-01 2.822830720358870948e-01 8.374095726055219568e-02 1.936073067678791559e-01 1.009784529698179167e-01 3.518964532274026363e-02
1.375000000000000000e+00 2.107520638819099061e-03 4.373343705811287840e-01 2.178182435191370128e-02 2.021837401785942234e-01 6.956867871713345863e-02 4.840818079926097195e-02 6.895031372866776698e-01 1.759355703516795461e-02 4.139713961290739791e-02 3.937991519089657777e-02 1.192543010582909763e-01 5.285245246946503050e-02 1.910113173407953016e-02 1.277614204936002862e-01 2.771147784525763158e-01 5.465641567737502399e-02 3.071259600906834919e-01 1.301861296618830044e-01 4.945714509574693912e-02 1.790232448189455969e-02
1.390625000000000000e+00 8.837868518815140961e-02 2.827305930707609272e-01 1.215047688323370595e-01 1.843067768656186656e-01 4.742828298185421121e-02 7.307249204898672024e-02 3.439773374194006195e-01 2.013824406611291473e-01 4.827505222814726382e-02 1.299148934604416605e-01 9.527701410532093962e-02 8.625385288506690062e-03 2.845221021452101415e-02 1.713224621058892783e-01 4.879986981298661819e-01 3.270522684915203038e-01 1.379024918488939710e-01 1.676758162215333803e-01 7.151044799632554072e-02 3.085837837092076513e-02
1.406250000000000000e+00 9.682552102361163815e-02 9.204361901354894682e-03 1.955888481122413924e-01 5.183897510838174627e-01 1.129502201144077095e-01 1.838321353228000166e-01 6.613303295112517022e-01 1.486281469490872142e-01 2.972146586162304760e-01 4.031657710826251351e-01 1.560909998103326979e-01 8.336184463243915405e-03 3.417357013722551948e-03 6.348443856690867693e-02 3.796149075651087945e-01 6.345035794043920596e-01 1.146049543430479323e-01 1.366785830046413353e-01 3.615702196981158273e-02 1.281844060026912126e-02
1.421875000000000000e+00 3.234348101933860048e-02 1.174794671999482565e-01 7.237367852460013795e-01 3.124004720380750902e-02 3.592333640271799192e-03 1.319470448303316223e-01 5.359671570623345538e-01 1.991375193734439830e-01 6.039578012553914466e-01 1.373804974024318559e-01 2.145259878755467198e-01 1.537925500963145120e-01 6.664951494900475670e-02 6.559697442871430251e-02 9.364778977080523426e-02 7.035488280182169429e-01 8.620438939480035145e-02 3.440566503015720645e-01 1.567087095704710609e-01 3.323868712500042955e-02
1.437500000000000000e+00 2.987633774961376623e-02 2.819082084288571100e-01 4.486840775195691244e-01 5.218839836182164182e-01 6.514486658440575562e-02 4.053335804740515469e-01 2.474430286565798276e-01 1.987945672686551868e-01 3.171361254730550305e-01 1.517380482770454286e-01 5.694932605261352476e-01 2.487015899038844402e-01 1.596082525434398547e-01 1.311401275894145124e-01 4.731089762279189898e-02 6.413925360526873121e-01 8.714676772920064429e-02 2.522380170553100917e-02 6.572170966622524479e-02 1.222051506344652982e-01
1.453125000000000000e+00 2.442327708051278690e-01 5.656714065708239036e-02 5.032459471722905420e-01 1.058036268397085158e-02 1.887052613419227046e-02 4.094137883034003333e-02 3.437033616223947319e-01 8.804728463685898565e-02 5.488378270433731387e-01 2.446325910170766560e-01 8.432050601660051603e-01 7.032961354996056236e-02 1.801771252893943562e-02 1.610504766330576529e-02 2.464915231321932465e-01 5.449977276406503535e-01 4.007130479440992182e-02 1.905008426279276856e-01 1.394934275969328952e-01 5.114534396772969956e-03
1.468750000000000000e+00 1.811358754474094168e-01 1.479249623772104227e-01 5.239699213230571972e-01 1.537102377193248770e-01 2.927053950493107085e-02 1.448240867716436564e-01 2.639441837743762287e-01 1.444726159862994297e-01 5.730095763375224749e-01 1.761998200149201277e-01 7.698201571515576047e-01 1.758323348027630573e-01 2.945857213019033652e-02 1.613915555035747296e-01 4.368021293954341133e-01 5.785797209339513802e-01 5.856577316029544511e-02 1.688982172654714120e-01 7.540830406864280633e-01 1.800927192513509818e-03
1.484375000000000000e+00 4.608915055953127782e-02 8.955304249281885454e-02 2.881433124124949119e-01 2.676600417365362222e-02 6.706553538425451440e-03 6.378079200859332332e-02 7.500026004590693018e-01 9.764284542142451229e-02 2.160231661015657723e-01 1.912667735361463783e-01 5.624938144325846157e-01 1.829172904773891661e-01 2.052037254904608490e-02 3.113061286254955595e-01 6.408405148431665921e-02 5.797416276597064932e-01 1.621940836511634454e-01 3.593557849985459796e-02 1.508074822247681135e-01 1.171736380817412805e-02
1.500000000000000000e+00 2.064347049451873209e-02 1.408803947353842179e-01 1.596962269347369234e-01 3.316859572678588775e-01 2.498518242154855462e-02 1.413465543022307536e-01 5.859668208997649286e-01 7.869134647333091148e-02 4.180626039597442473e-02 1.921908818952835774e-01 2.600016337359274399e-01 6.407331567716628706e-02 1.655277859683548444e-02 3.331963048781952930e-01 2.076418995996707761e-01 4.126368272781119617e-01 1.497036175262383695e-01 5.843690856480136808e-02 2.474146447054611786e-01 4.363498826690386662e-02
1.515625000000000000e+00 6.218945338543661189e-02 4.545367914538672033e-03 4.177378536716175317e-02 3.658014107455125341e-01 2.986306619902676270e-03 9.032745408318160196e-02 7.757994617007257787e-01 3.351098162038531614e-01 3.338674600693135597e-01 8.093603811653628244e-02 3.145145238570589696e-01 1.098976896260803748e-01 5.552732140324671481e-03 1.027759000343303197e-01 2.226465448885364129e-01 2.306701488929473465e-01 3.414858431348957030e-02 1.461055067392118545e-01 1.585878025183998508e-01 1.818771559859236287e-03
1.531250000000000000e+00 7.138678969038464439e-02 1.297507742011683729e-01 3.061071079871443001e-01 2.629103672010759674e-01 1.320735639935858262e-02 1.811376384903671810e-01 6.748788398140171951e-01 3.170593749193545974e-01 2.157374357565833567e-01 3.923069561753438073e-02 1.981190287179818155e-01 1.640101528910802853e-01 7.106838234166393264e-02 1.784858772675775862e-01 4.518606451022062244e-03 7.017764194161159319e-02 2.789611229903729006e-01 2.138669950181027596e-02 5.580452821894344578e-02 2.283516906104985367e-01
1.546875000000000000e+00 2.557808240323733995e-01 4.257382612097561358e-02 3.568732769396298354e-01 5.235024065848604691e-01 5.569619021198409653e-02 2.129742190658478196e-01 4.736524113126646673e-01 2.582178707497314041e-01 1.088149553747465026e-01 1.800597579189654740e-01 4.361532974873191804e-01 8.082942720648608748e-02 2.122074423950475255e-02 1.333602594303541777e-01 1.990838377528008074e-01 5.551991204798844594e-03 2.430128432532380478e-01 1.362573974346445449e-02 4.142381927910563158e-03 2.997451607177387817e-02
1.562500000000000000e+00 4.773054676453001438e-02 1.647151577819036261e-01 2.320889882017085348e-01 2.899556932239114593e-01 2.925722524579446593e-02 4.871270431643562326e-02 5.780070494897130429e-01 2.575430490716880128e-01 3.586996751617584078e-02 1.237270179763457351e-01 2.692059260496469375e-01 1.857047035367941912e-01 6.695904872838239971e-03 1.419168650869955528e-01 3.882635174784654919e-01 4.274575575080325485e-01 7.127417932706822667e-02 1.967958568951985732e-02 3.625864676447766027e-02 5.006910525789063510e-02
1.578125000000000000e+00 3.841127966962813722e-02 8.708519185858096257e-02 2.545893291703596462e-01 5.098554161766863935e-01 6.290455993521598677e-02 1.447855958837062085e-01 5.136736987815434530e-01 1.192266512955285768e-01 3.402328879808815265e-01 3.238303832121966486e-02 3.001435132605448364e-01 2.996187475859826699e-01 4.434611356617813166e-02 5.680398986263246984e-03 4.443956577287496712e-01 6.422514190741055451e-01 7.904479355628829182e-03 1.936719916682983975e-02 6.776153296900080947e-02 6.979928941770086048e-02
1.593750000000000000e+00 6.751528035187119581e-02 2.754788685421237227e-01 5.232555428429410682e-01 1.651570944115267059e-01 6.411328349705645857e-02 4.533085673054957493e-02 4.436673752347030514e-02 4.972204838519143633e-01 4.617488582317140211e-01 1.782085154343214239e-01 5.938135883811668236e-01 2.410290945325396228e-01 1.639003707302500445e-01 3.276537115212430074e-01 2.524213165763737332e-01 6.666297823228499730e-01 9.444261135770546517e-03 7.760704622229963601e-02 2.886775191428912410e-02 2.005619189661989599e-01
1.609375000000000000e+00 2.187278251380956329e-01 8.733291474770585316e-02 1.744514514624190271e-01 4.761207171107985081e-01 1.116681843183973261e-01 7.357538559700596559e-02 1.227141127746187582e-02 9.895068647047844390e-02 4.109539089820237745e-01 1.050661964241839247e-01 5.155650469303690864e-01 1.929238557696705963e-02 7.349804602836375322e-02 8.440714293172871252e-02 2.413004638828277759e-01 5.693077811152164047e-01 2.891822591616377905e-02 6.783650953779735149e-02 4.085865688054121647e-02 2.935325502785257959e-02
1.625000000000000000e+00 1.935296801585402182e-01 7.083670264140562445e-02 1.131477616249601664e-01 8.540279243625056860e-02 2.756818598401186531e-03 7.683673150239016779e-03 1.742712198235819021e-01 9.641496944428495919e-02 6.992989127612417311e-02 3.412603073977260038e-01 2.429590455191869003e-01 5.673999791707505513e-02 4.555156491583332856e-02 1.049103395588872438e-02 4.793906734169284256e-02 5.159264246144076305e-01 1.004655494408665181e-02 1.264088796002707793e-01 4.622508582039182995e-02 2.671360519483257506e-02
1.640625000000000000e+00 3.112236433560141013e-01 4.701101249776211410e-02 2.140216513260624620e-01 1.147430389393254008e-01 2.316430474964704250e-02 1.903931137789784955e-01 4.063782687367623603e-01 7.406723641816639891e-02 7.552352666093939577e-03 4.792041870929345491e-03 2.507700223255548422e-01 1.319781976102767651e-01 9.410544509168698377e-03 2.471912625403726027e-01 3.213600947893660575e-02 4.673788241584690417e-01 1.815076264724169164e-01 1.158982510935296639e-01 2.635582273232160988e-01 1.116096000873030430e-01
1.656250000000000000e+00 2.189824473246776704e-01 2.928791656162819668e-01 2.194404665562538492e-01 1.136016482840824099e-01 6.850751119807087230e-02 1.682640667150526667e-02 3.118528444502272623e-01 3.305269264561576381e-02 1.375174098273501677e-01 1.511621207447000070e-01 8.855397876870660379e-02 7.177427972511150889e-02 1.711808352959571025e-02 1.420161412332062167e-01 9.415737305840303495e-02 2.631765560001899096e-01 1.602141088605698316e-01 5.795217973955223839e-02 2.648147321364413553e-01 1.920917843796191710e-02
1.671875000000000000e+00 2.054720651014150801e-01 6.352153237418023402e-02 7.226612340774554721e-02 1.249590535189984697e-01 9.145673191898373577e-02 5.504621913756878315e-02 4.890465940894072605e-01 5.275904204060218872e-01 4.437934624274581658e-02 3.589826809533231966e-01 6.748872941869792086e-02 1.133081481579265859e-01 3.816326715018449750e-02 2.610490246293405425e-01 2.373203476479379681e-01 1.202245982714260919e-01 1.934387977623278632e-01 2.389298123719760247e-02 3.688719763330699508e-01 1.807034987607759879e-01
1.687500000000000000e+00 4.632575021868064191e-02 1.363220630246849210e-02 5.231292730235435895e-02 4.078632942137927486e-02 9.624742917155408844e-04 6.313481304471432569e-03 1.915526149772208697e-01 2.390562107003055825e-01 2.424278047253269064e-01 5.351783819071224135e-01 6.104129127956530593e-03 1.575947260351855464e-02 3.883363334356119967e-03 1.668658685240953510e-01 1.772649987447601216e-01 9.258421763745217428e-03 4.461477047167195648e-03 9.548946992933418643e-02 4.977489189911626366e-01 2.250179825871499451e-01
1.703125000000000000e+00 1.666855690374251979e-03 4.250568217731674064e-02 2.926965569287893199e-01 3.449762083905376087e-01 8.919685455410855668e-02 2.754518036500625544e-01 4.393298884197647386e-02 1.165988193946319446e-01 2.781041562271490131e-01 1.131199187315573423e-01 2.849963696582486494e-01 3.392125100544580163e-01 2.374229395452657695e-02 4.010526937938829750e-02 1.287409428703857259e-02 1.142338888361006527e-01 2.996687404672808697e-01 1.523498440416054533e-02 4.235397932446644531e-01 6.354309436303948178e-02
1.718750000000000000e+00 2.329765723992559545e-01 4.584476995593794041e-02 5.254798301606808386e-02 5.026799192650860393e-01 1.897850895686671938e-03 1.095613861066778438e-01 5.949924131192986243e-01 3.076210223697821711e-01 1.769424430985797325e-01 9.728941743711345957e-02 3.735514695399976826e-01 1.895757440410587857e-01 1.517109548733626134e-01 2.711615988955503459e-02 5.827695508805105090e-02 1.267424540324891269e-01 2.760017660457956268e-01 7.040688419107059282e-02 2.589645682413563854e-01 1.216729363046225865e-01
1.734375000000000000e+00 1.205332209697325546e-01 1.259349251749603826e-01 2.061547366058207320e-01 2.705377480717102712e-01 4.332023735433278289e-02 5.066921213265915824e-01 2.998785374027742590e-01 1.738098542038643557e-01 1.667842271425044320e-01 3.792053847345415174e-01 1.938209781357340122e-01 1.979736113685857113e-01 1.871939260977090874e-02 2.127496737090605605e-01 4.032186714438129593e-01 3.347317999825847323e-01 7.301196995606683282e-02 7.817867678406280330e-02 3.825170289129274648e-02 5.421983176644988578e-02
1.750000000000000000e+00 9.588993746954882144e-03 9.801582675382082555e-02 1.519194051768571196e-01 3.119134918995826733e-01 8.484824867851806229e-02 1.907882999189233209e-01 2.085505823659685731e-01 1.134783530182714023e-01 2.759717078329724793e-01 2.503491859359864916e-02 1.426360912124259583e-01 4.746596362705165356e-02 2.071130223487190336e-01 3.793993503638012910e-02 5.766777861002582162e-01 5.067504540503863231e-01 1.301904290345879678e-01 1.042386435690468433e-01 2.801811835592896704e-01 4.670485321628611158e-02
1.765625000000000000e+00 2.442043229697317130e-01 2.742526495360435024e-01 2.935044596987476662e-01 2.226832247904098339e-01 5.314224202700615352e-02 2.612555800230774716e-01 4.227197018871035623e-04 1.081238296354618683e-01 1.121611089611647821e-01 2.808336383136833536e-01 1.246552141385712797e-01 8.322159507797595446e-02 1.090676388957211862e-01 8.584070976947701841e-04 4.059108396083693227e-01 5.769694146066116636e-01 7.798953454358335813e-02 2.435343767748714972e-01 1.043563440083347532e-01 1.616452207704217187e-02
1.781250000000000000e+00 2.224702299459361265e-01 1.006774578917801199e-01 1.261700438492632803e-01 2.290992363737412718e-01 1.488387166731199307e-01 1.654872856307032514e-01 2.112831455981989924e-03 6.998377588686041650e-02 6.663176817081561953e-02 2.529647932299689539e-01 1.989285856383470330e-01 4.203930111789467294e-01 1.090509743118575209e-01 6.181887708010385535e-02 1.906087436469966132e-02 1.952433110794218885e-01 7.271776578552598125e-02 1.063881913956195996e-01 1.810357150588353531e-02 2.237084492131995520e-02
1.796875000000000000e+00 4.263965210915960924e-01 6.807786781487382144e-02 2.007760924954796466e-01 2.595089534329303449e-01 1.102146828897692266e-03 1.582430247715001792e-01 3.355653316322900204e-01 5.461380156976450989e-02 9.903329521637878330e-02 2.136218876163712421e-01 1.923864407264490664e-02 5.982683727616536218e-02 7.850844375447905976e-02 2.019689204410816605e-02 1.982043646673929682e-01 2.938406043890833819e-01 1.353019366335640461e-01 5.715181102840177774e-02 3.056175504888012165e-02 6.033386376970541892e-02
1.812500000000000000e+00 9.098902899382892151e-02 2.221296795746191544e-01 2.482767075261727574e-01 4.979745770860779519e-01 8.792732332468413195e-03 1.588224181155249159e-01 5.430047255086708491e-01 1.496372456099305352e-02 6.718285127303185167e-01 1.490657342088137494e-01 1.171333728192459206e-01 1.864512961081661244e-02 1.598703377465706191e-02 5.701788167047146944e-02 2.391959503270704723e-01 1.469959914853231631e-01 3.274309773852950300e-01 1.392811263386902476e-01 1.115281255745172086e-04 1.790328724716983566e-01
1.828125000000000000e+00 1.670408495691666061e-03 1.139807942481516762e-01 4.103704301240529428e-02 2.147463476247637171e-01 1.369058066222006865e-03 5.911402870532501269e-02 4.543824256300106335e-01 6.064520410894874008e-02 3.332815291425084703e-01 2.712810375869504909e-01 2.392776405086584346e-01 1.242832302535991501e-01 1.507502779122326698e-02 5.281449514681962193e-02 1.713018605302742137e-01 1.226681433698155049e-01 1.733030648628500203e-01 7.481093106219652289e-02 7.303827740544499569e-02 8.712432499399130892e-02
1.843750000000000000e+00 6.059138315065974029e-02 5.442878856112579045e-02 1.516011395956113617e-01 4.756964539363233158e-01 4.653751835849043172e-02 8.123891817063789988e-02 5.069572762013703215e-01 2.967896977695081984e-01 4.647170388041510503e-02 7.535171424970095455e-02 3.266978025947733233e-01 8.826896115154672651e-02 6.305852263755079568e-02 2.206632684307578973e-01 1.902323815731878365e-01 2.529364639624728794e-01 3.494799733845291856e-01 1.136455850479638346e-01 2.333719510385444951e-01 4.607060689704711720e-01
1.859375000000000000e+00 2.852620600638159920e-01 9.386699299661445048e-03 4.688816493010949937e-02 1.060741138411732676e-01 3.509188364385249642e-02 1.782536097790831664e-01 2.586308477781938328e-02 1.336375576110943597e-01 5.728872635969297494e-02 1.569323387005221726e-01 1.481157585179096459e-01 4.666828723477109420e-02 6.475153935505542635e-02 2.754724016465753822e-01 5.022113557667164802e-02 1.357797662706538243e-04 1.401942316516189835e-01 4.075870779856318182e-01 3.704167312550668556e-01 3.786986195476978179e-02
1.875000000000000000e+00 3.571128533194299348e-01 1.610274763596262759e-01 2.794053180734158703e-02 3.210514859895879924e-01 1.367617280958636009e-02 1.160768171017525358e-01 4.504740374504573874e-01 2.748122045428728621e-01 1.883040357490865790e-01 7.903741150763682333e-02 1.910742869165849012e-01 5.677884299597955181e-02 1.024540824966431174e-01 1.161267116719669895e-01 7.457955974746131866e-02 4.046374477850961382e-02 1.789395605133054235e-01 2.471984648180855781e-01 1.648405966491770513e-01 1.680991547122921009e-02
1.890625000000000000e+00 8.130240228998289465e-02 2.931532351311902374e-01 5.770083789562848592e-02 1.384512418160880332e-01 7.274588953357903620e-02 1.989107823756301394e-02 4.106238071560380232e-01 1.796988613999410955e-01 4.811673284356603186e-02 7.935998973003174917e-02 3.039014328842847001e-02 6.082099783477503026e-03 9.528378048993459137e-02 7.322202473932038456e-03 2.068292380253043683e-01 2.128382200777570177e-01 1.529549934803294819e-01 1.682227535384584749e-01 1.336032360120471274e-01 1.311865780288855587e-01
1.906250000000000000e+00 9.146036459080854331e-02 4.370788197877927689e-02 4.231177506540883398e-02 1.113780730918638856e-01 1.474247746902746514e-01 1.352179128011946896e-01 9.601371051984440574e-02 1.447388010777535261e-01 7.079553397803731163e-02 4.211123159712031744e-02 3.550930278205814000e-02 2.400449008206496926e-01 9.396053127963603646e-02 9.357582061508044891e-03 3.628704021498315724e-01 1.211260740175723466e-01 2.495745247011008430e-02 4.084341733134341235e-01 2.244010739082837325e-01 3.276665819978198946e-01
1.921875000000000000e+00 2.260797150403118516e-01 1.669237654945410210e-02 2.105229324885554698e-02 1.337737063069480321e-02 1.075757537428131544e-01 1.202753861413889264e-01 3.274258898535243462e-02 1.119598726349820134e-01 9.808555523946847765e-02 3.044125977616800038e-01 4.799169456333995387e-01 4.267054736320070873e-02 2.331452758294269567e-02 1.137275193274111945e-01 6.370542575360013671e-02 2.047251695729257193e-01 5.003431559475455398e-02 1.192728538154625845e-01 5.816983894675924471e-01 1.475250095569712039e-01
1.937500000000000000e+00 2.000847745503848696e-01 6.737118566106883866e-02 7.582651444349618186e-02 1.957995997863564430e-01 7.771166316221913596e-03 2.211471159872010206e-01 1.268872785577070117e-01 2.658725245815636573e-02 6.200234223039044479e-02 2.467068049463212454e-01 4.981681238960369851e-01 3.208018637660754908e-04 1.300680675104121664e-01 1.491037133578856644e-01 8.867300771028788220e-02 1.027553418830409321e-01 3.426238596347579157e-02 1.194877520968767870e-01 7.182168004704834186e-01 5.948412938868596206e-02
1.953125000000000000e+00 2.431953325185305659e-01 5.126211495924709594e-02 6.040758332476518083e-02 1.506341550725294465e-01 2.815160491756139513e-02 6.570695660332966093e-02 4.096553624342914035e-01 2.287949029156824063e-02 1.560986258720239717e-01 3.725363922541644612e-01 7.271074375863758599e-01 1.008443336589997102e-01 1.084135870374364208e-01 2.001833997176696578e-01 3.728337605262059817e-01 2.076752193627014881e-02 8.508904783352777557e-02 1.211318690977942897e-01 3.188288242393009786e-01 1.237810958697490304e-01
1.968750000000000000e+00 3.141792991807582092e-02 1.376918844061296443e-01 3.113691052920992686e-01 3.402161753081878182e-01 4.730237150246127675e-02 3.918790863507422007e-01 5.247460829870637111e-01 3.804998371281435587e-01 1.312206260819950565e-01 3.688850914344347642e-01 2.673953065486572300e-01 4.197448357205338931e-01 1.099102092437542200e-01 1.457040532678016143e-01 4.838509776033134702e-01 1.508826931148484971e-02 2.733005308825403046e-01 1.066404139316411009e-01 2.672366799995333220e-01 3.869654347715870135e-02
1.984375000000000000e+00 3.313528245127581734e-02 1.917343783576788974e-01 3.034534908757168317e-02 4.423399996176926446e-02 2.617386200726962153e-01 4.927167067015172930e-01 6.859301174801910039e-02 5.180553246367367026e-02 3.894348706566498619e-02 4.811304742606304363e-01 1.609788738891852200e-01 4.043366132253550793e-01 2.734192569714856760e-02 1.268429291067621652e-02 2.053352294859813187e-01 3.226562454529597335e-01 4.017031312817519462e-01 3.209346213892185773e-01 2.856979330310254195e-01 1.299942483262474524e-01
2.000000000000000000e+00 7.660097067855174864e-04 1.421378506436927758e-01 2.212634010581813471e-01 2.927196796929347200e-01 1.278868549173763358e-01 3.251508228428535985e-02 1.452275879837278405e-01 4.096206389387618829e-02 2.172248658923952788e-02 8.828466632032667960e-02 2.001153319034015832e-02 1.377805667209942419e-03 6.165327576231863400e-03 7.686721860921699734e-02 1.242608167308305832e-02 4.134281554537284631e-01 8.634904473001089875e-02 1.885051849025776993e-01 2.158235590144198246e-01 3.426888541333195648e-01
