0.000000000000000000e+00 2.419867337204730517e-01 5.043979198833223876e-01 2.344108467623047184e-02 1.344389172950908040e-01 1.051607837578102918e-06 9.359699299825583602e-03 8.033965941504558894e-02 5.893566575620007644e-03 4.951547973581869044e-01 1.955538942163124461e-01 9.688543375938472868e-02 4.543721428871733137e-02 4.825010500424751769e-01 4.546237560999877997e-02 6.179566775602830797e-02 2.313476110439576794e-01 4.029652535096197447e-02 8.270374084955078864e-02 1.111696697370538611e-01 2.630235590597226891e-01
1.562500000000000000e-02 9.563132386281351319e-05 6.286440403870625637e-01 5.259494751085880271e-02 1.262152048716730646e-01 3.272127599478357740e-01 2.207895468750278034e-01 9.239973727406538065e-03 5.084012983229527216e-02 1.711768345116185253e-01 4.322893198402032178e-02 2.412586233309700345e-01 1.135860186348909839e-01 1.672413120660630774e-03 1.194859809120422944e-01 3.027300742985726892e-02 2.798952088620619838e-01 1.320436417679283492e-01 1.352310269312761160e-01 3.981856973789434373e-01 2.119585723080955400e-02
3.125000000000000000e-02 2.899616850854138117e-01 1.913728000757986270e-01 1.732751879315995169e-01 1.180407212062482974e-01 3.858338453894966102e-02 9.079441940487283091e-02 6.914405228199330122e-02 1.818819124030096879e-01 3.643282652745238326e-01 3.622745515344973077e-02 4.795667826255431976e-01 5.491599933452855770e-02 8.230318842083536590e-02 5.772065180936911677e-01 7.803058369935624017e-02 2.244648536373047010e-01 3.365789781661034930e-01 3.189070250978970900e-01 5.209734213714815043e-01 1.483964941750269273e-01
4.687500000000000000e-02 1.869690501260232174e-01 1.335786781370017218e-01 1.235749633050438473e-01 5.409751488685233395e-02 1.282694679042701257e-02 2.037559249833188063e-02 2.893444400445601208e-02 1.888407599850413787e-01 4.635280264739573448e-03 4.171351801692963490e-01 3.499618030148770598e-01 1.068445341387047887e-01 9.015356409835484364e-02 4.731799934317474504e-02 5.117810558581874919e-02 5.586324759149161046e-02 6.693248105401184908e-03 1.227875673923286282e-01 7.649001344673445058e-02 3.468892857805848107e-01
6.250000000000000000e-02 4.346843919956567409e-02 9.254773422741599531e-02 1.011366945920606497e-01 9.936274259651957375e-02 3.143248559156748279e-01 1.071384523718495532e-02 6.365244991085908244e-02 9.039642644096712587e-02 4.796316986972371660e-02 2.313476896558249174e-01 4.199697075527856344e-02 1.758087264802051242e-01 8.679533324100358049e-02 7.529910840360289070e-02 2.389614433796663929e-03 6.000768510644435838e-02 2.528134228259260041e-01 1.917474307348627019e-02 9.785925519183621968e-02 2.477049583327428084e-01
7.812500000000000000e-02 8.050083348326037003e-02 9.250625500174511351e-02 1.771666022180856948e-01 3.928793904671862292e-01 5.129630495642884674e-02 1.016191590139736284e-01 1.205200913388229239e-01 2.425521005732367980e-02 2.300392518368135353e-01 3.649563116535021190e-01 2.075033685783159165e-01 4.088778488763761265e-01 3.654913895553695835e-01 1.379614142731296067e-01 1.363342319980160866e-01 2.800460582684071720e-01 3.991267324450237797e-01 1.606674331430855626e-02 2.681783155698280741e-01 2.923978421461634891e-01
9.375000000000000000e-02 4.871252489973223326e-02 3.899015863102185675e-02 1.914407760639949552e-01 2.473472484858644238e-01 3.817694541976541373e-02 1.856158250589612924e-01 1.396893570336477652e-01 8.321678146525399167e-02 2.888872548070083313e-01 6.843819111895653451e-02 9.781810226789941498e-02 3.807069583653037159e-01 2.163221860226560156e-01 7.422065831171507921e-02 1.720765566562749704e-01 4.249588942115100076e-01 3.398840301683024867e-01 4.981927800193036021e-02 1.002498496763437191e-01 2.397024014358328237e-01
1.093750000000000000e-01 1.319496723461913712e-01 8.392893083060408432e-02 2.169195988690618762e-02 1.629118331290906330e-01 2.204427201320669494e-01 1.951734217959123496e-01 1.543752712466011923e-01 3.993565662487543744e-01 4.570551471237341290e-01 9.838593903347013156e-03 3.193128981815059886e-01 4.895380702913277315e-01 1.283796270242802164e-02 3.633488528622101921e-01 8.810571965391615287e-03 2.374453420511096202e-01 3.155295960890154294e-01 1.047000541913901961e-01 4.726490945520194220e-01 5.495493319292570067e-02
1.250000000000000000e-01 1.846612058822271474e-01 2.100775689347169350e-01 2.886249352817147895e-01 4.527800728317645136e-03 8.577208816586240694e-03 7.400577375139046066e-02 9.125668975748280065e-02 3.322134652099177354e-01 1.425519564504958980e-01 1.349971378196589133e-01 4.504805181501747025e-01 3.388122272262936718e-01 3.918353008099452472e-02 6.937571589042705877e-01 3.276900132195883272e-03 4.978277417521033699e-01 1.672720853316845835e-01 7.441377213880209784e-02 1.200212365631997541e-01 5.265477922581744685e-02
1.406250000000000000e-01 4.156455304131577710e-01 2.410028800189548959e-01 1.709713542070885328e-01 6.433934871287808055e-02 2.377490317926632679e-01 1.981991495708795414e-03 5.289941652063727406e-02 3.793105140331814451e-01 2.883139129755654118e-01 1.779169395414754995e-01 1.621798713930422686e-01 8.858607221773401319e-02 1.299468625809301614e-01 4.087979981055513967e-01 2.528537140881626510e-01 1.400329608448528107e-01 2.206184340349854611e-01 1.373284810437288839e-01 1.149660119381888806e-01 9.825054059297684550e-02
1.562500000000000000e-01 4.391962372853633334e-02 1.911901779209148888e-01 1.784687775220695008e-02 7.277565632368464266e-02 1.567735596877174731e-01 5.958576774021161898e-02 2.830758296410344418e-02 1.867794340386919605e-01 1.508145564046654563e-01 6.943596040466898378e-02 1.011349797105395437e-01 5.418803343807589851e-02 2.515658782296736340e-01 7.868499775587756151e-02 6.260770774937872707e-01 3.927601053193536806e-01 1.197451289225075488e-01 6.858543743723100050e-01 8.024225088598388456e-03 2.115398883860699630e-01
1.718750000000000000e-01 6.328988188130558745e-01 4.275327580997280441e-02 3.614564466547771082e-01 1.350645569191540329e-01 2.299027304369251623e-01 1.776174516938738568e-01 8.851044449082011434e-02 2.258222657224749907e-01 9.017803582098747259e-03 1.235227570519691898e-01 3.055991171942913920e-01 2.579207291954260794e-01 5.993905051068793011e-02 1.124938649183175043e-01 7.106340903657986097e-01 3.505126825992234685e-01 3.005239439640721710e-01 5.524332488766845461e-01 1.101009627375755667e-01 1.406942142524249539e-01
1.875000000000000000e-01 2.361054756656177644e-01 3.692499292321162474e-01 3.575056856387860971e-01 2.752168183031892812e-01 2.778276708092527469e-01 2.829439292501993441e-01 3.719908068465200279e-01 3.720165200879096412e-01 4.987917533682174054e-01 3.091985132356879218e-01 2.643381262168283397e-01 3.784017947496026157e-01 4.125210118834155004e-01 7.268315369706909168e-01 2.614345730090687492e-01 1.221953340306607301e-02 6.935852208254407181e-01 6.121021835977825676e-01 6.216685917494375602e-01 2.408088234992452614e-01
2.031250000000000000e-01 3.790057121139594476e-01 4.265238035025257224e-01 7.005387347395546083e-02 4.386928938493994679e-01 4.476987734338911396e-01 3.414945527027691830e-01 5.908451402837757716e-01 6.061406018156868525e-01 5.865713043178273356e-01 3.237493695902134982e-01 3.322199315652135110e-01 5.514367194442930664e-01 6.353155656189446443e-01 6.161235859429620154e-01 8.155889519952817801e-02 5.059194409549442328e-01 2.972290884964820523e-01 4.726257158342068720e-01 2.853927989004839683e-01 1.692377329794442220e-01
2.187500000000000000e-01 2.034201529050311819e-01 4.586413137241840965e-01 3.190389423992326390e-01 2.433595939695292476e-01 5.792087211668429658e-01 3.506836632696291312e-01 5.164446058216328739e-01 5.399733217022587572e-01 4.955360931430154436e-01 2.771367655911131100e-01 3.686469984898735341e-01 5.252418918077813581e-01 2.738076303992209581e-01 7.329306741709282758e-01 1.841348818120703001e-01 6.712836316687491589e-01 4.100715105380762227e-01 9.044661954941746185e-01 6.052539202897441184e-01 1.598542288644132781e-01
2.343750000000000000e-01 1.136623396088185106e-01 2.358985493642746512e-01 2.509565953884574374e-01 2.551054538052024423e-01 5.931722488493955669e-01 2.401683108109881337e-01 2.056649122663340712e-01 3.111808333789530499e-03 5.028052826933290254e-01 1.277204144338503489e-01 1.690836062634830939e-01 1.108721731612495875e-01 5.714622140533787836e-02 2.937612214776234576e-01 2.633847697250806252e-01 1.108029876269518155e-01 4.879430151056767806e-01 3.095170234668291886e-01 2.706627391541064354e-01 2.620670053249759546e-01
2.500000000000000000e-01 2.626749579316989269e-01 2.649098131728707117e-01 2.718215934423464653e-01 4.505897791400328423e-01 4.746766812185511109e-01 1.684148470195249159e-01 1.971403522858441171e-01 2.158798294699372511e-02 4.190893619567362949e-01 1.458375953080672804e-01 5.149632519554137033e-02 1.753551716369424751e-01 1.293106646819570937e-01 3.525076691397081019e-01 2.757760822668587353e-01 2.771146179163360146e-01 5.290473637187845801e-01 2.372146755301783039e-01 1.196983683525656567e-01 1.581024519435014208e-01
2.656250000000000000e-01 5.144906504704376271e-01 6.026073366931078423e-01 4.523159729833573506e-01 3.348259995478633511e-01 4.744956142482235628e-01 6.180759159886592968e-01 6.443872443301972008e-02 5.000223301739745718e-01 7.410130492946524761e-02 2.593071487583586410e-01 3.041882706517613499e-01 1.939890383943393692e-01 8.350158357754822180e-02 3.626286265844728685e-01 1.591209358022881992e-01 5.487596774948397815e-01 3.278018393269532260e-01 2.553405638209769180e-01 5.425388457100227546e-01 3.601584611633746325e-01
2.812500000000000000e-01 2.945959365808638597e-01 5.489433121158919793e-01 4.019855390995066280e-01 6.171246199245881137e-01 3.063396001986342099e-01 5.613320975856164186e-01 2.834446038751642361e-01 7.012555191676212996e-01 3.133857836637296002e-01 5.914957773863456225e-01 1.676059548202551430e-01 5.079391212981512194e-01 2.178670648080602290e-01 6.247424153044317530e-01 2.576003341587134732e-01 4.470076776553589815e-01 4.203994574168017917e-01 7.346957062843281205e-01 5.300448463316669301e-01 2.542458359478390606e-01
2.968750000000000000e-01 3.947472995035160581e-01 3.459180574845198142e-01 4.810164718955768359e-01 3.762214690138102613e-01 1.463745695277134384e-01 8.039907239111427906e-01 6.660504960263776697e-01 8.581190848311788244e-01 3.718454004586117523e-01 7.390499861462141995e-01 5.096553156132213047e-01 5.318860178789952542e-01 5.793437833311999574e-01 4.973509157724583796e-01 4.663733402981453668e-01 4.400986685799770926e-01 6.792084458076563802e-01 5.422731193498335767e-01 6.948491409529644613e-01 6.967774586161845640e-02
3.125000000000000000e-01 6.709005490189776655e-01 4.510671338439070643e-01 3.962340821747848407e-01 3.329809717316271067e-01 6.412432108698830069e-01 6.422944411666149378e-01 2.904450555598052652e-01 6.978579639360678044e-01 4.763185004777452658e-01 5.629371186560758744e-01 4.584378271760930490e-01 6.759168225154039700e-01 5.284424286979610974e-01 5.223016033591046936e-01 5.638531094204944916e-01 2.492660954186804723e-01 5.089349256992589110e-01 1.500568579822527948e-01 5.740416160914861843e-01 1.811637685164115275e-01
3.281250000000000000e-01 6.735542802377083582e-01 3.684668461474367995e-01 3.724902081653634345e-01 5.865877904219963801e-01 7.436402841464990754e-01 2.979548830190357767e-01 2.841799896599221387e-01 4.976590103081703909e-01 2.762453479473705453e-01 4.084851612518067276e-01 3.012084271415734760e-01 7.297529392201563825e-01 4.026005143199023473e-01 4.546812205782955751e-01 6.197512959109080510e-01 1.489402064328892161e-01 4.497015339717561067e-01 4.534108231933268729e-01 4.045619973550477755e-01 5.311960727181491704e-01
3.437500000000000000e-01 5.367630662115618900e-01 1.294910872397491419e-01 5.803554901259774246e-01 3.810597101472219528e-01 8.138666659785164237e-01 2.389487960156617963e-01 2.112112856042003828e-01 5.311578400167612513e-01 3.101511296708019949e-01 1.507728578612213266e-01 3.234674009831480790e-01 3.782447783408416919e-01 5.667383525730167459e-01 5.409508249610148756e-01 3.801197523242453857e-01 6.443754463871929905e-02 4.342088092689592727e-01 4.782170254525626163e-01 2.587613546701225675e-01 3.888563123049240677e-01
3.593750000000000000e-01 4.510463783859065545e-01 1.828636927204763951e-01 3.735303235055651427e-01 3.590140940786112900e-02 1.258090285187926649e-01 8.579783170422991545e-02 1.405296755252892493e-01 2.993201114277495023e-01 4.212048636648635380e-01 5.187077393839781975e-02 9.403075462852854283e-02 8.781133928009444978e-02 1.112366932169754491e-01 5.875482192173169249e-01 1.612444907957558682e-01 3.156721843781016834e-01 1.189432843920390781e-01 5.711622950727133219e-01 3.149567740924865134e-01 2.677179022405741238e-01
3.750000000000000000e-01 3.821499057129513766e-01 2.576485922394541328e-01 2.145230853095014822e-01 3.684651911294005711e-01 8.709537413161815012e-02 1.685376281352757022e-01 1.165305644996948806e-03 3.109597320707147561e-01 1.053443407234508078e-01 2.230562414102031099e-01 1.726657392386554690e-01 1.970036347000081178e-01 1.284910886449283987e-02 1.668941889805519718e-01 2.174018633387488630e-01 3.362881199564199397e-01 1.000451356060664543e-01 4.235573934633992677e-01 8.306794357501032233e-02 2.269372003996864284e-01
3.906250000000000000e-01 2.597553298029433022e-01 2.879626015550973417e-01 3.041509908820148600e-01 2.634756536627346768e-01 4.395685637698489717e-02 1.073958997279682165e-01 1.148732896328302777e-01 2.124953150136016655e-01 1.340285532896462461e-02 3.499104952053915252e-01 1.817293018103896540e-01 9.465597886569786235e-02 3.383210928644544979e-02 4.491706942489607363e-02 2.686740224235331098e-01 2.197004618345101967e-01 7.543513376288650540e-02 5.034471844291847631e-02 1.073903594613144323e-02 3.388797901500139043e-01
4.062500000000000000e-01 1.307921927187385702e-01 3.323110640742432675e-01 1.005071870823483760e-01 1.698061624196497421e-01 5.831390034379243525e-01 5.818587404020131304e-02 3.837524503659912600e-01 1.767366118751548809e-01 3.540453470472277459e-02 1.856409593929347623e-01 2.176514517997245601e-01 3.875259293647394243e-02 3.092798887842764799e-01 2.291269948174292151e-02 1.117904947548546413e-01 2.505717642540349344e-01 6.280449702850497695e-02 2.925355905237804199e-01 1.664208642375891445e-01 3.178107298728706787e-01
4.218750000000000000e-01 2.840050160086328955e-03 7.073011042181705232e-02 1.553072874964341321e-01 1.508642480281777165e-01 2.209152997616529134e-03 1.314959654121174437e-01 5.604687735385212033e-01 1.218689093315475647e-01 2.108841988921036081e-01 1.844477584730357111e-01 3.320911885291562560e-01 2.112209572101434452e-01 2.789811814514250865e-01 1.853690414719425805e-01 1.880237881183449700e-01 1.828801940546275762e-01 1.208262732157111968e-01 1.444664750921268170e-01 4.011578061833928066e-01 2.047514630881573927e-01
4.375000000000000000e-01 1.345606241665577366e-02 2.505429748310093740e-02 1.378285466217125665e-01 1.537807689663341359e-01 1.842114213681609602e-01 4.747812773232440442e-02 9.877399900634546703e-02 2.184490547868973565e-01 5.234923455561650840e-01 1.904053668354907247e-01 4.463044328635876745e-01 2.538033104946278984e-01 4.197601969672050681e-01 1.597887334957005523e-01 1.966510391977928374e-01 2.475006829868161007e-01 6.302009487522780562e-02 1.719728188374916311e-01 2.715749652098101499e-02 2.135191091628619101e-02
4.531250000000000000e-01 9.802748792489403284e-02 5.328487404339873196e-02 1.130382916507771673e-01 2.285443131891896906e-01 4.850692033077242532e-02 3.740562158040569574e-02 6.484563803727008691e-02 3.242568917794081546e-02 2.527872384027688990e-01 7.237356405722780717e-02 3.210450845956233645e-01 5.088579353868488697e-02 1.074469733886849188e-01 8.661452437425727624e-02 2.612976674169267821e-01 9.281334448588174010e-03 2.689365589567684067e-02 2.593833073172089818e-02 1.447905679418971109e-02 1.368610058246280681e-01
4.687500000000000000e-01 1.247786635007330867e-03 1.295362167541843669e-02 3.841470444230108555e-02 8.593289138734291899e-02 1.366777570084047044e-01 1.196325015851133072e-01 3.898743422587584717e-02 1.406356703442439016e-01 1.958606764623697372e-01 1.737229324402177200e-01 6.716170381344614693e-02 1.340317778610718158e-01 2.892646633579316548e-02 3.741115128885046104e-02 1.056183810949552493e-01 6.985516091751661771e-02 1.013934277012664559e-01 5.985257829189068873e-02 1.547286616930569070e-01 1.646911928864732699e-01
4.843750000000000000e-01 3.168203104504944273e-02 3.004394156585327713e-01 4.455485023808090916e-02 1.205788278307519251e-01 1.206878996466599074e-01 1.598575951044143781e-02 3.039053865239211838e-01 4.463279496266051027e-02 2.585594212635553696e-02 9.748170837539049671e-02 2.655007160439111225e-01 1.891052280759453544e-02 4.024455967048654742e-02 1.645035741775639493e-01 3.595476466361745560e-01 9.334307261959008672e-02 8.265731423206187922e-02 7.496512796712058620e-03 2.595269579980933883e-01 2.216055246623215534e-03
5.000000000000000000e-01 2.146301048284123547e-01 8.845162023713916410e-02 9.992279971228219815e-02 2.944234012759063823e-01 1.757866248378720242e-01 1.817839956353077269e-01 2.607610119419779826e-01 7.849751194718382341e-02 1.952094917866795953e-01 1.031951263110985895e-01 3.478726654199610913e-01 7.160264940589766702e-02 1.800763015203384332e-01 4.104897954419964995e-02 1.504271530811459034e-01 5.170238282188251155e-02 1.128120854100322923e-01 1.816867794912693512e-01 2.039388439852437562e-01 4.297109086439204056e-02
5.156250000000000000e-01 1.284929746343833612e-01 2.170180758053753475e-02 3.897175319605288291e-01 3.544817107421577296e-01 2.404171921911300858e-02 6.664752681218809316e-02 2.457827769945913343e-01 3.338304453593965992e-01 3.510818449920564688e-01 9.646581740963167118e-02 2.806866801892706209e-01 1.716727493603092680e-01 2.650009404125379386e-02 1.189314044773053108e-01 1.691028932125156481e-01 1.187127497372860753e-02 2.358251847993814154e-01 2.396065599758838427e-01 1.421895874809025184e-01 3.366349805726663869e-01
5.312500000000000000e-01 2.498837487322136119e-01 4.558361212439978466e-02 3.476421706788948573e-01 9.825008002911961302e-02 4.535703853867888435e-01 2.438468222516756989e-01 1.688264847511215250e-01 2.153256441937423382e-02 4.662117018076057939e-01 2.521102782381864360e-01 2.559126611012060293e-01 6.469697862450621284e-02 8.860796434719077352e-02 1.090572862522214970e-01 1.839074129576469818e-01 2.628462597575285109e-01 6.105546555069053805e-02 2.253126149873981021e-01 1.073912748596870803e-01 2.371266721035326930e-01
5.468750000000000000e-01 2.831199395776173300e-01 9.912191482970082734e-02 5.748709466344467112e-01 8.730020645223704467e-02 1.796811955201192412e-01 1.446839365371592467e-01 7.382767432760106718e-02 2.686305672113060150e-01 3.970144309454656795e-02 8.695219208591481452e-02 1.368816160378834024e-01 2.524557650653260210e-01 1.619496577201734108e-02 9.630388706372035312e-02 2.224124128605485806e-01 1.195674093002243449e-01 2.628528505586661956e-01 5.456081456272415114e-02 4.161800729384713127e-01 2.657847622495022183e-02
5.625000000000000000e-01 3.458261207455006758e-01 3.811935619363250594e-02 3.641913954666484154e-01 9.332283305536680229e-02 1.258887564835853290e-01 2.545348289605438019e-01 1.897333952342349040e-03 3.060240180801051535e-01 2.965508317409989991e-02 9.353749039882362781e-02 7.743061168594779498e-02 2.741170112451840613e-01 5.017337937141010951e-01 1.777094936934671687e-01 3.835690581581663317e-01 5.714033280056111247e-02 5.603897151260097548e-02 5.730651435296673507e-02 1.300945741303686787e-01 1.636515318871907543e-01
5.781250000000000000e-01 2.255195438591143797e-01 8.061678365603207330e-02 2.308736500994937879e-01 6.135897978886949329e-03 1.526642478968779360e-01 1.904952415818687017e-01 8.906125844742587491e-03 9.502118929380715118e-02 3.486369639968023293e-02 1.259091136510626444e-02 6.316367416060352652e-03 3.864200408543008725e-02 9.390293621272299829e-02 5.857508661640963010e-02 1.085953342876940092e-01 4.033984492739856736e-03 1.333644050368119616e-01 6.358514339081683397e-02 7.047244771379904127e-02 2.168174092902086791e-01
5.937500000000000000e-01 4.917495488015929256e-02 2.005701887298734776e-01 1.433418259870843092e-01 2.718865308180740681e-01 1.589304551287538114e-01 1.455709981948160592e-01 1.663102209409154930e-02 6.763133267050613906e-02 1.059661087545390873e-01 2.597907066775137150e-02 8.405981172385940114e-02 1.090267969162685147e-02 4.703743214804732148e-02 2.733616799901069164e-02 1.155800472016024899e-01 3.945955156417297466e-02 2.411071675818826088e-01 1.531240205016360933e-01 1.137066699064412517e-01 1.593552618137743515e-01
6.093750000000000000e-01 4.918386228300263702e-02 6.717199004316534716e-02 1.593781681674363571e-01 4.036464688493808239e-01 1.024381321934431099e-01 2.856568572687959162e-01 7.219979782089431045e-03 3.849386057747961054e-02 2.053879784818094245e-01 1.171985103460738420e-01 1.497695843621356104e-01 5.659914191047765025e-02 1.140046238993649985e-01 2.180608151443328979e-01 2.744404438959895387e-01 1.150612014174537540e-01 2.912860691905034410e-02 2.020169074874388904e-01 2.446246670436436899e-01 2.383545613860412471e-01
6.250000000000000000e-01 2.429589635516883617e-02 1.442563303109461736e-01 3.287895474555975750e-01 1.759514821626813053e-01 1.141378480124963062e-02 1.245674140283638126e-01 1.089554743969976397e-01 7.421023227095281671e-02 6.530259864723568508e-02 7.397413945872499674e-02 7.216884054600239962e-01 1.797515167515188750e-01 1.964797964055646495e-01 1.707184467602449462e-01 8.993391936551628496e-02 2.772099255349659286e-01 3.397451819953158925e-01 1.145253350164217865e-01 8.981440344187030522e-02 7.735197278132130427e-02
6.406250000000000000e-01 1.905010154575234038e-01 2.540440252860153847e-01 3.213615046562344757e-01 6.459043900486104162e-02 9.654939892374042598e-02 6.623474281623983537e-03 4.323246858699316547e-02 6.430025257671631578e-02 1.159504038603790116e-01 8.054296279693082261e-02 2.593824472788306967e-01 3.022990188397080558e-01 2.030227780643671376e-01 3.070597502866927453e-01 8.455510231326646142e-02 3.582099487060562415e-02 1.630606304871752843e-01 2.507265984837973583e-01 3.304498436271220974e-01 4.039065832816832180e-02
6.562500000000000000e-01 2.354828717675425814e-03 3.426622387042521090e-01 1.319319287132029173e-01 1.184511216510941711e-01 2.474566474876760958e-01 2.572490951507826890e-02 1.652289262208900544e-01 5.220556099314354465e-02 3.943419239356371619e-01 4.184910156904512318e-02 4.243338526862925481e-02 2.406432624167864284e-02 8.179328345352351870e-02 2.331177646803212766e-01 1.643693235305741518e-01 6.980860137746508487e-02 1.151500362524870286e-01 3.289351550240981331e-02 3.397541326158906583e-02 7.428847829427005778e-02
6.718750000000000000e-01 5.941664874856997930e-02 1.002064893978492216e-01 2.841736579198896329e-01 1.793143757777741487e-01 4.266375218914665313e-01 4.028927462975066820e-02 1.133345293601577958e-02 8.483764541331874354e-02 2.020844229799087163e-02 2.085539203141705822e-01 2.005101583837571866e-01 1.079495682123437494e-01 3.938049197895533010e-02 2.226804737290266067e-01 1.331319500600200434e-01 1.671907775867839119e-01 2.527630107562925943e-01 3.608277941725074878e-01 3.324776229022613494e-02 5.865321088976611225e-02
6.875000000000000000e-01 1.688700195148327976e-01 6.857791853655537118e-02 3.711745914962748250e-02 2.035394573627353487e-01 1.199596332832081336e-01 3.473448256343297574e-04 2.927579633787739111e-01 2.239365773263364834e-01 2.079248283044273504e-01 3.607254524909047633e-01 8.795033715593578161e-02 5.100389193645905872e-02 9.829826413358033754e-02 8.461142978440383891e-03 5.084748546619268644e-02 6.567866736958574703e-02 2.547572862594829624e-01 2.370933609450588120e-01 3.481957518562008025e-02 4.233421296383249044e-01
7.031250000000000000e-01 1.681368381963036229e-01 5.907433887486457369e-02 2.449007022031378933e-01 7.445207196906768188e-02 6.048153363991060072e-01 1.371146993831081351e-01 1.499865805155591869e-01 1.727706358942055279e-02 3.113162595451553997e-03 2.167865137828515754e-01 1.753035050610822834e-02 2.680536075177986644e-01 8.092150601495014250e-02 9.375409690268547702e-02 1.169820652773130576e-02 3.708492539113480424e-01 1.473750576526418332e-01 7.366900400039003149e-02 2.651225320358248372e-02 4.967802312149144361e-02
7.187500000000000000e-01 3.635022322411301382e-02 9.299923590938483087e-02 5.008248038870013324e-02 2.970487430682190039e-02 3.439935860735203466e-02 1.539564023385197877e-01 7.620594564144130001e-02 7.330369683128484803e-02 1.265380177745827617e-01 3.445105664807081025e-01 5.457726099047080504e-02 2.026104709769433743e-01 3.026405220846472427e-02 1.449792333354422424e-01 1.768932730519130747e-01 2.695433265710093229e-01 6.579010012195110613e-02 7.184170182883298228e-02 7.758991582177297841e-02 4.581043258710158078e-02
7.343750000000000000e-01 4.063109611578653024e-01 1.910421710369398229e-01 9.884379220658139065e-02 9.618849840757653230e-03 2.407125717910243434e-01 8.326966768381680040e-02 8.378992487165259906e-02 7.745331370755785538e-02 1.167204769501021394e-01 8.056809687114840912e-02 5.848404718332569224e-02 3.671273244853324319e-02 4.796406691737733347e-02 3.113756461231166964e-02 2.187608775186373755e-01 2.053877819009399322e-02 9.782000701378671184e-03 1.157863287808787722e-01 4.580176887047078260e-01 9.314497062537918648e-02
7.500000000000000000e-01 9.383568449668006073e-03 3.721850083117342507e-03 6.342096133293075033e-02 2.997338735647979771e-02 3.205095466215604483e-01 2.514430009565826740e-02 9.875196522200718752e-02 3.167821616183084665e-01 2.696660825453076407e-02 1.511137403174484320e-02 2.696125760359461276e-01 8.586857984764847962e-02 5.330314964447280951e-02 1.710930284383030131e-01 2.018136422882858827e-01 1.662952129515037764e-02 3.222361357262705783e-01 6.982241696758484384e-01 2.569759791683330907e-01 8.844282671316208710e-02
7.656250000000000000e-01 1.688070490109837285e-01 1.358978014584122027e-02 1.266609426582851750e-01 2.488899758118469363e-01 2.964678106067304419e-01 1.843859076091437441e-02 9.960164206498625661e-02 1.213505585703981114e-03 9.198086571998752292e-02 2.111490084706324766e-01 1.614176020341044626e-02 1.805504925397334870e-01 8.037250687011024408e-02 2.541903513454570399e-02 1.805820094261681164e-01 3.264926927638852477e-02 2.554693235840410637e-01 1.820287055239991347e-01 7.264321456915653896e-02 8.102752991608953848e-02
7.812500000000000000e-01 3.750027484868747110e-03 1.926482169040125703e-01 1.030364757169944384e-01 1.870733157569146737e-02 1.760115282521973468e-01 3.729458171065277994e-02 5.664486326814707762e-02 2.517542582963391840e-01 6.321584213655426221e-02 9.683286006910651889e-03 1.284650927300254875e-01 2.146550413115390632e-01 2.382901001014212372e-01 2.671581419300348217e-02 6.344718649561925661e-02 1.199878451928170289e-02 1.016509990352444381e-01 7.349315634996113344e-02 2.493735626525509994e-02 1.390736398033264043e-01
7.968750000000000000e-01 2.136552797229152034e-02 7.590589757622485945e-02 5.775453518125625574e-02 1.455750390768003125e-02 2.874667550368517066e-01 1.265228188241122008e-02 2.057281430426563806e-01 4.387877379329618854e-01 1.529511846653973939e-01 2.370640231756448446e-01 1.155595793712418662e-01 1.597217080346246265e-01 3.835258519791501231e-02 1.663642357790074966e-01 4.223812953376708534e-02 1.253402006009499137e-01 9.882147261062022847e-02 1.268350308830606954e-01 2.631897893647039410e-01 4.564237740052701046e-03
8.125000000000000000e-01 9.169975007342626161e-02 1.248480768849113826e-01 1.565009511520562416e-04 1.021265470974774131e-02 1.922637182273715870e-02 1.688635778848738001e-01 3.227508653314699605e-01 9.775422568504071874e-02 7.706135624742177503e-02 3.569052924506205954e-02 1.582677449781050849e-01 9.511143076912970118e-02 6.899246284502705273e-02 3.398368864776188936e-01 3.394619683036731450e-01 1.931001649341672621e-01 6.726272303174378117e-03 2.851454469337059289e-02 5.633600011587963641e-01 7.434583438106215358e-02
8.281250000000000000e-01 1.416257345636273424e-01 4.928901388888803914e-01 3.682328095040544036e-01 9.414623543649940085e-02 2.603760986160151281e-01 1.568915457969406180e-01 9.990201354173169901e-02 1.860586791719192334e-01 1.003759836936175265e-01 5.834054680542208327e-02 3.328816769030306100e-01 5.406300436435558000e-03 5.488014320337709223e-02 1.697568004594271485e-01 2.887677596504399924e-01 3.914052389141030042e-01 1.374574495670763119e-01 6.161409846769601989e-03 6.529889237868649055e-01 1.673904826879466234e-01
8.437500000000000000e-01 1.676331022975297569e-01 4.643392012198117591e-01 3.014037258278534637e-01 1.801715391885121698e-01 3.340876036677232867e-04 6.729574204847450503e-01 5.681418739080282970e-02 3.817975347019563204e-01 7.098163347950330049e-02 2.056599335145079532e-01 1.056380187813474314e-01 1.007087257533259977e-01 2.824115282318072073e-01 4.168291761678298291e-01 9.095178190298659759e-02 2.788312324475515358e-01 1.899486214143388529e-01 1.966076589766258265e-01 1.472479795373347611e-01 4.712683383944956533e-02
8.593750000000000000e-01 1.836945862552545883e-01 4.155747407387303527e-01 3.926526949903813013e-01 9.731295854531184231e-02 2.695912347444733292e-01 3.352315149479359047e-01 2.796915427526070613e-02 1.506642349408196524e-02 4.828431539808696049e-02 7.771609662735928792e-02 4.433422093811516251e-02 3.852206521133429845e-02 1.149298022182757423e-01 1.041825128223671376e-01 4.051921441451931949e-02 2.656052830659109132e-01 3.201164630543653078e-01 3.357260279300516848e-02 3.369106752775463676e-01 5.133768289039083305e-02
8.750000000000000000e-01 3.956651313793304037e-01 2.695100197287645938e-01 5.203115701105792690e-01 1.777209752655423483e-02 2.297524402486565143e-01 2.398504225347335705e-01 3.817876629280068934e-02 7.822440654463554133e-02 6.486437727666168052e-02 9.831935194533447664e-02 1.537806084307590804e-01 5.773252421125618650e-02 2.187139746853276195e-02 5.746328856216033065e-01 4.708383080613059990e-02 1.470228958105877781e-02 4.043556806711750551e-01 1.878822739474457493e-01 4.102277662117521061e-03 3.073274422420512741e-01
8.906250000000000000e-01 3.860396545718537964e-01 6.305545410005683471e-02 5.052097135310807952e-01 2.316863167843007457e-02 2.280652776629939482e-01 2.060465858277177598e-01 1.207976520138361737e-01 4.560766066857897122e-02 7.200341910510796826e-03 1.260133575907434744e-01 2.573929808515266204e-01 5.652541647188807916e-02 4.913344170268162461e-03 3.741877486790745055e-01 2.007752617224380920e-01 3.621803938319720362e-01 1.107368401954549608e-01 1.469431933629991027e-01 4.707880537740341542e-02 1.696392591565414332e-01
9.062500000000000000e-01 1.481909641614341799e-01 3.375516073904032827e-02 4.233805976964085671e-01 7.965848224870122896e-02 1.510054156481292591e-02 9.836272254214600830e-02 1.133051316968643613e-01 1.573745919941146598e-01 1.122254360073235979e-01 3.729722035240280037e-02 3.307152320871998841e-01 5.411925338058540952e-02 2.290015190289812139e-02 3.593606086891032447e-02 2.854794377454654697e-01 4.039213468191577561e-01 7.193700095029413599e-02 9.590066810394930197e-02 3.865986803643978176e-01 1.395858652010750212e-01
9.218750000000000000e-01 2.391145332939276225e-01 1.919533090557892507e-01 2.745069340895149868e-01 1.034725929540571999e-02 9.399181173495751995e-03 8.642326013844431332e-02 2.904308206063741515e-01 2.130794939501571561e-01 3.786131513498612600e-02 3.066783358207636478e-02 1.259889648528558694e-03 2.485201409855248567e-01 4.305860556654797673e-03 3.112697108539713708e-01 5.414089772190244093e-02 1.453756201610688081e-01 1.629392552908855152e-01 1.185890542956806182e-01 1.993467290568536332e-01 3.607080251665859688e-02
9.375000000000000000e-01 2.484956158319124309e-01 3.697043209413295589e-02 7.257399511467550746e-02 2.033019179418887323e-01 2.154213379549872187e-01 5.853322982121308971e-02 1.814213665953442467e-01 2.110115329644466908e-01 9.347171981628906237e-03 5.476112245078752208e-04 3.880366514186672777e-01 7.952879117815591856e-03 7.793335640764534333e-02 5.999178476505194479e-02 7.727537087868302512e-02 3.326407846838707605e-01 2.532324924976522285e-01 6.119879732400417688e-02 1.580071908818112825e-01 2.003006869379945001e-02
9.531250000000000000e-01 1.855265919098657290e-02 1.184180096146330435e-01 2.953072509879657859e-01 5.471141242943567719e-03 2.073700410786397386e-01 1.426633332268719689e-01 4.465650105287979899e-02 6.598633612833043616e-02 2.079834074704839560e-03 3.468715431582564818e-02 3.068313965495753637e-01 2.130264539294707271e-01 1.427965542528451121e-02 2.083753424574975588e-01 1.025374642841643397e-01 3.704939292443253929e-01 3.889796051100122831e-01 1.719478900456094805e-01 3.044997818084184682e-01 5.731309470902817838e-02
9.687500000000000000e-01 1.493779409913583529e-03 8.850607789107296786e-03 6.189328694495225269e-01 2.564150224333045999e-02 1.669457101077574113e-01 1.423137429844241247e-03 4.269203385225511793e-02 4.438119496273794373e-02 2.652466781140904242e-02 7.954460396421988988e-03 1.498216550919853063e-01 2.318039148613475486e-01 3.266857839797703694e-02 5.011681023708310090e-02 4.658325780841263142e-02 8.661101602421268641e-02 2.091426180617215469e-01 4.246086637143402231e-02 1.046595500234105136e-01 6.945766312792258645e-01
9.843750000000000000e-01 1.581491838449283066e-02 2.332560624350773770e-01 1.252513618607736801e-01 3.237993838369662702e-02 8.493279885708407070e-03 1.116456705801486537e-01 1.603179535931764654e-01 9.956432113715742160e-02 7.165194830511983914e-02 2.561036846468960904e-01 9.055741569348196157e-03 4.164492436709524986e-02 3.047674703728788306e-02 4.315824600257378574e-01 7.042534009508129300e-02 1.932657348272843459e-03 3.695769106164357911e-03 1.474317903892991173e-02 6.972878551824293614e-02 4.091170813074147122e-02
1.000000000000000000e+00 1.029576427573542993e-02 2.106927716217366076e-01 6.485618127521426690e-02 7.007330879501600870e-03 1.159985564419667020e-01 9.842867430223754821e-02 1.010583555769819786e-01 3.223568076806302973e-01 1.049574159930024841e-01 8.561293302374470282e-02 1.946174908763129707e-01 1.528244009797225800e-01 2.593509780291224087e-02 1.534012249681682150e-01 1.300473780899932819e-01 1.791279429928133507e-02 2.480757691162808077e-03 2.313106052405584090e-01 3.890617864465301112e-02 1.688837251938597461e-01
1.015625000000000000e+00 1.372245426133902046e-01 1.255799681799710799e-01 9.909258097663425913e-02 7.974148585818476020e-02 7.892440761926526605e-02 1.393233110249962603e-02 3.243465263117312203e-02 1.781605351202641963e-01 2.461377160919360763e-01 1.473820602370596311e-01 4.025757446601307965e-01 7.696297844211943961e-02 8.327575142108180339e-02 6.532576691427225378e-03 6.345498385678718933e-02 3.161458020862266682e-01 1.090567645910759942e-01 2.405899166160585245e-01 6.326296806186121335e-02 1.252885059875947782e-01
1.031250000000000000e+00 1.179346806678302495e-02 4.587637476916798795e-01 1.088182384902960376e-01 9.223962535750811209e-02 3.269848733024225407e-01 4.695579752394547779e-02 2.124995589337754648e-02 3.086598005748146800e-01 6.392432466883589404e-02 1.981959657285012333e-01 4.868612729993261889e-01 1.214507830124834098e-01 2.145880871557889757e-01 1.936073280004953212e-01 8.182040930532268053e-02 3.043127098570169164e-01 1.828422918363373506e-01 3.287862667594462079e-02 2.779509240117539193e-01 1.099281419635621260e-01
1.046875000000000000e+00 3.742018096371698688e-01 1.199615222878063353e-01 5.795757510058303225e-02 1.515073855289728322e-01 7.795262501729813276e-02 4.341089086685182008e-02 1.737675407004648509e-01 2.780233095495634466e-01 2.195241597195191421e-02 1.762791738372040257e-02 3.555709333880565093e-01 7.495525836043923085e-02 2.122691119193698128e-01 1.689368126338786913e-01 3.562163013468532674e-02 1.862219914283713973e-01 3.485955314697529173e-01 2.033019357257416782e-01 2.931982973167135062e-02 2.075100823117053128e-01
1.062500000000000000e+00 1.738095011990744565e-01 4.591434034545786025e-01 2.262554920369880262e-02 1.939637164700188376e-01 1.503404983980530796e-01 1.052552881948622676e-01 1.754661273811047861e-01 1.528960636757886182e-01 1.085581235579442250e-01 1.999073383208864463e-01 1.165072948516982301e-02 7.983192554855918222e-02 1.680009316000537767e-01 3.318754277195313795e-01 2.229764287947644252e-02 1.020832040903755233e-01 1.781531630148649181e-01 2.104096182163218698e-01 1.487840949144358105e-01 2.982587066079553373e-01
1.078125000000000000e+00 9.211832155306994355e-03 7.796928253835633260e-02 5.456192113937533700e-02 2.032911307949715196e-01 4.777122090746910854e-01 1.432895324369588275e-01 3.958451393767725701e-02 2.137031796701220066e-01 1.443753830139161108e-02 5.459076062476522079e-02 2.459536163807503062e-01 1.939299670749371554e-02 1.144917819949992643e-01 1.227714089699807748e-01 7.029242180618304470e-02 1.225127127744676109e-01 9.498096674610874424e-02 2.276520537850146297e-01 2.018714770187248209e-01 5.566971474185521407e-01
1.093750000000000000e+00 1.294779314457349395e-01 5.128709725284735788e-01 3.590831984581959735e-01 1.583823223115980380e-02 1.228073367555437556e-01 2.308995990247452931e-02 3.736296491199396774e-01 1.421490850637391889e-01 4.402269015131193841e-01 3.500563917446889994e-01 3.444858873222549911e-01 4.248829995715924096e-02 2.408241725968705057e-03 4.879236119337528044e-02 5.252052314197692279e-02 3.915737121432629753e-01 1.759560914165411993e-01 3.660878190709208613e-01 7.253949992154251625e-02 3.765499178183776552e-01
1.109375000000000000e+00 3.011593219143297168e-02 9.267371906401407344e-02 1.042044939213660967e-02 1.323286078860425596e-01 3.414755159794862771e-01 2.450731415360503374e-02 6.534902062862174565e-02 1.223424011576791370e-01 3.150383968186619699e-01 2.019094880947125970e-01 3.550907723610857714e-01 2.002921142833450144e-02 2.659844482247666897e-02 2.675924513813036643e-01 1.369487792878616161e-01 6.603379958709806874e-02 1.031402995993828953e-01 1.134475138436778253e-02 1.730449942448814837e-01 1.339511073358191084e-01
1.125000000000000000e+00 8.246170561403926014e-02 2.596866124560251454e-02 8.239110421200537826e-02 7.712954407335190221e-02 2.637844285250824372e-01 1.229124593147608718e-01 2.174854566380599041e-02 1.080808641985573776e-01 1.556516723524131729e-01 2.739257805810006996e-01 5.409892429600882124e-01 9.016807114075502116e-02 4.219037644079055849e-02 8.170838555757073407e-02 8.469001342479474947e-02 3.048892980608030601e-01 4.001269865066130194e-02 6.033163846147396314e-02 1.696523671773744746e-01 1.036367546725793232e-01
1.140625000000000000e+00 4.917955422037101343e-02 3.407714337191964076e-03 1.458090071872475968e-01 1.193199547714394737e-01 1.329918272389273570e-01 3.644271192649251034e-02 1.224321187708898306e-01 5.220493091769146110e-02 6.803807814267739951e-02 3.414462969433063044e-01 5.062350629286533898e-01 6.350775836545945185e-02 1.228208435207005927e-01 2.524745275631836566e-02 3.086786343519504205e-01 1.372010576087397682e-01 9.824613004295862373e-02 1.341187676000150097e-01 2.753157838588087269e-01 4.294490775697676344e-01
1.156250000000000000e+00 1.308597445610192866e-01 3.670510583557798356e-01 7.077170295427398505e-02 3.515384468662867412e-02 5.769808224542135461e-02 1.124802728546710207e-01 9.643470724241732031e-03 4.417352416229253786e-01 3.518941267372410753e-02 2.376656525452393288e-04 3.579703423267993623e-01 9.503588559296889671e-02 6.292112194795747293e-02 1.858997321686609305e-01 1.522462746523144672e-01 5.022207175064399842e-02 2.870316205790015562e-01 8.194767121889517947e-02 1.017227797910746911e-01 6.706706133808104653e-02
1.171875000000000000e+00 1.301265409301748111e-01 1.274791850258235326e-01 2.300259555708935311e-01 5.341778556023063507e-02 6.121540936400497734e-02 2.600200777732347354e-02 5.068329407288412608e-02 3.278625388888568026e-01 7.467040821193618449e-02 7.277214840694512521e-02 2.988637691369745442e-01 1.478347220495489778e-01 1.193692062164723316e-01 8.124167341305559009e-02 1.006868610517143020e-01 4.039861782466034890e-01 2.236990883237993111e-01 3.417502182937699751e-02 2.296837364467308185e-01 3.128789679981104355e-01
1.187500000000000000e+00 3.081646004908695710e-02 3.228576490220048667e-01 1.846895206677706680e-01 1.572198102878461651e-02 8.300023809911602490e-02 8.202691105254818205e-02 1.189418243262053802e-02 9.335316825665843088e-02 1.674026982129677987e-01 1.248405732847714944e-01 5.917479687621129275e-02 1.056189965090249677e-01 4.357647167515139863e-02 1.158113795391925716e-01 1.193800982657200471e-01 1.250003606477006202e-01 7.967317106810219152e-02 1.884666621268331066e-01 3.668290521164002671e-01 4.710953774850338838e-01
1.203125000000000000e+00 3.172527274306738976e-01 2.888500239543652648e-01 6.625800316079663577e-02 2.207551595626744759e-02 2.441536769484203562e-01 2.281810589672303435e-02 7.252484027742604755e-02 1.083744290844145391e-01 2.495940941765733001e-01 5.516988354465741234e-02 7.669582160507910917e-02 2.131867542031797361e-02 3.252147640294076464e-02 3.667192801149926629e-01 1.230118821362840703e-01 1.057409695374804531e-01 6.377820916014149966e-02 2.948387368933337860e-01 2.334242770578301707e-01 2.782791915318433840e-01
1.218750000000000000e+00 3.003175898004459277e-01 1.070416071081517657e-02 6.303191596438159627e-02 1.337756747769639765e-01 3.654325603132057686e-03 1.454087358308582545e-01 2.382160584233514733e-01 6.496653533625379451e-02 2.215430061191301647e-01 2.065750477907015714e-01 1.057568812726309739e-02 2.361487805257561634e-01 1.409716567210520400e-03 1.943386801980056255e-01 1.254636315390288137e-01 1.907990883301850515e-01 1.067793952343676078e-01 1.997222852093603201e-02 7.897754983880919677e-02 4.414514432300287172e-01
1.234375000000000000e+00 1.255810646755675941e-01 7.011523204989709990e-02 9.922418383917036566e-02 5.149175555724572889e-02 9.729333845343790532e-02 1.335831044384123700e-01 1.621036817807835345e-02 7.490004752527955334e-02 2.770546724623360046e-01 4.108165096701430624e-02 1.545855047641130631e-01 3.254909715215772992e-01 1.403463042886249068e-01 9.441549166560757322e-02 5.957324781275041836e-02 6.294608982359778393e-02 1.813797316528825698e-01 2.477528516074772591e-01 4.908718092718934445e-01 2.013719491148184826e-01
1.250000000000000000e+00 2.631541340235421522e-01 1.738084515166737065e-01 7.121253170878372174e-02 8.354244473375352364e-02 9.617497094146017222e-02 3.805421780271121129e-02 7.632718707188462792e-02 4.181458474947226389e-03 1.018782364049507089e-01 5.894999692612994113e-02 9.870475901365685645e-02 1.268296011015672131e-01 8.466074329082265426e-02 6.332550810397964691e-02 2.633980622035569930e-01 4.371147763685784837e-01 1.932477275447003762e-01 1.586305809498100017e-01 2.822024302164135023e-01 2.832241465887825327e-01
1.265625000000000000e+00 1.381609053972522316e-01 1.381452910972164883e-01 2.764066138603244460e-01 5.305991473808696623e-03 3.769843041247781801e-01 3.337502885351467663e-02 6.437611683388105854e-02 1.289971520494818773e-02 2.260732656266583457e-02 8.105243107541280911e-02 5.685872028023657154e-02 1.633869066324207253e-01 8.243794911920692206e-03 1.011595367788947347e-01 9.110369093863050771e-02 2.296294993244215599e-01 1.786935444724638000e-01 1.796086715178807081e-01 3.295171914152454917e-01 4.081981655825476368e-02
1.281250000000000000e+00 5.983408309912248424e-02 1.300478542270539217e-01 7.084645176667339617e-02 5.444993720238814477e-02 2.431979856181924748e-01 1.125047011572571920e-01 5.432515392636246693e-02 4.750600886019506336e-02 9.797176447992353432e-02 4.342784976614603998e-02 6.270069387883821233e-02 8.458341245655473517e-02 1.703876895137951611e-02 1.110896752258595660e-01 6.035540493356257585e-02 1.438844627845786983e-01 5.678600033126468549e-02 8.762987422060933285e-02 1.329201594797197183e-01 1.132019014785886485e-01
1.296875000000000000e+00 2.313694764474863996e-01 4.732246899966098819e-01 2.603162623928536590e-01 1.688111146785298972e-02 3.183852320332003494e-01 1.012558435384442040e-01 1.016127022764581472e-01 1.255519987674048876e-01 7.281081278854664718e-02 1.282267083430497535e-02 1.213466706018087454e-01 1.695663338026443534e-01 2.692110751030495075e-02 1.357015448514280742e-01 2.717791020839425697e-01 2.129575847197206495e-01 1.533237482068311279e-02 3.689380813803694315e-02 3.410391852985314443e-01 2.573782784234025511e-01
1.312500000000000000e+00 2.765931063780893706e-02 1.456803053668765946e-01 4.842016125547733696e-02 5.272179453709411462e-02 8.079524991060053896e-02 1.669411614745631434e-01 1.484253813029560165e-01 1.137419974098435177e-01 3.301304841250687211e-02 2.681942446997717111e-01 1.954688984073888469e-01 1.715380536123536914e-01 2.374586193455163752e-01 2.588040353874709876e-01 1.852088742020121248e-01 8.531465491267214984e-02 1.912261949964103869e-01 3.654453456625152141e-02 2.489943286628746311e-01 9.840878652539825078e-02
1.328125000000000000e+00 1.917300281103411774e-01 5.630847568531085340e-02 2.198487102452682806e-01 4.651246348669140634e-02 5.597300107903892784e-03 1.047691528671172018e-02 6.556154005708413057e-02 2.563873986409249961e-02 2.572468493503782261e-02 5.234924673430777636e-02 1.736091485985136185e-01 7.532230029253104975e-02 9.521672111300770458e-02 4.696226731958821898e-01 1.056236414343009050e-01 9.301676923534960353e-03 2.462844536497947878e-01 7.611008116400289070e-02 1.146085469139421636e-01 6.579435510875877857e-02
1.343750000000000000e+00 5.921214262905630799e-01 9.108680290452104283e-03 3.265833380056042401e-01 2.711832469388944164e-02 1.017828431473281336e-01 1.137528928901759551e-01 1.123495974374681336e-02 3.371813162345720788e-02 9.765675969209684781e-02 3.586843901213573535e-03 7.720799254290214297e-02 1.450995341770236202e-01 1.804963790335382609e-02 3.580961524922977035e-01 1.470192330695646310e-01 2.486597778630987021e-01 4.111849290758442521e-01 3.668475612293848470e-02 2.490593668611415790e-01 2.166404728795171680e-02
1.359375000000000000e+00 3.000260677230400796e-01 8.545096102689575882e-03 4.769626259296834148e-01 1.798836512376740179e-02 4.419062170790141741e-01 1.010163911364545253e-01 1.129073966153153197e-02 1.043335273477289521e-01 2.130949107259543646e-02 2.256746596503350910e-01 4.720496575190599037e-02 1.647209777544244302e-01 3.405129956972895687e-03 2.373381130490372359e-01 1.387452530296325558e-02 2.355188856231856323e-02 1.964816009574584244e-01 8.105802245332690420e-03 5.424968517959692649e-02 2.776520213077834920e-01
1.375000000000000000e+00 1.599129645173617831e-01 3.821593210007537822e-01 1.887788849184180440e-01 1.239041942116243279e-02 6.205383579146831613e-02 2.426709530706137319e-01 8.669083280278333525e-02 4.802716369698127874e-01 2.674825088445688046e-02 8.927475276202721799e-02 3.267833762852215274e-02 1.424054656202897728e-01 5.128996230659860905e-02 1.598000747872833360e-01 5.905823518525914889e-02 2.372985287280276190e-01 8.134365277406893635e-03 4.749614035533267914e-02 1.333851994515931894e-01 1.999101466715496045e-01
1.390625000000000000e+00 2.640502872207745391e-02 3.163107676256960432e-01 5.641933936544184930e-02 9.731758570250534368e-02 2.478102185959520087e-02 1.461815045799781942e-01 2.991739985881234354e-01 8.456143562757073573e-02 2.242217480993144163e-01 2.195316389230376475e-01 5.694781844318284880e-02 7.911907601292188230e-02 2.258733557541425796e-01 1.069214039232801311e-01 3.985478793960070543e-02 1.719723265233063028e-02 1.904624030032910087e-01 7.252902704149427615e-02 3.774840290508876817e-02 2.456659039608023731e-02
1.406250000000000000e+00 1.063925259803133322e-01 2.236238167322573966e-01 1.057900680296988277e-01 9.872569716206446022e-02 4.716285974447430585e-01 2.202826679547848499e-01 1.617414842799439201e-01 1.292080169532710543e-01 4.781109102542366318e-02 3.738701124725423708e-01 3.345026441379596038e-01 1.178319272632222664e-01 2.779699018473191785e-01 4.146485583506583084e-02 4.080183502252041072e-02 4.551233130876351091e-02 3.377101040265808041e-01 7.808909199612810992e-02 2.232773894050840147e-01 2.108706433452758322e-01
1.421875000000000000e+00 2.084266581410295915e-01 1.812870213946186082e-01 1.944155142416571502e-01 7.716226511934366761e-02 1.400151167195276269e-01 2.460037329600396963e-02 3.686780989718217022e-02 1.621192784050670410e-01 7.845123138985485300e-02 1.747015486495247794e-01 3.004817994152230720e-01 9.186341456526203597e-02 2.504086652027896071e-02 6.493633569540227524e-02 2.216735757890976946e-02 1.542417305693709884e-01 3.274220795329226830e-01 9.465324573418263179e-03 2.648817509480911880e-01 9.332979422034525310e-03
1.437500000000000000e+00 1.809472984758237479e-01 2.515379471227132124e-01 2.462329883509357387e-01 2.452151234102874916e-02 3.279562673777643433e-01 4.864706491977943692e-02 4.782078934925880487e-02 2.498448058288429419e-01 1.524654689221266179e-01 3.579166786886629481e-01 2.914813837573221877e-01 6.140274446758671456e-02 1.719035706542953318e-03 3.033056532817751672e-01 1.872420743076644301e-02 1.689703581808848498e-01 2.242053404712872622e-01 1.993961296964368024e-01 5.397887235247916804e-01 5.764249892322507313e-02
1.453125000000000000e+00 6.813888861165902366e-02 1.719023336332628216e-01 1.438904175808072561e-01 2.431558110395895186e-02 1.795956950430953047e-01 9.095876663055114941e-02 4.759577810153461756e-03 6.822470533617720767e-02 2.350139279765189049e-01 1.021359884050441619e-01 1.803248768293855830e-01 4.174867227188507057e-02 1.838451297476225571e-02 2.300217106504748310e-01 2.252639700944786272e-02 2.767395002009034322e-01 1.031273165083989446e-01 1.583296973074849179e-01 2.518989003461624687e-02 1.875502471925996062e-01
1.468750000000000000e+00 1.057110779233358822e-03 1.136363536197351892e-01 1.119235596231569346e-01 4.468191808224523942e-02 1.979691999366403332e-01 2.512437977187973251e-02 3.938030245179205413e-02 2.052907616507167882e-02 2.414573795227976383e-01 3.949180753257187648e-01 9.271401927293412837e-02 1.423766053512489638e-01 1.956137948911802760e-02 3.926264047023699244e-01 6.599810154822929875e-02 1.506301906770550758e-01 7.872645902876895807e-02 4.240225332275507908e-01 9.188948975450909884e-03 1.411187344677902224e-02
1.484375000000000000e+00 1.210919394335504967e-01 6.862675303534793159e-02 2.234620440551965959e-01 4.826907672038513453e-02 2.354270210050195822e-01 9.264904673808706248e-02 1.289300457895340979e-01 4.548660220894321093e-02 1.175737491471328111e-01 2.601360491269875674e-01 6.073500446426485788e-02 1.153870232541339969e-01 3.085594120846224184e-02 2.398922003173545869e-01 1.917602023698969649e-01 1.855294000426798706e-01 5.115816567188977843e-02 1.149007536945764879e-01 2.696610820208802384e-01 1.856081765703392616e-01
1.500000000000000000e+00 2.203302597106573113e-01 9.214852099751015546e-02 3.984163046929714569e-01 1.220284934023082302e-01 7.780928595162565908e-02 8.161655861440271845e-03 1.370623227970329261e-01 3.878616930773304966e-02 1.015826845034145109e-01 1.656487555660124678e-01 1.880919343455199066e-01 2.036112880119581858e-01 5.759026758948576630e-02 1.672325746675313099e-02 7.994643392143606364e-02 2.535032072000645894e-03 1.148032068164801800e-01 1.633180197397367528e-01 2.433023304770260964e-01 3.815340945838817666e-01
1.515625000000000000e+00 1.223366972139245529e-01 7.823900819757501068e-02 2.755708719899342407e-01 3.819369856461125867e-02 1.232851552130407452e-01 1.969641022864793145e-01 1.598920314850697799e-01 2.865997798393503104e-01 1.658318612235556988e-01 1.509907635060762088e-01 4.672973497851234947e-01 1.207974326378433438e-01 1.313186197897491837e-03 2.297512409566136171e-01 1.248034396607321586e-02 8.819718151435308739e-02 2.755764086790842005e-02 4.485497871573404516e-02 1.555186669915233771e-02 3.195363719812143732e-01
1.531250000000000000e+00 1.174276379888807148e-01 1.038608758697803502e-01 3.662858389657241975e-01 3.355709342323689309e-02 1.385635895817678986e-01 2.744211483251828287e-01 6.375023816781610897e-02 4.781090612216958718e-02 1.079082233697627596e-01 1.128703233257912775e-01 4.597711801706116236e-02 8.258363807372440246e-02 8.900638591796329602e-03 5.299479643258065559e-02 7.255521070173688580e-02 2.935496354052852808e-01 3.931891201368137301e-02 4.961386823290156456e-02 1.999920907581240540e-02 3.416733830411564088e-01
1.546875000000000000e+00 1.382946639702415104e-01 1.824181808902629598e-01 1.210515912199792571e-01 1.594285569031520522e-01 2.093519677816093050e-01 2.558935229164869263e-01 4.217274246626621648e-01 1.095911882021740752e-01 4.226800332795556669e-01 1.924261537040809211e-01 2.581603540454860402e-01 5.225064231901508510e-02 2.228164740740762317e-02 1.668302406617381550e-01 4.021204996860785336e-03 5.959027362057300187e-02 2.912873088789259129e-02 1.398526292669855786e-01 1.732554625217042898e-01 4.755180601865899304e-01
1.562500000000000000e+00 4.138641919139486591e-02 4.042725101777321084e-02 1.309005391267241587e-02 1.100000306851222492e-01 3.706886873928160742e-01 1.554616305813678323e-01 4.604911609073494491e-03 1.505339064226662305e-01 1.471153118706987617e-01 2.877690053174280504e-01 3.046224045165759620e-01 1.070143179399570127e-01 7.943267403296869200e-02 5.974054733855563293e-02 8.683749571689537705e-02 4.279996097525860799e-02 1.184423951125572333e-01 2.788405598272396604e-02 3.492839350040444768e-01 2.823881299972776371e-01
1.578125000000000000e+00 2.183646432431435858e-01 1.158928874295334505e-01 5.871800371003444569e-02 4.994138837482181570e-02 1.594987813368053953e-01 1.511018774805999998e-01 7.848470480267946692e-02 6.669400199911833249e-02 1.947494524282047945e-01 9.112290076714293918e-02 1.215715689540678990e-01 6.378704444287650044e-02 4.857015205413450776e-02 2.541221080273131094e-01 3.479767665986638336e-01 2.849257783157056745e-02 9.662158931407052731e-02 6.240486207097167143e-02 4.258161274804756480e-01 5.901063596147906876e-02
1.593750000000000000e+00 1.363127646244374491e-01 1.832519860194345429e-01 3.509911932699341652e-02 1.043414792887677189e-02 3.570333516308305533e-01 1.625436590881933485e-01 6.601655399449775363e-02 3.366165014913850007e-01 1.593636439777421920e-01 3.144690209057505736e-01 4.666364251875644298e-01 1.061773928891213137e-01 2.107198234970388689e-02 3.237909322093802111e-01 3.379809461620839617e-01 3.530548005482574137e-02 4.260792580862416551e-03 3.863067615397274002e-02 9.682547109334289567e-03 2.270037114486994356e-01
1.609375000000000000e+00 2.569555505795516059e-01 4.523030718361863434e-01 2.565791769657356503e-02 3.197098055885519430e-02 2.093539187867180518e-01 5.569252300245348258e-02 4.796894139126486878e-02 1.963782141811455384e-01 1.068240790733977902e-01 6.845911688778920368e-02 3.300007936921612317e-01 8.923193799039545737e-02 3.067632368328939568e-02 8.881203732958239949e-02 1.805452931102968228e-01 1.139760774332053556e-01 1.352367578060574282e-01 3.387086045359622571e-02 1.283133235036428288e-01 1.609295905027889606e-01
1.625000000000000000e+00 2.033699416493805687e-02 4.715162347959848121e-01 1.352004093334658319e-01 1.286569774778719040e-02 1.080919727812001685e-01 1.791349437830684621e-02 7.686849756978705872e-02 1.185563739398781818e-01 2.019256329085243606e-02 5.663927529373032066e-02 7.849864174245893556e-02 1.944309954926355111e-01 7.110476685004391006e-03 1.661169863300385185e-01 7.520851037771938974e-02 2.186395116046729870e-01 1.943284321487361854e-01 1.035444772749092857e-01 2.521847183537761355e-02 7.135937635890791941e-02
1.640625000000000000e+00 9.029437777164205092e-02 3.495691692883160506e-01 9.790108907190674115e-02 6.365502923054481253e-03 3.562153213058558698e-01 1.993486977064299059e-01 5.236431508716302835e-02 4.744874192073537250e-02 2.255582296485098351e-02 1.955547961519419897e-01 1.298928703368668613e-01 1.903108808186627920e-01 1.103643640715947227e-01 1.938083861553315246e-01 9.882551276930136297e-02 2.037282198676164391e-01 3.340347304173642562e-01 5.612321820292140440e-02 2.039947927682822237e-01 6.972211959880508791e-02
1.656250000000000000e+00 1.975439072068250479e-01 2.867794847697931471e-01 2.394562972114033794e-02 1.394923858114107025e-02 4.788204530662894254e-02 1.770456471152265510e-01 6.766335527402567857e-03 1.037159632149754901e-01 1.568003357260643882e-01 3.353481869132027976e-02 5.486839039791632233e-01 1.393442596726534033e-01 1.294455821943858720e-01 2.054694266485068144e-01 2.773462753694005412e-01 9.503371908851698802e-02 2.945623424801392942e-01 9.462013209569514194e-02 2.259951865011093353e-01 7.083024195793688471e-02
1.671875000000000000e+00 4.660040908976521151e-02 3.058351263049369564e-02 8.475526462145802076e-02 7.854338256266164831e-02 2.059388709341503920e-01 3.843329967075835296e-01 6.723017401001327165e-02 1.977171955674779935e-01 1.101174733554292351e-01 9.475941362793922906e-02 5.124982933517855388e-01 1.862684910456852971e-01 8.294639583046772846e-02 2.073141886349643692e-01 1.529755064409942522e-01 8.812382668092667848e-02 1.299052876072586404e-01 1.147347942399547238e-02 7.249509843938203857e-02 1.703108200704959996e-02
1.687500000000000000e+00 1.912334347455518224e-01 9.722356117743141679e-02 8.484113748058565163e-02 1.321837240962039639e-01 2.215058000613404909e-01 2.589932429550047543e-01 8.238647546023400436e-02 6.914956561259848200e-02 1.650541595849288612e-01 1.492056337923714504e-01 2.978922451563964513e-01 2.376714537997676457e-01 4.154010312702698104e-02 1.249845945202736341e-01 3.941566216722587335e-01 2.627408027315412953e-02 9.306647253469603476e-02 9.070200799045813334e-02 1.768904476927429803e-01 5.519709969298285113e-02
1.703125000000000000e+00 1.679035047930265701e-01 5.589530997557544401e-02 6.828825016427919614e-02 8.698656340167481779e-03 2.324162425794579767e-01 1.662819272924708214e-01 1.002466621384967005e-01 1.311182310244475568e-01 1.890262006006433460e-01 1.614348499032788875e-01 6.705792962515604028e-03 5.831209838628401837e-02 4.742477158204505550e-02 5.284618796444315869e-01 7.859771161120272798e-02 1.304191887321091148e-01 2.348852048775781076e-01 6.160285830463203133e-02 1.864929685861035358e-01 7.710575131181361674e-02
1.718750000000000000e+00 7.770844142847550817e-02 1.665971244514334315e-01 2.025336067405628104e-01 4.736756548011349793e-03 4.788092224175585776e-02 2.956482490938340812e-01 1.818038180643020280e-02 2.103964992534775591e-01 3.814672884311520046e-02 2.064643315948508015e-02 2.047399844063161126e-02 1.450619448847530746e-01 4.038921436778186019e-02 3.057709054692441808e-01 1.071562275312572254e-01 2.378068624789348162e-01 3.641926435396869444e-01 2.952626834133273079e-02 3.462618214842774211e-01 1.204465626906599945e-01
1.734375000000000000e+00 5.077650392196167983e-01 2.524202036365112423e-01 2.737450029042917121e-01 3.585117331378065431e-02 6.614513692908651210e-01 8.208775469596892027e-02 3.052098898537992239e-02 1.957109329774590900e-01 8.259088190082388564e-03 1.795572516803736751e-01 1.841321330121769018e-01 1.318077996766822864e-02 6.849067663154363717e-02 1.447896070772821120e-01 1.170360184951736993e-01 2.576756929695700471e-01 2.432995301627345897e-01 2.253009358715055144e-01 4.230101959052523508e-02 2.412795142717874194e-02
1.750000000000000000e+00 3.034079056490149862e-01 2.260726683911051527e-01 2.980022168610016800e-02 2.868604286290773325e-02 1.290984998578932619e-02 1.797528759354044825e-01 1.070095207109919046e-02 3.217588689795500834e-01 2.611057829280635095e-02 9.888186130127360474e-02 2.292406164921907408e-01 8.372330535714497812e-02 1.985000901856462732e-02 3.107586069750394309e-01 3.748814423521915074e-01 1.589594771025751585e-01 3.593692697197749530e-01 3.841942857564289437e-01 1.128038873729836356e-02 6.622320865591407868e-02
1.765625000000000000e+00 9.222668243402978860e-02 4.142102931615223027e-01 3.297848970571617411e-01 3.089809865967785979e-02 2.051420484451233206e-01 5.388084943721602738e-01 2.315977969733537534e-02 1.711444101100482174e-01 7.068070305515987417e-02 1.457318897298020555e-01 1.267984732340982634e-01 2.009193101824857108e-01 1.168885581127728120e-02 1.721553200665436878e-01 3.509186513255721507e-01 4.528448052945317770e-02 1.887725984154687286e-01 8.708037698778570146e-02 6.218748070393819577e-02 1.676380305904107415e-01
1.781250000000000000e+00 2.625960745380248075e-03 2.886511839287992376e-01 1.734851500119418688e-01 6.596934243943042286e-02 3.375981975113544475e-01 2.082779063840224931e-01 1.349544191842972328e-02 1.260000502706503100e-01 2.975251688133388750e-02 2.188857735000527410e-02 3.055046237125346731e-01 4.365961416674842693e-02 9.765987430519998402e-02 5.507979630805989041e-02 7.759108002171023755e-02 2.240202741975060863e-01 8.188998222827333084e-02 4.501573625872610229e-01 4.064927654638811338e-02 5.454773928701567298e-02
1.796875000000000000e+00 2.945527746922967441e-02 2.960128603057919916e-01 7.254850616591707047e-02 1.676722526669814084e-01 6.648618077310182450e-02 1.837211356991122202e-01 5.886735322547588523e-02 3.841707306555514068e-01 8.689325126150339307e-02 6.575459232067803854e-03 1.662504535144185558e-01 6.620354583975975038e-02 1.966756305081736877e-01 3.249827070695258668e-01 3.554471054345022252e-02 1.801769837882948866e-01 1.171427437175128761e-01 3.357316910514406283e-01 1.647350245314513906e-01 3.213586769078584093e-01
1.812500000000000000e+00 1.050989327398474671e-01 5.458644641236819472e-01 1.359514216338937320e-01 9.313363663949299209e-02 3.867581965223505502e-01 1.673609021054908996e-01 7.144189544022859495e-02 5.841629203005795079e-02 1.501758566731548616e-01 1.471233479149804402e-01 4.140498698404175282e-01 7.142719334087141436e-02 2.215141629889219241e-02 1.982180077595050161e-01 1.819941752215626096e-01 2.028890933714966038e-01 7.892194988369752306e-02 1.438496338892017792e-02 1.456230538840378452e-01 1.743421174994701783e-01
1.828125000000000000e+00 6.079687949500124644e-02 2.541670910679922346e-01 1.510003606090143669e-01 2.068566904353797212e-02 5.438082129422436295e-02 2.411217256774633999e-01 1.243800450332279706e-01 1.975881200660337123e-02 7.982690758637224493e-02 2.066110959300759137e-02 7.048384132002437352e-02 4.450580540803407426e-02 4.923324142765392319e-02 2.034826054108933302e-02 4.106670437841398180e-01 1.321221610443774896e-01 1.783754968053280765e-01 5.543252750077449359e-02 1.121583277918558746e-01 8.686846994515279308e-02
1.843750000000000000e+00 8.666678715341383232e-02 2.426228044006472628e-01 1.648108659664557496e-01 1.322832010604684250e-01 3.092229802573497888e-01 4.310547913316680746e-01 8.078619645482171263e-02 2.393418682906296169e-01 2.190130424820935784e-01 2.518039105799802502e-01 5.152913976111748173e-01 1.416178325622100553e-01 6.180103928580443079e-02 1.028980007175293310e-01 9.363714999015967932e-02 3.239735650953433632e-01 2.280369888332046263e-02 3.371825705511084098e-02 1.135850556615982665e-01 7.066653071988382440e-02
1.859375000000000000e+00 3.045148802357919987e-02 4.644957340363360387e-01 1.017199492222740365e-01 5.343496068896310194e-03 2.151885231895757089e-01 2.268406593713459540e-01 2.707667608851992425e-01 8.534293241213190828e-02 6.823673897388482512e-02 7.720537478451371116e-02 1.211921215372110255e-01 7.641552268869235276e-02 8.498222018407705636e-02 1.237983515069536050e-01 5.140696815284677423e-02 1.313085722007319989e-01 3.861695507647769365e-02 1.844210551963077881e-03 3.870456313102438872e-01 3.298038265896145738e-02
1.875000000000000000e+00 1.322154486654373087e-02 2.040178675907698969e-01 6.328117668374004523e-02 3.911858278245611970e-02 2.501601899770117821e-01 2.253751335837659020e-01 1.334079025422327258e-01 2.511712726180527766e-01 1.752365375887903268e-02 1.667705943210620045e-01 1.000279246113472409e-01 1.454464012552435237e-01 2.566680433370530090e-02 5.505554197562340796e-02 5.551403586728460848e-02 4.962662348185222644e-02 7.068032106724746189e-02 1.441915581189194551e-01 2.665491016826841975e-01 3.074532134358433089e-01
1.890625000000000000e+00 1.392786010109299533e-01 2.162807355718655844e-01 7.648649767684989609e-02 1.032852032366533279e-01 4.242274098685450134e-01 9.038896894935904286e-03 1.692057183973441348e-01 5.426516463674642132e-01 5.805239032987264541e-02 3.517664852072068249e-01 3.426041377960797329e-01 1.906778887963359558e-03 1.896845973829197271e-02 4.043042324617829864e-01 1.476646385999472733e-01 4.883411925020642724e-02 4.061641437621306694e-01 1.208961358764573113e-01 4.209217695697518025e-01 1.592465676079607984e-01
1.906250000000000000e+00 1.710890721887189658e-01 1.017878369093982299e-01 1.140124129780612228e-01 1.678032133054792596e-01 1.504997641258803420e-01 2.306781922429210555e-02 1.385446204203851783e-01 5.113058902358702529e-01 7.197077290175034336e-02 9.815233842205758896e-02 9.010549851376195574e-02 3.759322382602517387e-02 2.370825775158290349e-02 9.653811330629567811e-02 1.649103291304263863e-01 1.630570231860200003e-01 1.269344115582551891e-01 3.174227142475891800e-02 4.056533223288229240e-02 4.444660948570182922e-03
1.921875000000000000e+00 5.433255181772679576e-02 4.859032613478607432e-03 1.483713354109627014e-01 3.196948069892173727e-01 8.191864783063981803e-02 7.936167657080991922e-02 2.106078983635613008e-02 3.982460104901023867e-01 6.278692456182517756e-02 2.644442596691156527e-02 2.212046328476632573e-01 1.886178099394875129e-01 2.456053959139388454e-02 3.732193966468404511e-01 1.862592961476029207e-01 8.284574253359054674e-02 7.973926445233543714e-02 1.426937858145143571e-03 1.815956463015111766e-01 3.086646858481536387e-02
1.937500000000000000e+00 2.592954117368490019e-01 2.479431100791998632e-01 5.892206474423580809e-02 4.818009999636385654e-01 3.929645983622320760e-01 1.467595340360462741e-01 5.252568898302848593e-02 5.002811098530674655e-02 1.994959218575594329e-01 5.192613150884272527e-02 5.271147345638970139e-01 1.105400409458566907e-01 1.242506175688695147e-01 3.569140239812493842e-01 3.536707474827108927e-02 1.138051221695630805e-01 3.104696944993133242e-02 1.116594674011941180e-01 6.700997898378442674e-02 1.013866458204397830e-01
1.953125000000000000e+00 2.075234552001191668e-01 2.249355066039619711e-01 7.255548746606060861e-02 2.237730748470633524e-01 5.666382377486703370e-02 2.735162529432478840e-01 2.626569679003170135e-02 6.877996917721448250e-03 1.532789450270252152e-01 7.005496978467626312e-02 4.419598958884571882e-01 1.042668296435636001e-02 2.547572274457573019e-02 4.339215889884909944e-02 6.812990977300384388e-02 2.303791056865878151e-02 4.133941171321273145e-01 1.196091516048515963e-01 3.742492881039671815e-02 1.952284780438986317e-02
1.968750000000000000e+00 1.082739111223836315e-01 5.562365868104476169e-02 3.062586542591790306e-01 1.066877444209813619e-01 4.051108175750196827e-02 4.619914694497579376e-03 8.514861217159126749e-02 1.418158115266058769e-02 9.711876733665528172e-02 2.184997856239740896e-02 5.047282942297701691e-01 4.830437610435630441e-02 8.600375739885195159e-02 1.856196860353035716e-01 1.244745985875878314e-01 7.053696215406461689e-02 1.840178977248489445e-01 1.619102515286746369e-01 5.778452852721217836e-02 2.795435324869808766e-02
1.984375000000000000e+00 1.073312539144420930e-01 7.158976713742648545e-02 4.014347637862017981e-01 1.561240352068050119e-01 4.210328066126069468e-01 6.398471189908837981e-03 7.874951298362908858e-02 5.914560390284921976e-01 2.138798185551808728e-01 1.349087710447876252e-02 4.512270081669559341e-01 4.292378560742334676e-02 1.993262599986235506e-01 4.761839651490192699e-02 1.669729346355991739e-01 5.614003142914599648e-02 1.756133447040340301e-01 6.141902825801932864e-02 1.845792589098943504e-01 1.478807044498917922e-01
2.000000000000000000e+00 5.996832501783162447e-03 2.747321011755474510e-02 1.143101368190906908e-01 5.270877196651135854e-01 5.971529454187201463e-02 4.721854925289897115e-02 3.106215529533505326e-01 2.588831893650387350e-01 3.972360273143315523e-01 1.874684025251613460e-03 3.872881661077537396e-02 1.965891090193060131e-01 8.571451913096318764e-02 7.238554068212978143e-04 1.303257634292780409e-01 1.310178775679390062e-01 4.550537069547325175e-02 1.106818790951800274e-01 1.583035686983191165e-02 1.321690604612162923e-01
