0.000000000000000000e+00 1.587508296804447105e-01 5.523028859521087464e-01 4.666192491920827523e-01 4.365050478663121680e-01 1.804125789938816615e-01 4.525592023777530448e-01 8.291312340870715669e-01 3.037934774058299592e-01 3.793321525551139883e-01 8.854928367748390872e-02 3.236040024399016168e-01 4.764459779217711799e-01 3.026132371573590774e-02 8.777647796400871172e-02 1.141308388834418319e-01 4.715286594077987975e-02 9.818490581131331107e-02 2.658475245456519143e-01 2.145218625639706833e-01 4.449189989776293208e-01
1.562500000000000000e-02 2.312699776139542640e-01 6.917401232947523182e-02 3.553085608957491925e-01 3.879101513057569423e-02 3.264133019188453916e-02 2.175772712197083236e-01 5.043675172068740054e-02 3.475868506565660959e-02 1.377179282800230498e-01 1.061940353809214671e-02 1.386403925281017580e-01 2.412633645310999775e-01 3.248014013374487252e-01 9.793461607653307366e-02 3.567207899000982563e-01 5.139035563259233136e-02 9.863998957285913249e-02 2.558768687886874837e-01 8.762588645459008785e-02 1.797473046401788233e-01
3.125000000000000000e-02 1.631326145115649107e-01 1.303109570279335216e-01 3.110057648369626837e-01 1.072327515800640119e-01 1.402549714750903065e-01 5.795331187110484839e-02 1.422060976952374545e-01 5.953086876853927456e-02 2.025184942312235892e-02 1.515513058754044962e-01 6.734787540680692297e-02 2.931219206278820044e-01 2.200977249069931141e-01 3.955364577834253881e-01 4.984728999885350009e-01 2.062706024879018274e-01 4.307230785200610312e-01 4.683400430289009764e-01 6.739798260414604503e-01 8.617084529072051302e-02
4.687500000000000000e-02 1.195554123471637559e-01 4.783425419518416155e-01 1.775628201311225604e-02 2.413861350153713448e-01 1.974618581951789742e-01 5.188719614171233285e-02 1.356975011364187078e-01 6.250173926612244413e-02 2.535863669579521695e-01 8.292607210730475837e-04 8.805632335845119119e-02 2.266288627680157763e-01 3.150946087705016607e-01 1.241902590528243949e-01 1.114808742762014165e-01 1.164262102432103568e-01 5.998907639778713330e-01 2.219595201625158831e-01 8.864290332960400587e-02 2.990313259863444650e-02
6.250000000000000000e-02 1.536218728604390668e-02 1.711897723525121207e-01 1.706437268878357727e-01 3.312317976931679064e-01 9.324740851759315274e-02 2.564985953924107109e-01 3.397442838011516253e-01 4.076620898325499787e-01 1.062236846415832020e-01 1.846978796331880668e-01 2.811518222509777343e-01 1.765463063971067781e-01 3.009288266512431531e-01 1.652468379516016106e-01 4.184560780370193828e-02 2.216022182432522691e-02 9.660224583400880971e-02 1.048603848615856787e-02 2.833937377531122737e-01 1.709579187154239843e-01
7.812500000000000000e-02 1.001377480700450517e-01 9.963342483816137185e-02 4.891038565782120928e-01 3.091770739360373277e-01 1.667141254196621847e-01 3.189131682349988783e-01 2.051795763411445039e-01 5.424958844607463693e-01 7.932423894955373256e-02 5.394447328091705324e-02 2.274541078131327443e-01 2.505151114894295025e-02 2.929670677427473890e-01 6.685177405862856304e-02 1.709612407125262468e-01 3.648275545571055128e-02 1.263478527429275078e-02 1.993323070618585324e-01 6.059356781208739134e-02 4.210133382359182996e-01
9.375000000000000000e-02 2.933201118388155115e-01 2.816856894760835228e-01 2.471850891280694129e-01 4.956964732885182912e-02 5.221984052041986901e-01 1.326897949482032657e-01 9.028466272871640830e-02 4.668912328267400130e-02 2.320963028273638762e-01 8.954752748993394240e-02 2.126833458531004473e-01 1.279160733475901146e-01 4.140078229887774741e-01 2.048253133503125378e-01 2.155256985793543578e-01 7.422992534487037053e-02 4.133892595589744867e-01 1.262543955034186316e-01 1.297963907514190600e-02 1.822444859341146028e-01
1.093750000000000000e-01 5.879472368970167784e-01 4.257185070575726926e-01 6.720744203327968245e-04 4.309648207086362315e-01 3.384595446178151334e-01 2.062718204144898815e-01 2.567969625144274071e-01 2.897291187402790680e-01 3.388741085290891686e-01 3.430635186154685767e-01 9.414714268679302833e-02 1.908408833916787894e-01 1.130703777691001305e-01 4.424109726953478483e-01 2.688951881907223340e-01 2.506463050135094087e-02 4.036521120292361764e-01 1.474628221997654476e-01 3.767888133412158891e-01 3.098393517467057934e-01
1.250000000000000000e-01 3.770808263829415474e-01 4.180511446643866980e-01 1.535641908317755544e-01 2.178579140151707394e-01 4.242141638029118256e-01 5.193778670894285687e-01 1.302111056714818152e-02 3.955943829099098918e-01 4.449542239815971745e-01 2.790814896652737409e-01 6.661803271404700966e-02 6.237005826710032563e-01 3.450605986527895408e-01 1.012030817299118257e-01 5.419681050472788808e-01 4.049210608874131423e-01 4.349367058167662448e-01 1.536039495363133445e-01 3.342818732295826933e-01 1.346008801958747669e-01
1.406250000000000000e-01 3.037974510039624376e-01 4.387022309419791877e-01 4.768179860548940052e-01 9.510937020497542416e-02 3.142637926058409192e-01 7.811627143690613728e-01 7.242095992884430844e-01 9.327042093238724352e-01 8.489880505263738275e-01 6.267902476795647049e-01 6.645880734631707254e-01 8.293566843755957319e-01 3.577786396680842640e-01 5.597294752398538353e-01 6.472726232805464663e-01 8.361822777718947997e-01 6.024063663909665634e-01 6.729227187096717966e-01 6.995406513296131834e-01 1.560596969291576375e-01
1.562500000000000000e-01 3.715093715928932672e-01 6.678194215978031645e-01 4.078192645046228582e-01 4.655170935978140689e-01 7.495197029242771647e-01 9.048497470561591705e-01 7.643264345551091798e-01 9.036735654167931120e-01 9.542762436046439145e-01 2.381713426608509931e-01 8.544146378579828838e-01 9.289846608727414523e-01 2.239521254893009627e-01 4.397613720611091015e-01 8.664921241559961906e-01 7.732057881476067651e-01 5.416949411455034280e-01 9.113000123940723229e-01 3.055944758646561010e-01 6.354579452229605074e-01
1.718750000000000000e-01 3.409465255252212557e-01 7.039293442360116115e-01 5.518905158683563572e-01 6.263991802308639389e-01 7.445648092147683084e-01 8.658948973865535637e-01 5.077959690732249953e-01 9.008706217364699231e-01 9.303309177936296415e-01 4.335111777342084971e-01 8.813754755098819338e-01 9.719437374188426570e-01 6.341047729274241762e-01 7.301383169132690254e-01 9.087022949770627855e-01 8.273939381797570380e-01 3.495114385219258990e-01 8.864828490910311443e-01 7.914998628688185711e-01 4.986538537156945394e-01
1.875000000000000000e-01 3.921883635865751616e-01 6.836298478288888036e-01 4.372725123339851749e-01 6.570160507120852422e-01 1.510393979052567781e-01 6.815610901364701490e-01 3.588400566798429225e-01 8.200564260504799030e-01 8.327361395685292100e-01 6.389384030085928368e-01 8.619692024974960898e-01 9.341120521011728739e-01 6.695666822981615196e-01 6.963298914720258415e-01 8.445413656335039043e-01 8.943018376859250829e-01 5.804770975909560038e-01 8.533255764946435784e-01 7.130059914500486151e-01 3.666475443790964683e-01
2.031250000000000000e-01 2.632267108946390599e-01 4.035039788719190779e-01 3.774705769109284459e-01 6.532404278289464239e-01 2.967318268874449827e-01 7.332305620585944927e-01 6.946213393591902374e-01 6.662780778317137775e-01 9.341103678716784486e-01 6.776688577486308374e-01 8.691721160163647930e-01 9.006989996452833269e-01 1.835347011360531355e-01 2.239757228494735630e-01 5.863960611107494891e-01 8.024018278328745035e-01 4.760548303527562530e-01 8.308539806510775172e-01 2.782400061256294910e-01 4.581132609936114375e-01
2.187500000000000000e-01 2.910410337647775791e-01 5.119560438001728997e-01 4.260971262671475190e-01 2.206324578603222897e-01 4.127804991359712572e-02 7.077525608190662343e-01 7.053341228468952284e-01 5.387782042859923237e-01 9.296358462040198445e-01 5.346450402988909278e-01 6.914721798183450785e-01 8.569671787937240826e-01 3.380226415259356965e-01 1.381780974392182448e-01 7.599736207978523561e-01 8.285925652050595280e-01 3.614533727169107480e-01 3.163302426075470519e-01 6.206105621854132171e-01 1.706684586335665832e-01
2.343750000000000000e-01 2.501129717052407719e-01 4.853598322075083349e-01 4.738757740419339282e-01 1.346912637624841091e-01 2.112769080299284341e-02 6.132522694181870015e-01 5.068368082350744874e-01 4.571521809118286317e-01 8.411346509267267901e-01 3.787914190757197819e-01 7.316978657531086894e-01 7.920345674106071820e-01 3.546929181136366238e-01 2.071677567315402257e-01 8.040212385300349318e-01 6.172218365222639225e-01 6.029473733833341509e-01 1.353394686498532451e-01 2.522767463827393364e-01 4.046375538211448020e-01
2.500000000000000000e-01 2.296722792353412534e-01 4.680864690016490193e-01 2.793969457715034244e-01 4.268586214183724831e-02 2.425424617121549886e-01 6.039877930787511673e-01 4.165096789106698116e-01 4.364800888022881548e-02 7.810362427128996199e-01 2.313620145420680063e-01 8.548536254620368036e-01 6.057574368070574033e-01 2.641694433976836121e-01 4.114124483208184135e-01 7.484715353572248819e-01 5.074372649534019120e-01 4.641155426842402676e-02 6.348045276634672884e-01 3.573583817746604496e-01 3.320182230672755752e-01
2.656250000000000000e-01 2.598662966391750984e-01 8.095415120123579111e-01 1.350854641265673561e-01 2.283929039432769648e-01 4.110664248677193267e-01 6.505449591487643124e-01 1.675924135710141205e-01 6.535988680289539499e-01 6.375115208614213769e-01 2.961049355751139145e-01 7.806725961341971498e-01 4.285220710822904566e-01 2.661854966194361349e-01 4.134729986970649973e-01 7.341991680892137051e-01 5.753486126594944405e-01 2.165944509398214923e-01 3.044035067860915711e-01 2.132355495283609348e-01 3.303129583838680661e-02
2.812500000000000000e-01 3.194598653924942688e-01 8.013537096383170910e-01 1.619251376579297352e-01 3.427116809264985076e-01 2.578169493333757889e-01 4.160456310821972759e-01 2.241132410684791854e-01 7.877649821703065491e-01 3.683449136914228594e-01 3.960149756634662177e-01 6.286558983658848687e-01 5.610044343875215667e-01 3.789315804723394909e-01 2.732382671518227002e-01 4.268881085103661821e-01 4.998916610016696516e-01 4.115860833681083686e-01 2.571117268272649081e-01 2.402612223221257670e-01 1.728082202222667452e-01
2.968750000000000000e-01 6.924981436834364290e-01 6.333115235324643377e-01 3.954323516986306131e-01 4.375024544493573142e-01 2.847739915205954042e-01 5.476030261525473009e-01 5.242682707974717360e-01 2.855143094596082065e-01 2.773601939913176717e-01 3.863595633211420188e-01 5.146528556910177077e-01 3.024812979982250405e-01 5.898037304335113085e-01 3.012972534253229306e-01 4.331577005008096504e-01 6.079474083379188265e-01 4.871767113790663184e-01 3.035202766131375185e-01 3.373935485279526691e-01 6.031662819778055296e-01
3.125000000000000000e-01 3.608684839932547184e-01 2.438440271941512416e-01 3.731195727385961947e-01 5.294872341789887971e-01 3.879333340878645675e-01 4.269964077290897553e-01 4.843910386316866434e-01 2.771542277943785382e-01 1.387999959947774087e-01 4.778696439836650489e-01 4.527142597426608850e-01 1.191136937222700420e-01 3.478367412108033796e-01 1.941435561378688224e-01 3.079217071165996633e-01 4.520714118876265064e-01 3.297490468144118614e-01 5.946915637460205017e-01 1.756834008371531142e-01 4.424503507264441748e-01
3.281250000000000000e-01 5.424885394145881889e-01 1.762264347668155151e-01 5.677111083269335001e-01 2.582418873593765318e-01 2.467980220826949955e-01 1.798875505882474302e-01 2.551511710458574944e-01 2.377738871402699031e-02 2.767866116058337322e-01 1.589868733259529043e-01 2.712698674752344052e-01 1.956660253712474151e-01 3.241369181571592262e-01 3.443792358510082419e-02 1.235189451474085903e-01 1.951255378387602990e-01 6.927352066284483412e-01 2.951278534255128982e-01 1.078942232861987705e-01 5.634183147642235490e-01
3.437500000000000000e-01 3.093332894564052027e-01 1.514260387968050514e-01 3.149110875907632501e-01 2.016101467404596836e-01 1.020615573302356416e-01 2.804329163197019081e-01 2.298832810193991993e-01 4.575195533640830092e-01 5.742379771462330362e-01 3.326031755068891704e-01 1.567809365209619776e-01 5.004560750405255831e-01 6.485335030951425717e-01 1.915372784706182163e-01 3.059051431918334840e-01 3.715425306865918209e-01 5.924588641975990777e-01 2.939150446948807782e-01 3.112848494215204043e-01 5.941973123415634772e-01
3.593750000000000000e-01 8.432737115478412815e-02 1.270173478045447946e-01 2.701800366358583783e-01 2.235431220015108578e-01 9.097289054811534548e-02 4.202400186402385773e-01 3.369486990235518592e-02 4.528359245229786056e-01 5.415489864366292982e-01 5.756168961129680406e-02 1.407319283089807083e-01 2.774372888822401184e-01 3.293612697618077401e-01 6.240220435207444877e-02 1.915864304437115972e-01 2.628580445094375398e-02 2.943897342348566482e-01 3.398735194802187110e-01 2.603048969806617263e-01 1.504197119552557194e-01
3.750000000000000000e-01 5.209425986890137833e-02 2.925064945147349757e-02 4.226413275697506466e-01 2.292192208014755817e-01 2.049397005091636859e-01 1.912094876292678713e-01 1.909715742175470132e-01 1.701646757126680787e-01 8.442111070332503076e-02 5.919619936783204056e-02 1.230880188623582339e-01 3.840827279845039355e-01 4.607897433340217563e-02 3.147388632045792778e-01 2.341143786430848264e-02 1.784631782049783677e-01 2.619662181113672217e-01 2.580784491879912212e-01 4.730150380425920953e-01 1.924682848984261840e-02
3.906250000000000000e-01 9.569280747967980061e-02 3.657285053524353402e-01 2.295635999542839367e-01 7.752158431389592763e-02 4.079583505337903981e-02 7.432492143090797809e-02 1.873939701537903624e-01 9.876031505081085682e-02 6.094191855658644130e-02 1.221548445944855288e-01 1.413313561582894562e-01 5.190298710095902525e-03 2.841616214097739679e-01 1.824514158534676356e-02 3.561722577245192145e-01 2.231017075629922741e-01 3.626471298219076655e-01 2.740218590138044918e-01 2.118379368725599732e-01 5.654686068530659360e-02
4.062500000000000000e-01 2.139974870139636220e-01 3.666011760559381161e-01 5.883766745847039681e-02 1.683110957716970890e-01 1.722721269420092183e-01 7.224741587958058431e-02 9.438913012384671578e-03 2.423904351032436788e-01 4.003071272474972853e-01 2.097395287785077111e-01 5.859021418011300247e-02 1.552969569016915581e-02 8.446686345925698280e-02 1.143673999398909652e-01 2.293814581814754561e-01 2.051250218138438719e-01 2.748137691389918036e-01 6.100124045825692232e-01 4.385142986043300550e-01 3.145816648191403220e-02
4.218750000000000000e-01 6.079108021595612532e-02 2.113602549361832117e-01 1.512018915476640857e-01 1.289416364964168504e-01 1.454974977881828002e-01 9.276341298675092051e-02 9.795185179250913421e-02 2.343909236829370413e-01 2.329385165036917948e-02 3.137757729661325851e-02 1.520835507054966729e-01 1.430345080172502614e-01 1.310701799424121572e-01 2.954564070905317877e-03 7.072871840501779306e-02 7.584890286833732842e-02 4.262942082040142508e-03 3.227058159832586481e-01 1.316326322390664882e-01 1.550506770053797501e-01
4.375000000000000000e-01 4.206853368976181118e-01 1.342454009896931928e-02 2.964261464508084754e-02 3.435202674852445848e-02 4.023105657543307734e-02 7.102665289239627755e-02 3.024888284553457415e-02 3.000995043687019193e-01 2.645669182717831358e-01 1.074192508343805620e-02 3.717443357526002967e-01 1.662375718603482933e-02 1.695082644111565728e-01 6.630294473264028432e-02 6.765731935842071720e-02 3.166999522263637401e-02 2.552318728973547099e-02 2.219570959936130114e-02 2.228479845460157593e-01 8.676606106372877769e-02
4.531250000000000000e-01 1.324725680241854164e-01 1.053500574904471104e-01 1.014412695108553725e-01 5.041461796716135285e-02 1.784179077146602344e-01 1.564093010010598472e-01 5.345718801162380185e-01 3.277446001877375448e-01 2.756855120112180341e-02 4.114105684958161424e-01 1.637684984728999815e-01 4.111612085832191672e-04 3.190804066707621511e-01 4.636393521597609313e-02 3.780387200315275115e-02 3.978920997726469178e-02 2.611832292882636936e-02 5.893671339307266638e-02 2.542067241062544863e-02 5.973155210813352323e-02
4.687500000000000000e-01 3.184244633796220331e-02 4.338686754683897251e-02 5.395715573628663553e-02 1.748325136893685572e-01 2.983721317417079577e-01 2.434068057184605449e-01 1.925551517215874364e-01 2.095369231106698760e-01 9.087566670161205395e-02 2.768916879805887743e-01 6.837413498849825855e-02 1.482235100610229117e-01 4.048982200533537273e-02 7.603238192854977484e-02 9.488444947084613557e-02 1.791207624979639368e-01 6.063392730112199952e-02 2.980930808556198630e-01 4.810305110281060809e-02 1.231404165157496365e-02
4.843750000000000000e-01 1.348692272867426933e-01 3.045935138012081378e-01 3.150656142934621373e-02 6.878766699939058149e-02 1.733408768137736367e-01 6.196724717340650057e-02 9.821112326882291965e-03 8.390757651338089096e-02 3.382344805619165728e-01 3.402590044685863124e-01 2.836341968684878978e-01 7.218477545777296500e-02 1.522742696698852483e-01 1.908978036980063520e-01 3.783664964281345370e-04 4.372982188805307757e-02 1.298499128506677425e-01 4.685176349228092896e-01 1.229498629863877007e-01 1.205998454669775927e-01
5.000000000000000000e-01 3.267196555888009224e-02 9.823228519362141309e-02 1.335934555230626208e-01 3.539897779376701692e-01 1.387796772628039910e-01 7.813853637314216449e-02 3.378055564747076134e-02 1.553862888282405916e-02 4.147079320129115065e-01 4.944273372084296431e-02 5.372524897428555546e-01 1.669105818494536209e-01 4.338992198636014430e-02 2.553741060460245627e-01 1.416127002312418115e-01 3.720693778321560591e-03 1.859374482297680986e-01 4.670767692626093259e-02 1.252558177791942562e-01 5.524258352143226469e-01
5.156250000000000000e-01 3.811114556647874924e-03 3.199888666712493585e-02 2.173043647210995133e-01 1.764647273620483237e-01 2.967010147102058445e-02 2.973933040401415262e-01 5.759898081014756810e-02 8.356023894697704735e-02 1.650278314885926523e-01 9.520670746290739450e-02 3.522633618084014540e-01 2.075572367563101317e-01 2.276861894657040142e-01 7.705229548400127637e-02 2.848401835142285732e-01 3.635714264008959445e-02 2.870896260537927902e-02 2.271941359785866754e-01 1.350439527827397290e-01 2.528012819747033624e-01
5.312500000000000000e-01 1.106756018191151769e-01 7.532594663079589248e-02 2.894068828180361083e-02 1.810032484579682799e-01 1.071323235836757898e-01 2.983245162118541294e-01 6.385355990663220405e-02 2.014202014536103091e-01 4.493827166461556999e-01 3.677666067636741701e-03 4.540742703446010858e-02 3.682863927432609152e-01 2.173940066039793673e-01 1.478809433806396734e-01 3.601674851171482450e-01 4.637955778035483118e-02 1.983772965041576686e-01 4.532561642545605562e-01 4.866694235741533259e-01 4.753939570969962780e-01
5.468750000000000000e-01 1.130896189504786570e-01 4.793823916161799037e-02 5.095288483157460122e-03 4.512854225384228535e-01 9.862437867598931873e-02 4.863178251478535857e-02 4.779815996054933430e-02 2.547339704149894635e-01 6.382466654383943672e-01 2.038575622827407952e-01 1.586026017433395940e-01 1.545426706853640086e-01 4.626148060259901301e-02 3.790653901795404401e-02 1.924940054507097986e-01 6.612498417481778301e-02 1.524804042336123933e-01 1.183792948348498103e-01 4.180100001083586481e-02 3.139732464553885993e-01
5.625000000000000000e-01 2.806274305857123577e-03 4.725043705956088894e-04 3.003250886241696019e-02 2.244975419990816179e-02 2.741024318723946918e-01 5.232170876499887130e-02 2.099299624538920536e-02 1.141450329041970579e-01 2.483288985053796194e-01 2.514291781527219216e-01 2.673717191855797815e-01 1.504811657719562837e-03 1.013974668918068422e-01 1.159629927387017811e-01 2.907987057014775889e-01 4.938860372445585956e-02 1.057064030169006519e-01 1.723496373342960630e-01 6.047358861887561776e-01 2.059847437407062998e-01
5.781250000000000000e-01 3.074772307486352621e-02 5.008436206260091783e-02 1.593753898882860690e-02 4.771863566674218460e-02 1.124471330196193386e-01 3.829567624366705947e-01 3.668436177924805919e-01 2.843059894535767546e-02 1.688970153698801380e-01 1.333799608671079884e-01 6.103223517575325635e-02 2.980745773434343437e-01 4.254671803206517416e-02 2.256725773188379136e-01 8.536874852873662821e-04 6.891410318809172708e-02 8.959851046971802069e-02 8.829714758612225434e-02 1.099289261134239193e-01 4.366925392034574915e-02
5.937500000000000000e-01 2.034845659402753637e-01 5.120140419434347084e-02 1.198302773969170953e-01 4.542491939987757243e-01 4.530437096400107694e-02 1.690156319079311464e-01 3.063496475903154104e-01 3.551062527181851353e-03 1.830247957031400363e-01 1.529998890064110939e-01 1.952736960043444381e-01 2.681728594949818745e-01 6.229306183216069825e-02 1.691243264947104308e-01 2.243344258711221090e-02 3.016324571817563527e-01 2.387325436265698153e-01 1.856542862993225129e-01 2.668063501191140011e-02 6.508599283889297815e-02
6.093750000000000000e-01 1.058020370835524165e-01 1.009853017778079842e-02 1.453971112584555303e-02 4.134269476946530464e-01 3.305009280042284781e-01 2.777206432993967883e-02 4.409793508329701295e-02 8.866596181317402958e-02 7.191841742104608526e-02 5.403986115976894961e-02 1.403571511473124256e-01 2.009180163653522325e-02 1.716274630334417295e-01 1.940504994968482444e-01 4.330896698882992155e-03 8.736103993362771825e-02 1.553504531582171888e-01 5.430793244137750025e-02 6.786586078062642469e-02 1.114891727161332613e-01
6.250000000000000000e-01 3.780642840394439763e-01 1.554758860029479585e-02 3.262153616026157721e-01 2.995445766966768897e-01 3.599330545350512001e-01 3.113972508894250618e-02 1.910110004426790464e-01 1.374739618638410321e-01 1.575548544022454004e-03 5.381664526630661888e-02 3.260380088198137072e-01 1.099033963018039572e-01 1.875778101117581143e-01 2.247222142167792647e-01 7.564002887716395063e-02 2.985580011347176432e-01 2.106328039623141801e-01 2.642612215594794100e-03 3.750614302290976587e-01 5.468919017530134846e-02
6.406250000000000000e-01 1.825778129216903412e-01 7.657598993503075824e-02 2.837647800031422585e-01 5.253911587049521492e-02 9.426736067358716664e-02 2.656329357913767442e-03 1.254844598324985350e-01 3.495135784747090968e-01 8.521287653814210022e-03 5.335537824150003716e-02 7.723857806195487397e-02 1.947483394549170271e-02 2.918890576702057316e-01 4.446756316483468363e-01 2.013036213114977324e-01 4.643825029578398933e-01 1.057795645910717258e-01 7.807554109610862457e-03 1.462578927454757094e-01 4.987923636752955581e-02
6.562500000000000000e-01 5.319368630861207731e-02 2.010811315039170988e-01 2.440654669458081905e-01 1.323499529637341965e-01 9.214110623266154321e-02 4.149323113165279998e-03 3.747100427715258086e-02 1.990385368484345052e-01 1.981667885669052553e-01 1.426876092574917987e-01 8.198546968888137387e-02 1.039703947355804792e-01 4.826912845268706009e-01 8.256460145824044000e-03 3.269321840216501407e-01 1.725650187907451505e-01 2.717060099231473694e-02 2.597068295043694630e-02 1.132488907740424600e-01 6.263381600232329274e-03
6.718750000000000000e-01 2.352883811396850600e-01 1.167413981158076097e-01 2.425297045415051034e-01 2.117199743129344058e-01 6.368415899621540643e-02 3.002957639328226666e-02 3.089481371083945341e-02 1.358961966964473966e-01 2.236886789390243324e-01 7.532672850529054109e-02 2.669284897065835604e-01 7.795697302968442044e-02 2.178399750870481932e-01 1.907111652082807418e-01 1.080750507787887719e-02 8.664626442813333496e-02 1.661228796519685635e-01 1.841949026583064863e-01 1.012161458946149589e-01 1.290867253528592273e-01
6.875000000000000000e-01 3.578194007748828342e-01 1.482271387816244124e-01 1.489081051941552325e-01 7.010840676245355674e-02 6.864931211029114654e-03 2.175228368315123284e-01 1.689138262414465186e-01 1.370064678519259116e-01 3.167030912414182109e-01 1.807384383660265437e-02 3.481639238165100680e-01 1.245471487278716760e-01 3.278763995968878714e-02 7.314455066295061543e-03 2.501539560634740145e-01 6.461316947926884491e-03 8.961298399614547883e-02 4.449378433814519251e-01 1.154127843788641146e-02 4.510294113038532116e-01
7.031250000000000000e-01 3.621685349027172762e-01 1.285946255339328326e-01 6.708392256144926624e-02 1.822125847867445969e-01 1.199214709796886241e-01 1.080036267202613975e-01 8.010534154103227111e-02 1.219475007578890019e-01 6.432331568946200728e-02 3.955913216065763682e-02 6.578968136073254369e-01 3.294019223699003879e-02 8.319060545957374098e-02 1.909349261628254524e-01 3.706253918376405943e-01 1.608374390542536836e-01 1.174376362928677697e-01 5.928967931870963298e-02 1.785740606136069497e-01 5.499908324604599885e-01
7.187500000000000000e-01 1.597026745919440105e-01 2.615983830505389518e-01 2.927367486628680848e-01 2.605320761107814409e-01 1.247679308845114771e-01 1.521323527569390655e-01 1.551472060733265212e-01 1.335917010761417112e-01 1.991146528105806890e-01 1.380335055180184067e-01 3.594241340148778829e-01 4.167603062757073706e-01 1.965886083456538647e-01 3.676725897177134800e-02 6.506571417054887729e-02 1.045319272785547038e-01 1.601748474287658860e-02 1.379960247012238794e-01 1.517670089153841731e-02 1.675482479272886460e-01
7.343750000000000000e-01 2.447371776786072262e-01 2.140381600006087959e-01 9.936001234824605455e-02 5.544206582193608734e-03 5.832482925059363256e-03 1.138759499541842357e-01 1.584381597976979306e-01 2.098615472074354671e-01 5.937085688028873598e-01 2.966990711128609792e-01 4.457100199004444541e-01 4.114044621010001790e-01 3.440726313847377454e-02 5.300435872034830326e-02 8.551519938807765342e-02 5.882361545860553820e-02 1.015878500164129200e-01 4.102490838804945250e-01 4.338485220420904009e-01 4.898495934292752818e-02
7.500000000000000000e-01 1.578617852432716573e-01 1.955923502869920116e-01 1.176076555425218662e-01 1.516220895692601822e-01 2.268912114710898709e-01 3.429000206853491384e-01 8.773439303839952741e-02 2.501668438883177664e-02 2.275267937186427891e-01 7.685608976443765276e-03 8.199505143592200618e-02 1.194250292156314591e-01 2.863235664623466417e-02 1.049028309551717913e-01 3.602051145133373239e-02 1.132859787038325849e-01 1.707239916254917889e-01 3.056745239174244455e-01 1.363596300641284065e-01 2.162238882670798057e-01
7.656250000000000000e-01 2.621455873007130233e-01 8.633148267825725697e-02 2.936565818440327602e-01 3.600381521540502727e-01 1.804178958487872297e-01 2.892601544840239791e-01 6.132551356489284594e-02 1.982629078750360596e-01 4.193463758017568904e-02 3.875727194245338625e-01 2.575601211579984784e-01 1.499899003601790071e-01 1.484927900235961662e-01 1.122935209845940668e-01 1.033154592636925662e-01 8.554084497937830545e-02 2.429665194847238641e-02 2.264781016681488568e-02 2.323378005042698591e-01 6.432732024854168063e-02
7.812500000000000000e-01 2.907205990195449105e-02 4.859536731554798400e-02 2.049717863978931312e-02 2.311559037685006757e-01 2.663581055847635826e-01 2.063800743668779969e-01 9.998864393904782766e-02 1.299691990690080012e-01 2.682499376463460261e-01 1.674680876650996297e-01 1.617623594676716181e-01 8.243548531876977725e-02 2.135542658504918298e-02 1.537028916039545889e-01 7.219570915797021704e-02 1.739241786521244504e-01 7.521328889495833628e-03 2.790938681050756376e-01 4.356040426771914942e-01 1.427790376053109378e-01
7.968750000000000000e-01 6.123125490342033739e-02 8.804403254178436167e-02 8.839880930424511007e-02 1.376608039778775827e-01 2.378883292205793143e-01 1.075272701997775637e-01 3.551055199623753822e-02 4.390511922245472487e-01 3.200383958401011864e-01 1.084691382197255048e-02 3.377522333368455920e-02 6.511749627031032661e-02 5.444790222586029169e-03 1.068742808148823165e-01 1.937452315219808860e-02 2.263271311888717316e-02 1.034570028975361489e-01 2.376702633289393407e-01 6.204087995422076507e-02 3.371553451056609751e-01
8.125000000000000000e-01 4.393125183963204616e-01 5.149442235946592034e-02 1.770352776277535622e-01 9.442942476987735423e-02 1.750447094303617113e-01 1.441219346044546601e-01 4.961819239032340054e-03 1.979795065786754960e-01 2.652434915422675066e-01 4.499647460396689197e-02 1.097647382558745027e-01 1.639536069813875285e-01 1.403325349792405308e-01 1.370135453328745201e-01 7.883832058933382125e-02 1.432799295987688681e-01 3.589386554436371779e-01 1.672989141611547770e-01 2.836109618365976193e-01 1.112720662768669627e-01
8.281250000000000000e-01 4.391597325846011701e-01 2.725649269322413457e-02 1.131402698598897999e-01 9.535706237506363925e-02 1.000020700115053160e-02 2.517834847517698149e-01 6.213903591809708665e-02 2.482857275018817422e-01 4.891939843194272886e-01 1.140294305794084806e-01 5.437315174455029793e-02 2.206465789281716883e-01 4.012379102586507984e-01 1.493521222005471105e-01 3.303921746161898598e-01 9.247444631407239490e-02 2.121918059945518409e-02 4.713778054463488992e-02 2.138627849257415114e-01 1.978850774680938340e-01
8.437500000000000000e-01 1.586617015577574119e-01 3.169878602463861716e-02 1.906225561903119592e-01 1.461004608939807381e-01 1.345017071347531096e-02 2.935965937583348562e-01 6.112845672945681902e-02 5.811969447325023019e-02 2.677464385778662859e-01 8.098935266332782379e-02 2.159684691895900066e-01 1.860918929605364508e-02 3.036264761875498985e-01 8.696692382508688923e-02 2.478183154112973130e-01 1.671389174209630679e-01 1.161048510653474482e-02 1.234694147197270414e-01 1.838369783411400449e-01 3.618000672883902452e-02
8.593750000000000000e-01 1.714813570489439470e-02 7.536724558531221474e-02 5.851488172369964658e-02 1.315101847293093651e-01 3.919593883347313734e-01 2.486008974259765192e-01 4.594783802420256830e-02 1.026590215719265786e-01 4.543872537681983292e-01 3.517108260651258950e-03 2.863915351241021895e-02 4.126360149880770045e-01 6.128165147662822942e-02 7.451272670182433611e-02 2.100587908343156673e-01 2.991392055993018495e-01 1.702146283915002278e-01 4.283522069093267243e-02 2.995872521408954881e-01 2.112313009025510932e-02
8.750000000000000000e-01 7.591265221316946532e-02 1.193775354152125032e-02 2.169807498650425381e-01 5.835838636851885530e-01 4.267913418734202713e-01 2.055679796501620402e-02 1.966956042886948142e-01 1.038066514304581828e-01 4.006548577702714331e-01 2.935295672500302100e-01 4.506744485462466782e-02 5.835176255563617742e-01 1.625783334858712514e-01 9.170423883928961739e-02 1.739990431785683189e-01 7.258171901419604999e-02 6.584513227616259345e-02 1.353176530668752375e-01 4.746940496925922126e-01 1.078965505130817792e-01
8.906250000000000000e-01 1.278333364820034290e-01 2.187582513394290551e-01 2.170537604713651536e-01 2.008964106377969516e-01 1.908039741450463442e-02 1.078460273735626085e-01 4.259684266411872255e-01 2.710465766835581936e-01 5.207667104395683477e-01 1.038712106166108096e-01 4.188264080991428717e-02 7.515160804698105268e-02 2.356506847622673317e-02 1.753319982851911374e-02 5.728967209641448732e-02 4.847074231478250977e-02 3.395297803462976050e-01 2.166404487987320382e-01 1.621727176223417832e-01 9.589640640673392780e-02
9.062500000000000000e-01 3.354856533448039718e-02 3.054252385769778977e-01 9.975914122637839776e-03 1.258759351065120158e-01 8.050903028440033193e-02 2.724832611540660698e-01 2.307488815719358766e-01 4.753248648076701527e-02 2.814573272871132015e-01 4.590297633979780259e-03 1.635477218562176455e-02 4.726797116262798637e-02 1.033296666826976351e-01 8.914553323611891511e-02 6.650452352178994053e-02 1.436236221855229922e-01 1.628623816346118358e-01 2.587707226620604151e-01 3.555998939021887822e-02 2.203023842733539406e-01
9.218750000000000000e-01 1.044965380498077828e-01 1.186336293641523099e-01 2.755572019462196320e-01 1.003808466641567670e-01 1.726396092523604375e-01 1.906924874340151441e-02 1.181901253863645307e-01 7.836790514423236376e-02 1.747255058016646267e-01 5.878653149031174557e-02 6.484607674930907562e-02 1.258140131186026578e-01 1.521699664399296312e-02 1.255571773899304133e-01 1.694350709815451717e-01 2.890505704481821092e-01 2.903530160721054174e-02 7.488039585068977100e-02 9.156441303117318631e-02 8.888826253635594143e-02
9.375000000000000000e-01 1.785900667326656976e-01 9.898150354940538076e-02 5.547938144026594992e-02 9.763383701578713658e-02 3.821752172000213443e-01 7.650478794334095167e-02 1.908382414653912451e-01 1.776330209721166120e-01 7.106105437736691399e-02 9.220150558538118407e-03 2.350597047770390871e-02 4.022414627066832060e-01 1.458904655205864598e-01 3.065295164869438760e-01 1.995600883656144242e-02 5.861832686749836041e-01 3.179167818174213900e-01 2.863939809335057651e-01 1.859383392376496302e-01 8.135224314037407811e-02
9.531250000000000000e-01 1.062079770156287156e-01 2.306694535008080305e-01 1.416084844073553228e-01 9.766662192095815209e-02 3.242535538589698119e-01 1.941899281484683534e-02 1.423072534678920809e-01 4.653384080113829868e-01 1.264406873266257780e-01 1.307032741631441453e-01 1.791797785230722362e-01 1.740544573964518393e-02 8.338849904118120215e-02 5.222966356416218758e-01 1.847820139715122822e-02 5.570125238804571888e-01 9.446153491916557676e-02 1.415447204962521910e-01 9.827407767890206092e-02 8.876385576865795934e-02
9.687500000000000000e-01 4.974520517997602781e-02 4.334450847245743810e-01 1.532427944830683786e-01 1.552078763526999472e-01 4.248229133665487600e-02 8.244720773806030190e-02 2.151905844721692038e-02 5.248483676532068598e-01 3.168708717899848537e-02 8.619007562619371288e-02 2.407387566803177725e-01 2.235963610745926866e-01 1.882462093339558884e-01 4.450765894981041360e-01 1.167759108320913682e-02 3.966949397004436162e-01 6.647703107000436928e-02 6.303646278817327808e-02 1.470753869168210104e-01 2.163733482814789721e-01
9.843750000000000000e-01 7.287776188845782044e-02 2.985270865940842788e-01 4.133175270588784755e-02 3.838383555716669560e-01 2.097896047275650822e-01 1.592908204880392475e-01 2.882160789961557470e-03 6.757376582728348291e-01 7.415218344264679073e-02 1.811969169982426409e-01 1.061917085472493562e-02 6.550051688906259606e-02 1.274900670867521180e-01 3.354223507244056268e-01 3.592021315950263971e-02 9.019162957932087832e-02 4.379966500575940141e-02 3.287155450398346890e-01 2.477251519277556546e-01 6.333015323933875729e-02
1.000000000000000000e+00 6.448117697488575661e-02 3.040774235307693377e-02 2.790199779738508634e-02 5.349011578776101672e-01 6.981655818138259029e-02 1.631819800288339950e-01 1.702656750181312517e-02 1.150419719346315595e-01 2.857744984862584103e-01 6.682790479339215106e-02 1.800489343855423696e-01 1.531272794863492437e-01 1.671159675740311046e-01 6.301531885374483943e-01 1.470730419871570938e-01 1.163086774044207183e-01 4.822506338366442519e-02 5.207588941758696244e-01 3.307751334087419282e-02 5.331316613663915349e-02
1.015625000000000000e+00 2.629653586065682225e-01 7.089329591003883102e-02 1.704532610908114643e-01 1.083433437876548354e-02 8.834856826352832648e-02 7.102156910527099298e-02 2.707307281133058616e-02 8.596058379951529438e-02 1.473399478643026318e-02 1.177987831901460697e-01 4.692782253372608792e-01 2.105183863250956466e-01 3.003101414275663461e-01 3.751671281116192996e-02 2.536705857238377160e-01 5.445231285211755284e-02 2.455483828296886259e-02 2.402790305140473648e-01 2.210503454482702634e-01 1.751763210905573145e-02
1.031250000000000000e+00 5.170854554286122839e-01 4.146483837684069966e-03 3.066132140645858595e-01 4.862173355310825396e-02 2.273584077150168636e-01 3.966164938314682420e-01 2.843783398828751974e-01 1.304825792817810790e-02 1.949634415840235946e-01 4.851047618354334401e-02 2.194299428093931803e-01 4.419844016789246099e-01 3.481792538033882667e-01 1.151221945718093054e-01 5.476334956655316832e-02 1.885336476151437957e-01 4.112142183488293884e-02 6.829586256832845259e-02 9.822440384436513516e-02 9.294582305014403856e-02
1.046875000000000000e+00 4.353257830189763422e-02 6.722401387068746570e-02 3.089834323340353017e-01 1.810924543738185455e-01 5.185324981355835666e-02 4.789508554307182475e-01 2.660007435898888994e-01 1.374320560112460843e-01 5.262342446672081397e-01 1.460886985485441731e-03 8.867954133967073660e-02 2.581814389687078215e-01 5.431769434365274485e-02 1.308505480018994360e-01 2.956453814471965771e-02 2.226185276465129370e-01 1.355918358886662976e-02 2.947353274484498104e-02 6.878080911614843640e-02 2.680275358090992710e-01
1.062500000000000000e+00 1.267058790799343304e-01 1.141451190891248774e-01 4.890854921129528243e-02 7.616746401645328735e-02 1.374166260777940074e-01 1.031762998805505205e-01 1.027464250094201337e-01 1.514633491142059751e-01 2.947254127419130509e-01 3.493463642737721919e-01 6.807945061124517916e-02 1.391664668008860406e-01 1.631048068789853756e-01 1.469722297152641355e-01 5.032642631984978604e-02 1.446705362938170147e-01 1.744209511307946159e-01 6.247654807226014906e-02 2.892265351756689862e-01 6.538472773106869529e-02
1.078125000000000000e+00 1.180840514542006309e-01 1.681350110294645844e-02 3.981425321454409860e-01 2.061908322814828554e-01 7.779971146076229693e-02 5.463558266632848742e-02 2.213320894710273656e-01 3.040165960480828780e-02 6.318153500795946342e-02 2.902473703708701169e-01 5.970619827186571943e-02 2.940091250745032261e-02 1.445671064546353024e-01 9.113795122019793804e-02 9.944177217224331455e-02 3.088449171540667837e-02 1.334363281020204683e-01 1.882382058412328946e-02 1.418151781788146854e-02 1.288249077533717979e-01
1.093750000000000000e+00 3.490504555580751372e-02 1.034954498350298818e-01 9.870619331080113246e-02 3.364259659922065604e-02 1.361046909820170236e-01 1.511171246204635887e-01 3.355392028092284429e-01 9.562511969926139332e-02 3.299795098608628019e-02 1.687057169831762335e-02 2.108042335976271220e-01 1.438884405543819911e-01 2.045216048472806858e-01 2.239698592491232432e-01 1.040115233411650353e-01 1.300149329304151891e-01 7.767531851081423133e-02 2.374896968114417195e-01 6.038758816749030534e-02 2.062063224078725665e-01
1.109375000000000000e+00 1.641780395020160099e-01 8.817994588618065233e-02 3.157234732853009818e-01 2.161167831554114058e-02 2.622890754502781863e-01 1.422491409830240394e-03 5.708486650629424758e-02 2.169437933661668150e-01 1.443458439667212601e-01 1.596878960222342450e-02 1.479596606086525795e-02 4.261334922156593263e-01 1.655072828107056748e-01 1.324925933267846745e-01 1.748414118672642903e-01 6.235647994036225966e-02 9.814818212171476375e-02 1.680554002775722922e-01 2.840836908247828738e-02 2.682837399583107990e-02
1.125000000000000000e+00 2.591074251491245484e-01 3.537112792582012416e-02 1.482092414086574328e-01 2.140970418736143910e-01 5.704944350429821259e-02 1.232398277778329332e-01 1.126195042960464465e-01 6.360325782527482819e-01 2.869871477265867332e-01 6.839354899898163198e-02 1.775143321687061015e-01 1.943526932805259566e-01 9.197500823734933162e-02 2.452889185539398886e-01 2.757716241657829359e-01 2.277019783751670912e-01 8.082503142563511600e-02 1.724545671451692755e-02 6.387050389704683473e-02 5.293011459497658222e-02
1.140625000000000000e+00 2.033029984100987175e-01 3.913417057704607904e-01 3.740119149028126033e-02 2.260644812363194200e-01 1.276648662659298217e-01 2.407616078181380737e-01 1.293368131400526033e-01 3.865628631147253746e-01 3.540173564176717080e-02 3.056134933017351160e-03 2.829509070296954212e-02 2.468474718832836812e-01 7.437115215214741559e-02 1.033571525111116191e-01 3.909206050596384860e-03 1.224694205815296255e-01 4.734185087135116959e-03 3.269543510136382336e-01 4.615939994260185308e-01 1.974900292206356947e-02
1.156250000000000000e+00 1.254602046296258155e-01 5.261971037004616741e-02 2.402846663228561108e-02 4.247070328429801145e-01 1.184776603920178473e-01 2.347657004985033435e-01 1.330662967942141117e-01 8.933622011968177234e-02 2.226972831620879500e-01 7.139444303222310106e-02 9.548106333036200655e-02 6.533626336869047257e-02 1.824748539859975469e-02 4.025187793515821455e-01 5.872811872730004240e-02 1.136446083579208122e-01 5.579013008511291699e-02 3.905962187075872061e-01 2.119016023138946270e-02 6.289409495979327025e-02
1.171875000000000000e+00 1.115137472371393879e-01 9.795295473767279271e-02 2.383422709486992253e-01 2.371097523014532860e-01 2.630515250834100649e-01 1.293512308552488277e-01 2.260802997369400907e-02 4.723829040896696668e-02 2.182883230153327414e-01 1.479832427866742406e-02 1.980020870239697917e-01 2.875810298222259906e-02 1.601181184335866148e-01 3.063757018530879894e-01 1.862678761133014895e-03 2.021605127695842996e-01 5.247515773996161426e-02 8.343618547712758349e-02 1.327054130204829152e-01 6.473104620193450773e-03
1.187500000000000000e+00 1.165749267125433669e-01 1.141786785158419998e-01 3.171066904689704979e-01 1.769069757491589486e-03 1.500982096153677114e-01 1.198075347840547450e-01 1.304194262760913492e-01 3.183162162022131203e-01 2.938210228007470115e-01 1.081571052307973291e-01 2.638391629937238414e-01 1.336998205057601252e-01 2.826874421039497071e-02 1.096382950158746733e-01 2.184951655830615347e-01 2.432535460115431147e-01 3.438861973913146398e-03 2.204271200654226437e-01 2.368545264186350807e-01 3.429532308685765557e-02
1.203125000000000000e+00 1.701305857026350621e-01 1.256304158418058287e-02 2.403868301983128897e-01 3.319357669219399204e-02 2.048199554408903222e-01 2.795549426504940205e-01 1.990838371952693142e-01 1.186164748271190672e-01 2.459977322583466186e-01 3.185819727262646506e-01 7.684791366792870226e-02 2.978865805792922372e-01 3.760085894991028188e-01 1.734856030314520584e-02 2.568102364247895619e-01 1.215765324867761343e-01 1.391188138556588849e-01 4.672896177272585494e-02 2.433146776626470553e-01 3.334267938216110561e-01
1.218750000000000000e+00 1.087548099733325196e-01 1.016487544649491981e-01 1.414568141994501371e-01 3.536271724729895261e-01 2.994161793575164654e-01 1.063369124046629199e-01 1.648418066551752548e-01 8.261952975982464475e-03 1.788903790272690364e-01 2.767767809884187288e-02 8.247419002471091665e-02 1.367678161452269003e-01 1.364915005775731334e-02 1.887441664968575183e-01 1.129720311038409364e-01 1.096096012042631213e-01 2.353976083002053132e-01 8.264120556855135413e-02 2.691276292882769372e-01 5.127560645826998408e-03
1.234375000000000000e+00 1.261351776798533275e-01 3.293168115133107143e-01 1.794483081148029180e-01 3.030886758795526270e-01 2.112203679970142689e-01 1.087987868566474836e-01 3.071199029391173396e-01 3.489668573333393198e-01 1.854224629459858553e-01 1.512947742394185058e-01 2.828118298954274829e-02 6.193206745470603014e-02 6.101952096190989272e-02 4.522129326685830897e-01 8.714650914894346567e-02 1.265217553259339045e-01 1.485987073321362595e-02 5.113279930215461344e-02 3.874645077237302560e-01 9.829384757606376977e-02
1.250000000000000000e+00 2.859025164449179868e-01 2.665163217246779848e-01 6.347451301637811738e-02 3.402475263686868812e-01 1.576699814684600354e-01 1.540069801296954088e-01 1.628142781815729301e-01 3.788283948324461942e-02 3.403517355933975419e-01 5.845377519350645340e-02 1.950111066308076943e-02 1.008534097964987157e-02 8.042757174790232666e-02 7.834192538778263215e-02 1.232527299811454202e-01 5.911697804250474336e-02 1.722885097621786876e-01 2.646854180642763815e-02 3.998579262362730175e-02 1.926186906084859651e-01
1.265625000000000000e+00 1.188447033587430174e-01 5.901214859796364426e-02 1.780201652840356918e-01 9.036154949961071325e-02 2.316012541648850287e-01 2.633749192091815461e-01 2.631088796694526933e-04 1.895922928046032963e-01 9.141268407134157253e-03 7.054185642717801519e-02 2.180163333659535657e-02 3.976322860971014950e-01 1.212379462390482943e-01 4.925759328541906568e-01 6.394511506281384816e-02 3.113976287662302278e-01 1.670528455279321756e-01 2.965229272707248231e-01 4.002994396451087233e-01 4.756823884354768189e-02
1.281250000000000000e+00 8.744911171009350781e-02 1.212544684062727418e-02 2.537294641571208875e-01 1.623954733297321151e-02 2.266478260189662697e-01 1.056090560953184959e-01 1.276756621011003179e-01 6.624422105204642586e-01 8.468493959775622026e-02 7.517299805669078183e-02 6.676328335522005442e-02 2.403855675090027164e-02 1.602727976083822836e-01 2.400677692540293118e-01 1.004884440535709772e-01 3.086221653595478953e-01 4.831377534484845686e-03 2.470717577375685647e-01 1.043255212507018248e-01 1.420617062541462139e-01
1.296875000000000000e+00 2.121377497265836826e-02 1.064686774963657379e-01 2.551559067153519626e-04 5.728717584868667743e-03 4.042401783048914232e-02 1.816141538849176951e-01 4.264667672923591057e-01 3.163963867898554327e-01 1.678634929529948180e-02 1.644502220194152611e-02 1.338398324023806762e-01 2.998046440288739539e-02 1.993639393979173835e-01 5.122429151433458006e-02 2.595446458783547405e-01 1.040565469671942272e-01 1.000406745855115798e-01 2.678571866531045953e-01 2.325923350901524522e-01 2.382262236535806765e-01
1.312500000000000000e+00 1.349077652717641518e-01 4.100350529313156328e-02 2.962567189578269033e-01 1.584614791207511197e-01 1.325345232067827728e-01 1.318149631101151187e-01 2.840357897783798644e-02 3.753416698003090302e-01 1.806492900578724192e-01 1.890670399972625444e-03 1.403906619120634247e-01 2.052685843562256779e-02 1.234177721332322258e-01 1.600634582435118414e-01 1.160019421014765184e-01 8.224504200351318017e-02 1.010697519184853566e-01 5.545355948253042344e-01 1.860969708616286300e-02 6.216300565997541494e-02
1.328125000000000000e+00 1.735245341352079362e-01 1.459541991285688012e-01 2.217532727936523396e-01 6.561018209902066411e-01 2.125968835817676761e-01 1.183574932361815268e-01 2.060958971345862034e-01 1.269118958394379769e-03 1.963500612130780476e-01 5.611939782082987771e-02 6.244877418650336687e-02 1.356916997109849365e-01 9.880790876527133226e-02 1.315451714267442673e-01 5.967579010925357086e-02 1.491879697137822938e-02 8.241344327698334193e-02 1.240268065403412195e-01 1.490680293094597819e-01 1.401539865487448078e-01
1.343750000000000000e+00 1.806060410500079927e-01 4.311261769992571352e-02 2.679017166849113618e-01 3.370330887772501893e-01 2.060030226133822973e-01 1.176170542604661057e-01 3.218509034603408425e-01 4.849755800596856903e-02 7.105574739828618425e-02 1.344329567825910676e-01 1.249681870664014075e-03 1.195376898374264363e-01 4.219766753765933492e-02 1.287806653262338896e-01 1.364483260094078408e-02 3.745002227013454199e-01 5.289600283478188697e-02 1.285151622899127211e-01 2.907804916410549612e-01 3.991533602521470103e-02
1.359375000000000000e+00 1.313278489212555966e-01 6.446184897614784352e-03 6.158140150354578929e-03 1.303039269544501721e-01 1.718901696361556652e-01 3.318304334698549130e-01 6.081139603034349528e-02 2.205579878714211683e-02 1.352324523553857794e-01 5.416471539116671837e-04 6.385595897895664230e-02 6.282355529997299404e-02 3.906129811736012147e-01 1.160012709853814987e-02 1.276459959399969535e-01 1.199530570018898651e-01 4.884313026830840176e-02 2.726383298018379003e-02 2.771264319924126585e-01 6.759881349616610191e-02
1.375000000000000000e+00 1.851825085106799038e-02 4.307766398590281293e-02 2.087704719735229142e-01 3.408550049630583723e-01 1.689612411765200051e-01 6.273216513278399853e-02 3.352313945840105225e-01 3.235822154392818950e-01 1.786421024819049852e-01 1.707660062048661298e-03 1.968417290682770437e-01 7.237627729944318133e-02 1.894689250722602913e-01 1.034251366308737707e-01 9.473395400158654556e-02 1.720220369487082679e-01 7.960344888330547763e-02 2.903904416776177388e-01 7.531996224581651023e-02 9.531383985437902329e-02
1.390625000000000000e+00 9.653645894521328819e-02 2.066794911646123722e-01 3.800280706067030168e-01 2.614619308717503615e-02 4.857536218384683191e-01 1.881082985013694253e-01 3.341845787238673093e-01 2.543955179298740266e-01 1.091573389826789447e-01 4.804020433168265658e-02 4.980958273649979673e-02 2.513193664728829990e-01 1.638592563658343160e-01 1.894821949337323688e-02 5.223909556231068341e-02 3.532853236269938805e-03 3.420020478600692415e-02 2.898171169207630279e-02 2.239340659312699655e-01 3.795172412018109620e-01
1.406250000000000000e+00 7.812374633668746349e-02 1.422186506710503839e-01 3.196537153276737264e-01 2.531746457876754564e-02 9.255199671862573974e-02 9.494731678017866161e-02 2.139400795981648007e-01 5.406576086463334846e-02 9.186003058610225924e-02 8.840339647970082981e-02 5.473034633959980577e-02 4.243900534786879120e-01 1.097901668168597134e-01 5.032989398432967665e-01 4.848189022580141200e-02 2.101749322662269659e-01 9.853981177341250564e-02 1.747992947548492326e-01 3.420939350835969228e-01 8.673893462980382385e-02
1.421875000000000000e+00 1.766134262191388915e-01 4.670553538572970453e-02 5.955440226659345498e-02 4.386174165615179255e-01 1.613802809236393118e-02 2.103502189373492037e-01 3.599929961347679824e-03 3.112184496822585911e-01 6.506166764086550314e-02 4.924014296410791219e-02 2.329544329667216085e-01 1.742895642803528877e-01 3.260379041263980482e-01 2.986286220008422809e-01 7.930763633628278020e-02 4.035339817822459346e-02 8.405352778733672647e-02 2.865501306597637576e-01 2.236542088350607083e-01 1.641237137810660496e-01
1.437500000000000000e+00 3.426707565113816245e-01 8.151195408282323196e-02 4.891420703195063779e-02 8.151843688573565117e-02 2.174182584570953924e-01 1.585645154290712677e-01 1.705309176001522931e-01 4.074354147214813704e-01 2.046175140532903169e-01 7.160272456392280382e-02 2.994907214797893485e-02 8.900643120163494182e-02 3.573137156312736207e-02 3.811930191614880115e-01 1.235197630068999783e-02 3.609837548406458207e-02 1.049912372762413781e-01 2.616236038710186285e-01 2.412616895554490215e-01 9.399512721806838056e-02
1.453125000000000000e+00 3.124125639505544449e-01 1.079724105500411979e-01 1.174721383054492911e-02 9.903370470596847830e-02 1.913653627354358344e-01 1.297079781662842657e-01 8.344075277636234245e-02 3.400616341757149441e-01 1.460853374966588625e-01 1.067505256025019084e-01 2.984931721191691478e-01 7.705168418882989362e-04 8.778260759403420932e-02 5.944962738272924208e-01 2.967782353752094343e-02 7.615819291584401129e-02 1.234634419537300049e-01 1.451602621192088494e-01 1.330369444761010933e-01 1.909629197016023128e-01
1.468750000000000000e+00 3.117242601488709464e-01 3.149064892659457493e-02 1.181502176117110586e-01 4.680959503613894845e-02 1.001099351242554364e-01 2.202435059022493924e-01 2.129975992079090330e-02 3.805059997551979434e-01 1.613104860949298586e-02 2.028025127395652327e-01 2.315302841280235391e-01 1.016403080495650035e-01 2.063187407852250244e-01 1.136150558230126367e-01 1.806252034646204097e-01 1.247498096706129017e-01 3.507431995334937130e-02 5.094678376984621559e-01 3.841475937604322318e-03 4.439127791476794177e-02
1.484375000000000000e+00 9.792480487434930200e-03 5.938287499853693585e-02 4.167290494390982203e-01 3.677767126490474880e-01 6.024488512418369607e-03 2.109905381375287159e-01 3.856145541825800049e-01 8.064100624747112811e-02 2.554820186828355433e-01 2.032629774401763234e-01 8.902138629003912562e-02 1.562695213660013696e-02 2.920266815212143596e-01 3.763576913068074625e-01 1.338711306208768270e-01 2.892229233691536727e-01 1.872543230313542806e-01 5.005254658313584848e-01 1.283162469176943044e-01 8.906651963171140218e-02
1.500000000000000000e+00 1.610904628107278358e-01 8.722851288171764228e-04 2.808782652093531063e-01 1.499256376457025475e-01 2.285682287392613588e-01 2.963060044992142372e-01 8.974279665555237595e-02 4.418586160725899992e-02 2.050192320013858802e-02 2.487925525787925123e-03 5.279823381777224572e-02 1.170315678955642091e-01 2.022345103916708409e-01 8.266607384098904887e-02 2.349963795715181991e-02 4.008393334391828766e-01 3.655443430521439219e-02 1.388692531150947373e-01 5.289503362117218416e-02 1.634711835468628527e-01
1.515625000000000000e+00 3.239878052209977377e-01 4.796701171100901939e-02 6.680782839269784612e-02 5.166518659565335486e-02 1.152148540741945448e-01 1.648449791399422271e-01 5.495990582249476314e-02 4.880693404288075771e-02 1.276532389113125276e-01 2.793578961347939135e-02 2.849932130532405877e-02 2.988760582287838807e-01 2.391843507301272542e-01 1.623038460413838147e-01 1.810191130689649819e-01 2.176522575199916210e-01 2.025934033613241148e-01 9.105275923045413888e-02 1.148823715853622834e-01 6.856949846545107308e-02
1.531250000000000000e+00 2.465849083576269196e-01 2.281993278697911492e-02 3.684299112864546366e-01 1.839054250143292435e-01 3.793755858348672044e-02 2.238874099822887875e-01 4.058694150308767568e-01 5.092614294069086611e-01 8.525140979247870787e-02 7.782377586667646452e-02 1.040213328722965590e-02 1.807274250804731877e-02 1.375465282638904940e-01 1.027130775342568053e-01 1.813372754608132409e-01 3.188322171755656603e-02 1.832484609655509605e-02 1.826142085641066226e-01 1.840348777644507938e-01 2.274839209804809526e-01
1.546875000000000000e+00 3.678974856127358306e-01 1.402811756598687232e-01 4.037791211077944309e-02 4.752456906193058828e-01 2.680773190944248929e-01 1.841365906423493015e-01 2.785983327031427703e-01 5.613427429779755951e-01 1.609180576365160931e-01 4.335215507891781311e-02 1.925710618190706880e-01 9.667602066162700458e-02 1.221765972702451020e-01 7.820258118154910232e-02 1.345429403076821295e-01 8.334050758693882510e-02 2.866025785479171528e-01 3.805768322455985175e-02 8.247200472559029771e-02 1.597311222051348012e-01
1.562500000000000000e+00 2.356254584488616521e-01 1.351457745917142017e-01 9.691821058904714903e-02 1.686672142417916798e-01 4.468284549154187824e-01 2.688939990965042437e-01 6.864995973344191482e-02 4.368097523636425145e-02 2.842948418216862880e-02 1.270158984082078724e-01 7.265063987109748878e-01 4.884662366100694236e-02 1.504067594077952534e-02 3.720727493215417181e-01 6.645658460048337046e-02 7.275792926504054403e-02 1.725292606838721710e-01 9.485904118806648411e-02 1.130484737225296160e-01 1.046919856120586412e-01
1.578125000000000000e+00 1.215091416958073295e-01 1.134202441229315295e-01 7.945788655065362527e-02 2.925958005951256324e-01 3.198348180949453067e-03 1.902634469044530152e-01 9.021802748793569804e-02 2.070407771358082627e-01 5.807632133939038405e-02 3.226412801245182732e-02 1.285354721752851592e-01 5.031692961745872980e-03 2.912970247878357219e-02 7.034399206399816196e-02 1.169953666265281106e-01 1.614011563478184030e-01 3.398102260574786121e-02 3.150128049830853705e-01 1.222236696200434125e-01 4.418827732798227825e-02
1.593750000000000000e+00 4.461010439390116628e-02 1.320677262041983213e-01 1.477175969895541674e-01 1.352982584162095991e-01 9.502533430725091518e-03 2.340029443028106004e-01 2.876633069601697290e-01 1.942293376207935851e-01 1.199359691853353269e-02 5.944227936490063119e-02 3.280875429809140820e-01 1.286867616445669660e-01 3.410095510645818062e-01 2.353916045677752894e-02 2.786076125134047121e-01 2.269477544556036397e-01 6.238262051954982651e-02 4.366606973035653261e-01 5.899262864942860229e-01 8.247414451085798015e-02
1.609375000000000000e+00 5.973449985899119408e-02 1.728603141674982940e-02 3.068843156281663709e-01 4.917148075014072250e-01 2.994487677755299226e-01 1.731812083689149295e-02 3.479640543872253855e-01 2.805123786566942057e-01 1.987257666578283177e-01 1.299689948867874534e-01 1.406160715705949971e-01 3.825990575569718916e-02 5.981930643048826574e-02 1.640928130424604559e-01 7.738090695428415100e-02 1.853559910554341550e-01 6.289415795078194928e-04 1.563393497246090558e-02 4.045592994169400214e-03 1.009670131105399812e-02
1.625000000000000000e+00 3.184564591317009651e-03 3.031051425558461271e-02 1.529078408114155352e-01 1.815003677886738997e-01 2.067604326207546084e-01 2.849679238879763987e-02 2.733589354195471374e-03 1.782526725141853896e-01 7.761765320001737245e-02 1.301723965638956759e-01 2.116019783394609399e-03 2.686254227263770722e-01 7.599961832952149832e-02 3.181918914906342599e-01 1.619477015804305919e-01 8.353493550160244474e-02 8.839794268659063869e-02 2.900593439994483269e-01 1.745528896243058181e-01 3.168940775828237855e-01
1.640625000000000000e+00 4.791825039901222438e-01 1.020016760623546209e-01 8.917102928446325738e-02 5.991131812745880553e-02 2.294935163069508066e-01 3.273231085945879082e-01 2.450262316766894655e-01 1.057946311984917474e-02 4.428364564725814634e-02 2.471171123208773523e-01 1.586893014070957786e-01 1.252971283592637375e-01 1.045145789282478088e-01 2.269100791537279893e-01 3.825904787119448897e-02 6.871447889107751110e-03 7.953707982848957567e-03 1.194800405671620908e-01 4.178847164336032399e-02 2.820952617825977712e-02
1.656250000000000000e+00 2.307818516107329188e-01 1.060799199650008934e-01 4.078027019930445529e-02 1.768852444486597800e-02 2.974291987398064441e-01 8.065465786283587679e-02 5.225378941463699328e-02 2.011258344182426938e-01 7.533848369613409257e-02 1.054253974526629806e-01 2.871834965261640393e-01 2.276942458106899145e-02 4.402634624320659884e-01 1.902547802553549994e-01 6.412105141061467950e-02 2.320133174086097816e-01 3.756186611234867828e-02 1.650837585318045697e-01 1.550295554462428060e-01 4.070001665147186115e-02
1.671875000000000000e+00 2.159129029298075680e-02 9.713561308148933870e-02 1.988952681412197582e-02 2.123829000378990237e-02 3.733643611194751438e-02 5.360989881729565087e-02 3.111764055881496294e-01 3.469972443215746383e-02 1.216124190039647862e-01 4.234267633587666252e-02 2.161570649517267073e-01 4.544319947493157680e-02 2.411294942485802673e-01 3.512888651251639960e-01 9.787276348401968695e-02 4.158536001154014006e-01 5.368298206735774153e-02 2.992503689910247164e-02 5.342037068894930352e-01 6.176700398520035273e-02
1.687500000000000000e+00 2.527394762021389907e-02 7.286224348179337618e-02 1.933168107184760898e-01 1.877863682182149829e-01 8.625272453202835476e-02 2.600160984490003657e-01 2.344151598195895747e-01 4.352042939089849072e-01 1.212816703974734373e-01 2.664440457663662387e-02 3.367946068189652409e-03 1.633058322098986659e-01 7.481981979318630405e-02 1.635482120536635997e-01 8.566338408587989561e-03 1.570363666899946553e-01 1.835423101808874441e-02 3.476101054722380290e-02 4.456936793746027990e-03 4.131344628881736085e-03
1.703125000000000000e+00 6.934719823222273982e-02 4.844183390205541312e-02 2.421860780595125606e-01 6.352646474643565411e-02 6.853452662073565571e-02 2.134883860718735649e-01 7.583477735464887182e-02 4.035090992476516036e-01 3.228565943139188182e-02 5.216466606748372536e-02 1.735435293976432258e-01 1.588387344725330219e-01 3.331402274677021380e-02 1.520138293093075410e-01 2.232756406941425187e-01 5.928916934981844772e-03 1.111348461365076340e-01 1.808093364238811118e-01 1.953801431359351581e-01 2.579467758437199373e-02
1.718750000000000000e+00 2.593103688709034182e-01 1.025836280825914715e-01 9.392066068565604886e-02 2.320883087779711529e-01 2.317525693746721738e-01 2.350760576117115752e-01 6.713287910588715268e-02 1.083040988987782755e-01 4.596751005149276453e-02 1.037406740580725378e-01 3.855226454052473328e-01 7.337721097628363033e-03 1.291341034459720927e-01 4.701355321190817671e-01 4.136727707801307781e-03 9.030960225880940717e-02 2.845195048804038951e-02 2.213841953239573390e-01 1.380698843144670049e-02 3.449027038563620140e-01
1.734375000000000000e+00 1.383137039401264590e-01 2.319313342470252226e-01 7.791149715375388085e-02 1.808555324104592632e-01 6.937581198106929081e-02 2.292031917636435379e-01 1.182488857478163485e-01 4.684456902888852192e-01 1.071273671081267587e-01 1.093358319477465285e-01 3.754228865635711454e-01 1.511554756377898878e-01 2.433542640777518196e-01 4.928375332494487893e-01 1.629116262888342589e-02 1.524939014198275211e-01 6.888526629752782238e-02 6.701154811681266921e-01 2.144181159578648632e-01 1.317696786733407177e-01
1.750000000000000000e+00 1.034667292800965921e-01 1.372625390615415664e-01 1.384455627686958512e-01 4.017054253360314853e-01 6.234374461484810948e-02 1.692778641053419575e-01 1.909363284049393761e-01 1.344906966384807993e-03 1.171078850007584576e-01 1.880663110263318741e-02 3.077011489187229110e-01 1.065770951029326868e-01 8.825369582386449752e-02 1.220205412556232827e-01 6.063006162636003921e-02 6.622829220427516039e-02 1.211182329763685478e-01 5.536189000890329170e-01 5.901306991532383472e-01 1.467731225084701815e-02
1.765625000000000000e+00 2.722837661844764168e-01 6.678452881096505478e-02 3.114100949258014617e-01 1.388643496172909386e-01 1.168790105923085514e-02 1.642614267222713698e-01 9.959294521072950546e-02 4.245243126630716679e-01 8.572468584851924978e-02 1.489734949001152338e-02 3.223109138587336164e-01 3.091111111349841289e-01 1.915733767538239096e-01 2.194549185445170414e-01 9.251373259816481065e-02 3.540131846742868016e-02 3.463104275405109317e-02 1.677184540961232026e-02 1.072704396813489898e-02 7.481688954408782788e-02
1.781250000000000000e+00 2.215894916397026793e-01 9.464719802824755890e-02 4.346542003680027300e-01 1.434807105572889208e-01 1.398932139592184813e-02 6.627303002795179032e-02 1.945654570482096071e-02 5.683550103547049814e-02 1.581457171877359291e-01 3.477642087371936308e-02 9.648204469468868449e-02 1.018590339256457145e-01 2.328409313604511144e-01 1.179557967870328433e-01 5.373448664834893501e-02 1.245701314671925353e-01 6.891192591465309866e-03 3.488269605352733449e-01 1.821523104456893583e-01 3.435529065265965909e-02
1.796875000000000000e+00 1.514055351137455208e-01 5.694509858899365895e-02 3.171825127672440181e-01 2.180637708261790042e-01 7.009715637601554583e-02 6.822997893200290209e-02 3.846283258359216028e-01 2.383879018330852251e-01 1.471166996665366766e-01 7.729291607868990499e-02 3.473092972104006165e-02 1.251779728651083723e-01 8.666329185797372325e-02 1.411197756120020630e-01 7.959992503144451559e-02 3.117172880387600320e-01 1.150393419750690704e-02 3.913068869523741999e-01 1.661368621674556290e-01 1.716284991670081750e-01
1.812500000000000000e+00 1.170255351080158462e-01 4.510554952822189850e-02 3.600531766163673347e-02 2.492423686232400886e-03 1.144726113700051534e-01 3.248249320057313566e-02 1.368790961385892846e-01 5.800418253650889699e-01 1.721842329113425912e-02 1.442319190758896592e-02 1.487079345744021230e-01 7.664601545556544437e-02 4.752631212836182228e-02 2.035785374747172902e-02 8.329024233057266691e-02 2.693797599148921029e-01 9.142273641670808915e-02 5.136157986727332148e-01 1.191712705297606409e-02 3.323896862213817933e-03
1.828125000000000000e+00 4.584997252457680417e-01 4.734895649414080226e-02 9.414054121382547068e-04 2.160734619238141030e-01 2.150240326702496096e-01 1.773858048222627937e-01 4.166022961054342555e-01 1.594538603468448057e-01 1.467419068878089150e-01 2.062704341580736539e-02 7.794498868805088167e-03 1.005229242814642959e-01 7.929446024192491477e-03 2.621354762617992828e-01 3.237958081464044346e-02 1.755322286614451333e-01 2.650794278724458511e-02 1.301523363624995100e-01 2.582439940797451317e-01 1.855435591309091414e-01
1.843750000000000000e+00 4.996251003076777608e-01 1.131519734700659960e-02 2.640795230487494316e-01 9.318063170639448445e-02 4.527569564410277581e-02 1.832309257792198165e-01 1.669557847471845602e-01 1.814973552625427922e-01 7.610334153851279655e-03 6.153776906842626723e-03 6.506900826509019742e-02 2.058745648206631307e-01 2.854948408675255234e-01 4.642651245612130495e-01 2.513647185938793216e-01 4.545737541289465722e-02 2.821179786285996430e-03 4.887245919583781129e-02 1.048704116579853886e-02 5.876381763299918376e-02
1.859375000000000000e+00 2.552027798056231145e-01 8.529288579700571027e-02 5.658133915577784334e-01 1.610276938055561768e-01 3.045599660003722384e-02 4.702370089885030136e-01 5.983003698640582645e-03 9.906855984567929096e-02 4.362796246660575160e-03 4.568691005028389929e-02 3.791473407097704085e-01 7.280053275922092337e-02 1.320833322245064945e-01 2.593790483585389772e-02 8.156245026106620499e-02 1.203756518236914486e-01 4.902920150586720892e-03 1.213785033749567588e-01 5.720850754870383109e-02 5.760083980266939019e-02
1.875000000000000000e+00 1.394245401358554515e-01 1.226135632856860114e-01 4.328390483232095742e-01 2.021850439421453774e-02 2.499871498624628985e-01 4.087578191007482653e-01 2.624648240338728344e-01 1.908511646580806354e-01 5.511124741850154801e-02 1.356607229510633887e-02 3.773134745255686817e-01 7.633157875591049801e-02 5.163831511793882251e-02 7.860291824633876268e-02 1.722707059193459844e-01 1.207327823558418944e-01 3.103076914934075822e-02 2.768337148375729084e-01 2.162050010239390252e-01 8.129086201542995438e-02
1.890625000000000000e+00 2.013503656539007980e-01 1.245124249584061149e-01 8.417859160743459968e-02 2.221112917142410437e-01 8.277814194397971337e-02 1.193946536756225058e-01 1.294263954236797021e-01 4.883582603053219784e-01 1.731636660235784109e-01 5.287784746436949290e-02 2.901943397427717009e-01 3.057022068796660386e-01 1.145098246962198002e-01 3.688807821299708856e-01 8.586611956345918673e-02 1.192309312631310847e-01 6.298050110211793340e-02 9.642538304320212583e-02 3.845718278989957439e-01 1.074537655117844409e-01
1.906250000000000000e+00 2.822741234942028887e-01 3.471494980339726727e-02 9.133143150953924871e-02 6.254421594170488097e-02 2.393722950514409753e-01 2.246648458867474968e-02 1.319290697122573255e-02 7.512685430441197292e-03 2.575414637233587878e-01 1.688029515661205668e-02 1.724030145711537010e-01 1.216789042439246488e-01 2.705479415732652271e-01 3.583814590929174093e-01 1.768923854605638502e-01 3.503032591641232901e-02 1.857870981163132346e-02 4.297948695809640784e-01 4.232415570007052458e-02 1.178436489357437798e-02
1.921875000000000000e+00 9.950987884504476633e-02 5.894333541915821456e-02 2.959457903515024801e-01 4.841583299483531722e-02 1.487339273142533058e-01 3.896261669626054081e-02 1.034861252996372438e-01 2.740926734304116943e-02 1.090760801972618377e-01 9.736278652826434177e-02 2.740071606832745251e-03 4.478274958404407369e-02 2.705034256654957336e-01 3.838964738958431933e-01 2.674889415260166547e-01 7.011138145628113827e-02 4.571872442867152414e-02 2.163868772897420134e-01 1.566666685508571744e-01 4.104758686498563743e-03
1.937500000000000000e+00 2.464649941924513254e-01 1.246550224972024640e-01 1.863549160244309111e-01 3.085891655363008548e-03 3.784245328095322408e-02 2.126552629401882305e-02 1.599468821744623459e-01 3.050304373866528918e-02 1.007866205834025003e-01 8.465498546206923561e-03 1.769268906226107718e-01 1.720461993398344214e-01 5.773783386675269275e-03 3.208376099063477982e-01 9.736535431302191512e-02 1.336641598325442049e-01 3.563227464099069652e-02 1.749883714217161448e-02 2.291082827156427637e-01 6.365150510592233746e-02
1.953125000000000000e+00 4.156239424201793597e-01 4.146242616259801506e-02 1.180964240727862269e-01 8.618790693034363015e-02 9.404747180632584691e-02 1.044217888154673479e-02 4.938987520331548919e-02 4.886506023280789979e-01 1.457820115068846900e-01 5.717453407896311290e-02 1.438220721306346650e-01 6.158783588106268164e-02 1.249345170184137238e-01 7.233129056217354469e-01 4.006682470394075379e-02 7.346103360444727892e-02 3.248093568562264444e-02 1.867901536315459132e-01 1.929551711634013844e-01 6.670313810136565234e-03
1.968750000000000000e+00 3.265599678256477234e-01 2.875073839266918240e-03 1.574286449797700216e-01 3.767167494097535263e-01 1.598980770088660047e-02 5.884403700186935371e-02 2.741127787277122252e-01 4.310058911296454909e-01 3.226872920722665961e-01 1.034361258325125314e-02 1.781394576999253410e-01 1.877287721057921965e-01 1.900006049767396510e-01 6.593196474895497705e-02 6.091840873620685617e-03 1.611244116066465337e-01 2.453752912441013734e-01 5.923403897904592208e-01 2.854644000271486931e-02 4.448267928795734266e-02
1.984375000000000000e+00 1.762310503912251081e-01 7.413969144217180153e-03 2.678590795565598537e-01 2.214626520448034208e-01 1.132200429892564891e-01 4.315059862910663457e-01 1.140173911940376428e-01 6.705073886612842801e-03 9.900942100125227630e-02 4.454946428853893796e-03 2.646589954662519895e-01 1.128466923873104183e-01 8.458301226472600756e-03 3.696933358991212892e-01 1.467490771058116150e-01 1.352485576193867833e-01 4.130055379443342729e-03 2.090743531915022491e-01 5.967661961713278673e-01 9.273471659170744175e-03
2.000000000000000000e+00 4.352458773657331276e-02 8.931271498621540239e-02 6.323672787765081960e-02 1.933646466324137961e-02 2.021339288240418808e-02 6.324635479766476109e-01 1.421991401162670844e-02 4.328509065794009653e-02 1.869092604676425018e-01 1.505691986001420676e-03 2.205005049656136307e-02 1.991550991368009130e-02 3.815300532371318498e-02 1.762713396664074283e-01 4.495266843127301154e-02 2.130581302287818451e-05 1.743279974572359368e-03 2.670515311806474020e-04 2.119997851450111155e-06 4.208468098449809347e-02
