0.000000000000000000e+00 1.190661984160541580e-02 1.861171280839893083e-01 2.331903551235400274e-01 2.526272187587415563e-01 3.673179691824891568e-01 2.916957544973365346e-01 2.276642978056206135e-01 1.910144683413358135e-01 1.139957625173530359e-01 8.636102488620869821e-02 3.102617615917883931e-02 2.634305326815301052e-01 2.379467838958618520e-01 4.567936801975604720e-03 4.513039710577398944e-02 5.736603070580670490e-03 1.755669458023241258e-01 9.092244338548815044e-03 6.493410611083415551e-01 2.635544789832715007e-01
1.562500000000000000e-02 6.858391595500715199e-02 1.546282816103345704e-02 6.551959354895148246e-02 2.121534685299320822e-01 2.494753975664865120e-01 6.989373752933242256e-02 8.758854180142679191e-02 1.038163056934605505e-01 3.747140946462187427e-01 1.505275796458949433e-01 2.515038230607867242e-01 4.281102522137929939e-02 5.352495030713062818e-02 4.520245170136363844e-02 4.834291616784899825e-01 3.428145356919243825e-01 9.219102401557820181e-02 2.783306903613084748e-01 2.455296518985877474e-01 2.785427314418401079e-01
3.125000000000000000e-02 4.140898487744427148e-01 4.195250694569357952e-01 9.204652464246884658e-02 7.939757788392558246e-02 5.337198549929478286e-01 1.095653093316754367e-01 2.876318352436122439e-01 2.461300172596199431e-01 4.179876334947776190e-02 6.666763181864650278e-02 1.497832195765607666e-01 8.167833531121951318e-02 9.562102019266854880e-02 1.372102856312661934e-01 5.564541557662330273e-01 4.665796525077162832e-02 7.536138364559072378e-02 2.872010716668750574e-02 2.688652329892157050e-02 3.497216407514389114e-01
4.687500000000000000e-02 3.234572090949618395e-01 1.520319887990062568e-01 1.534595659375627974e-01 3.666106411775525431e-01 2.343917663509922922e-01 2.562098929669662239e-01 4.249342089946236967e-01 4.077242711187757940e-01 4.237783753657979081e-03 2.742719017763928235e-01 3.546203091379630523e-01 7.309801411848673713e-02 1.126141612012614285e-01 3.354263839757650606e-02 2.398748248053249599e-01 2.726204286070441421e-02 2.811283247050839207e-01 8.399836991884630788e-02 6.609447857112984992e-02 3.957124885091715116e-01
6.250000000000000000e-02 1.098816491980686705e-01 5.713385400821092697e-01 7.363646875206768250e-02 3.991844561592854945e-01 3.166707647696982431e-01 2.238305424291123502e-01 1.915935267082001514e-01 2.741809727721489787e-01 2.429870684581836582e-01 4.632178332884596128e-01 8.413524744830223057e-01 1.215668991099102536e-01 3.940063626120762774e-02 1.848247678636255609e-01 1.779100578507822883e-01 1.093298058583451193e-01 4.640327968413908155e-01 6.027375757376485232e-02 1.189783991680456454e-01 2.833472226290635887e-01
7.812500000000000000e-02 3.249163961808991807e-01 6.455928233783306824e-01 2.700317686137966230e-02 2.416341721516701013e-01 3.150073205837848889e-01 2.803926350220252162e-01 3.052220814404983384e-01 5.578448469048002956e-01 3.127466865124773343e-01 1.373822624014977289e-01 7.321384532745144336e-01 2.726160995974284407e-01 2.823213675270029935e-02 2.832603708605510029e-01 5.652291124008153034e-01 1.432401382500774478e-01 5.113660008818826652e-01 2.462849830914092333e-02 7.938483728563501540e-02 6.401100934744555770e-01
9.375000000000000000e-02 3.403666261224833067e-02 2.515061574475311312e-01 3.847430637593741987e-02 6.175687114149915891e-01 7.034062607103193088e-01 5.647434333608877290e-03 2.704702229854453743e-01 4.555328462990059779e-01 5.032589368918651829e-01 4.757443199837910197e-01 6.169200308250530895e-01 3.935890204981268847e-01 1.469499932585320023e-01 3.404458000428167153e-01 5.569771841779103116e-01 2.328363139007744720e-01 2.419966533924396979e-01 2.079989029006655554e-01 1.461153332510218561e-01 6.680575259828257506e-01
1.093750000000000000e-01 2.021800603968340604e-01 3.937565338775598223e-01 9.262781348083727606e-02 8.215186223539240329e-01 3.569320027149889829e-01 2.270764843241298570e-01 4.517418692493284094e-01 5.496384595896061098e-01 2.669990403830505010e-01 5.556472010993567245e-01 5.750082806840005611e-01 3.558809206632946864e-01 2.398424989358980963e-01 1.946139847381251342e-01 3.656399897274811850e-01 2.315868180300474088e-01 7.547672421054116114e-03 4.710509761996576894e-01 4.235587417075009076e-01 3.255754160333385605e-01
1.250000000000000000e-01 5.311118176725839746e-01 4.702885016449335764e-01 2.955640988535699343e-01 9.311847444286678321e-01 4.391589339896895816e-01 4.350850671698869854e-01 8.088782103092484466e-01 8.334766246648509513e-01 7.518785200714359629e-01 4.585192026899481132e-01 6.460405813865895963e-01 6.299153494497505834e-01 1.550124018569792317e-01 4.925842017577297671e-01 2.032840609930728071e-01 2.169859343983298050e-01 4.870562137918586498e-01 1.565960092548161486e-01 5.560005709332223045e-01 6.288035816059951433e-01
1.406250000000000000e-01 7.904534755340667518e-01 2.791400921858242512e-01 6.959704940954812846e-01 9.394052293888837113e-01 5.378013079553951581e-01 4.507835794540051566e-01 6.606088535067894396e-01 9.264747324090853997e-01 8.378803979396297619e-01 8.527873629273368117e-01 7.047956118359888222e-01 9.456037446721780038e-01 3.530555158552414752e-01 7.425230842788751451e-01 3.890158440535501083e-01 1.847815497814142005e-01 8.631762817583904512e-01 5.010610533596625560e-01 4.128047190592675775e-01 9.195107651321544617e-01
1.562500000000000000e-01 6.762570543986677896e-01 6.661679960546940116e-01 6.193910582719945879e-01 9.670984037520716781e-01 6.739649757587610202e-01 7.251404060940054297e-01 8.155948275030295846e-01 8.723260091626779955e-01 9.472803350624809937e-01 8.967590927014973401e-01 7.698433885095189444e-01 8.932223387082567356e-01 7.346510173804151611e-01 7.809840446668427916e-01 8.180492837810247053e-01 6.398331219237631817e-01 7.789669245974695233e-01 8.267955353837209698e-01 5.902582498829411772e-01 8.805816040500602515e-01
1.718750000000000000e-01 5.412645530594568655e-01 6.410956511679333225e-01 3.163849065129419325e-01 9.910079388732684347e-01 6.998136731312952774e-01 6.280383262343618433e-01 8.264991725649822873e-01 8.869308046289295921e-01 9.659476604434080738e-01 7.738815836886977495e-01 6.370212577108598229e-01 8.330407046713963481e-01 6.580423502837291494e-01 6.362194630482670421e-01 8.936229447711728779e-01 6.622947751836213426e-01 7.481128041686251340e-01 5.561251489084207966e-01 6.224130018717284329e-01 9.000972654128495121e-01
1.875000000000000000e-01 8.464677326879289643e-01 7.051599590337402912e-01 4.764697916861902471e-01 9.713398426413565323e-01 7.167930079529005738e-01 3.954329729084071210e-01 8.318839449657795537e-01 8.670927539169834830e-01 9.478464387789887757e-01 7.848851635399070048e-01 3.752318483146869221e-01 8.442587453399080788e-01 4.325572241891241787e-01 7.817589249037103505e-01 8.144306214288864476e-01 5.302403618243958228e-01 9.318061863283074731e-01 5.201169461916881342e-01 7.236864209450779573e-01 7.381499738158084911e-01
2.031250000000000000e-01 6.626358269823400260e-01 2.028159937626408948e-01 4.217482944605985828e-01 9.765619185800208379e-01 6.003399989573788842e-01 6.103058965699524885e-01 8.468529833870854784e-01 9.057104312674891800e-01 9.312522896284025631e-01 8.159336518015848361e-01 4.806138964635127131e-01 7.656987279321226803e-01 2.979991028886016524e-01 6.493055961145902666e-01 5.514519915381618231e-01 3.656447131533986372e-01 6.467470814062150630e-01 2.032122946408667641e-01 8.150226400089521928e-01 3.858449174369579793e-01
2.187500000000000000e-01 5.613202763357207914e-01 9.053973200882524386e-02 7.034326592753142871e-01 9.032712371893455439e-01 8.096252477270338144e-01 2.159762619074266088e-01 8.298668271654455753e-01 8.812221246869432756e-01 6.551181247161016463e-01 3.208384698380681299e-01 5.996909396785443658e-01 6.718536712575463588e-01 2.794732636700485440e-01 6.346665716653108191e-01 4.917526101838854413e-01 3.111255360278311621e-01 4.891048965756506495e-01 2.129113723694535665e-01 7.737595373972336876e-01 9.240767880661070466e-01
2.343750000000000000e-01 7.754461692781303706e-01 4.686264161107187576e-01 4.129763185417345550e-01 9.248309782288046677e-01 3.448621594925533884e-01 2.966657852709180809e-01 5.509632181945084417e-01 7.754046827213647575e-01 4.592291590061571283e-01 4.180594678109207374e-01 6.131566872372127275e-01 5.287459588098286645e-01 3.441012517950473026e-01 4.805633510254619378e-01 5.624663544109718138e-01 3.557161917091544168e-01 3.426221960008582479e-01 2.594909710702225092e-01 5.992482255956782522e-01 8.136710400874310745e-01
2.500000000000000000e-01 7.050223717744311669e-01 5.868221278058351371e-03 2.757579209796473529e-01 8.684865633947119745e-01 8.331438617478458264e-01 8.262151181658170529e-01 5.193278021330017813e-01 7.885727457842945931e-01 7.837478996372737594e-01 4.334327673406367931e-01 6.232597082783686293e-01 7.727113597893532360e-01 3.088791597395121324e-01 5.533559324914308908e-01 6.120303378823845897e-01 1.844451285891771930e-01 6.252022400936538826e-01 2.874799944123063722e-01 2.555384557511506949e-01 2.926066753134392018e-01
2.656250000000000000e-01 7.570419982464280384e-01 7.127407561477902553e-02 6.088268215139207573e-01 8.638896381163801985e-01 5.326455796149226485e-01 8.323424262472092217e-01 6.080302475889012292e-01 8.054777073227841200e-01 7.485929831275131008e-01 1.346300292935230791e-01 7.572439471653430454e-01 7.968316959278431977e-01 5.472451900638019007e-01 5.681369806575021775e-01 7.440578980272991583e-01 6.559289579323923647e-02 7.748749332478304108e-01 3.855107079053654573e-01 4.954591046172596713e-01 5.560784323788015016e-01
2.812500000000000000e-01 4.601190869515325299e-01 2.772469448994185348e-01 7.527711516669453040e-01 6.105834761450793513e-01 7.024979997878573190e-01 7.012919625347435737e-01 6.534447642963342462e-01 6.900212532732425963e-01 5.882918678516422251e-01 5.290951255189006996e-01 9.128094486028381915e-01 7.406143797779378701e-01 7.912765590668936477e-01 5.179115805212918255e-01 6.311597410064730962e-01 5.805979784137996758e-01 7.798194524528685445e-01 5.260161694761131823e-01 8.414950571336878848e-01 7.790675083649403199e-01
2.968750000000000000e-01 7.233995406777026238e-01 6.862466122789662171e-01 9.108688114890670651e-01 7.171557570584156105e-01 7.734385352933772495e-01 6.657709154537054808e-01 5.963190804551153912e-01 7.427776719727359200e-01 6.901417953875079725e-01 7.101788927596397460e-01 7.888090089170496366e-01 7.108657964719102829e-01 8.800330402624990667e-01 8.718794981350727058e-01 5.308108754390870043e-01 7.533851223315105594e-01 7.228696219277696011e-01 6.420127202746113149e-01 6.142076649852511450e-01 6.384993544537976851e-01
3.125000000000000000e-01 7.914381905427831931e-01 5.324285348081921887e-01 8.652181059847255939e-01 8.933642940785508912e-01 6.852239321730222432e-01 1.998380734661880653e-01 2.167017607548317182e-01 8.237248138265921282e-01 5.168124701783323172e-01 7.263709656055051811e-01 8.067792632211703285e-01 4.388921785084580751e-01 6.786686056462375438e-01 8.396869384127060298e-01 7.265195596672847644e-01 3.262128915283326047e-01 5.355936330017915248e-01 5.267812144968399002e-01 6.542067155373637588e-01 6.999489661227360493e-01
3.281250000000000000e-01 6.747895935227250508e-01 3.945932819999358188e-01 8.002449737313872824e-02 6.609977692913076019e-01 5.428902068626362265e-01 5.134591454094969976e-01 1.669709192975967205e-01 6.116665951900993603e-01 6.052988607953382338e-01 5.694359996020544878e-01 8.145384990230460920e-01 2.337143737458025616e-01 3.446916563776736275e-01 6.788458103756462858e-01 7.193179992392527700e-01 1.175665487212999676e-02 3.771902033043650349e-01 4.693750708722985165e-01 3.440662553035191418e-01 3.542370601176325073e-01
3.437500000000000000e-01 5.196493927586923744e-01 2.843430965020255288e-02 6.260231197760886268e-02 6.432545006342005323e-01 4.879858514981098572e-01 3.438958011012389626e-01 1.921344020252036544e-01 6.823460268145383756e-01 5.190912947543768752e-01 4.106341742535177253e-01 7.702544835037432591e-01 1.860897760159280767e-01 1.383958328219928591e-01 5.643054542351484404e-01 6.348219190351742647e-01 5.365630327564178265e-02 1.625904779285860247e-01 2.141958796019179101e-01 3.391997744432816431e-01 4.697725638406109461e-01
3.593750000000000000e-01 2.265531742116672076e-01 3.360593001920705869e-01 1.856989556652167417e-01 5.354770885171313832e-01 3.740377105006933434e-01 8.911935476092218422e-02 1.850846208984800734e-01 6.399586728676548431e-01 3.540265289294991513e-01 2.554252964492663147e-01 6.858181014213586835e-01 4.877507088873072605e-01 6.729406846539028042e-02 3.113346683010086435e-01 6.706296409872098963e-01 7.898851383214905431e-02 1.246792331202813131e-01 1.119481032156420530e-01 2.079202704996403472e-01 4.132373407716876113e-01
3.750000000000000000e-01 2.232811908185143579e-01 5.315657442394340626e-02 1.135272608105252767e-01 5.496708648255876906e-01 9.675836641161948345e-03 2.957452367862187237e-01 6.055206765354078507e-02 2.200043514301321113e-01 4.260192658792135711e-01 9.631575239098316699e-02 7.005572171679513849e-01 5.462300856415693850e-01 1.394757353875852694e-02 8.091979334396301460e-02 3.876342516791042025e-01 8.205238921999451207e-02 4.767451271425323517e-02 9.448335572100907687e-02 6.587728737893451363e-03 4.105847695223605043e-01
3.906250000000000000e-01 2.406789389453380668e-01 1.279324224287643752e-01 1.762254925811645445e-01 3.349806495936321626e-01 1.307504313317520983e-01 1.549686242463178820e-01 2.199840715269626296e-02 6.136875943473659722e-01 1.123468768814226554e-01 1.600763598376757080e-01 6.572041505465902045e-01 2.686259298590668587e-01 1.123099522747384171e-01 4.166826151890131169e-01 6.108165706298800401e-01 2.012624299929930971e-01 1.323401427004360364e-01 6.884732689988251608e-03 1.416864709797258613e-02 1.579312155838775156e-01
4.062500000000000000e-01 1.425048207166429715e-01 2.105589625445846574e-02 2.681174515566444594e-01 6.969057438779427405e-02 9.856952936947198374e-02 5.975462248114625508e-02 3.961414726511063022e-03 5.202969071363107156e-01 6.681289769927045220e-05 1.222899067037335474e-01 3.624569949707306948e-01 2.423342171222981900e-01 2.179865328170514371e-01 5.162903704344965483e-01 1.144838402163275842e-01 4.444659027904361848e-01 2.526760193339081528e-01 2.152954256671391065e-01 2.781612959074721281e-01 9.994953484393688525e-02
4.218750000000000000e-01 1.727187719044629421e-01 1.504782927940935544e-01 4.663520901001724783e-01 4.243558061938864506e-02 6.639080653523302677e-01 2.506523807467856968e-01 3.814467506852733947e-02 1.956651725056389457e-01 1.900198225022199303e-02 1.128667843011272737e-01 4.250204156580941750e-01 4.326626012898243667e-02 2.769958205966575049e-01 1.773939730930233216e-01 1.089620350636029966e-01 4.466372430099530000e-01 4.568897997871714800e-01 5.035724616033557810e-01 4.663671784795397901e-01 1.334668207050024868e-01
4.375000000000000000e-01 7.229415319698467846e-02 1.296245606357355751e-01 4.035248269408655414e-02 5.166697975738591964e-02 1.038835230042770286e-01 1.106521186368719656e-01 4.606855074536634898e-01 4.782322260837865158e-01 2.378784513363060293e-01 1.319523265256223321e-01 7.041426868243949588e-01 2.166542785584930353e-01 1.764769556365432812e-01 3.171830618641722777e-01 9.321348640749180237e-02 5.481315108960345128e-01 1.363237313332779921e-01 7.862227797666820894e-02 4.595385734626797336e-01 7.093923677517664783e-02
4.531250000000000000e-01 4.377290778300283597e-02 9.320095065846187299e-02 1.020185663602592857e-01 4.931166929799308818e-01 1.202670560176782033e-01 1.787744000563748770e-01 5.500909554164534754e-01 4.058941494794864879e-01 5.473536276353839769e-01 4.075074506562806342e-02 3.264038094452637040e-01 3.153076437293210188e-01 1.250303054947957404e-01 9.180565852889137910e-04 2.990264797850496897e-02 2.344777813218701934e-01 3.255681499747021396e-02 2.391931401719670780e-01 2.211535601357774161e-01 6.877155637618351247e-02
4.687500000000000000e-01 5.055257140639363156e-01 3.493269318649370181e-01 1.312209143656682953e-01 7.310228802369146683e-02 2.128660174289286403e-02 8.395626441044436866e-03 3.975466844325283855e-01 2.728262219328312366e-01 7.523867586937128815e-02 7.528550518800902758e-02 4.301169110609794899e-01 2.961740921007308125e-01 1.670489652667263292e-01 8.647780403056805343e-02 1.569901578264317199e-01 1.242834658135208298e-01 1.096565220678938531e-02 3.248019653033450971e-01 5.897536239516836670e-02 6.663798754284352976e-02
4.843750000000000000e-01 1.719911373112733288e-01 3.299722650339118046e-02 2.573461332390747369e-01 3.172632834736108243e-02 2.386511673779721510e-01 2.308940672008550354e-01 2.137947827448589619e-02 1.041259119905050268e-01 2.010878436314751105e-01 5.236349848233561310e-01 2.295849147630400766e-01 8.903596212029922519e-02 3.102053656142232940e-01 1.607269990422512396e-01 4.233668779585003650e-01 2.350805896345633805e-01 5.697978066523288199e-01 8.813844074705490250e-02 1.824892015387152011e-01 1.852769601102088048e-01
5.000000000000000000e-01 3.552848901340176918e-02 2.480627178293304536e-01 1.279457579802101563e-01 1.049139184333311853e-01 1.579437517878908709e-02 2.898767277718425350e-01 1.790294805667579647e-01 6.221286591532833483e-03 3.964531709942562543e-01 1.220565584922789354e-01 6.264926377460613982e-02 1.737110696917114616e-01 2.100406965178942265e-01 3.368597426483602858e-02 1.286852382253734772e-01 2.231956044820725960e-01 1.125464859584726501e-01 5.285939123824803104e-02 9.633050990617486598e-02 2.566010049562069129e-01
5.156250000000000000e-01 4.389463182412632891e-01 6.332503411810064264e-02 1.650687201358816136e-01 8.419113557337214171e-02 5.657884175511041641e-02 2.956900532237159429e-01 5.193713650714133767e-02 1.477387298985962938e-01 8.480191823800545259e-02 6.249901701659744679e-01 8.432118238414311462e-02 9.687360010494156654e-03 3.209563582382713998e-01 1.023600222709765001e-01 2.259243891817616368e-01 1.617523287863963655e-01 2.409108136977237136e-01 5.455063173514233810e-03 5.415121932009527017e-02 3.385904287985229133e-01
5.312500000000000000e-01 7.849922343179421835e-02 1.414356207031395030e-01 8.833891273714232495e-02 1.863248300215777226e-02 7.722825966069563064e-02 1.943565538415809590e-01 2.526984021928748714e-01 4.589695379391507957e-01 4.451362189699963751e-02 1.197116262752051102e-01 3.204639452229235408e-02 3.839446522310356602e-02 1.096277328497726432e-02 2.516884907766066271e-02 3.165228554180885695e-02 4.471401132879653656e-02 8.315675782526040730e-04 4.750171606063590540e-02 3.953515994017253732e-02 2.895785871965849689e-01
5.468750000000000000e-01 5.476641922039336696e-02 1.569399771363952090e-01 6.370109790291644813e-02 1.365052997947645008e-01 2.069666865835493794e-02 8.260629975509686806e-02 3.675303469548333868e-01 2.727365930707669195e-01 1.065318259889747321e-01 6.316339536962875534e-02 6.701538946580053169e-02 1.160694062360755480e-01 7.656151696520227534e-02 2.277872646024431402e-01 8.168635642777799521e-02 1.123817519820279609e-01 6.111341475029047343e-01 3.989567711735678146e-02 4.130243780734801223e-02 1.535226889077497825e-01
5.625000000000000000e-01 4.482582689970523310e-02 3.663604840112805738e-01 1.082677432786990496e-01 9.043836766409162065e-02 2.485536233974396381e-01 2.862193678702670829e-01 2.638691527897911171e-01 3.271388379670860380e-01 1.711769699732359207e-01 1.841587979416063267e-02 2.658279588999535314e-01 4.650378818187562990e-02 1.015619647629240480e-01 8.275376135893555696e-02 8.807987286603637112e-02 2.892908530448873305e-01 1.678786361541070027e-01 3.837168104813624275e-02 1.941173337966049794e-01 1.475977986367704720e-01
5.781250000000000000e-01 7.714727237923359182e-02 1.310294526085325484e-01 5.283802333755781983e-02 1.677086751129749920e-01 2.941920416300959282e-02 4.384377031660552371e-01 1.175071411184743370e-01 6.249192544299267960e-01 1.391374991446195884e-02 8.545867157850663143e-02 2.192942653925029628e-01 2.106038694075542533e-02 1.372615986550384526e-01 3.062181924441793601e-01 5.490310718276485147e-02 2.779942155786243596e-01 1.268037799606954452e-01 1.333706664360417293e-01 2.252976431185480521e-01 5.073167845956729760e-01
5.937500000000000000e-01 5.124311551847562374e-01 1.750089999470308758e-02 1.578708765119863147e-02 3.916120163314806835e-01 7.840490869467243995e-02 7.262344861476749402e-02 4.477809772989978232e-02 2.805299784203859614e-01 9.792622982222453504e-03 1.976037730845427443e-01 4.576195504390860591e-02 5.613482791055031118e-01 2.118077571026586725e-01 6.476963301536550754e-02 2.921976832439885929e-01 1.611945232793530591e-03 2.393163699653771681e-01 3.258479394338043567e-01 4.188663915913026087e-02 5.370330051726660558e-01
6.093750000000000000e-01 1.668855702363835347e-01 2.347226559225697173e-02 2.823596241283664598e-01 3.485770112095658568e-01 4.314318155485172834e-01 3.428382012868492514e-03 1.361447108925111782e-01 8.047915699108712517e-02 1.845379432618618476e-01 2.684036081294247644e-01 1.041916806403067053e-01 3.324609447091861902e-01 2.713157939124524048e-02 3.227592365428150756e-01 1.563720756538592993e-01 1.028307927424885748e-01 1.112723137993377048e-01 5.385680574536756693e-02 1.672152442851609910e-02 7.144952081445028746e-02
6.250000000000000000e-01 2.614060053274541717e-01 1.778503244521918436e-01 2.056273765151902522e-01 1.186158679803845373e-01 1.217477053686597810e-01 1.046433306197973867e-01 2.813690465319469355e-02 4.063656446514178622e-02 4.406762139827403169e-01 1.785485181635487750e-02 7.347905389413837696e-02 1.378584931793128965e-01 3.739279861390908122e-02 1.838442448056611944e-01 1.026095837601355976e-01 3.193850285656095467e-02 3.296813503689655644e-01 9.495500118858613003e-02 1.622901390633472649e-02 3.477798486071553286e-01
6.406250000000000000e-01 2.143244568141663420e-01 1.360539636044137413e-01 9.532194933866634107e-03 4.177561330461419808e-02 9.155672243582482425e-03 2.705853326483781060e-02 7.832824622802746217e-02 1.812112073950149227e-01 2.170358145186939147e-01 8.335804262459136499e-03 5.268635927836698984e-01 6.992326463371895118e-02 1.462894451697431542e-01 5.407718490436641545e-02 1.250992768123413701e-01 5.785782764935544498e-02 6.991641058880895820e-02 6.654385119365450975e-04 1.405375218243403723e-01 1.727719358743556033e-01
6.562500000000000000e-01 3.542512039138109858e-01 1.001590365547447431e-01 9.705686664919052631e-02 2.325297769139611503e-01 1.513541909308438113e-02 1.578054025409994232e-01 4.320994553658923792e-02 2.261469770648489308e-01 1.425289497036804492e-02 2.223133401503240569e-01 5.125385057289409962e-01 2.176576486772657248e-01 1.038834234177264670e-01 2.262050804996301734e-02 6.860373828271398855e-02 7.615195692072378175e-02 4.417476613061857016e-01 1.898671889653551215e-02 1.767840079117771468e-01 4.237872806102685463e-01
6.718750000000000000e-01 2.003421968924651575e-01 1.968072917994070914e-01 9.413049031398584843e-02 4.852692908702774255e-01 3.666329760916152147e-01 1.006215580523922987e-01 4.290603193806469262e-02 2.037721738914842762e-01 1.613482705742560336e-02 1.274933927443914761e-01 5.648683637798043167e-01 2.921409997404864067e-01 1.081957840859344017e-01 3.744009636806723551e-02 1.126648516301588659e-01 1.271967727797607695e-01 1.915200680581654324e-01 6.020786756007538015e-02 1.248670114850736340e-01 5.676577399319523431e-01
6.875000000000000000e-01 1.713078196336353942e-01 2.041145724491338631e-01 1.965102071701466946e-01 1.172477037228641938e-01 3.217109052192256846e-01 2.937796485690171155e-01 2.475323208760984162e-01 3.400626877432333384e-01 2.342257654899287667e-01 2.745968230950579514e-02 4.541702405143925869e-01 7.639004897033947750e-02 7.031369009347303300e-02 3.406064666737625424e-01 5.146213775339938262e-02 1.052382693705644461e-02 4.052343823422879798e-01 5.624949438158063919e-02 9.881080275540127245e-02 3.608236377642262682e-01
7.031250000000000000e-01 3.608304528980436077e-01 9.270110660708678896e-02 1.231787285376108043e-01 1.095897990920663284e-01 1.457316985186787039e-01 6.344773845959965630e-01 1.065772571553377929e-01 1.233955453219764409e-01 1.391961685179540775e-01 5.046272328338906495e-03 3.725017865099599090e-01 6.769685326045114804e-02 3.646712096815824672e-02 2.052607047857007427e-01 2.388826153225865889e-01 3.097455387655274894e-03 6.658598926504588275e-03 1.278921591061879248e-01 1.133142542998555047e-01 4.399198195202665973e-01
7.187500000000000000e-01 2.453738881644883241e-01 3.663677858753241340e-02 1.689579372701443261e-01 1.780690326562803238e-01 2.364332076948581218e-01 5.955185406160103945e-01 9.100831002992326724e-02 2.995670221830299979e-03 2.325645698747392798e-01 1.766457228012120045e-02 1.584350784228086007e-01 1.774078392379773716e-01 2.173897987231842022e-01 4.863901922372629305e-02 4.214579949232520883e-01 5.347092576100065560e-03 2.129932375511696674e-01 3.354064661221280164e-02 3.133671564205020021e-01 2.176442124598696945e-02
7.343750000000000000e-01 3.284002456457961738e-01 2.077584087091645937e-01 3.154332227747246309e-01 6.465645698110075723e-02 1.500649645160216650e-02 3.592403360674679691e-01 1.761571611746590993e-01 7.129635127799383021e-02 4.005914980541049886e-01 1.776905859832848267e-01 1.920227701856000724e-01 1.383442652164930675e-01 2.313267388750187281e-01 1.414120273718250664e-01 9.873150469702493548e-02 2.970622918991156977e-02 4.699250536860603011e-01 9.646454191330289252e-02 3.045572436932022509e-01 7.238722541103419228e-02
7.500000000000000000e-01 1.156982700547673770e-01 8.731737609636877270e-03 1.203323635618004372e-01 3.021562098295796917e-01 2.535269316713998355e-01 5.244341170000161451e-02 4.271537733695759259e-02 1.966674160439459973e-01 2.116714319015661483e-01 1.385778293572315356e-01 4.747256471014882351e-01 4.032487384529398478e-02 7.886694104485376944e-02 1.541046330347989107e-03 7.153251389888430622e-02 4.566856260803521528e-02 2.342656208636568760e-01 6.062071262055987453e-02 4.780057194833132322e-02 6.385226871820565142e-02
7.656250000000000000e-01 2.456719436282993330e-01 2.800169804050988698e-01 2.913170483240527520e-01 1.769102954408286743e-01 1.022644271772243929e-01 3.950585230008042403e-01 3.860223285825660489e-02 5.380686066354216646e-01 1.917299093886765671e-01 1.405246591128636591e-01 4.670038903480987491e-01 1.437058135729055997e-01 3.347624110644439877e-02 1.171069935729016631e-01 1.726972601544940478e-01 1.115601296916560320e-01 1.888317292151956428e-01 9.788065245568013106e-02 6.166561413496021021e-02 1.912974147859647644e-01
7.812500000000000000e-01 2.150578214319389669e-01 3.413044039377679528e-01 1.213737376820033104e-01 1.009417564898434094e-01 1.591364516349942360e-01 5.516973984283390919e-01 2.317614564032716706e-01 6.168634105051078453e-01 8.368523776937193681e-02 3.794337046834909133e-01 3.985996487837509261e-01 4.624346759027925247e-03 5.069787871966296988e-02 3.647375931958223294e-01 2.002596576745849580e-02 1.152666065889868807e-01 1.681587098919634649e-01 3.411447613184724528e-03 1.370199883516217965e-01 5.990109133734569102e-01
7.968750000000000000e-01 2.841859406175908931e-01 4.928652600743847409e-03 6.843315344267836275e-02 3.965805011576511996e-01 2.672907096444695693e-02 2.478576157696027737e-01 1.105200651695340403e-01 2.652558728633383489e-01 1.622964565660278968e-01 5.616705563011128444e-01 2.576182308525051812e-01 5.842392163899684521e-02 6.741966905627080897e-02 1.056107196327228936e-01 5.314197705397583071e-01 4.582835477729534090e-02 2.373807558292587161e-01 1.991248806776151903e-01 1.003639223970514693e-01 1.555197282456229901e-01
8.125000000000000000e-01 2.412311975983849888e-01 5.511481962297608977e-02 1.127036349435210499e-01 4.625734930069434932e-03 1.148312096232798341e-01 4.249932776821936375e-01 2.347390537935590549e-01 9.274910257444840544e-02 3.300747073392251707e-02 4.750044011838166491e-01 1.857413108783258215e-01 3.559170335437045890e-02 3.796219290592112855e-02 1.075668795604565325e-01 2.715492750295956936e-01 2.478425189948884819e-02 4.857725059268080264e-02 2.054441093441655153e-01 4.801142050915287868e-02 5.970100114668375202e-01
8.281250000000000000e-01 2.095920666851172273e-02 2.143304150702624380e-02 8.228926996296447027e-02 9.324004411348829624e-02 1.484031543807685094e-01 2.749809913849533549e-01 1.585827561878312697e-01 7.452373089469090106e-02 7.393099591176330310e-02 4.670531004096036276e-01 1.218944821834013446e-02 5.303796834709480212e-02 3.295610667098135965e-02 1.639618964075075652e-02 2.250334123295028299e-01 1.321758341358343636e-01 2.703677210344896387e-01 1.279132603530416801e-01 3.858564092595717643e-02 5.700438994065516463e-01
8.437500000000000000e-01 7.412447790649829837e-01 1.096014212187768587e-02 1.079527355160506130e-01 4.876224619507587565e-01 2.062379961322876043e-01 2.184345058946370322e-01 1.475918621699055799e-01 6.671386336220587465e-02 3.982804952957775396e-02 2.559899708461850221e-01 8.160059801288066517e-02 8.631500262399138812e-02 1.940699729940446525e-02 5.286225833915751682e-02 2.073284625949186610e-01 2.509572422503028033e-01 6.512898287274002107e-02 3.716055047369596319e-03 2.231466614472088217e-01 4.426068270503097368e-01
8.593750000000000000e-01 1.875596323356341216e-02 2.042190109199377296e-02 1.389500960292675280e-01 1.705174196098425410e-01 6.261405594909190409e-02 1.177983879443843945e-01 1.361552839244107097e-02 6.925073985912788554e-02 4.881000386099060284e-02 3.267218978568079413e-01 1.905351124054796286e-01 4.317581091448787628e-02 5.981391161692971303e-02 4.818368059531667053e-02 2.186171808100425829e-01 1.905296479087689732e-01 5.273214568184264595e-01 8.056732868798560654e-02 4.579195145759131780e-01 5.982201875758079712e-01
8.750000000000000000e-01 8.654788516800628051e-02 7.323755625132319369e-02 3.013224999472083332e-01 2.932691389122869113e-02 2.950980077042238969e-01 7.860432277741419282e-02 8.805336336260405350e-02 3.046529905568851060e-01 4.433272433177127235e-03 6.265937229604859326e-02 2.465881422925033095e-01 2.885165043946420482e-01 2.713873601405833100e-02 1.396703052012462087e-01 1.024324376867560282e-01 2.457777405010643235e-01 2.996330476541966825e-01 7.260969192689491203e-02 4.242116502324136396e-01 4.675983811152563674e-01
8.906250000000000000e-01 6.236549446942970393e-02 2.044580461331879997e-02 4.271002766631241954e-02 5.588547203485905168e-02 2.645965756913867262e-01 3.638092003990167078e-01 5.134555174998716165e-01 7.151461484022008097e-01 8.120645435382196908e-02 7.798026562304469222e-02 8.212562743015131006e-02 2.473020244372794441e-01 9.128963999971716203e-02 1.300552811100573990e-02 9.304792936692161953e-02 1.981147632300395978e-01 1.957683450783776202e-01 1.113652330569090895e-02 1.430046955291033317e-01 2.401601703438605365e-02
9.062500000000000000e-01 2.490166013296234160e-02 8.488886939637115686e-03 2.479490778439045681e-02 1.106986698407513370e-03 1.355019604354625318e-01 3.070760392105274517e-01 3.461140214266153481e-01 1.932643842875375051e-01 2.646255586559981277e-01 1.836535374154256717e-01 1.999539650863441653e-01 3.283211823832629661e-01 4.216605165446404291e-01 2.197527764922093951e-01 7.359001481710282511e-02 2.900340558966583160e-01 1.545535083748496019e-01 4.882499438205678555e-02 7.934900081854148399e-03 3.663788253143763773e-01
9.218750000000000000e-01 3.936707631771934057e-01 2.769107384086192530e-02 9.298012287488378186e-03 2.804215440173936091e-01 4.773265523769012336e-02 2.264699300106258750e-01 6.581364701993025479e-02 1.320612910524605610e-01 8.727380501563920812e-02 2.228728143061209088e-01 2.191516374236197606e-01 5.373779078770676843e-02 3.011296111725564884e-01 1.014148139015269914e-02 3.489632743956724847e-02 2.624635195013086397e-01 3.052819228447324340e-01 3.995881926745371154e-02 5.133537896019705477e-02 4.266953982547351185e-03
9.375000000000000000e-01 1.825767532149285000e-01 2.220903381496424633e-01 1.566421615354908481e-01 2.559622716169925039e-02 1.873369377954527126e-01 6.583267441872459047e-02 1.322137608059156810e-01 7.914136585860703788e-02 5.229486334915550011e-02 5.935011673498950813e-02 6.246515754937623788e-01 3.159191426840321504e-01 1.880345044040531988e-01 4.119638968747589558e-02 4.603939533826611336e-02 1.560533450760647756e-01 5.656229291631624523e-02 1.721625239081753522e-01 3.922910191508174882e-02 3.175810748859605459e-01
9.531250000000000000e-01 1.822479247327727092e-01 8.685290506211096329e-02 1.377607836791532314e-01 2.044044358990082799e-01 6.247481535800653019e-02 1.803406791966789824e-02 8.101784975222556251e-02 6.471247345909833526e-02 6.034601568312787656e-02 3.324387579411326454e-01 7.048990628005115111e-01 1.058571113588702983e-01 1.537436552749012475e-01 9.827005052938590779e-02 8.887939635873222388e-02 7.624701325685714903e-02 7.793458316539390862e-02 3.177301243675491604e-01 2.294298850502593246e-01 5.755652122917673807e-01
9.687500000000000000e-01 2.635167375328836825e-01 1.269783838734785120e-01 2.360485268301234368e-02 8.831544187640349985e-02 4.231182479170746413e-01 2.398556773112868745e-01 3.086436721837165428e-02 1.381872845250213810e-01 5.578998170851831757e-03 1.079051617780508593e-01 4.640929561926758207e-01 3.749361050262041140e-01 1.579264483907909800e-01 1.128960495107849960e-01 2.707124302640261937e-01 1.942001286460689341e-02 1.960125942062425630e-01 9.312696252974685118e-03 1.303266922880090550e-01 2.291914583241207726e-01
9.843750000000000000e-01 4.524541888452026650e-01 1.608265596501587402e-02 6.577568461318633597e-02 8.611009068281401391e-02 7.295673768695182249e-02 3.687670300510865751e-01 1.583300393146785598e-02 7.641028394585940020e-02 9.010828658999969418e-03 7.034314596910180850e-02 5.114045514314802254e-01 3.117195065987367619e-01 1.188253141736339002e-01 2.341177369274528852e-02 2.132170028513473148e-01 2.198026295762707180e-02 7.648009844608706642e-02 1.170119747133311072e-01 2.309927607573455596e-02 4.084362852160636215e-01
1.000000000000000000e+00 2.896516113481910626e-01 1.502064511801028956e-01 1.272788695768953815e-01 5.168275213669956680e-02 2.383325584523255936e-01 1.790681641225867482e-01 3.058343719079349432e-01 2.868124201593068735e-03 2.710050651413085671e-03 1.572463979345475327e-01 2.883839044321794276e-01 1.099827429211879121e-01 9.201731269470118935e-02 5.624085734587058044e-02 1.099802596104813429e-01 8.180801504944412716e-02 1.911624311051180192e-01 2.652397064837633822e-01 8.512964163175650023e-02 4.528550448547232210e-01
1.015625000000000000e+00 2.088407983299324089e-01 4.826582871199115998e-01 2.586213870446547602e-01 2.927156156589560410e-01 3.587647066876552271e-02 2.699510926521754561e-02 4.192282035529498185e-01 5.471466824512169480e-02 5.415739979370361168e-02 5.321998187171511630e-02 1.503989347359342144e-01 1.038578596548527938e-01 4.164035967118872444e-02 4.221072765888782274e-02 2.081032847021216103e-01 1.938376966238191113e-01 1.196245476246397266e-01 1.442177337988314045e-01 2.198075533389293734e-01 4.726909941352628874e-01
1.031250000000000000e+00 2.236439708252113689e-01 5.750258381715063483e-02 2.056864750994114588e-01 3.835668063844445766e-03 5.874929399525435220e-02 1.197632252389548152e-01 3.131259078311330896e-03 7.939143434751676220e-02 1.857652851720431875e-01 1.108882353960639333e-01 7.168404603693800947e-02 3.076351716694201710e-01 2.056644799435176918e-01 9.600466369223686772e-04 1.129632907591863328e-01 2.219464815558093440e-01 2.076349928401384839e-02 9.882354762684711705e-03 1.515897929772664354e-01 3.125644856829276619e-01
1.046875000000000000e+00 1.898848195760471647e-01 4.762683834522674770e-02 1.198156337449556991e-01 5.756505268193557942e-03 2.979286246624608392e-01 1.549338066963854843e-01 1.791518334949128155e-01 6.260584632760492207e-02 6.772965393686093682e-02 3.516326009512600517e-03 1.233584161848572981e-02 1.302681296404689937e-01 4.550640676381005612e-02 9.878539034123290374e-02 4.519274504226231115e-02 1.011058813526723166e-01 5.890832566120057096e-02 1.378648117429179809e-01 1.151681310355473359e-01 2.021035011593795283e-01
1.062500000000000000e+00 5.916374583491530448e-01 1.019367123443631756e-01 5.933926933504161255e-02 4.352238226383816494e-02 4.663476220590579563e-02 2.388284990251782203e-01 3.147104728554848685e-01 4.368562582461518046e-02 1.571858525139830905e-03 2.217425857628166908e-01 9.752185324467275984e-02 3.479525601154295072e-02 1.642706806389944707e-01 9.165168225206210550e-02 2.688965069647757944e-01 7.652570309906475687e-02 2.567479334770714910e-02 1.117390683236689913e-01 3.332560692308946318e-03 4.885745573580770884e-01
1.078125000000000000e+00 4.453500485448371182e-01 4.383178496801703322e-02 3.473167215030539823e-02 5.988685063839414846e-02 6.961722146551110879e-02 3.236897188940379144e-01 7.582956865766478545e-03 2.043467191493613944e-01 1.247379841841466663e-01 5.655280633838743326e-02 2.383000750041357751e-01 1.505378244071622629e-01 2.695121687654099540e-01 7.083285543432504654e-03 9.750874363385297894e-02 1.531003081665599161e-02 3.416107047987902989e-01 9.044292278329078838e-02 5.469285276998514522e-02 1.758480373216591286e-01
1.093750000000000000e+00 1.893432010005046129e-01 7.480698265060434574e-03 1.375609319016552201e-01 1.250376181509810225e-01 1.272463565472768121e-01 3.855927974716055057e-02 3.439789355281311911e-01 2.212923845912509735e-01 1.008725642359369901e-01 2.345151413169907217e-01 2.015739605687406621e-01 1.837537010379143021e-01 2.483802527593313714e-01 8.306015931570782940e-02 2.439672330376349840e-01 7.593247662075123042e-03 2.563576158566405194e-01 1.708206431922981022e-02 7.102822199265627912e-02 3.077948334867460778e-01
1.109375000000000000e+00 2.194531540194203934e-01 1.542769452176823153e-01 1.301329297686512065e-01 5.553696066125382406e-03 4.026124812985955315e-02 3.369516994157483736e-01 6.895268270958406776e-01 1.684414533920335078e-01 1.609441885656091031e-01 2.199257290939696241e-01 4.046514659914582923e-01 1.712887895343203487e-02 9.478424435722314356e-02 3.843221422542873050e-02 2.321245992916450562e-01 1.449557899871815563e-06 1.990978554470848594e-01 1.688950516823496950e-01 6.272008821973192039e-02 2.194925026999989814e-01
1.125000000000000000e+00 2.320665415968172218e-01 2.391807902187493562e-01 4.687259059493092267e-02 3.022328694630380674e-01 2.944950548156282655e-01 1.317432122804089722e-01 1.517540938333122175e-02 1.142143303925264586e-01 1.927408348782070138e-02 2.799794476391250786e-01 4.601241490355215125e-01 6.299597850779657671e-02 5.065929409550513213e-02 1.339674409724828652e-01 2.280713932152284365e-02 8.202813269590757475e-03 3.248968591346127477e-01 1.631485253988079753e-01 7.282025238143412238e-02 3.541176529024630537e-01
1.140625000000000000e+00 4.704329338138873440e-01 1.575197679008131235e-01 1.504301497075651306e-01 2.204431831706363532e-01 2.802200783942321305e-01 4.540676580168696852e-02 2.200335632500052124e-02 1.437100432348649426e-01 7.938024035209008400e-02 5.361859451371068230e-01 4.127933530012364294e-01 6.968317635162021850e-02 3.138958470040474624e-02 6.416727701778118798e-02 9.674251681685000492e-02 3.173758166070904385e-02 7.586219362293680248e-03 3.659811196118539778e-01 2.141580187084660483e-02 3.081479957606178544e-01
1.156250000000000000e+00 2.015552770001837746e-01 2.948500288434463545e-01 6.760799988350944117e-03 2.676631568321404253e-01 2.120520810988562321e-01 2.274927012907579094e-01 3.430857506900421294e-02 2.469727661595847168e-01 6.408458784929570162e-02 2.434421585853803749e-01 5.337893064265245568e-01 1.999648212376289175e-02 1.615860474386019222e-02 1.148990963590414416e-01 5.816646395285530735e-01 8.945949558758023445e-02 2.526779231559187489e-01 5.790816345900842016e-02 8.357062264070438951e-02 4.360946300695928146e-01
1.171875000000000000e+00 2.269468768019694549e-01 7.663106799522581558e-02 1.745024966535764499e-01 1.402657809538847278e-01 6.607008887633295524e-01 1.491180169480404993e-01 1.756566155972037399e-02 1.493230821884320436e-01 2.263304528001890831e-02 1.231269009252301677e-01 3.025871376599444940e-01 1.413912877529833745e-01 2.218343153338065289e-04 1.477060082376901728e-01 2.475067007427426136e-01 1.058121595901005269e-01 3.550210649587583894e-02 5.063113322303725017e-02 1.685306458456852299e-02 5.196735317487054528e-01
1.187500000000000000e+00 3.414549268360743128e-01 1.037107571890692401e-02 9.654801695854715871e-02 4.230481854120038410e-01 3.131973379429774940e-01 5.319860085297456465e-02 9.866202217267652785e-02 2.709269664002375566e-01 9.785975973952108775e-02 1.172887378837662031e-01 3.418490273832573527e-03 3.792518400749408242e-02 8.445850170866579798e-02 4.036386199394462193e-02 1.130621008505641456e-01 7.655224664624529773e-02 1.922755973790976625e-01 4.860633307324096347e-02 4.841935798268159376e-03 1.818097442048019763e-01
1.203125000000000000e+00 4.888130296441178801e-01 2.684462121924993672e-02 2.732368388105723689e-01 1.625829361654958505e-01 2.150978195222677247e-01 4.617758244719398497e-02 1.734828380564873429e-01 7.762081660841203823e-02 8.358010395108428359e-02 4.855907667587257004e-01 1.081284892782323481e-01 1.055780162193235699e-01 9.267522429901527137e-02 3.992227510502542598e-02 2.383681246828777966e-01 1.668017435798458542e-02 1.013115347001027622e-01 1.008293149498070279e-01 5.660706244875794713e-02 2.782551689745493828e-01
1.218750000000000000e+00 2.999113868808117589e-01 7.067684077650056296e-02 4.542382779346670202e-02 1.158418673854463288e-01 1.226992091076271330e-01 3.602571298355856655e-01 1.285015448487035750e-01 6.714455296660792535e-03 1.206014232064772235e-01 4.154872349565822409e-01 7.908841195930510493e-02 8.160918668307015622e-02 1.969532571529745424e-01 9.546000167253887447e-02 5.531088054804338822e-02 7.269310756903890440e-03 1.109741750142234779e-01 5.424861059381234918e-02 3.654577949752978866e-02 7.649953654458607755e-01
1.234375000000000000e+00 3.379275511063083992e-01 8.315705718851215678e-02 1.101909502498081145e-01 9.484744767510799868e-02 8.180118878790599429e-03 3.138698310874758479e-01 1.003937921986890192e-01 9.413355175219406679e-02 1.286329212990084958e-01 4.441433032056334995e-01 1.046636528372368868e-01 2.146847779011422375e-01 5.224691134720579888e-02 1.331682620275070339e-01 8.675957859355029611e-02 1.594756823901262097e-02 2.782924759194628228e-01 1.080628160242067676e-01 2.981400634375901484e-02 1.429711158753479150e-01
1.250000000000000000e+00 1.071029232479132204e-01 4.249816957854454097e-02 1.405065286253670831e-01 2.243017658289526151e-01 1.340283770575586286e-01 2.240979936568295583e-01 2.023373329831660572e-01 3.960790618449875899e-01 2.649696725846196754e-01 5.128435547291233521e-01 1.039657446224815096e-01 5.411290317076867390e-02 1.958170962265995581e-03 3.745511966828488776e-02 3.862797553193993150e-02 4.536160281928653532e-02 1.371564970036946995e-01 1.199360589460822107e-01 9.712835295727479355e-04 6.753674201159610702e-01
1.265625000000000000e+00 3.725887530847297180e-01 1.124901479882395479e-02 1.903172754947255740e-01 2.015474229403784179e-01 7.260720354466072834e-02 5.245421384672217524e-01 1.641580321101174522e-01 4.833151335899812939e-01 7.842403710820704255e-02 5.275908102030165692e-01 2.234857052542873201e-01 1.271617249452948184e-01 1.484269864643841461e-02 4.127669882850457106e-01 3.279242176010612742e-01 5.623374116796185651e-02 6.584543373382656384e-01 9.506497599626569095e-02 2.304795141926893956e-02 6.628815152643714459e-01
1.281250000000000000e+00 3.637696918817605596e-01 1.155818804633860497e-01 1.904958157688095566e-01 4.055028158680571738e-03 1.722112382094476146e-01 6.790328457890940639e-01 4.460324992543874822e-01 5.233519010415885742e-01 1.597643717900082850e-03 1.653505910759594522e-01 5.550233002290195783e-01 2.620557997019337323e-02 1.659679980580765213e-02 6.276776067365547052e-02 1.141913939174513393e-01 4.874452538378115651e-02 3.123401573983587420e-01 6.717651051917752046e-03 1.241028966673304590e-01 7.513910427950188931e-01
1.296875000000000000e+00 1.609401604257422735e-01 1.687180368532955888e-01 6.279768794900769668e-02 5.603251696330040915e-02 3.351680391073182386e-01 6.173349617214832774e-01 1.087867622620356384e-01 4.107965854098045155e-01 1.226816583235218645e-02 3.450660687243847780e-01 7.876654090663794960e-01 1.459472900242184679e-01 3.160769814960726222e-05 1.102173237522329902e-01 2.474177687638538792e-01 5.568940037443090296e-02 1.555343911987484493e-02 2.553471452034702938e-02 8.853285464310491071e-02 7.546231957046201089e-01
1.312500000000000000e+00 4.183798352435773027e-01 1.668903887942694564e-01 1.272034697310110429e-01 1.100868680581400250e-01 4.018220718536986702e-01 4.726537402547740796e-01 8.919079930811732448e-02 2.700383903186140966e-01 1.191816261357881226e-02 1.211007359704477648e-01 7.046473151858946293e-01 6.098173996738168873e-02 7.135724752551489414e-03 2.611452011132234241e-01 1.111696390380887828e-01 6.222381058310959973e-02 2.121450115846197082e-01 7.135013503885637154e-02 1.098896035744093141e-01 6.513784813664248441e-01
1.328125000000000000e+00 4.818771153258543660e-01 5.834159984672184635e-02 3.110782298935450482e-02 3.563194729078623668e-01 6.923159516517112255e-01 5.196678421386988767e-01 2.495890171970271271e-02 1.277617999662038206e-01 3.258538316036321131e-02 8.569080243380525208e-02 1.919399581703368496e-01 4.718943150287054772e-02 2.366815805365074087e-03 2.015909284395331347e-02 1.404547641287894888e-01 9.120771424736251465e-02 1.707380999873912564e-01 3.746831784941864057e-02 1.440682952778196517e-02 5.146540765734717304e-01
1.343750000000000000e+00 5.513964451553746704e-01 1.324187474559612165e-01 5.346739371791859458e-02 1.276407281288036155e-01 3.894102455038824240e-01 3.058529273923125680e-01 3.459940510965549970e-02 9.541041880119413218e-03 2.322048337955130368e-02 1.304494317880701935e-02 4.236710908594640834e-01 8.178213902425124360e-02 1.064638469117643212e-02 8.116214643809734064e-02 7.863319717747153936e-02 9.586052766246902501e-02 1.841985139435458607e-01 4.340607934802467004e-03 8.911579359908623071e-03 5.958406239231990309e-01
1.359375000000000000e+00 3.797576135148871268e-01 1.749556581644178543e-01 6.770956908850822575e-02 1.796790099678310659e-01 2.479538368737360943e-01 4.504718386746579539e-01 4.495755476590186928e-01 5.675921840216853476e-02 6.555926442260269493e-02 2.004014984124104504e-01 6.176695260976786672e-01 2.119691576331144550e-02 5.660707142856160994e-03 8.417752746234283268e-02 1.038560114612187626e-02 8.202365646591114334e-02 7.628296123960694175e-02 1.918489109229597547e-02 3.046281605779369017e-02 8.561665873963731910e-01
1.375000000000000000e+00 1.762122821905768022e-01 9.601872526350588299e-02 2.145942679474953096e-01 2.036116206809731322e-01 7.156590153652581110e-02 2.615928697885565035e-01 6.766823290580421535e-01 1.422398711778829483e-01 4.532670827144020392e-02 3.151092617573444249e-02 6.553546212217649103e-01 4.884833108852777994e-01 3.049462082711997674e-02 1.004597016908655160e-01 8.504957667269001653e-02 5.901418416828381475e-02 2.441055256976846499e-01 5.940881563814477684e-02 1.345968120683792464e-02 5.640530754798016577e-01
1.390625000000000000e+00 1.711468801017173857e-01 2.151905581603474199e-02 2.319782679107461887e-01 1.542164548126656598e-02 1.411795003710366592e-01 6.288458332841044551e-02 2.230814274408744469e-01 1.521376476854353066e-01 1.990095506507464362e-01 9.243258301663881404e-02 1.830169605498940533e-01 3.959391859170719452e-01 7.658529896028908046e-02 8.823470450928611042e-02 2.877503570311527592e-01 3.882381321889810666e-02 3.203525089970767070e-02 1.388665731719868415e-02 2.742306840264494699e-02 8.367150099145648223e-01
1.406250000000000000e+00 4.892272679901781274e-01 7.307231109981779382e-02 1.957373077166686404e-01 1.104724694984981354e-02 2.711062168179106946e-02 1.413920558527297956e-02 1.598603471823209776e-01 1.304004401013942049e-01 6.085271919342351982e-02 1.709517041012948435e-01 3.919596661951334909e-02 1.201155999472342494e-02 4.854890856450988501e-02 1.848815436468687068e-02 4.975661603842897879e-02 2.904103005254661529e-02 1.949033342677478076e-02 6.648364646743522288e-02 3.274544901708573586e-03 4.854515292882297661e-01
1.421875000000000000e+00 3.352896385241706523e-01 1.665549025005693962e-01 2.321415977480736081e-01 3.559557911714141265e-01 4.110406515641690794e-01 1.006275046047056670e-01 1.005467230751693336e-01 3.956011389327130923e-01 1.979660940756205745e-01 3.175676175953581320e-05 4.684133978210578975e-01 7.507885316833821931e-02 1.756031692285141624e-02 2.430720830707519264e-01 2.982308479921497169e-02 5.468112825272605781e-02 2.067906112543862196e-01 6.522247946922254958e-02 5.975277271319871103e-02 4.442045598778388560e-01
1.437500000000000000e+00 1.151034798549773475e-01 9.477684462202198845e-02 6.591329084290312168e-02 5.493701334639615741e-01 8.184027396616093408e-02 3.172780063342350854e-01 6.807272710279640981e-02 3.446914217583924578e-01 4.768373747556001185e-02 1.749233146413931572e-01 4.459521251204508485e-01 1.798688426709464314e-02 3.565840264237060686e-02 5.091805007746363909e-02 1.840282025957215017e-01 1.015139311194900029e-01 7.568443948289958756e-02 2.606888613132675794e-02 2.276008639894476770e-01 7.235429845530099158e-01
1.453125000000000000e+00 4.490194201340811375e-01 6.728268961134730971e-04 8.928915483545614429e-02 7.058969047216634429e-02 3.803796278493051242e-01 3.464835831306135594e-01 6.923599670284038554e-01 2.258923178180837488e-01 7.350634119604335321e-04 1.055231442027432520e-01 4.458283160920706867e-01 2.550491760953402243e-01 4.840097960133851566e-03 2.802360883700541483e-01 3.111225666314749727e-01 1.086105940877595821e-01 3.939893415401987120e-01 2.047626869789282138e-03 2.697550459192289973e-01 7.121194275516627981e-01
1.468750000000000000e+00 4.740962145788416016e-01 1.063320393967680522e-01 1.357983854694478909e-01 2.539891713824324326e-01 3.582755450935856123e-01 3.016677757744065103e-01 1.543199052962406781e-01 1.633601602243836548e-01 2.626208351275811925e-02 3.488776398981598918e-04 4.060208572889217882e-01 7.670291224690131693e-02 1.363628364776908186e-01 5.597146340439867161e-03 3.812243266380179602e-02 1.057778459589673453e-01 4.805270343096462726e-01 7.112903777163459562e-02 6.085027183816136415e-02 5.771718624032013967e-01
1.484375000000000000e+00 6.291622821782824060e-01 3.502827801846035427e-02 1.106598410264810067e-01 6.158629282947154782e-02 9.648893007753828188e-02 3.262240854881233720e-01 1.032998392687694139e-01 1.805398371190279350e-01 2.443565966637788189e-01 3.119887918938896512e-02 2.652343777515132547e-02 9.355273877816765171e-02 9.428534527288297273e-02 1.847787897963703851e-01 5.562151124558043641e-02 1.551722962391431371e-01 4.017070865214951159e-01 1.124351776041178086e-01 1.009150351742948010e-01 4.529498799589164459e-01
1.500000000000000000e+00 4.419735877330748242e-01 1.817983186298238185e-01 1.573654641997075110e-01 1.377868522833763099e-01 3.806226377862636512e-01 2.485166025653230693e-01 6.469971378403938100e-02 1.329022951718777379e-01 2.414549883318872076e-02 1.769372740645551167e-01 7.096902211076857592e-01 1.437352772256842992e-01 1.925809127051812675e-01 3.874066845537331438e-02 2.259168850976513848e-02 1.870241472928956261e-01 2.439707484097922152e-01 5.319116620538776041e-02 6.612591680557775020e-02 3.110059498010440682e-01
1.515625000000000000e+00 6.164696391188526775e-02 2.926805409408431702e-01 1.704477977589699197e-02 2.473911888639644674e-01 2.403409353863516507e-01 1.122991985788662633e-01 2.427201854605690046e-01 8.170073031261773644e-02 9.112100664130899641e-02 2.603524517586026099e-01 5.837894086951462835e-01 9.064642164397092305e-02 2.428881522105311164e-01 3.680778564114539630e-02 1.381671042755092550e-05 1.418951918863952943e-01 1.429982341152724878e-01 7.752678897073038422e-02 4.367789232568360797e-02 8.530562128169987268e-01
1.531250000000000000e+00 3.787838397638277343e-01 6.337895912435380363e-02 3.046844796097656835e-02 2.426332519619534347e-02 2.131407180472370266e-01 1.043987552186499551e-01 4.235312559651228659e-01 1.996821027132669388e-02 2.011151622457571786e-01 2.881912280111619262e-01 3.426072719363968400e-01 1.684778718600194458e-01 2.083630451180736032e-01 2.547541375838998090e-01 5.949685889233917967e-03 1.030751693481105485e-01 2.735910881360212876e-01 2.891621867052927147e-02 1.010926356289007164e-02 1.796052146910487590e-01
1.546875000000000000e+00 5.278252561414282784e-01 2.168546588229448846e-02 5.214327616957527105e-03 4.356358153817009582e-02 2.786040304486848695e-01 2.781266073792831861e-01 2.144002545867258192e-01 5.587073781267127420e-02 1.014758138099424445e-01 9.776614767462170341e-02 8.274568608221453958e-02 1.350830823966886474e-02 2.680264319525697547e-01 7.760389033153054783e-02 4.949300790921394300e-01 1.303427659799452631e-01 2.939367764498899693e-01 1.793140708380901727e-01 2.469604203773081985e-02 3.240006629304454933e-01
1.562500000000000000e+00 1.029483773899598775e-01 7.157477054851826836e-02 4.417598967619824901e-02 9.472792328147787433e-02 1.563109762990261276e-01 5.396080324195104971e-01 2.754543388475448329e-01 2.241551631738866179e-01 2.623761848394328688e-01 1.857088863680241286e-01 1.119641604754309100e-01 1.130810682189971328e-01 1.981039430726036221e-01 3.964038446738267496e-02 3.602374004983987521e-01 8.457884586845977604e-02 6.783789485011489928e-01 8.172104804331793357e-03 1.200178655089068347e-01 4.531331659909855758e-01
1.578125000000000000e+00 1.271681465574274750e-01 9.678011044284025310e-02 7.697685512793979445e-02 7.438735887200350651e-03 1.475239329115557614e-02 2.961309575654706427e-01 2.089903831785899224e-01 4.293591066428710246e-01 2.229737071071387355e-01 2.037046420578823291e-01 1.336042991427758286e-01 1.578666684417353791e-02 1.560656322066860113e-01 6.648548816295023201e-02 5.464709622233412389e-01 2.590568917627422089e-03 1.328503544749757214e-03 1.531649096453417125e-01 1.766430257706921858e-01 4.688370036988433465e-01
1.593750000000000000e+00 7.098161888553090881e-02 6.173122023952145598e-01 1.070438817245127766e-01 1.148474061126987522e-01 1.347223917612343780e-01 2.026318528647340911e-01 3.597768572727083058e-01 2.961442854802744384e-01 1.081269511484439678e-02 1.276114120125579066e-01 2.000631902913213578e-01 7.075164157782716512e-02 7.922827823668376901e-02 5.565115078021112827e-02 3.750566890862087055e-01 9.263575912648647215e-02 3.603603634205947981e-01 1.129453004220103973e-01 1.244935363444303472e-01 1.797529916932516791e-01
1.609375000000000000e+00 6.010959370753473641e-01 5.512177687744507226e-01 2.054900351886140841e-01 9.809601405308351896e-02 1.957098256993967667e-01 1.415631415730752574e-01 2.032803606903097193e-01 1.077063443905069556e-01 4.002570840808810509e-02 4.365727860076535904e-01 5.386973657734132198e-02 7.600717328539097206e-02 3.857825709525946516e-04 9.835641412716977783e-03 1.203862036524637746e-01 1.183959272017371250e-01 1.980333474025495477e-01 1.525830070560525165e-01 2.530166272821695594e-01 5.023017035121900564e-01
1.625000000000000000e+00 1.178939550212149967e-01 8.678017480859484545e-02 1.584613252065687483e-01 1.951504051446671939e-01 5.387279939894048519e-01 5.645811303517146024e-02 4.129198899488548818e-02 9.657693434834072055e-02 5.979399837743100410e-02 4.619212057840897667e-02 2.485541665534738223e-02 4.157303760455165198e-02 1.354331348090198270e-02 4.185779163476258113e-02 1.117868103155456455e-01 5.296743707391282641e-02 3.599183690451294160e-01 1.279118034770679035e-01 8.833017671971749030e-02 3.915171176101387984e-01
1.640625000000000000e+00 2.500791707542197595e-01 9.149093820159086288e-02 2.204185088216065180e-02 1.163741798460138366e-01 1.910633435758463394e-01 5.611470836382028565e-02 3.778455829372673325e-02 1.323939240904953019e-01 8.163131255233646577e-02 2.493506822131581757e-02 1.599450152306278738e-01 6.011960562225987514e-02 2.009069361398638925e-02 7.426551393701523451e-02 4.653427265281325220e-01 6.242452428119810853e-02 2.549405100271532887e-01 4.647591094383562299e-02 1.220970112032389587e-01 2.793601646882191702e-01
1.656250000000000000e+00 2.723542076850539173e-01 8.377016395876561066e-04 1.868023231506339005e-02 4.171739200026646222e-01 5.171003914569388682e-01 1.127371475597731265e-01 2.883214811324811069e-02 9.938802927777745655e-02 3.315970884206051461e-02 8.501104690594671331e-02 1.820399727252058064e-01 5.078216008446263530e-01 1.240395512638999970e-01 1.194879695328077140e-01 4.915294819130051895e-02 1.881061218303296256e-01 8.543743099407510866e-02 1.243415682871430172e-01 1.980674147575755828e-01 3.603729993254797814e-01
1.671875000000000000e+00 2.767846577977872147e-01 2.390529934231309384e-01 3.661289942570659928e-02 1.921209415084469407e-01 2.049509647908348275e-01 1.965020820372999910e-01 1.279945243159135715e-01 1.462673929747861090e-01 9.129240000728366944e-02 3.687022075661027798e-01 3.488569509095258096e-03 5.198736331633122543e-01 1.095892859918530110e-01 8.713260182795373732e-02 7.060363852292954323e-02 2.189972500991600457e-01 4.815608795737653658e-01 3.539735754901942033e-01 7.563740405433327929e-02 2.035586052603745866e-01
1.687500000000000000e+00 4.877319801881138117e-01 3.563096437933647720e-01 6.416498868149496382e-02 8.260032032508426991e-02 1.771065388254507711e-01 7.743809517455366165e-02 3.096246294823022938e-01 3.040295077320171457e-01 3.472413123219564857e-01 5.016853654232117377e-02 2.323264406903231272e-01 3.015919484250405014e-01 6.972174034571526624e-02 1.746526801139949066e-03 1.436257301288718091e-01 7.277033237227098668e-03 1.359174586159795084e-01 4.885118456910231832e-01 6.814591516188439613e-02 1.299479844248097316e-01
1.703125000000000000e+00 5.206650620780237659e-01 4.134932739570422733e-01 2.492245880617240117e-01 8.283759083377087440e-02 3.491766437757001795e-02 5.956398435876106290e-02 2.235415123960616812e-01 1.127450191334325308e-01 1.959042602098057251e-01 3.382006011160345049e-01 1.706309258448030497e-01 7.963916906918334926e-02 1.652873920476044534e-01 6.920614133731853995e-03 1.722867712843863253e-01 8.845493381785599074e-03 4.178592059564868455e-01 2.970060311519714946e-01 3.030429819975061223e-02 3.834536789343097052e-01
1.718750000000000000e+00 1.508143255246946202e-01 1.742341174439458740e-01 2.897452164979128497e-01 5.196996276310888313e-02 5.680974456759581639e-03 2.471128821790919139e-01 6.418151838358691907e-02 1.639151882231150992e-01 9.086038577259350837e-03 2.259353541520262854e-01 6.586236805170342379e-02 4.978411654166637473e-02 3.541794653684823269e-01 1.057762474385179063e-01 8.415545321173119320e-02 1.458688146203689084e-02 1.091956054424738226e-01 1.463898125313690263e-02 5.993370799202841527e-03 1.677553854816902223e-01
1.734375000000000000e+00 2.154138996422698682e-01 5.801013927832084083e-02 1.715615163593996462e-01 4.519202771348206776e-02 3.619777246295876050e-01 2.362981796243477650e-01 1.292831966570322233e-01 1.327341896545633504e-01 2.386738408337025497e-01 1.215883648939527079e-01 5.179980930121388244e-02 1.226218123286311329e-01 8.422283892865917165e-02 1.265427016451599884e-01 7.996541095148154699e-02 1.075017050694598679e-02 3.792780839480831556e-01 2.889075961607476435e-03 5.354633214121479190e-02 6.741223345596089600e-02
1.750000000000000000e+00 9.076810450515709200e-03 1.664732274238613641e-01 1.173498482492686540e-01 1.231421434399204012e-02 5.689420191358225687e-02 3.762536573192686029e-02 2.104488748219832950e-01 3.733821799110853545e-02 2.083524128453556057e-01 1.916580590150446239e-01 9.392110903570960456e-02 1.269749596298758998e-01 1.288620688178908902e-01 4.885764155492277813e-03 1.980991055903129697e-02 1.459340572619091392e-01 1.411358373918393805e-01 3.759884787381269355e-02 2.387707205377015418e-01 3.932854772288398720e-02
1.765625000000000000e+00 2.665096493226021823e-01 4.399155198660627264e-02 1.077719881272480168e-01 1.104511956122892352e-01 7.249974362759084578e-02 4.362271737329395660e-02 3.561541094425692000e-01 1.747956681668428464e-02 1.240290567587326934e-02 6.787328450124389956e-02 9.858226988995362483e-02 3.154797401723942740e-01 2.443264542574038745e-01 4.274158400631190846e-02 2.449745366571185259e-02 3.016947998402259024e-01 7.727833351163903436e-03 1.197554538900791055e-01 4.687742914975734365e-01 4.018216459107532001e-02
1.781250000000000000e+00 8.751640563863406774e-02 4.231565372327075053e-03 5.121781205716391394e-02 3.634061246440233317e-01 3.601388372230534540e-01 1.914155898110038168e-01 8.150479556302549222e-02 4.145428788699830752e-02 1.364152287770467320e-01 1.902734589386499142e-01 2.113078308090954316e-01 1.013164731742108955e-03 5.843310541531243629e-02 1.301998700792523795e-03 7.496447536091316310e-02 4.611973421165608822e-01 5.263674446365685516e-02 1.066840709643596639e-02 2.553800057087494690e-01 9.205007453952958330e-02
1.796875000000000000e+00 3.809463776264737644e-02 2.331412021115461808e-01 1.176348224439689588e-01 1.553664471386121126e-01 1.394597456550777936e-02 4.299189790868847005e-01 8.729556120359327487e-02 8.842325059150984989e-02 1.442536182158725977e-01 1.822174536768843833e-01 1.375470399163961077e-02 2.202932256938332917e-02 5.582213615496952469e-02 8.090164110675077125e-03 9.972942992891174752e-02 2.682323776595863518e-01 8.241234034138672504e-02 1.480362875141765233e-01 2.740370824371557434e-01 1.828006908482020521e-01
1.812500000000000000e+00 4.233678414728356820e-01 1.216428086482710669e-01 1.645474338124424118e-01 2.493586118972155596e-01 1.185317442694786699e-02 4.430801787518507950e-01 1.277814742114408153e-01 2.592833724606389070e-02 1.928064941752656025e-01 1.434902051360746056e-01 5.515155106145673558e-02 2.950603487113139800e-01 8.475534849552217309e-02 2.730101531704924867e-01 5.287371704507485282e-01 3.022202012293899454e-02 4.263081484764115192e-01 1.426982744462443609e-01 8.887509587749677087e-02 1.753491084096016339e-02
1.828125000000000000e+00 1.252558584262744301e-01 1.554682218403549178e-02 2.827687718565993213e-01 2.142232578787144071e-01 3.653396265292780526e-02 1.810868893951240455e-01 1.241161040485681266e-01 1.347019527757838953e-01 1.387327813492324202e-01 1.146401916104093643e-01 2.893540735968042621e-01 1.146462081319914172e-01 5.045850800674636649e-02 6.256162124257064194e-02 5.810525576682959437e-02 1.568902268085501164e-02 1.203514076464678034e-01 2.586071688617440079e-01 1.303560502702627022e-01 3.521974405762694493e-01
1.843750000000000000e+00 9.585662368321018478e-02 5.211978560754076950e-02 2.487198882994725857e-01 2.121962701722798772e-01 1.951129666704113641e-01 1.973829883926126599e-03 7.468510477315636054e-02 2.214919933193377211e-01 7.858874354778463966e-02 2.725532463027610652e-01 1.162783820954753217e-01 1.489356550279532232e-01 1.280345305745977068e-02 1.014890649331963990e-01 9.555331355489443679e-02 8.160227813746182002e-02 6.180417648249798140e-02 6.690311228192112603e-02 7.725328800864665613e-02 4.093539836256533393e-01
1.859375000000000000e+00 4.044148266335891723e-03 2.082330232078844490e-01 8.649004839116897214e-02 8.566946438951179854e-02 9.463675533975202114e-02 4.327653467668686471e-02 8.712655584075880422e-02 5.968636282905077917e-02 9.460244298310802047e-02 6.499646530210012596e-02 1.838010280619783998e-01 3.055949310035210864e-01 5.908751956826750057e-02 4.804469302903344174e-02 1.516193192337664808e-01 2.859715637795763321e-01 3.058228998992350567e-01 6.831759939085975397e-02 2.087091444339742308e-01 2.210312781455465725e-01
1.875000000000000000e+00 2.687233599521462457e-01 2.049297276314227256e-01 1.793450717121183521e-02 1.162497367582225327e-01 3.469120031913319191e-01 7.901189000573449750e-02 7.277598844792855515e-02 9.973927588811141998e-02 1.268859198619972928e-01 1.576120023790612140e-02 3.598748496057393997e-01 3.256576727046167630e-02 2.402399544422517685e-01 5.918922608275299309e-06 9.770643453521137001e-02 2.206350167086191250e-01 1.622716879002620294e-01 8.207223432998084905e-03 1.415269580279344443e-02 5.288640581028444254e-01
1.890625000000000000e+00 2.372196340421476313e-01 4.919560263478699180e-02 5.474776253119691127e-02 1.838425970587738434e-01 1.138009514996887600e-01 1.550041499182191473e-01 2.547271929491054521e-01 1.414245144862508186e-01 9.702485259552581093e-03 4.461167260613821406e-02 6.921718073978594399e-02 2.602540895515079514e-02 2.630164866120826561e-01 3.053450751527789220e-02 5.513647414281230147e-02 1.585095213182951268e-01 1.716265368564958704e-01 1.271722020333650172e-01 5.360031743332505788e-02 3.512352719221373265e-01
1.906250000000000000e+00 8.631450112642881367e-02 1.674826899832244087e-01 5.405751888546318773e-02 1.622429295236547664e-01 2.908998962891092346e-02 1.942508868120058352e-01 8.421232740369170855e-02 9.941711236953898467e-02 7.814048023937661402e-02 2.544540451648744095e-01 1.003196733176958538e-01 7.636363844718889460e-02 3.771695568184586789e-02 6.881047475695405147e-02 8.442483012817222909e-02 1.436281767180833668e-01 6.847058881390750695e-01 2.087864147875809484e-01 1.132980226073976582e-01 4.488824597907928871e-01
1.921875000000000000e+00 1.299879639756123528e-01 3.355377874006932326e-01 1.190573799899242169e-01 5.290487255928905813e-02 3.944608000696484540e-01 5.474527762000873654e-01 2.786648326564172828e-02 5.243053587834352325e-02 1.385438954433490244e-01 5.719805428417235743e-02 4.038657430430274420e-02 2.325549432939086596e-03 2.540692537592439612e-02 1.725836890608431762e-01 3.190042527159464569e-01 3.747212021427384632e-01 5.520493151843774982e-01 9.790400450393790810e-02 6.179513714021685894e-02 4.417956700057065200e-01
1.937500000000000000e+00 2.179738682302086727e-01 8.079622040645663417e-02 6.901418529235826826e-02 9.302345259946870337e-02 3.499448126569512652e-01 5.202897511516847429e-01 1.465166237895209056e-01 9.672981556295330574e-02 1.339188177225609233e-01 3.742409937511279039e-02 4.016213182089984485e-02 1.184095612261456126e-01 9.883923093210404687e-02 1.020222924360216776e-01 2.963976028246571165e-02 5.172147371449823394e-01 3.645495094063514463e-01 1.116399369091385513e-01 3.167454049065369093e-01 4.235592282862708502e-01
1.953125000000000000e+00 4.569501385185244929e-02 2.250156288959450634e-01 1.468237431952728600e-01 2.526736287491538734e-03 2.529686416802641100e-02 4.907803791265268334e-01 1.863796560233288435e-01 1.046210597001998033e-01 2.420744207426892350e-02 5.020648129529757531e-02 3.716439777276362572e-02 1.864757336367797447e-01 7.529197241383561723e-02 4.262297215659230885e-03 2.245191975543155138e-02 3.865822595133985851e-01 2.310564773155052432e-01 1.427658341210560206e-02 3.962521119354001642e-01 2.853328095825266586e-01
1.968750000000000000e+00 2.492016520163487514e-01 3.536218602042912745e-02 4.695455234870278896e-03 1.263077626526480125e-02 3.862533607340358777e-01 6.061522899078879423e-01 2.844469135673424187e-01 1.628694391443434586e-01 9.692543154215078893e-02 1.344841624593586804e-01 9.513335332241741604e-02 8.103270475574862741e-02 2.284319499601584688e-02 8.150602919714458605e-02 4.555300627828148818e-01 2.703132727644256827e-01 5.097555688387278572e-01 1.606041925815954730e-01 4.724383947251385718e-02 6.853673752546626252e-01
1.984375000000000000e+00 7.261418361564843382e-02 2.570994357124724572e-01 7.091418207915040073e-02 5.316246823873729127e-02 1.455777233800596704e-01 5.977968983948650505e-01 6.907299932240970608e-02 2.598523202789039810e-01 8.801514888660530228e-04 2.979154737105137452e-01 2.489519570282047456e-01 3.528460169498521815e-01 2.159452924997965484e-01 4.372652795746818227e-02 1.844740513672942644e-02 9.851986405934200219e-02 1.176490712861769927e-01 2.050436894229220458e-02 1.537132650057644878e-01 6.741953735760454203e-01
2.000000000000000000e+00 4.149739809017056330e-02 1.520889028769583928e-01 1.930179850843715128e-01 2.489229084096646338e-01 2.070641008735212840e-01 6.475879850838935914e-01 1.884587807746238575e-01 3.950645620482375886e-01 8.908698878680677835e-02 1.075006238168246635e-02 4.252024561416498649e-01 3.795353050647942705e-01 2.339437478725645281e-01 8.773936241869095473e-03 4.574392819671429522e-01 2.694581897781154339e-02 7.590941045141224031e-01 9.528794330998423268e-02 3.555430110332639948e-02 5.462604010625461415e-01
