0.000000000000000000e+00 5.717433661090039199e-02 1.761506197512771902e-03 7.268174207417912869e-02 5.571209605486714123e-02 9.955909369463427500e-03 4.573379920341287541e-02 1.524222559610430017e-01 5.587407269123320641e-02 2.512488145137874995e-01 2.240190030142647504e-01 1.160804790528625341e-01 2.003093461097476408e-02 1.744051562036232350e-01 2.506698391603000287e-02 4.514521178800774970e-01 3.729265937182134061e-01 5.911704626815745822e-01 3.883875385588290291e-02 2.235036625430486257e-01 4.641539369474964039e-01
1.562500000000000000e-02 1.747804420266496350e-01 2.893543631701192553e-01 3.814294011807924795e-02 1.206966992117256138e-01 5.689361164825190026e-02 3.873834211752764933e-02 1.398851495023308300e-01 3.028637152705561109e-01 5.397127113008369503e-02 1.745934190822450438e-01 1.190483671867701709e-01 7.058298691210640984e-03 1.237464831725009762e-01 1.183095511210584391e-03 3.680135101390327734e-01 8.542421528477402159e-02 2.598999717358225214e-01 1.239870462032368614e-01 8.336977707613281441e-02 2.351681856911414237e-01
3.125000000000000000e-02 8.149775783500386173e-02 2.596882888387923027e-01 5.466035787511780430e-02 1.401307169214081605e-01 9.845592972420897510e-03 2.650996914634310558e-02 1.824727876624972489e-01 5.848001306501685592e-01 8.448784037058559848e-02 1.857868772709810349e-03 8.979532518497072846e-02 2.325845454138915636e-01 1.830923117744549244e-01 7.363997782268751069e-02 5.240304566470681547e-01 1.356210500952758358e-01 1.837444099239643816e-02 4.447319501324741714e-02 8.953927707053015508e-03 3.676641601008918264e-02
4.687500000000000000e-02 9.202356114639895224e-02 2.685455916322434522e-01 3.490275569853333593e-02 1.522254485494033138e-01 5.177074704460086010e-03 2.635314513005277554e-02 2.584708690795613217e-02 4.831460959680110578e-01 3.306021338489536499e-01 1.007924011746810233e-01 8.993120174685028875e-03 1.896312171123819001e-01 1.337825392784528222e-01 1.562982298515592713e-02 7.073654433894835947e-01 2.154885732521995972e-02 1.001898441661136646e-01 1.273298812442315298e-01 1.801731672342447160e-02 1.555216406604446322e-01
6.250000000000000000e-02 1.787185946012699936e-02 3.212185301223756673e-01 1.279689500132607516e-01 6.797799818790398185e-02 7.359117918251483620e-03 3.272055098522504840e-02 2.033008285624780809e-01 2.955693794842663702e-01 1.676696523184779408e-01 1.162341239747101823e-01 2.675401408234582765e-02 6.502932170746568430e-02 1.318899905356003821e-01 2.534134565403369649e-02 2.135940380138175720e-01 1.029613324590428758e-01 1.832053180107142965e-01 2.177793755081583460e-01 8.106486339620194367e-03 1.669989431036174310e-01
7.812500000000000000e-02 7.136029366748369851e-02 5.244003631583350061e-02 3.249615102364961650e-01 7.830926559791182018e-02 5.598945573981056745e-02 1.159088509864032585e-01 3.497744524276170108e-01 5.327180208920686555e-01 8.487335540584035887e-02 1.671792604950643815e-02 2.473866072726676746e-01 1.428090486242061530e-01 2.136668295023518294e-01 1.207011328109999365e-01 3.349475099988185045e-01 1.200506507737871958e-01 2.062190880648608223e-04 3.920433350923529514e-01 4.192584808191086171e-02 6.097534889398158187e-02
9.375000000000000000e-02 4.158988520945227025e-04 2.137003042217307941e-02 8.220038931177248848e-03 1.278561542598219414e-01 1.875342567204827879e-02 4.878722340540228575e-02 1.017120561542726592e-01 1.468803531517655359e-01 3.262031643012840154e-02 3.695129479304964937e-02 4.379991357308304217e-02 1.627865251553635706e-01 8.280766979655822257e-02 1.316755103872788990e-01 1.450486358149929156e-01 1.066225409489738284e-02 3.085779179116906468e-01 8.810690743850627116e-02 1.713144845866394414e-02 4.636891477986770232e-02
1.093750000000000000e-01 2.540496247864875920e-02 1.188650734967355155e-02 1.848989566432874751e-02 1.179099438284604388e-02 3.662510316675933464e-02 7.551485049900479030e-02 8.683144459757806410e-02 6.031698095111317492e-01 9.189208876185739339e-02 2.204786481827183953e-01 1.516182365192337254e-02 2.326583919782391485e-01 8.371121004522383280e-02 6.961536093953804571e-02 1.607067390012343333e-01 7.509257173974437372e-02 1.820501221581491413e-02 1.291836782283604934e-02 4.449484240045721226e-03 1.882673837705631792e-01
1.250000000000000000e-01 1.619001562381693071e-01 3.110958671162174505e-01 2.714100116523161521e-01 1.569694884517941480e-01 8.139553349637175528e-02 7.403670751176792859e-03 2.170223453209992395e-02 2.511334777639460114e-01 8.053998136580689526e-02 3.834114345528384649e-02 1.276048000952825223e-01 9.955716443779592806e-02 9.465557636823658527e-02 7.149923446443733066e-02 3.153580852172746529e-01 4.179181182040585529e-01 4.375029797001519366e-02 2.820855023871823505e-02 1.428897156796309943e-02 4.495829208295968327e-01
1.406250000000000000e-01 1.429142543898524187e-01 2.288453930148986182e-01 3.298152206089930982e-01 1.362404807554059571e-01 9.975420999089580631e-02 2.857009979067451910e-01 3.655242105904628613e-01 3.335777852122593368e-01 5.062028802628630586e-02 4.496270429407694946e-01 4.886623610562834674e-01 5.255099458453924566e-01 6.779816266750560150e-02 1.590398602804340700e-01 5.172685715990904542e-01 1.581344949391322863e-01 1.431100417823951143e-01 1.159293323393162552e-02 3.858070122914820238e-02 3.088409782428234718e-01
1.562500000000000000e-01 2.692203510370262953e-01 5.080907310586750825e-01 1.810299755249614173e-01 1.941632036903244984e-01 5.127247487901007497e-03 2.054901134911713001e-01 2.980081702047104319e-01 1.218722452611447071e-01 2.815974082609599138e-01 5.366044621461092401e-01 5.985349578762586553e-01 5.649301030998512552e-01 2.471214965623286242e-01 2.322289722939014367e-01 5.635957559157659391e-01 3.926731382241335222e-01 2.074096883627487009e-01 3.811876895194181714e-01 1.183429287169809364e-02 2.580203089588078424e-01
1.718750000000000000e-01 3.553240539355875804e-01 6.074498522165522330e-01 3.204391311136678966e-01 3.083886002832128548e-01 7.666851315252395938e-02 1.583537024362223489e-01 3.913464939753168448e-01 4.005602870464433085e-01 1.818444249551928460e-01 6.533668439608171230e-01 4.573462457688184934e-01 3.124216097138020620e-01 3.535677621918483227e-01 3.295984336268857340e-01 1.165617689729547268e-01 6.198810567329078314e-01 1.952394936889828292e-01 1.823749594827326903e-01 7.948045066677960832e-03 6.326908371426680500e-01
1.875000000000000000e-01 1.778675286154943747e-01 4.412550658391872771e-01 3.161631767094820744e-01 2.458397848434488442e-01 4.783006979484329124e-02 3.067809455660163165e-01 3.178527374125681981e-01 4.787034030671832308e-01 2.631638702986104361e-01 2.424029881091092076e-01 2.738259012976214102e-01 2.954608285171542725e-01 3.053565125446991990e-01 2.890931052458911021e-01 2.856209040542007083e-01 6.413942722482279812e-01 2.083194489935553950e-02 9.192199061908931657e-02 1.503260926671994100e-03 4.956871447071418690e-01
2.031250000000000000e-01 1.697394513821463141e-02 8.987611460023846310e-02 3.816650481796051153e-01 4.534594545050189829e-02 6.798131996980516512e-02 2.259434016557442526e-01 2.998667850989706340e-01 1.454899903796239569e-01 3.612929636427648639e-01 2.417922547658438726e-01 2.027486085817976624e-01 3.323381218166137074e-01 1.405204512564272867e-01 2.704794678273942932e-01 9.034263442135948008e-02 7.420452137286306371e-01 3.614373271010427602e-01 9.746193724711850470e-02 1.395120623618476829e-01 1.198201531264026093e-01
2.187500000000000000e-01 2.569824076038448521e-02 1.398243118957903652e-01 2.181137482021096585e-01 6.310078578385752701e-02 8.199982537625956358e-02 3.501123986606703431e-01 2.998733629015111132e-02 5.192222390676736188e-01 3.795565979000933843e-01 4.898546227336980086e-01 2.559291400693908813e-01 3.531797236388891092e-01 1.817873746033218108e-01 3.463832166648909971e-02 4.016656588051888965e-01 4.199055980807113175e-01 1.715799932106530090e-01 1.160974370076209156e-01 5.219115433903916829e-02 6.551286900530139956e-02
2.343750000000000000e-01 1.723864252150705823e-02 3.645381811403947681e-01 1.176316339613883988e-01 3.903827337715455223e-04 7.778023299404189517e-02 2.524232889931107837e-01 1.481607638577224773e-01 2.728344208233570711e-01 1.788296018732851433e-01 1.147680085524664939e-01 1.478059918704860976e-01 3.140162012307929906e-01 5.203742897546659307e-01 3.521356681152907342e-01 3.017039652321011345e-01 5.724293495079339072e-02 3.075242985826678530e-02 3.156840033484383246e-01 1.031028029584113784e-02 1.513526136422498891e-01
2.500000000000000000e-01 5.389089083869286895e-02 4.807326171411799298e-01 3.406959922384736328e-01 1.327591084930496435e-01 1.343272006869610131e-02 1.083290020655477970e-01 4.355385267886963674e-01 5.031699661378645771e-01 3.651618125145274056e-03 1.374516861038630744e-01 1.042927901468702206e-01 3.073435613809896716e-01 5.564269415819608211e-01 4.117620110880026996e-01 5.870883594539726830e-02 1.654793171238712612e-01 2.693965597793167577e-01 1.813192316408236415e-01 1.153414801593570863e-02 1.867519136422441106e-01
2.656250000000000000e-01 5.710259198567099043e-02 6.235573768121610572e-01 3.337176033598133751e-01 8.847214411508080856e-02 6.882063088234646742e-02 4.515052699982023965e-01 7.235922514145949613e-02 3.081023736783282119e-01 2.791347202809753014e-01 9.464808255541531934e-02 9.396946749290865930e-02 2.340883628684800044e-01 3.819194206447514284e-01 4.229207722481115317e-01 8.757967191338870971e-02 2.732188263785731430e-01 4.763490349300342763e-01 6.746333487725596212e-02 8.278223561160599764e-02 1.135604615100255649e-01
2.812500000000000000e-01 1.292980215125220239e-02 6.696322558091333255e-01 2.292125745871096409e-01 1.721927435738347389e-01 1.472581624967548575e-01 2.281606298686822132e-01 1.475065982731904868e-01 6.046650989833426276e-02 3.304646618322938378e-01 7.743961720758797684e-02 3.083084528755332676e-01 3.477834644164574107e-01 2.575025138801597668e-01 2.469151617689701039e-01 1.048357829351673903e-01 2.164852528861888614e-01 1.984664235557240253e-01 9.527841352496416172e-03 1.916044641598393383e-01 6.243894038508048805e-01
2.968750000000000000e-01 3.937553586525593258e-02 5.341717130792978940e-01 6.727567294011113086e-01 1.350807880006530681e-01 6.232978931206956813e-02 1.757406264946091978e-01 2.317758642367503605e-02 4.776874655564880556e-02 1.201060210117154553e-01 3.664295469240364533e-01 1.242016686142108639e-01 1.948821861328270955e-01 6.872815090143146420e-03 2.213571957101497512e-01 3.574353797895472029e-01 3.080849362448550566e-01 2.331157784293221291e-01 8.980120020022994143e-02 7.059631232244469035e-02 5.649009086265240898e-01
3.125000000000000000e-01 3.527491202218821509e-02 4.663520978533632344e-01 4.097389020768125723e-01 1.599110423036709250e-01 8.045291726963797740e-02 2.399479126450088928e-01 1.819290337378410838e-01 4.141649366327483650e-02 3.680388329470380554e-02 1.759552861331460105e-01 3.268962014027370633e-01 4.777092563422953402e-03 1.174447731855949861e-01 1.916073818139154283e-01 2.378102101121497836e-01 3.483222469973694668e-01 6.984031370606740285e-01 1.762976813479370242e-01 2.850486601620194627e-02 8.551052633184855201e-02
3.281250000000000000e-01 3.681439528237865667e-03 4.990030707133448207e-01 1.801202809414798323e-01 2.545356667675035545e-01 5.300506714516839413e-02 1.005709524992618037e-01 2.439442664562160579e-01 5.539810036389598569e-01 1.966468771851208608e-01 6.913351495635204902e-01 1.979000454007641130e-01 6.931463245147848062e-02 3.255852406516737425e-03 2.367016146046156955e-01 1.792698706165302969e-01 4.335679901015266485e-02 3.382297695757549572e-01 6.768795883356637511e-02 5.226503806542837777e-02 6.989166839752532223e-02
3.437500000000000000e-01 7.486854472931366022e-02 1.457436088654145701e-01 1.990572666697265278e-02 2.664552299580159045e-01 6.196692065714316799e-02 1.451217693273892384e-01 1.591774218836942145e-01 1.423698894535165849e-01 1.246972335579486085e-01 6.062827539926942677e-01 5.063632009098182479e-03 9.492500423294868150e-02 2.278672219350156083e-02 2.584810742580467280e-01 3.871525001665941379e-01 1.450151053755726061e-01 1.898339712025041981e-01 6.747823895013871365e-02 1.059136549957929822e-02 2.687727673861269317e-01
3.593750000000000000e-01 5.261797003010398877e-02 3.835278129838771977e-02 1.088543802880398287e-01 2.524028133971583654e-01 2.760949471460862753e-02 1.345221518119733561e-01 5.901355573015855394e-02 6.554733659067589757e-01 3.505343685345713861e-02 7.236770546530106596e-02 4.570239339598154010e-02 2.191911607810841101e-02 9.515247514392033423e-02 8.707975029034341341e-02 2.254614170276759699e-01 8.989181407503446519e-02 3.673371469308963078e-01 8.318044420203597744e-02 3.052639190664915847e-02 3.917449511744112711e-01
3.750000000000000000e-01 3.379626684930724101e-02 4.118071832320100434e-01 8.129935007382711742e-02 1.806349029486059299e-01 5.376592721392827595e-02 2.157010622687114895e-02 1.337352059670650004e-02 3.782348132320967338e-01 2.283563045745063691e-01 1.080207118386984078e-01 3.263358227111985005e-02 3.750686497804814334e-02 8.208088750483984522e-03 2.854939900708785769e-02 4.404367590134752874e-01 7.667883271856194838e-02 5.230859696596948938e-01 1.637402931920149685e-02 4.643609000285544436e-02 9.085005264861334418e-02
3.906250000000000000e-01 7.165033552182427379e-02 4.432719860557143288e-01 8.862286784583391780e-03 1.291341826005862059e-01 3.090003206571550684e-02 5.292008201655281491e-02 2.578740463481722298e-02 3.152304913452445567e-01 2.220247963254831369e-01 1.115896503219589164e-01 4.913217763704833679e-02 6.848549989536774352e-02 1.230771698027646327e-01 1.105720811796628844e-02 5.953427813740763686e-01 1.930397245483909605e-02 3.326038610804082918e-02 3.867010178726173770e-03 1.607690048145890213e-02 8.724857439550384730e-02
4.062500000000000000e-01 2.228969602299627623e-02 4.789176477389311959e-01 4.040766010223305060e-01 6.817443272972036061e-02 1.727545078152557465e-02 2.340371926985798656e-02 3.250709479972254280e-03 5.979451310027622535e-01 1.214000784004682365e-01 1.672654964799473176e-01 3.114324046393232570e-01 3.920872926613399034e-01 3.562678804430742530e-02 1.078810576995421940e-02 7.213767588041127832e-01 1.059261066887002556e-01 3.580381659356730029e-01 9.847320066921751158e-02 1.331032756055373738e-02 1.340936407697775334e-01
4.218750000000000000e-01 5.706478639641325221e-03 3.003144397583121239e-01 8.950137121070469992e-02 1.302756168632297484e-01 9.529885706502881637e-02 2.774714223045750446e-03 1.416250044776384553e-01 2.562417344065180402e-01 1.689696588503180608e-01 4.370584139063912188e-01 2.622507267609737736e-01 5.467083041281933786e-01 9.842477354614004303e-02 1.650104410038478187e-01 1.963405768676352026e-01 1.522320104336933599e-01 3.600905814290384366e-01 1.679076778789914959e-01 4.013456670777201113e-02 1.317776544990146848e-01
4.375000000000000000e-01 3.251409380383214753e-02 1.798988727087858994e-02 1.346010139771680603e-01 1.275994691908658440e-01 2.389520791659577315e-01 5.049425208449603852e-01 2.042931072770214906e-01 5.490684027886907348e-01 9.533075987366212978e-02 2.282533370401323147e-01 4.869186912083991840e-03 3.104740613096426682e-01 2.761732084988012259e-01 5.185692240351211929e-02 4.216238581669298768e-01 2.630433930168477041e-01 3.086996655499399389e-01 2.260574692867082791e-01 4.216274593644679311e-03 1.171225499799964376e-01
4.531250000000000000e-01 2.828222233914631095e-02 4.694918141289546216e-03 1.744254063334582661e-01 8.526223581828142051e-02 7.602549243219268449e-02 4.922342294005428998e-01 3.861087919119222250e-02 4.342144773563935134e-01 2.166951062948446749e-01 2.990603488629132167e-01 6.394456065971057535e-02 2.349845297182367176e-01 9.334505295433383198e-02 1.093536190354279895e-02 1.858085321381594268e-01 1.441879689228561245e-01 3.260352387072876224e-01 2.113755138130755384e-01 4.184033107096985990e-03 1.886008199055478479e-02
4.687500000000000000e-01 6.964459978800692508e-02 2.403785206892646020e-01 9.984898931597953331e-02 4.956622512352890086e-02 3.543839241049188266e-02 2.201313659160784308e-01 6.148444511348743341e-02 5.355569378048580242e-01 3.227186396486159681e-01 3.464303705997523464e-02 2.345242653832408930e-01 3.761215715827559425e-01 1.769573882610014914e-01 4.931761325831745396e-02 1.008770783060409515e-01 5.033672363129930716e-01 3.770055313807111896e-01 1.332031973829388150e-01 1.970587803872515462e-02 7.163260961359173284e-02
4.843750000000000000e-01 1.242649872923416166e-01 1.221064521752746324e-01 3.201792396870830476e-02 6.503392145798160204e-03 1.780439743646269196e-02 6.633418559625042787e-02 1.913136140205003166e-01 4.720331064329745252e-01 3.901253610514253678e-01 3.181908449741875367e-01 8.242800210076128842e-02 2.759993100495370388e-01 7.035252622411559964e-02 1.314426244633978835e-01 2.609879250540064199e-01 4.971531154675681158e-02 2.175259692936553080e-01 3.246453924212803349e-02 2.363447539704880904e-02 4.895997648356528731e-02
5.000000000000000000e-01 4.931218821949689274e-02 1.960898674330165958e-01 1.651634000827442439e-01 9.969933450990485675e-04 1.620299329063557665e-04 1.017996506422742670e-01 1.263398809013991653e-01 4.994925457170089067e-01 1.258151057212176516e-01 2.925800662882648839e-01 6.726382678848653873e-02 2.517093549400579167e-01 4.140213096119653435e-02 1.249070262013554783e-01 4.002013235557369542e-01 3.344778371640558245e-02 3.141184721044190109e-01 2.196272077023054062e-02 1.324781504962696359e-02 4.784464263599787909e-02
5.156250000000000000e-01 6.557897803674044013e-02 2.564158023992635926e-01 3.166320257535410604e-02 2.761934594328748285e-02 9.163117043913144091e-03 1.039127629643659262e-01 1.574747085990682860e-01 3.643039321253066509e-01 5.549139139470300741e-02 2.011348294294309780e-01 4.097790327404595215e-03 5.999748951774898365e-02 1.837767319785178766e-02 2.812266686483421915e-02 4.077972192706289523e-01 6.813299115282037133e-02 2.754177226005453671e-01 3.513956399289210747e-02 3.724901900507097963e-02 2.314591139279621734e-01
5.312500000000000000e-01 2.506700052616464905e-02 3.043637260787801502e-01 4.832661076024268032e-02 5.324530881867781118e-02 3.914362533096930538e-03 8.583746306797206127e-02 1.305131009252041563e-01 6.262080942026313490e-01 1.735680659981705121e-01 7.497494727462969411e-02 1.651911530717674326e-01 2.958282765236407152e-02 1.772940494741938600e-01 8.883621769926737521e-02 4.416424556025537740e-01 5.451718791693901944e-02 7.835912205145344200e-02 8.308156734461542847e-02 5.187639176194386303e-03 9.357434874683927262e-02
5.468750000000000000e-01 3.448210150913626811e-03 6.124549803295422506e-02 8.917256858271872810e-02 8.102241667161023952e-02 4.274971835722547720e-04 4.666858601220673364e-02 6.455210955480336632e-02 4.085202584036719542e-01 2.539925617948104453e-01 5.887680486895580795e-02 6.039369501843292604e-02 2.405554224090902804e-02 1.203004625524951160e-01 5.401644033601454842e-02 8.540114069231548033e-01 4.132882709499199198e-02 1.184035862199245143e-01 1.379594726170976504e-01 1.351203712694842157e-02 3.761050014968599781e-02
5.625000000000000000e-01 7.038481229458744270e-02 7.452992352629633256e-03 9.247040233637354723e-02 1.450666217864584884e-01 9.168289369896637231e-03 1.431217935649615747e-01 1.473559483747911569e-01 5.396575864001245115e-01 1.459326996126415754e-01 4.731928301686958438e-01 1.361432360709019865e-02 3.651079064983797640e-02 5.116413484761583169e-02 4.607017517410807311e-02 4.463040039824200944e-01 6.538329091018223183e-02 2.335682541924257172e-01 8.029216146734204085e-02 6.200639499584199507e-03 2.726375626713093969e-01
5.781250000000000000e-01 8.037195329802342136e-02 9.790121233050026739e-02 3.225303554391097116e-02 1.754297263808462792e-01 6.229196582607671520e-03 2.022707313221959805e-02 3.818133917774960695e-01 4.263978463114483919e-01 8.494690474864141638e-02 9.928616267991611025e-03 1.150304253761032930e-02 3.647909558317244394e-01 5.235294420383471842e-02 1.180353309375166831e-01 2.502136151521213159e-01 9.876831792183331932e-03 1.923264843635770494e-01 3.609908170014904799e-02 9.744363425798124867e-03 1.049721940913871387e-01
5.937500000000000000e-01 8.377540230220553719e-02 3.158269014973135169e-01 3.157849092933134177e-02 1.214753569442409559e-01 8.030547523081273120e-02 8.353890506515559977e-02 4.221354614470944344e-02 5.557117179481082525e-01 1.993970794925871426e-01 2.368843688257131208e-01 2.276609512184920858e-01 4.673006402845981781e-03 2.678412894628377089e-02 1.510386448185726815e-01 9.362883270432872940e-02 5.053533023983528688e-02 3.681270396211567264e-01 1.786699624114655161e-01 2.240340904536023293e-03 6.160788049611699846e-02
6.093750000000000000e-01 1.082264956622890628e-01 3.531472445946459704e-01 6.387460885071657643e-03 4.434689580043355006e-02 1.753647981579751700e-02 1.837075103527349706e-01 3.511106861536971158e-01 3.300216882107777083e-01 1.306787067725219409e-01 1.954029759513338863e-02 1.079985085370067655e-01 2.042366538592655378e-01 8.747147630561181997e-02 3.508477840195194791e-02 3.269421673182316690e-01 4.716163365853454081e-02 3.926749462813594604e-01 7.058141856488810151e-02 2.641378425920738737e-02 1.497608999401689282e-02
6.250000000000000000e-01 4.207881630590348809e-02 2.978477723703431002e-01 1.935946545989283753e-03 5.491708826588706516e-02 5.753424894867451879e-03 3.662424842743954544e-03 9.958907191989668783e-02 6.613588942623586098e-01 3.388021018557158676e-02 7.576753476492001371e-02 9.539006309355510527e-02 2.302202911504078464e-01 3.955841295060276708e-01 5.727579167253635944e-02 5.472712849490786180e-01 8.904515258636432062e-02 2.600940070174774243e-01 4.253928087346355025e-02 1.740189803322169174e-02 2.022924853366785819e-02
6.406250000000000000e-01 1.124931706827763528e-02 5.772624860422249926e-02 1.532859050161102313e-02 7.064917389901402556e-02 3.225830214967758281e-03 2.232612204887192142e-01 7.983156654104467398e-02 4.644843811099507724e-01 1.130166896591821152e-01 6.433469297838475057e-03 9.749566176526539008e-02 1.648084940207813764e-01 4.049492621054643915e-01 1.401192963780990286e-01 5.735974151331469928e-01 1.428978590241641589e-01 1.694416975044956419e-01 1.042897655207527044e-02 1.111558806554480312e-02 1.297765778760338329e-01
6.562500000000000000e-01 1.115190748706334839e-03 3.202623598198897081e-01 5.974511400454666360e-02 4.054114924264547171e-02 9.869181796757244256e-04 6.907535730813281483e-02 1.331378283227719339e-01 4.495785743892546926e-01 4.984173858035523957e-02 1.346975611192189060e-01 6.811904012012749698e-02 1.185496036967713905e-02 3.387209071934633164e-01 6.535126919868196847e-03 4.927321095132428108e-01 6.077013762349112863e-02 8.550676207924033656e-02 1.391759798020519899e-03 2.167804965505522666e-02 7.418912096903659825e-02
6.718750000000000000e-01 1.444265189451969522e-02 3.410272902307942000e-01 2.731860125465581084e-03 3.934500511787086818e-02 3.530831711892676653e-03 4.044395186911658308e-02 1.738643756446692779e-01 5.371070985744430537e-01 8.845086514979976899e-04 1.490893396772580703e-01 3.038772505049065070e-02 1.446527386411267319e-03 6.671272113179174679e-02 1.395028422611812036e-01 3.677506656022666576e-01 5.703174240648664628e-02 2.305310488477689199e-02 1.108472286579165536e-02 8.415518322014989630e-03 9.674981492062435795e-02
6.875000000000000000e-01 2.339807295235580946e-03 2.352055191850590532e-01 2.378702581557281259e-01 5.563990201673869873e-02 2.489032687359172581e-03 6.277067115108932172e-02 3.830380577842411038e-01 4.362756869637030577e-01 2.047336052739584967e-04 5.777798188891069414e-02 1.626557505303818374e-01 1.595857790670069623e-04 7.359155355427203504e-02 8.828349752997664834e-02 3.282323896802857299e-01 2.902255625351014001e-01 3.949555652979673363e-03 2.886564065231324566e-03 1.179633956215288097e-02 1.537110545044247656e-01
7.031250000000000000e-01 1.382897061802128291e-02 3.643868572451177124e-01 8.916267931848521899e-02 5.365325909247641717e-02 6.825819746053364600e-04 1.468590461565265348e-01 7.320898546081852643e-02 4.682294546199805008e-01 2.210911376236870517e-03 1.930423179410673817e-01 1.798117257353923915e-01 1.085219204995651471e-01 7.760827396875667750e-02 3.082766270984163559e-02 5.396267957147191652e-01 1.202227937185232493e-01 3.526021345169969706e-02 3.588303595115916594e-02 1.063289572372166057e-02 1.480349698683230408e-01
7.187500000000000000e-01 3.043546036314127151e-02 6.868427969988872839e-01 1.279771081988433090e-01 7.680515258701046954e-02 8.904801624333774299e-04 9.563302296443879080e-03 1.322011400085483512e-03 4.559119925150784680e-01 3.938870005907467442e-02 1.570567423457275638e-02 1.150617636590553321e-02 1.889592368591552773e-01 1.293241472354414792e-02 4.359673828154841252e-02 7.242665616470276291e-01 5.132191180817245214e-03 2.374771934624433228e-02 7.713769181736149227e-02 1.205033376286932315e-02 2.459286769125428040e-02
7.343750000000000000e-01 1.103725673352069503e-01 3.993210530208844977e-01 3.583719718807620164e-02 1.810353662731236934e-01 5.775174233667419721e-03 7.340347310908239276e-02 3.621663566986556976e-02 4.220165357685701224e-01 1.475522691450014134e-01 4.968898816376743910e-01 4.768949257205899045e-02 2.345160059399291688e-02 2.186253201388699274e-02 7.603503291190605654e-03 4.688755281071034786e-01 2.522414019319138209e-02 1.065271934124505278e-02 5.907097669855068678e-02 1.836960242723854192e-02 1.794283498578181368e-01
7.500000000000000000e-01 6.613032576542929308e-02 4.370279502182332632e-01 2.825626701083114312e-02 1.235639566009351376e-01 1.372071083230377170e-04 5.124424936084659432e-02 1.214073073948474246e-01 4.277593369499330112e-01 2.455524646706970515e-01 1.547639054198501896e-01 1.043294052365291852e-01 7.942702436619240858e-02 9.103610743645892955e-03 2.201624181960549695e-02 3.342398969131332165e-01 1.500252415589998015e-02 1.313264627519012372e-02 6.734975678771447372e-02 1.979986227298940679e-02 8.240039043016546272e-02
7.656250000000000000e-01 1.250812291513452301e-01 4.190563784452911444e-01 2.333561199484601376e-02 3.519648864966902491e-02 6.069352192962834593e-04 9.008851825122925205e-02 5.059920080014114474e-02 4.620268937583939528e-01 1.607051629964884321e-01 2.920405784867286525e-01 1.368527799205092876e-01 9.695534282192520836e-02 1.684196712003910995e-02 1.431147935074549363e-02 2.755180976083683730e-01 2.323899069731611908e-02 8.030738621307887889e-03 1.188582746678253825e-03 6.460236945432780084e-03 1.611299257488013892e-01
7.812500000000000000e-01 4.781646638159855328e-02 2.942557648351376010e-01 2.410547802394333652e-02 2.728866766006922059e-02 1.463374096269776364e-03 6.905686971642717442e-02 1.345723068274559120e-01 4.829824678133150528e-01 5.492573146995136102e-02 5.476820463537036138e-02 3.373617735665336570e-03 3.046055944218197670e-02 7.299226101170433467e-02 1.055717069026407828e-01 5.129134627362657017e-01 1.554832730603540776e-02 1.453393825874651178e-02 5.516430182377392299e-02 1.809535463919683881e-02 7.075921202834284732e-03
7.968750000000000000e-01 8.396576697749121021e-02 2.198767163046549400e-01 7.012259241865753667e-02 4.609782229350581351e-02 5.839189856381027128e-04 5.654008087812902039e-02 4.192100923933079343e-02 5.189924940459003100e-01 8.528836065943251610e-02 7.039368806965284886e-02 1.259000696727409843e-02 8.368751530022636165e-02 1.600424955750965883e-01 2.130641901185842957e-01 6.903003951176189812e-01 5.217440498429704032e-02 8.993685675201947699e-03 7.109696000724941012e-02 8.573528212520652517e-03 7.438918279392670030e-02
8.125000000000000000e-01 6.831271993952373056e-02 3.134439563539058726e-01 2.146537242148475327e-02 9.699358499217240748e-02 3.957926630430578033e-04 1.157483142051725783e-01 9.159859447340715916e-03 5.617085835256460102e-01 2.775835806180244614e-01 1.304560217755231233e-01 1.712427342720148904e-01 1.105070294367454520e-01 2.150102624813040320e-01 5.297027739346908508e-03 6.241691953327190845e-01 1.104485340912063907e-01 1.327897724649074532e-02 8.386568874854662126e-02 1.458898737929766390e-02 4.169198146259414650e-02
8.281250000000000000e-01 1.374782072182332282e-01 4.880645911200940379e-01 5.258583207667293091e-02 7.727700828259105592e-02 2.766541780837572084e-03 6.631484607338668236e-02 1.726176022303315405e-01 5.446263138319453745e-01 3.155577053709376356e-01 2.158800094562880311e-03 1.578177788813844504e-02 1.523842105363718002e-01 6.677351739718902224e-02 4.492149985583095834e-02 5.803558311674082981e-01 1.722002472366808978e-01 1.041596253396368660e-02 9.513113636332708178e-02 1.093174099843034243e-02 7.030840295344295554e-02
8.437500000000000000e-01 6.174822028202527936e-03 3.467735307328310146e-01 2.874154768293611315e-02 9.886064357635926392e-02 1.167310107019632484e-03 2.157567037275306132e-01 2.262064936714078822e-01 4.858657681303479858e-01 8.653982224035509929e-02 1.762991229875320864e-01 6.708682788639731744e-04 8.098149676201166214e-02 1.447071849995820898e-02 6.640003649786707651e-02 3.494873710922012378e-01 2.895698030932681785e-02 1.622975029782692830e-03 1.477282052538049333e-02 1.215339331275804360e-02 4.444707848799214767e-02
8.593750000000000000e-01 3.691393406122682463e-02 2.472344584501688369e-01 2.522776717022225390e-01 1.220994072579925510e-01 1.597706923014907947e-03 1.297089344879369908e-02 4.553325040909778597e-03 3.796723038563176167e-01 2.310029167351948798e-01 5.526314434493552474e-02 6.217822837720390038e-03 5.800686236572433208e-02 5.481080529085403247e-03 3.925885730822486347e-02 3.552806110162106679e-01 7.895053812306553065e-02 9.917463059227752536e-03 2.005406411790540064e-02 1.818104898377718992e-02 4.257168763714579973e-01
8.750000000000000000e-01 3.850948805923918444e-02 2.380639532184023743e-01 6.144754396738116853e-02 1.256467830379399686e-01 1.795029024621558117e-03 1.203686971579238374e-01 8.818150928495216770e-04 4.302452726425831653e-01 4.394057727076627895e-01 1.371175322451685663e-01 4.196057306467179671e-02 4.899798700634173249e-02 7.102345629536137989e-03 8.155386810695608446e-02 4.061747219692385946e-01 1.030849397008752888e-01 1.018204629349678259e-02 1.902965884002158319e-03 1.527897770541310207e-02 1.197358048810399783e-01
8.906250000000000000e-01 1.628289162376065635e-01 6.517983672414735530e-01 3.119873795518711759e-02 1.259047826672733961e-01 2.425442998481438725e-02 1.114723717065718017e-01 8.990633078543802670e-02 4.404595941942517912e-01 2.763583262576894128e-01 2.339050811113546346e-01 2.394162192608313422e-01 8.042477506173124598e-04 1.977485181988269253e-02 2.420021081440110189e-02 4.715297786634271016e-01 1.075608494639728602e-01 1.144652840487242300e-02 3.714064668072353248e-02 6.420000951079983358e-03 1.390348621434308110e-02
9.062500000000000000e-01 1.751764663041128212e-01 3.830428583154493194e-01 3.746774151824211474e-02 1.091948990646102319e-01 5.343548865089158342e-03 5.364682019897394627e-02 3.470414320383242990e-02 4.752799175258384246e-01 6.007329474169752215e-02 1.322191572461395848e-01 7.246168145440844144e-02 1.525710052292386827e-02 5.091996394556737998e-02 2.480191579821084541e-02 3.142614139928997519e-01 1.643590566589017143e-01 3.742762827537851611e-02 9.109649565079742939e-02 1.835868776573538336e-02 1.805872692110140343e-01
9.218750000000000000e-01 9.337588194128682018e-02 3.300107806233979479e-01 1.119922036197210091e-02 4.400341737740402770e-02 5.780452582294173542e-04 1.233583958206458664e-01 9.024822045322430930e-02 3.895098045186658475e-01 1.685302366593952050e-01 1.005041931441102987e-01 1.478478634465986126e-03 6.457198747284578766e-02 2.159612047443577321e-01 5.013671719876763855e-02 4.378724168744542733e-01 8.467765193946017593e-03 3.692728010753289214e-02 6.796687728934990014e-02 1.137145607062323670e-02 1.873221085472900616e-01
9.375000000000000000e-01 1.003213560238348789e-01 2.562620986186621708e-01 1.410684964549188958e-01 2.416157159847230965e-02 1.121338203514466716e-03 7.278387106091646630e-02 6.604524365021375611e-03 4.777739811910121648e-01 2.038504209782114884e-01 2.945203927996717722e-02 2.608406197195965032e-02 4.442089762651266552e-03 6.341157715409347917e-01 8.053053271166986382e-02 3.847033060766662516e-01 2.476091686750067633e-02 2.281213994724000035e-02 6.340938966427190834e-03 1.450073406904052974e-02 4.723186168224036835e-02
9.531250000000000000e-01 3.928075777359132936e-02 4.273071937240572327e-01 3.287327103484957019e-02 3.024843277332559324e-02 2.690053178270861048e-04 6.975016519919416402e-02 2.558688765267539550e-02 5.682838595070661691e-01 1.166739639039609949e-01 6.258115841616583575e-02 1.634629772245659030e-02 1.056610992521351709e-03 5.928203707231125552e-01 6.441940580545540973e-02 2.819680913415200663e-01 5.642843249783082576e-02 9.905175279265591992e-03 1.080215803923821214e-03 9.609094636406500731e-03 7.520057007242214597e-02
9.687500000000000000e-01 1.350063124760228148e-02 3.724250074645574227e-01 1.339926649454155870e-02 5.627334165213798700e-02 9.689834829912410529e-04 1.237677397173464477e-01 7.463480897417587578e-02 4.962713949936787827e-01 1.374593003168071426e-01 2.201136394122209239e-01 5.718164577964567064e-02 3.422744512869634742e-02 4.298908587500246958e-01 9.535983715340260597e-03 6.157723491311787312e-01 1.081919625010744485e-02 7.423610395972044841e-03 3.698034914435741061e-02 1.268064127086355845e-02 1.781184654925437316e-01
9.843750000000000000e-01 1.602265086753238994e-03 3.794007287552870200e-01 4.416535379057483224e-02 1.013700879680595190e-01 2.750016983988932961e-03 1.048283761791054813e-01 5.927021679318087571e-02 5.666163068801032265e-01 1.259049606118106401e-01 2.775075443753156068e-01 8.487920573167180571e-02 1.410405180868556582e-02 1.603925345720795259e-01 1.013654137048783932e-01 5.549209893039900310e-01 7.704024851344882033e-03 5.134085139477364591e-03 3.304756674306837810e-02 1.192657477691960385e-02 3.229618610531567735e-02
1.000000000000000000e+00 9.753114282739719018e-03 3.100190299197904120e-01 6.684096135391430493e-02 1.050846516252411517e-01 1.927704135789854323e-03 2.841557082946604904e-02 8.729745384393874930e-02 3.791156158363535589e-01 5.871535600333655652e-02 5.358921274390767570e-02 2.762395219785035438e-02 1.831095605339634960e-02 4.028565330378734016e-02 7.090178054962729959e-02 4.080371915172167352e-01 3.622634402510008927e-02 1.696401138617994412e-03 2.948778187391653746e-02 1.216551084932411715e-02 5.607422063942527762e-02
1.015625000000000000e+00 8.885490284873973077e-02 4.139381413385133102e-01 5.738456063760358217e-02 1.358044373018620909e-01 4.119850402545538123e-03 8.063346540914846650e-02 1.676944055737526014e-03 5.185467053151245898e-01 1.468411337586820672e-03 2.353884046862760038e-01 2.591742322525205505e-02 1.110370552426831608e-01 2.942386784583807605e-02 2.948753360728498946e-02 4.999135532866803011e-01 8.006576474887466821e-02 8.431955127629037205e-03 1.959854111656727377e-02 1.356283990689777577e-02 8.080863437373475566e-02
1.031250000000000000e+00 1.382361550784107912e-02 6.467291093901635923e-01 2.372502550899197038e-02 1.383368716307553370e-01 1.850932045577966109e-03 5.911483886849199648e-02 4.841959784835432601e-02 4.218724810502026967e-01 3.061401147344145965e-02 2.178225726351078750e-01 2.531370188911822791e-02 6.033147769664622823e-03 4.384138867013753424e-03 1.175601176296970848e-02 5.360409241267459768e-01 1.004541173734453119e-01 7.594755429312561104e-03 1.124999547502126759e-02 1.155530179352586007e-02 5.434426144481860517e-03
1.046875000000000000e+00 7.113664660545486462e-02 3.874943740808862724e-01 1.312209143209808887e-02 9.419092386321933907e-02 4.453825191849772845e-03 1.450266490685715726e-01 7.540950557246221819e-02 3.740366723922106118e-01 8.789435568673957533e-02 1.181834112791847469e-01 5.860618508173125879e-02 3.586895950029696939e-02 4.533949484484136629e-03 1.277526220507212325e-02 3.768376223181630902e-01 7.797653194338419191e-02 5.941506963633969539e-03 1.061054392051374515e-02 7.148193685004215411e-03 1.281697127194115771e-01
1.062500000000000000e+00 5.196754738612330976e-02 2.810896671982589523e-01 2.026646604251928011e-02 3.738206804096076002e-02 9.033843213694282706e-04 8.480391462287710513e-02 8.392482903967958541e-02 3.480034280809634062e-01 9.192190111923780049e-02 2.627270057556369554e-01 9.227860948018261344e-02 5.741419976244609147e-02 5.100740902929059434e-02 4.470463686693955385e-02 5.241502225513997582e-01 1.616976847083906599e-01 2.192749724898523586e-02 2.433354217221525215e-02 1.306127514740304529e-02 2.280118325572036767e-02
1.078125000000000000e+00 1.814145682242524968e-02 3.733735121619818909e-01 4.261970428263828214e-02 2.654147774581960134e-02 1.008732432944432289e-03 6.613701328012873415e-02 5.441175187050908274e-02 5.383515638570308681e-01 2.121039714549708133e-01 9.441724370349662693e-03 2.678405303419221714e-02 3.742723713808852621e-03 3.597383345878483324e-02 7.821283711744209111e-02 2.905137697963511845e-01 1.607521154165035271e-01 9.895423803437443724e-03 2.070050590910594776e-02 1.164301559405248737e-02 3.874789342412787163e-01
1.093750000000000000e+00 3.700200385062474284e-02 3.484820571493132957e-01 1.134311299059084614e-02 3.863981908933255410e-02 2.765180243703765396e-03 3.759268048678514329e-02 1.666498103791849705e-02 5.955545806457697156e-01 1.554120207766413742e-01 7.257576320405362269e-02 4.738579590085719578e-03 2.697350662856808426e-02 2.617223031139723211e-02 1.756509148957778252e-02 4.070716785979467400e-01 1.622614878358435153e-01 1.341310831264225234e-02 4.534747125823958974e-02 1.580648920334889670e-02 1.494409140325637583e-02
1.109375000000000000e+00 4.562550132093172450e-02 3.306730622411807596e-01 1.598815003854606523e-02 4.664358946616888740e-02 1.047886296126774580e-05 7.258774800256961868e-02 4.513402295520085872e-02 5.579178359404730614e-01 6.794847646014878784e-02 6.181463982510580768e-02 5.087401354040572282e-02 8.006293966508881699e-02 3.110542748292571130e-02 7.526961245191935747e-03 4.881754610747967571e-01 6.177495751681487401e-02 1.995955781685985250e-03 5.309921998789562253e-02 9.757482799531726897e-03 7.801086869037715532e-02
1.125000000000000000e+00 6.188508038956443656e-03 4.177323613650029688e-01 6.689634554785142684e-02 5.997081008112489786e-02 1.107788775499763106e-03 1.176720689124393510e-01 2.279299605467235285e-02 3.788070854465734882e-01 9.508423584876639356e-02 7.412020990626988493e-02 9.015461136425638455e-02 1.538211689504433155e-01 1.834398584144661670e-01 2.118013483859567878e-02 5.053548863621357690e-01 1.168729054976392484e-01 6.667556939966184145e-05 1.908685499925292378e-02 1.587740466310835416e-02 2.176311658317683362e-01
1.140625000000000000e+00 4.355001489697889194e-02 4.010373384033052990e-01 5.161652743102542601e-02 1.034469167395879879e-01 2.369963664977832885e-03 1.490469950897842059e-02 1.737673978864653912e-01 3.687861397964194987e-01 2.243663209194480812e-01 2.055229322043799003e-02 6.056869522703142716e-02 5.659856530033034738e-02 2.890706500039238458e-01 1.595584619662510917e-01 4.931584964716068109e-01 2.543120951761291271e-01 4.668235623812203136e-04 1.044123852700244498e-03 9.773657737911889409e-03 7.610568939387157318e-03
1.156250000000000000e+00 1.194629027270193711e-01 4.407147653050125236e-01 2.470726638668488753e-02 1.487984971202537254e-01 1.242869770798695449e-03 6.447971948542804976e-02 9.161453719949753938e-02 5.337486746912637470e-01 3.119691392922924189e-01 1.525024174710884195e-01 3.843327132234540533e-02 4.806204258325622730e-02 1.153896615482156995e-01 1.547036551534856398e-02 2.315897775451942198e-01 8.958800342941571071e-02 3.445688561016237942e-04 5.405786991627472941e-03 1.371001503819174391e-02 2.302457486900048866e-01
1.171875000000000000e+00 2.313720941042731252e-02 5.037256395378135743e-01 2.309096148124956463e-02 1.742194341966098736e-01 1.611235273467760947e-03 3.831862703169527234e-02 4.497513192862809955e-02 5.679682718672652841e-01 2.394627895394761119e-01 9.663786032322541075e-02 3.926611429122725191e-03 2.565296011152653349e-02 7.288836041262805598e-02 6.231013246023249172e-03 3.551594047904927387e-01 3.087996664202184716e-02 2.422548527385326065e-04 5.991885153915221113e-02 5.624518135629147896e-03 6.747243455235459042e-02
1.187500000000000000e+00 3.308034609666761494e-02 5.154170788717746809e-01 1.910938906957427436e-02 1.883947429581442345e-01 3.234842075004921297e-02 5.792124991067196249e-03 3.007698829142089331e-02 3.232185987481535072e-01 1.960455822394600311e-01 2.644323363792634440e-01 6.202975163742837500e-02 4.695914696382397745e-03 9.241173089449064570e-02 2.073681640338773807e-02 1.713177291149299286e-01 1.183624004285147024e-02 2.065951262600752131e-04 1.966950526705806349e-02 7.112350935148567879e-03 8.220651663885738744e-03
1.203125000000000000e+00 2.348188871921362553e-01 4.287487243755631616e-01 2.626014241887417514e-02 1.025923995222472324e-01 1.947784953764709068e-03 4.184944135372808266e-02 1.243138047213826619e-01 3.681373521783493086e-01 3.059184516871762960e-01 1.444716799614014779e-01 8.118954495068698984e-02 4.133985258731240169e-03 6.362363425429374240e-03 3.358086883989051374e-03 2.463020085211753696e-01 3.942300306371137458e-02 1.124356602295805861e-03 4.366927710046628747e-02 1.230168409044621325e-02 1.888961794233084135e-01
1.218750000000000000e+00 1.539403867363480782e-01 3.488037598380362425e-01 2.056631297686168508e-02 2.692578855204685873e-02 8.359512292130735767e-04 2.058875517288474150e-02 1.234329857724427576e-01 5.356843259046387695e-01 3.039960433475191737e-01 5.719183217124119978e-02 8.022592194604272198e-02 2.338638320546866309e-02 1.278055357310809576e-02 9.013850966107359031e-02 2.115899286444340999e-01 1.421800149478127766e-02 6.372301719292039479e-03 1.173689203119643136e-02 1.113440742491443938e-02 2.938629202864990672e-02
1.234375000000000000e+00 1.229614008549031190e-01 3.055782587403936268e-01 5.839363711015448100e-03 1.566933609868587443e-02 3.109758936491387269e-03 4.024374887756145686e-02 1.297544429189556314e-01 5.480981550918597733e-01 5.094071793430401396e-01 1.710025935595145541e-01 1.395372252694005930e-02 1.793478282156863932e-02 1.146994212144440140e-01 6.402453101750607556e-02 1.668434023596736815e-01 1.524094190628949227e-02 2.671749720469535766e-03 2.548501522550722636e-03 1.239941765643816016e-02 5.076352416461372974e-02
1.250000000000000000e+00 1.684634777391997296e-01 3.624928728550309565e-01 1.046640699332334647e-02 2.481897156511921748e-02 7.422648852790229065e-04 4.149782446707512423e-02 3.488198569120481290e-02 5.535130138843591396e-01 4.295391702037365533e-01 1.685436580507279972e-02 2.667993528284374333e-02 3.079059108225800159e-02 1.313211301437216538e-01 5.323267970745872157e-03 2.974064284514825740e-01 4.611155286463408665e-02 1.867688971931311635e-03 2.413673550669400997e-03 1.306811496485217605e-02 3.210986694095231964e-01
1.265625000000000000e+00 1.264107885837050804e-01 3.217392558648964340e-01 4.315614568298127562e-02 5.236330892978360158e-02 1.978941528468398394e-04 8.788916803206572870e-02 6.923997436016730844e-02 3.908111334151926908e-01 2.825422529991769571e-01 9.445087574002084593e-04 3.016250244036388500e-02 5.274889742503610646e-02 3.973354904298793677e-01 2.092597934484374811e-02 1.970798088310328766e-01 7.732660373671830512e-02 5.371169062998855555e-03 1.785151242418578019e-02 1.090817054530369111e-02 8.726620299335796638e-03
1.281250000000000000e+00 5.960872686663117731e-02 4.390359668884245004e-01 1.343943021796739461e-02 7.124834810329547241e-02 9.999559319806539635e-04 4.552059644919285303e-02 1.341735806661669417e-01 3.966225595599997544e-01 1.279684517959860379e-01 2.342630971258103517e-02 5.814250514262613717e-02 1.069339176385858230e-02 1.981896001653599693e-01 6.231556317856507682e-02 3.974391897901493609e-01 6.435938422642618895e-02 1.719124629574851279e-03 3.478074208017085944e-02 1.427237968550522026e-02 6.939216796828086287e-02
1.296875000000000000e+00 2.198646101725668101e-02 4.216811334100886155e-01 1.823371161019764902e-02 8.715080719287043864e-02 7.667325312082758299e-04 6.188111261426821469e-02 1.471516958342167780e-01 5.327937059140451792e-01 1.534825314905969573e-01 2.742318757784220629e-02 4.463206515106499239e-02 2.787947270137581830e-04 1.641059709453732973e-01 2.748263690198092524e-02 4.542796698620629736e-01 4.882352443599309588e-02 3.716688204335330341e-04 7.633166454305767568e-02 1.027051452908383546e-02 4.143541546340216430e-01
1.312500000000000000e+00 4.990551001616382737e-02 4.158151875418426568e-01 5.678396876085176244e-03 1.476600610416486103e-01 5.114723668215638043e-04 3.965909260029751304e-02 1.267002920180299308e-01 5.008047512333003715e-01 1.488219474294695532e-01 3.046004457489467909e-01 2.761650348998589272e-02 3.171776181660003295e-03 1.423651317345762113e-01 5.152526897894405683e-03 3.818310622630140538e-01 8.992925356462716513e-02 2.196801885686469440e-03 2.980683463560586041e-02 1.318202731423116607e-02 2.397773474738093893e-02
1.328125000000000000e+00 1.191089599763744677e-01 5.199456805281359451e-01 8.024386668710296877e-03 1.808775707013303979e-01 5.932091066774106440e-04 1.080686390747938042e-01 4.911198197644611740e-02 3.955963722727395826e-01 3.876180578152173956e-02 1.294349557679485563e-01 3.135984219363287945e-02 1.486736225211299049e-02 2.205397053341428409e-02 6.023013646652934650e-02 1.665951618213478147e-01 6.207105967008634539e-02 3.206451760206974980e-03 7.195656900139499323e-03 8.270226029998864817e-03 4.225859296469795801e-02
1.343750000000000000e+00 1.039856917790917962e-01 5.677780741427339573e-01 3.090249894041368836e-02 1.529391193972517438e-01 1.296742866004846860e-03 1.226516671085249449e-01 8.951879380331628777e-02 4.138872382335299638e-01 1.327014898798162604e-02 2.332324306658397628e-01 6.278322517729402474e-02 2.054190555755327011e-02 4.676579237996182636e-02 1.300872862604714013e-02 2.731911176614033043e-01 6.557727086094672364e-02 1.029343432187364944e-03 1.174148359920756772e-02 1.080534887795519400e-02 1.776580918395096256e-02
1.359375000000000000e+00 2.476620558881225537e-02 4.147705166216640316e-01 1.361703059171674203e-02 8.772601623047397712e-02 6.018807556402213516e-04 8.341734780769488600e-02 1.294943457289083055e-01 5.867481024616681973e-01 4.411844728147152478e-02 4.109271133104668017e-02 1.241498964783074449e-01 3.281569326061391928e-02 1.202077195408308014e-01 2.878082779107872524e-03 3.640925760412732637e-01 3.971820900421960815e-02 2.387855221155369551e-03 2.890105035899379754e-02 1.308381120828687114e-02 2.762023206579684032e-01
1.375000000000000000e+00 1.024568111887093763e-01 3.516611369211040117e-01 3.375750690515477020e-02 3.206712339322456695e-02 6.690315712793914668e-04 3.666019081533203328e-02 1.819397412128467562e-01 6.166160527231018262e-01 3.425818359380242845e-02 1.166857613921414294e-01 1.281645995455132046e-02 1.180128711794041496e-02 4.534811354404533201e-02 8.616175694108987870e-02 4.723007837863288927e-01 2.756748544835039075e-02 1.303687358860213148e-02 3.771250548297747779e-02 1.147980351889807404e-02 1.158492311493802968e-01
1.390625000000000000e+00 3.649443232884302252e-02 3.438253539567986961e-01 3.932284542736234727e-03 1.969188484920392571e-02 6.981756260640267818e-04 6.208302666586000551e-02 1.490504851789686280e-01 4.668561310863151848e-01 9.185548227951020883e-03 1.236869303775016589e-02 1.065061488037637692e-02 3.508491007661552336e-02 5.477413046039628086e-02 1.808404190307679252e-02 2.131622928175529175e-01 2.437726476790495408e-02 1.333644953477932348e-02 2.842067830188448746e-02 1.358115450880898085e-02 5.392493028142378297e-02
1.406250000000000000e+00 3.251005842675350199e-02 3.656333295151443785e-01 7.344925083593618897e-02 3.014953956363179352e-02 7.674695348153248459e-05 8.101885351320928241e-02 1.035242332276939264e-01 2.865257273958167206e-01 4.827900887792458892e-03 4.331885211423142784e-02 2.218269700941506717e-02 1.948907958424451331e-02 2.222431615608110034e-01 9.485916214932084770e-03 3.132597963449112455e-01 1.384567031631334100e-02 7.205485957594200304e-03 4.695861228017995936e-03 1.178987494592393173e-02 2.096736062769564424e-01
1.421875000000000000e+00 2.729581579508425643e-02 3.671371640531381209e-01 4.114483793112512500e-02 5.735544257986766731e-02 3.486022314628308837e-04 2.923295648249187029e-02 1.311673970591586691e-01 4.272069674758404711e-01 1.313773059223265378e-02 5.935328199731641080e-02 8.848434814966962825e-02 1.178050810703699415e-02 1.574156304610987434e-01 5.194381650618003915e-02 3.708570478255951430e-01 9.953445817486854144e-05 1.506337612665864393e-03 1.241660437097076054e-02 1.381957956008417372e-02 1.909217672654049403e-01
1.437500000000000000e+00 9.983171958389326986e-03 3.579038880685713742e-01 6.601386149197406919e-03 9.259354722791703074e-02 2.099406782138539594e-04 3.382807357061831666e-02 1.004030424293474721e-01 6.231344608314358657e-01 6.793517315905682474e-02 2.388787532200350311e-02 1.334627611366851797e-02 1.921775967415892059e-02 1.001281970060784177e-02 2.973176638879873948e-02 5.653303704383794148e-01 1.317386306778387493e-02 4.504522574661545191e-04 5.542644042401768728e-04 9.757269394855190917e-03 6.153707084346107803e-02
1.453125000000000000e+00 5.508085250830322462e-04 4.225502825115763916e-01 5.279472644009424245e-03 1.283812612442922774e-01 1.208135798794673574e-03 1.547427169594173604e-02 1.934844941511509320e-01 5.844720425649853057e-01 1.323652257247110164e-01 1.062828129994959764e-01 3.793621949409181626e-02 1.294052992221475171e-02 1.997837969099964806e-01 3.745107827794542292e-05 5.590991114101926396e-01 3.206960593085748240e-02 1.238338585594083059e-03 1.308093472886141806e-02 1.374223168006244618e-02 1.491612212270661542e-01
1.468750000000000000e+00 6.607737276715848485e-02 4.913400543308790169e-01 1.083415417784405754e-02 1.480323464310705217e-01 2.537014162949926318e-03 3.256877545504688332e-02 2.074923099445418473e-01 4.436471981785964913e-01 3.625475174580393700e-01 7.092481415671005041e-02 7.866155686826472107e-03 1.281570551322560800e-02 2.973697748665274365e-01 1.960450861984585139e-02 5.474522888950418276e-01 1.158739174375539305e-02 1.285318335806254252e-03 3.771704896278810920e-02 8.711863355084453406e-03 1.408289739644224547e-01
1.484375000000000000e+00 2.130946375381015667e-01 6.547233019960326805e-01 5.487305055136576515e-02 1.764633172995588584e-01 3.701501836940619943e-03 4.191385539757291195e-02 1.772549905314801943e-01 3.624610421751545131e-01 1.927313974976416211e-01 3.094639952976431241e-01 1.498948528467075429e-02 6.921045625396440165e-04 1.321145039938662891e-01 1.919894901499908909e-03 5.426174700897086201e-01 2.076678946201642936e-02 5.431241561373629937e-04 6.218063438984906821e-03 1.221843025365747758e-02 6.967939686827510914e-02
1.500000000000000000e+00 1.851057233733446189e-02 4.059698070614835563e-01 3.262469917988491952e-02 1.195139325525016172e-01 9.035395641542817182e-05 4.743921770904968582e-02 1.033979155318285881e-01 5.116963194973374041e-01 1.624815044581311985e-01 1.329665462232126893e-01 1.490307778338799960e-01 4.891024739005839055e-03 2.739456770872982991e-02 2.012951137287371031e-02 7.006003070513939779e-01 2.469563943682332938e-02 4.307711446343125421e-04 1.531998360162470287e-03 1.330002230988475490e-02 7.458563426833118848e-04
1.515625000000000000e+00 1.265992271588846363e-01 3.880081032911933958e-01 2.202872614156663764e-04 6.636522896452665132e-02 3.463594192993045009e-04 2.838364032710764817e-02 1.622027286438718074e-01 5.788580266235241467e-01 2.807796162714960020e-01 6.458604865723636956e-02 2.148724815970228658e-02 1.873311364494281706e-02 3.448836677442372860e-03 2.643025477501623199e-02 4.485225317911768483e-01 6.372868614372616258e-02 1.046110815600874353e-06 8.658676501167457060e-03 1.142360594697229385e-02 9.991604225762994174e-02
1.531250000000000000e+00 1.298660886164296202e-01 4.107002094703696149e-01 2.824826152646020549e-02 3.343917993878683242e-02 6.689694462696208106e-04 3.671225432252902404e-02 1.848388010755105115e-01 4.765016198068758313e-01 2.475624281946628702e-01 8.162946886391812817e-02 2.079666406137794382e-02 2.631428730017526529e-02 2.621269438843411986e-02 3.142897294530128116e-02 4.644022212583554521e-01 3.084393780544245414e-02 2.707467081362568127e-04 3.577149886978354433e-03 1.300844700434451370e-02 1.309493107800465683e-01
1.546875000000000000e+00 5.494781408228327502e-02 3.959370137476451723e-01 5.193175874815420673e-02 2.168949721268120800e-02 2.293213961697658520e-04 5.424421591895645101e-02 2.482017780672996221e-01 2.239012862080688449e-01 1.113130365435397034e-01 1.682931034159931491e-02 1.367036663163649071e-03 3.490546626528454044e-02 3.151532289845318394e-04 4.646607831306538879e-03 4.695770959557665769e-01 9.069960656946702074e-03 2.559609767033838804e-03 3.011961124586423275e-02 1.315499868666417625e-02 9.671642283699846687e-02
1.562500000000000000e+00 1.334429527042957087e-01 3.469180264740184261e-01 8.863367567676824765e-02 3.275764324646626008e-02 9.552035115325797042e-04 4.602422531959437374e-02 1.529356166482708779e-01 4.118564757496926965e-01 2.631189876474568368e-01 4.821769026510268862e-03 1.248138550176873876e-02 4.087485422178539773e-02 3.126007073726108643e-02 1.397727599685981946e-02 4.736971779016634909e-01 7.417144240981132265e-03 1.581598747326172982e-03 4.503371755190820058e-02 1.099447454244028254e-02 5.080813009225101234e-02
1.578125000000000000e+00 1.643925081955673329e-01 3.720914860225198462e-01 4.820902980975029679e-03 5.405446510179599123e-02 4.787805588104073915e-04 1.027697082417745045e-01 1.046868291794720990e-01 5.699492701366245528e-01 2.814722454934668328e-01 2.089057414541605276e-02 3.884865416380800518e-02 1.116001647359003701e-02 6.338599323023962062e-02 3.698463810757952192e-02 7.227385942929175355e-01 3.359062747983094371e-02 7.006332889811241714e-04 7.046272315100460260e-02 1.353197141093607711e-02 1.566835805306972529e-01
1.593750000000000000e+00 1.094544602339027201e-01 3.823488870536993489e-01 8.758818577805917507e-03 1.032589031444344635e-01 6.491237932979856094e-04 6.722842558637308341e-02 1.669292358939014342e-01 5.512243573265058760e-01 1.014030938089061640e-01 6.809299932070587980e-02 1.071115590312884253e-01 2.154218907836214988e-02 2.593749964843323763e-01 3.407174805828150355e-02 6.361776746276388561e-01 2.748459277927443184e-02 2.661109870958235481e-04 4.837810648218441451e-02 9.742488807565027539e-03 1.074521580104878249e-01
1.609375000000000000e+00 1.863683427658775066e-02 4.459128035639290943e-01 1.850518605310394254e-03 1.562498787147659773e-01 7.151643165712029664e-04 9.071809914317269241e-02 1.863342615116676815e-01 3.643565594832458010e-01 1.794778903506309697e-02 1.225131394330452178e-01 1.235328976658387964e-02 1.360613093071251674e-02 3.768887290358747255e-01 1.077140650675544736e-02 6.311123833371935499e-01 7.743317158748346495e-03 3.030950498690800814e-04 5.823582461143401307e-02 1.482710825043561872e-02 5.209476289099401747e-02
1.625000000000000000e+00 1.974744101595944309e-02 6.100897890250830402e-01 4.148727903478884038e-02 1.742703422285805936e-01 3.786788491984851863e-03 1.490500871631402768e-01 1.987219558613355086e-01 2.728957191380134706e-01 1.387968713992047409e-01 3.533446681758313224e-01 1.674446912734816467e-02 8.557323673855707705e-03 1.559702030045863053e-01 1.656920674456867013e-02 6.669591560462797553e-01 1.205948611472416714e-02 4.292931420257507769e-04 4.931730405937775202e-02 8.617638257246091130e-03 5.388123506947330860e-02
1.640625000000000000e+00 9.281978043977449910e-02 5.012799124750469959e-01 2.974387201671741671e-02 1.413014108366225097e-01 7.374302004410286486e-04 7.608871403184716553e-02 9.145909659707567030e-02 4.678845646890751886e-01 2.238755730332342431e-01 2.665872590196851633e-01 7.476386090758774423e-03 1.532155472162541852e-02 1.198380634290673041e-01 3.042461850476767607e-02 7.401013030861297581e-01 8.872221730221750702e-03 1.851253493304204530e-04 5.141368519848256782e-03 9.379227407608535863e-03 1.208099365517063678e-01
1.656250000000000000e+00 1.106037085600679870e-01 4.193164190531100677e-01 2.580810925005258376e-03 8.053053620189673523e-02 3.939653315742778269e-04 8.997344626821060509e-02 8.947044394298434011e-02 4.931522880743809956e-01 5.815697150551434047e-02 3.958314749604407989e-02 6.253116404966471698e-02 8.926829191832408306e-03 1.267550017339855173e-01 3.604051755766726067e-02 5.819439329177512610e-01 1.577100789869443145e-02 1.277516496307194748e-04 6.767658106381425898e-02 1.406104377386245552e-02 7.099698339225600507e-02
1.671875000000000000e+00 1.632977029104159816e-01 3.838985303461371901e-01 2.895482611961752370e-02 2.872740340382007665e-02 5.063146267898410626e-04 7.992363613702782588e-02 1.252230829993964401e-01 3.295541885021160966e-01 3.377348273324024073e-03 5.204936954670862786e-02 9.843161397307031990e-02 3.941358358481787671e-02 2.585974720377364200e-01 2.559194245841884402e-02 6.586393142784863208e-01 2.731180788518286842e-03 3.714930908346712052e-03 8.784267891184301125e-02 9.878121752770255976e-03 5.441359488113876874e-02
1.687500000000000000e+00 8.650069470293844653e-02 3.752873004457021322e-01 1.014124395029924151e-02 1.809025329025720427e-02 2.394163409680372242e-04 1.051963355116918852e-01 1.528562402873226700e-01 2.176946943069786033e-01 5.892343153451039262e-02 2.986453979561453503e-02 6.267459779994370705e-03 3.732816483540449259e-02 1.375391645715890454e-01 1.086366204249422825e-02 5.199666066633318318e-01 1.438892757689060574e-02 3.937977156047942420e-03 5.091323854431439172e-02 1.549061884063898144e-02 2.230572374905104571e-01
1.703125000000000000e+00 5.037346491639918544e-02 3.697447450094002441e-01 1.224856182372656768e-02 2.647006588570859423e-02 3.595568254918115963e-04 1.211777553006179037e-01 1.131691148694316806e-01 5.055819948152082688e-01 9.725573007450314181e-03 5.389815877089079374e-03 1.230074353897220654e-02 3.112870357405884622e-02 8.675455929935903254e-02 4.285306436287965835e-03 5.804711281990688754e-01 4.910628056107089676e-03 2.249236573087282434e-03 1.702380759669175000e-02 1.089549738195133219e-02 2.068850837852650310e-02
1.718750000000000000e+00 2.782812102580800931e-02 3.701327292461890073e-01 4.208679729080394447e-05 5.092872439338259893e-02 6.270701579308128213e-04 1.686917302143857433e-01 8.252765194394970361e-02 6.308760966037442186e-01 1.559297014017675155e-02 5.431306420118284933e-02 4.038052778754835231e-03 1.663066696408845718e-02 1.709259009087053804e-01 2.637969675645863640e-02 6.378011795327885869e-01 3.022532832073321005e-02 9.542000298181163923e-04 5.665402407307381120e-04 1.185438392835062860e-02 9.570578123935766235e-02
1.734375000000000000e+00 2.880518878387795540e-03 3.902964323873025498e-01 4.771152089036347597e-03 8.949956130294801915e-02 1.880568589315550891e-04 8.734992148745152063e-02 5.161711418812200275e-02 5.084979595044348821e-01 5.871525279841354611e-02 3.896981747370763249e-02 7.068495497399407412e-02 7.643632269553401332e-03 1.222226173044435593e-01 5.674844077155543481e-02 6.469255752644373914e-01 1.140676516067547740e-02 1.069253933312998544e-03 3.601407138110730710e-02 1.350939817473135497e-02 7.687057224964451152e-02
1.750000000000000000e+00 7.286055965283479499e-03 4.361493989725618303e-01 1.953324795347433779e-02 1.347013360677573601e-01 9.294150191284398238e-06 9.415603144724610241e-02 8.778532702918884212e-02 2.654638740016650456e-01 6.028279774723344087e-02 6.356504269081181269e-02 9.410259310329666116e-02 3.242496696766219988e-02 5.790132921814192257e-02 1.717981578121648839e-02 6.866417053976724416e-01 1.439486821262080107e-02 1.840228398985434277e-03 2.576639553736425475e-02 1.098752403655901821e-02 1.186045632383425086e-01
1.765625000000000000e+00 2.041335914549936847e-02 5.219515636567217953e-01 1.489923681122069105e-02 2.007342340011196713e-01 1.204360064320385412e-03 9.646752832741814498e-02 7.973589586567617071e-02 2.023545315715380433e-01 9.940429597600691780e-02 1.437932010266624594e-01 5.916308801106114762e-02 1.516204761026689572e-02 4.616006736267500021e-02 2.884077601651909364e-03 6.831306309328247783e-01 1.227688357867718662e-02 2.446308088620800379e-04 4.456184274521518551e-02 1.112381234499369015e-02 2.426814492309599738e-02
1.781250000000000000e+00 5.483377395915715186e-02 6.192289995298195793e-01 4.048097278180491296e-03 2.217621529682546888e-01 2.425286144853260918e-03 1.516606395880738811e-01 8.903214306989470916e-02 3.844590566373982110e-01 8.108186177278174644e-02 2.772236559539377754e-01 2.319397613194649002e-02 8.326474272310807959e-03 3.321897383410627597e-02 7.011297704162584854e-02 6.808501942489013636e-01 1.367080395086003701e-02 5.799013145025713007e-04 4.313611391031905995e-02 1.452895788414383139e-02 2.072431508990883464e-01
1.796875000000000000e+00 4.357390041834604405e-02 4.488409764667030677e-01 1.784630997724828911e-03 1.646331389888193719e-01 1.108285668541947148e-03 1.509031111602230912e-01 5.572122634135381891e-02 5.078299584152898838e-01 3.846584348386807017e-02 1.517362793774511553e-01 5.329986876234367454e-02 1.105410125850252515e-02 8.035590131847912543e-02 2.814909508493102994e-02 6.844999958493136472e-01 2.031978980126898648e-02 1.477221853720178993e-04 3.147246259955771563e-03 7.563131445941341860e-03 1.037434338855006966e-01
1.812500000000000000e+00 2.467801267286808681e-02 3.850316999652995120e-01 9.778869341243435348e-03 9.143477292032067827e-02 3.885612758370638516e-04 9.968686156980798019e-02 3.150066069029398147e-02 2.915447903416217845e-01 1.374226139481188325e-01 1.169470322198608581e-01 3.723786380411998886e-02 1.424754893469317406e-02 2.985523380594695686e-01 1.719721414917102509e-02 6.724790726171240296e-01 7.217405348068997757e-03 5.207756389141862197e-04 1.380161429985278694e-02 1.552498994778426546e-02 1.523580775083202832e-01
1.828125000000000000e+00 7.900236144358670221e-02 3.568442969335536841e-01 1.964238252518435424e-02 3.740166704371296336e-02 2.844409277355656847e-05 1.258105871218131167e-01 4.215807114600741978e-02 1.758599236475941741e-01 3.625974270364635266e-01 2.470218553638976397e-02 7.725120696736106907e-02 2.677731538467644987e-02 9.148414474502619687e-02 3.028024476751734612e-02 6.584374626600354441e-01 1.830113339546200063e-02 2.064285181441891364e-03 3.342687601282917642e-02 9.234495143029810768e-03 6.990261811886328003e-02
1.843750000000000000e+00 6.247187854333643986e-02 3.559028572037797322e-01 4.058410063301915068e-03 1.260400164238521283e-02 5.153982672167867305e-05 1.510936859216269468e-01 4.596370476286248258e-02 4.518035249933538000e-01 4.077288744353624872e-01 2.342368866255419447e-03 3.427383606709880071e-02 1.455964291879104956e-02 4.626368751022073844e-02 7.683578404060688490e-03 4.254053055666218719e-01 1.869979646508188043e-02 1.729526897473636967e-03 4.992401126924410348e-02 1.589838045435113326e-02 2.268310292108119131e-01
1.859375000000000000e+00 9.139629139666198554e-02 3.663604770901080498e-01 9.349942109470394313e-04 1.429028496806745638e-02 1.275590905567923331e-04 2.289139082234535050e-01 5.879100921331258112e-02 6.445721816878092758e-01 4.641077255389415845e-01 5.780700027334346319e-03 9.378147873593731948e-03 1.649278747005523613e-02 7.451507260114653697e-02 1.723401652103963982e-02 6.203318301451067329e-01 4.738718129982470370e-03 3.174207314469372054e-03 5.044143805554768961e-02 9.120005042570390394e-03 1.644983246112665110e-01
1.875000000000000000e+00 1.095399545550965054e-01 3.803780147941406287e-01 1.256910055458010335e-03 3.660667081813744755e-02 1.192033587941800087e-05 1.145787740264604671e-01 2.892310141091290407e-02 5.655752450636715167e-01 2.667007005704515876e-01 2.651376773352752750e-02 8.449646851211610465e-02 2.347880586851124399e-02 1.261949268844292649e-01 7.125611574761220313e-02 6.439571405296038442e-01 2.853973904412803863e-03 1.754455029512918401e-03 2.765923713323072131e-02 1.418127594775955673e-02 5.471717747006597798e-02
1.890625000000000000e+00 8.787675541001260804e-02 3.896825156274191237e-01 1.386230391451226569e-02 8.040737718031110148e-02 9.866619709453660779e-05 9.898865585283962709e-02 1.388095777266771733e-02 2.579452723850337859e-01 2.194591896690284982e-01 9.486341768972260391e-02 1.757484447843176908e-02 1.429941158290639301e-02 1.286712777884164993e-01 7.273269811819961690e-03 6.612770447108066163e-01 9.698694065697906208e-03 1.117965046921315906e-04 3.783192921152048627e-03 1.327482437061502582e-02 2.679331242522610054e-02
1.906250000000000000e+00 9.124855953598048908e-02 4.643075085776202093e-01 5.256637350305468429e-03 1.298544911610967356e-01 2.485853812183566386e-04 1.379433315308148944e-01 2.199934472829958437e-02 1.893734853006930063e-01 3.472389876704399247e-01 1.202175440445048399e-01 3.937623279516273833e-02 2.615098335161308851e-02 2.395056059196351561e-01 3.129249306705311501e-03 6.983433588053995500e-01 7.797741292992785810e-03 2.061507010173125112e-03 3.646629312110036790e-03 1.126845103163276809e-02 1.569990295036508554e-01
1.921875000000000000e+00 2.429509437237610189e-02 6.684712241267890542e-01 3.598831306220625064e-03 1.670702281717577620e-01 4.729188747954987497e-03 1.205174953699416768e-01 3.165577456813493257e-02 2.810540817065265706e-01 2.622876760742480773e-01 3.351504842144870655e-01 6.778464066763837184e-03 3.853033883370681357e-03 5.004533519131559860e-01 6.595637371085373568e-02 6.620366997357306493e-01 9.512785887194799561e-03 7.617788702799824750e-04 6.738405068940850340e-02 7.138178143010009448e-03 9.347607887639526603e-02
1.937500000000000000e+00 2.375947540512336753e-02 5.566572524144015599e-01 6.065963002471249504e-04 1.665030935426136671e-01 1.076562203587924389e-03 1.807111588016203363e-01 3.424223569404617057e-02 3.768051646158842027e-01 8.351769526354332895e-02 2.632615347632803471e-01 1.396702488379282792e-01 2.139149565551689159e-03 4.347772121937429901e-01 3.391359588437574402e-02 6.623609322691550449e-01 1.458778219478237478e-02 4.063688914616429447e-04 6.521854751675644490e-02 1.248417807891458696e-02 1.406813752142358209e-01
1.953125000000000000e+00 8.191115200711564237e-02 4.233630759805416255e-01 4.651022303231663185e-03 1.114637888611048344e-01 1.329046347575075018e-04 1.297165104698311255e-01 9.614283633635093557e-03 2.306223077920087905e-01 1.310187462906486910e-01 7.220017929938843393e-02 4.043160108032851918e-02 5.326191275802999447e-03 3.515285857594194208e-01 4.850466783205198071e-03 6.896295667041653088e-01 1.496068303294941643e-02 3.911929130313220471e-04 5.527107308700757171e-02 9.909216793567723891e-03 2.348196771987262621e-02
1.968750000000000000e+00 1.298949157642798891e-01 3.641539769375657931e-01 7.599006787878153507e-03 6.372174640056722794e-02 3.752208157345507378e-05 1.174515855159367628e-01 8.246619644053250139e-03 1.536574819127396740e-01 4.690441606074893105e-02 3.466497609821214687e-02 2.924496600498388901e-02 1.259538105784504050e-02 8.105185522030972090e-02 1.606861809159429097e-02 6.905113872055805846e-01 1.969631189144490854e-02 1.136702852335757380e-03 1.473035825752126889e-02 1.585233233051183688e-02 1.353283669906707731e-01
1.984375000000000000e+00 1.226313467030507448e-01 3.592920319147354102e-01 2.512333016594498186e-03 3.691138758076141502e-02 1.620937084996308794e-04 1.424619306620238390e-01 1.835732549493846941e-02 4.403181544613800624e-01 1.448306437552764926e-02 4.832074938890557753e-02 1.066342088945791133e-01 1.423020277913083706e-02 1.343278634543247085e-01 5.262088759019659112e-02 5.768041013922974303e-01 1.018222639763377742e-02 3.745428874351636097e-04 1.681894860927968423e-03 8.524796192687884161e-03 3.761893021009556359e-01
2.000000000000000000e+00 1.785286695559566983e-01 3.533395873276540811e-01 6.011604271202675371e-04 2.643442019024289796e-02 6.683278412434337390e-06 2.034813246679083032e-01 3.226947022246511726e-02 5.429028615044373396e-01 8.513078321397799745e-04 4.695813700821086780e-06 3.987330499092283514e-02 9.972771472621908689e-03 1.340720821508870619e-01 3.563988389586644333e-03 4.226625411613684768e-01 8.139692516763021718e-03 2.718144709272869022e-05 2.467757909801407065e-03 1.589872850101117438e-02 3.234449242063025531e-02
