0.000000000000000000e+00 2.611183137858875680e-01 1.836314187730025138e-01 1.493359864112545066e-01 1.470207258738642081e-02 1.521787640910183918e-02 1.102519510157172928e-04 8.288689504267077873e-03 3.315937785374091420e-03 2.756807938825157067e-01 1.132246817521103677e-01 1.246495762715301853e-01 4.561044836611656272e-01 2.638111073521366423e-01 7.652398509636683388e-02 1.268911063973909847e-01 4.225669409601775714e-03 2.328105128502966012e-02 1.067978960903496284e-04 1.760715195554566626e-01 5.130635810938527497e-01
1.562500000000000000e-02 1.753325269749699267e-01 1.567639046202415065e-01 1.522867098141666986e-01 4.372070639100407614e-03 8.384175846302088786e-02 1.254346245607658727e-01 1.717208861261953490e-01 3.258390044464799795e-02 3.160077252000296211e-01 1.443914891886153573e-01 4.751726905421140013e-02 3.668466983358324995e-01 2.062799999363462700e-01 5.375539438226383665e-02 7.007686856456663005e-02 1.914600971675708280e-02 4.465313100944325042e-02 8.157007423353603015e-02 8.569376014896512572e-02 3.044173312905051887e-01
3.125000000000000000e-02 1.794363205561769897e-02 3.476192725536358247e-02 2.414533404823878959e-01 2.602230139167829304e-01 6.448127702090670002e-03 3.146778672428918872e-02 5.823825037398222548e-01 3.945523391187476941e-02 1.119283127537111927e-01 1.277970766718925510e-01 3.810759847601745236e-03 1.498191067420873712e-01 2.012645768484881414e-01 1.729738732957757930e-01 1.076785732989866406e-01 4.581481114923747211e-01 1.876785864192744568e-01 3.394276494137093980e-01 3.333594733963529677e-02 4.277751130725682693e-01
4.687500000000000000e-02 4.324482087753390991e-02 1.522278494016904293e-02 3.020750922270639197e-02 4.060478532747787139e-01 2.068394288849983650e-02 8.063216058995310853e-02 7.497850090424841296e-01 1.615772007961500945e-02 4.800207008671407150e-01 7.149784699169089985e-02 8.323334819368147230e-02 1.779247307226931585e-01 1.393812047692210600e-02 9.224849536834923980e-02 1.014233780039912047e-01 2.837587146643155700e-01 1.917290420117071792e-01 1.641722159190750485e-01 1.118064723307682640e-01 2.853352312766594540e-02
6.250000000000000000e-02 4.751826129608041974e-03 1.154802146450820688e-01 9.462100170080016415e-02 2.049844317414963590e-01 9.544694538019582453e-02 4.528139593358627146e-01 3.109896818965179888e-01 3.296171483422539322e-02 2.951918280374019043e-01 3.475255824487566338e-03 7.081742511573248244e-02 1.653067189694841510e-01 2.289398726721331434e-01 1.983485792557988237e-01 1.367708640660611485e-01 6.541114149070435813e-02 1.972651335509972015e-01 1.480425648070007316e-01 5.123114043304316523e-03 1.443288094892338780e-01
7.812500000000000000e-02 2.625611792644849674e-02 7.390385943185541484e-02 7.045651869097581399e-02 3.800249847263655889e-01 3.305841008424840743e-01 2.762188222352424671e-01 4.206806834176469723e-01 2.444447027486363888e-01 2.491812926979641296e-01 3.426850697745326690e-01 4.054146462764946640e-02 5.172722229562392027e-01 5.476003749987907732e-01 1.707033336933667100e-01 1.501726010206005935e-01 1.001689258530125554e-01 3.731373842359197307e-02 2.092324517149516672e-01 2.070491022522171209e-01 9.284427409854295599e-02
9.375000000000000000e-02 1.922441508552513445e-01 3.241064071038913391e-02 9.377518002462865987e-02 2.823547690319209158e-01 5.923134507020989814e-02 1.271259319767347462e-01 1.833136207532106432e-01 2.025467032391840491e-02 2.246592963414771327e-01 3.072867921656800005e-01 4.035307931517941732e-02 1.438291417686563545e-01 1.820117493567078026e-01 8.094034731950218442e-02 3.362337278869628743e-02 1.370311430083927806e-01 4.286127016679300294e-02 2.225827795708380102e-02 1.808959653229393755e-02 2.271195685278337983e-01
1.093750000000000000e-01 2.351432736300834159e-01 2.253184498606026487e-01 8.417377837931047657e-03 3.858598911048486957e-01 4.562274421930130608e-02 1.439656716491942434e-01 5.483684184881716384e-01 1.437986639241203013e-01 2.787708745081711736e-01 1.021158246457571778e-01 7.367594244398295578e-02 1.502502031082576517e-01 4.441242583506340227e-03 1.504420146172758266e-01 5.583535557467016186e-02 1.804284871156214276e-01 1.872729243895132900e-01 4.613617022132133344e-03 2.475518719708252047e-01 4.355813857069493755e-01
1.250000000000000000e-01 8.433637195149949750e-02 4.444382784736241043e-01 3.607268061162481332e-01 3.709642698337298761e-01 1.051881335692764347e-01 2.372622872283579876e-01 5.335373405807267710e-01 3.482258171691894333e-01 6.130880031519995166e-01 6.689582970312070442e-02 2.108166358702886767e-01 5.148209349404315321e-02 3.744288785748194903e-01 6.103082565198271192e-01 1.881893252113470694e-01 1.191619738174347354e-01 1.072643954079061102e-01 1.382088645268343130e-01 5.305737564036754339e-01 6.160607453144079093e-01
1.406250000000000000e-01 2.754655575267084266e-01 7.150552579682303289e-01 4.481084447135930127e-01 6.444473133621099192e-01 3.809985289012743914e-01 7.052471238927539021e-01 5.886117576553422381e-01 3.125643462135960227e-01 8.346729638657702788e-01 3.267468763137994503e-01 5.903575711424556838e-01 3.634238418754046074e-01 3.753850686969026906e-01 5.730239422090327439e-01 4.507968719230284749e-01 6.699133812739551663e-01 5.562957826422015861e-01 4.160525031196984913e-01 3.111981230189568848e-01 3.161071352641430798e-01
1.562500000000000000e-01 5.370415995301538459e-01 7.550889431966668619e-01 5.429555210693423062e-01 6.672200811808273180e-01 5.317219285183277799e-01 6.617757084917874622e-01 3.229457975835401395e-01 3.594536431809043919e-01 8.673524541751376216e-01 7.785005516915132207e-01 7.122238602608080837e-01 7.294182236404869180e-01 4.527317873852667596e-01 7.525351464775459354e-01 4.684616365180119257e-01 8.180788767171757181e-01 3.474157708693015878e-01 6.425931294320816889e-01 2.252147111812725644e-01 2.083293731682956396e-01
1.718750000000000000e-01 5.108539902211975958e-01 8.899655025579074064e-01 7.438698736893056829e-01 5.634745561318732499e-01 6.237781583239450089e-01 5.362327646691811278e-01 5.999150430650109778e-01 7.137012081168587763e-01 8.339905965006929600e-01 5.471848666693855945e-01 7.375971485343078005e-01 6.490142955053339602e-01 6.068610390334963078e-01 8.378888545777163355e-01 4.663216519587449760e-01 8.137268608253630520e-01 5.898966716761142592e-01 7.893090719949306111e-01 4.869749640871338103e-01 6.366872038862110283e-01
1.875000000000000000e-01 4.917362161713466628e-01 3.855284537251744692e-01 7.645492299526404079e-01 8.114384073228927408e-01 3.195314024339904191e-01 3.965969573167220652e-01 8.744346410754639809e-01 7.172877572189979567e-01 6.581733267810135901e-01 5.246904273668802077e-01 7.343331803962022120e-01 4.928702848416784410e-01 4.618889397702162225e-01 9.385502419259119655e-01 2.705008019030091804e-01 7.567979966125293334e-01 7.521484423700847133e-01 5.569623611430070120e-01 6.341196608706589632e-01 6.897524573540291248e-01
2.031250000000000000e-01 4.768854305595462417e-01 2.026280692584418452e-01 3.020865452529666872e-01 8.507161784180761188e-01 5.032830296328929531e-01 2.997221191297299026e-01 6.463954904646699307e-01 5.712766372020384731e-01 6.760721655584892575e-01 3.377463283074292333e-01 6.032318017085143147e-01 6.185049670835967017e-01 7.973152558199591011e-01 9.122241267848313351e-01 5.080850028506929128e-01 8.556161219993972944e-01 3.894929957304922308e-01 5.597258371374123076e-01 7.509039728397312041e-01 3.925397917054033181e-01
2.187500000000000000e-01 6.314226809694554188e-01 3.001929747849354513e-01 2.244779755658198039e-01 8.168845613106282544e-01 6.425777557106661375e-02 3.913587221337197497e-01 8.070006330534924555e-01 1.482208986287148200e-01 6.664960994935491545e-01 4.533791992445025398e-01 3.969234748689220993e-01 1.446812431390090414e-01 3.839802918438309232e-01 6.008691794652538665e-01 4.111713195635997020e-01 7.346842685255041694e-01 4.947702915599654361e-01 3.637081160751092224e-01 1.156731491131726547e-01 1.916157249661143425e-01
2.343750000000000000e-01 2.567978927404094835e-01 2.926916395090799483e-01 1.316645090044570310e-01 4.411314872989467450e-01 2.913583172441085445e-01 2.155543366722079135e-01 5.486410709868414504e-01 2.622832585631495669e-02 3.224807393483775098e-01 1.252514260663712548e-02 3.810582139514248068e-01 8.648997750093018189e-02 1.451723122077193395e-01 5.882452019507937724e-01 1.063875413900113986e-03 5.086305039767844427e-01 6.685911650122956795e-02 2.016056326232726903e-01 1.428548065290628499e-01 2.302853063474716300e-01
2.500000000000000000e-01 1.591703246407066563e-01 1.812902713964416324e-01 8.184440271207987783e-02 5.132462950970126947e-01 3.457007382873489298e-01 2.979514296049783906e-01 2.789064843274653982e-01 5.331505254396898957e-02 1.833129437228062375e-01 2.278347926140443791e-01 3.717888677384221796e-01 2.499406813981100706e-01 3.381413970277676317e-01 6.104536325432088351e-01 1.775360214359067712e-01 4.048493358245200402e-01 2.450346672672399154e-02 1.770003639753785218e-01 1.279406420970599645e-01 6.560673525567398690e-01
2.656250000000000000e-01 1.287526524911183912e-01 5.808000278440705877e-01 3.905713682324359337e-01 5.856684056053621523e-01 3.020353500288122661e-01 4.260592159064225393e-01 7.543224208782841611e-01 9.956136458273570633e-02 6.756199830367857206e-01 1.029620104358210525e-01 6.548897054348800095e-01 1.766487969304577910e-01 6.166036062147847163e-01 3.791374732043299445e-01 4.124160729415726756e-01 8.077401000081654292e-01 3.352998492754292181e-01 2.118506121127732844e-01 1.074486931289650171e-01 1.536047328656867383e-01
2.812500000000000000e-01 4.437635564273711419e-01 6.966234102355932378e-02 7.169249471378994487e-01 6.426432634577258218e-01 3.644006626879930377e-01 4.143749731961413052e-01 6.370950534695950518e-01 5.375674122642946084e-01 6.562065462667904248e-01 4.266749173901052128e-02 7.205093611321935487e-01 3.247689705155049622e-01 4.668962834413846741e-01 5.552534689514031507e-01 3.384565538940552121e-01 9.278935121459718216e-01 4.636876691035636822e-01 4.822328354440886256e-01 6.026832271649982253e-01 8.448759614062467671e-02
2.968750000000000000e-01 6.143540340506686848e-01 1.424673544962024307e-01 8.115703303876065089e-01 6.155744219191744415e-01 5.171359273521994870e-01 4.434514724292968335e-01 4.771368541604021352e-01 5.905177499599880697e-01 3.530514605991494359e-01 2.659748930752934282e-01 6.606216495979001513e-01 4.769798206484168190e-01 3.828988993818184250e-01 4.389413794684874914e-01 3.527602771152617556e-01 4.991605672589901066e-01 3.927759855735836192e-01 3.553219653739089212e-01 5.401308496082473098e-01 3.987471833021785095e-01
3.125000000000000000e-01 7.099234217172030181e-01 3.239944314165608685e-01 7.776182550201330423e-01 5.790216417302411767e-01 2.256155493241474019e-01 2.190901093208924011e-01 1.847118689150936133e-01 7.302731667302049257e-01 9.617142258010363820e-02 2.078367255754685061e-01 5.590632134533581876e-01 5.154748560238058275e-01 3.379564357817825271e-01 2.319931348049125153e-01 4.121198307076620604e-01 4.819108384284359059e-01 1.433481576540774349e-01 9.058620977887330006e-03 6.602107564211643354e-01 4.944540487478150670e-01
3.281250000000000000e-01 6.566994739505627177e-01 2.345891876211281812e-01 4.249179624921310960e-01 6.408453330043749618e-01 5.253091679984422946e-02 5.802447545106442263e-03 5.502132127277763463e-01 3.048652421673846979e-01 2.679797513921207130e-01 4.580115316641437118e-01 4.546192709989237968e-01 3.226900931529863015e-01 2.860287480796119275e-01 2.507899615086357503e-01 1.202526555033828215e-01 6.025338526100522119e-01 1.351518997603219918e-01 1.491194146571184764e-01 5.484181427776879669e-01 5.913803166251235810e-01
3.437500000000000000e-01 3.501868154032426461e-01 6.033444117162478290e-03 2.464160373078462252e-01 6.439692660028765170e-01 8.333174378558291795e-02 6.391808528336043183e-02 4.251215241329314165e-01 2.556980838247225885e-01 2.633929527317427910e-01 8.006778853923350592e-02 2.923211943712930028e-01 7.514674431632765994e-02 3.568698095267497927e-01 9.750676750094826317e-02 1.204118288490394484e-01 1.857784781149364461e-01 3.613834025510081482e-01 1.161258774013361056e-01 2.050031052044628821e-01 8.471348600227533721e-02
3.593750000000000000e-01 5.839989287451234114e-03 3.612411852552268460e-02 1.812743661045712606e-01 4.176294058925525410e-01 3.822970990025767457e-02 2.955540933504154782e-02 2.081170003523993006e-01 1.768294261661575439e-01 2.313501323469804166e-02 6.927957729756799472e-04 2.515508918163807395e-01 1.452859306839168752e-01 1.007440125818166166e-01 5.355117894064219675e-01 6.053019192950311739e-03 4.718174228826346739e-01 1.713318984978536574e-01 3.059440485046597061e-02 1.679896580312245924e-01 2.875142731184004430e-01
3.750000000000000000e-01 3.447710326332887321e-01 1.175315504567645691e-01 2.808647201886855030e-02 4.131634819898005739e-01 1.251300581411950164e-01 4.717337692396258303e-02 2.413329932592371552e-01 2.344430780264653846e-01 2.542422509314314905e-01 5.624668919457716937e-02 2.536239224613878740e-01 2.021553163537591347e-02 5.937020505308871626e-02 1.637577835177611296e-01 2.536133119904627753e-01 4.216973019513856058e-01 8.221123923853521087e-02 4.828321640583629198e-02 7.579979196755728954e-02 6.331233629754751124e-02
3.906250000000000000e-01 1.448284934897219600e-01 9.904530714018457138e-03 4.199899012621240851e-02 7.103512190043910490e-02 2.740692001672760322e-02 3.389921662296198068e-01 1.312763881296332980e-01 1.238616240502666555e-01 1.034146074093100498e-01 1.018279156652628775e-01 4.438719376590201555e-03 2.650832020995362581e-02 2.551007012466184609e-02 5.414737130758048682e-03 2.833212904756297057e-01 1.222530847997071735e-01 1.729333259512575161e-01 1.431861466533997373e-01 2.897132598216009200e-02 2.209786039878570696e-01
4.062500000000000000e-01 1.611839952761122685e-01 1.742609790913484877e-02 1.145840048762657021e-01 1.250183863224165470e-01 3.612173444343139139e-02 3.621935318644394775e-01 4.693525409496480116e-01 2.561144931953443504e-02 1.663475131080103739e-02 3.134568193015755955e-01 7.788735804648998229e-02 1.530431210539665299e-01 2.172335092242200227e-02 2.464386203894275429e-02 7.338005002989522740e-02 3.593030293733116554e-01 2.120840666796900420e-01 2.159252202237613161e-01 9.876093180461925636e-02 3.209765440154861982e-01
4.218750000000000000e-01 7.096398173294443668e-02 6.279026775777535319e-02 1.304010075650613720e-01 1.717884615460664802e-02 1.593293991345543226e-01 1.580658912243270986e-01 4.321154873702178767e-01 1.213467520210033540e-01 2.959990908263667175e-01 1.313946816459989238e-02 9.858848151948843008e-02 3.136591279991782222e-01 1.724618191432541331e-02 2.758694162614548362e-01 9.600060727040655995e-02 3.975376548839543861e-02 5.028176963134748517e-02 1.811986752938732903e-01 1.698013006040050843e-01 1.247554003853765942e-01
4.375000000000000000e-01 1.159017938687942895e-01 2.055227255414599219e-01 7.297652417412116288e-02 2.606066581449670849e-01 7.703422592256162216e-02 2.933047684717298223e-02 5.896740214396526403e-01 5.620460795123140008e-01 1.739836799091968034e-01 1.274159886859136392e-01 4.433084961160074777e-01 5.438533489244992136e-01 1.825395552198762761e-01 7.305615709730849117e-02 2.398835312778059906e-02 2.035724932353993599e-01 4.724509693926376430e-02 1.101408874874925531e-01 1.902328573459108607e-01 1.194878660639439039e-01
4.531250000000000000e-01 1.210240571757243561e-02 7.120349225836919427e-02 6.953509668169696734e-02 1.358277581540075218e-01 9.010431380893678399e-02 1.512718677737070194e-01 8.005692561238317295e-02 2.285123807846624611e-01 2.631784919315512030e-03 3.442573823613389039e-01 2.782608920358727311e-01 9.088252522141224143e-02 1.025987110429866893e-02 2.315843749584688485e-02 1.647665178192675717e-01 3.929811061880493228e-01 2.353613996788432305e-01 1.585867794433008793e-02 6.677837617361483125e-02 1.887675068417664082e-01
4.687500000000000000e-01 1.444654666463501868e-03 2.833278732364862829e-01 7.456863360528217730e-03 1.516887375047429667e-02 1.815525748493105052e-01 1.981974386737899718e-01 2.105990685084212777e-01 6.779202433827129226e-02 2.540668090527859468e-01 1.784222819675537197e-01 8.063508605366380769e-03 4.331135337963887971e-02 1.562478642816748052e-02 9.336910390625523248e-02 2.599190980170784648e-01 2.102423205822903096e-01 1.782722297231976172e-01 1.312988597200211438e-01 7.752941712218973207e-03 1.824174150386755899e-01
4.843750000000000000e-01 1.136151774045809741e-02 9.772347900009580035e-02 2.156859030090151341e-01 1.397155957186859560e-02 4.442654199393250916e-03 4.774898428300169972e-02 1.171735067392629254e-01 7.953541909474415219e-04 5.052744458438716835e-02 3.725138307984535158e-01 4.854834861961922882e-04 4.588306711759415624e-01 1.447787385722335840e-01 3.036795459034409839e-01 3.352402153679703289e-01 4.234435959078812761e-01 2.455424597774914092e-02 2.845365661676030333e-02 9.597467475778850843e-02 2.080073021897541896e-01
5.000000000000000000e-01 2.427789666895078802e-01 2.514720975927935143e-02 1.132860768830430409e-01 6.570404372145122185e-01 2.930474681797876763e-02 1.955672741821512083e-03 2.454703391113046973e-01 8.671444311658990656e-02 3.343900301672762809e-02 2.219643610126341426e-02 1.543162449303145736e-02 2.471206309930024381e-01 1.319342136083162254e-01 6.364826408592516582e-01 1.923387105344252501e-01 4.515164477606618820e-02 3.318219306231618426e-01 7.993137708066665181e-02 1.204543337443340356e-01 1.103580942478487592e-01
5.156250000000000000e-01 5.400186098416100144e-02 5.735821749245657852e-02 1.255990994655974413e-01 4.546297723647222400e-01 6.242098682990760566e-02 1.043136777127823961e-01 4.269772502386429830e-02 6.300975318581608642e-02 1.804091891520292687e-02 3.003378055793269000e-03 1.606341418428329851e-02 3.162958148046043916e-02 7.327607401194359722e-03 3.680637016766935554e-01 1.368079885563774347e-03 2.424074701682400398e-02 5.979327697556160309e-02 3.787839181941965450e-02 8.714060121233288547e-02 1.158894250662019509e-01
5.312500000000000000e-01 1.346710738095879267e-01 1.880922655898455143e-01 2.486417703260658807e-01 5.253434432686683309e-01 8.594023596209843241e-02 3.329480782877379252e-01 6.665685280148486713e-02 2.224401834855014304e-01 3.286856418026765647e-01 2.179130832419256814e-01 6.242766485402364424e-02 5.051350287232824199e-01 1.396047948291692931e-01 2.102616970792722528e-01 2.574032463580151753e-02 4.999165233634374206e-02 1.598192203931058167e-02 5.495171945414367709e-02 1.504625870042685110e-01 8.067169692207733223e-02
5.468750000000000000e-01 1.501709510977025930e-01 1.118477014137858605e-01 2.551566461965968369e-01 1.824788585261721829e-01 7.835059904959024157e-02 3.857038523059665158e-02 9.607134736323960644e-02 1.050409757730604160e-01 1.465786748272036588e-01 1.682967630757117514e-02 2.316776600416358967e-01 6.538267628649811758e-02 1.192765669170170045e-01 1.215006917385123009e-01 2.317701333827582727e-02 9.243383773034238859e-02 1.924046735127561344e-02 6.939040704127275028e-02 5.738761782348581614e-02 3.940160791713325228e-01
5.625000000000000000e-01 1.574842313032201457e-01 8.281097012142120406e-02 1.023809507613156061e-01 3.412910076269669996e-02 9.048453141846501957e-02 1.058317720738620182e-01 1.551392267207703790e-01 6.154259102947719218e-02 1.317849206160317810e-01 4.018373230704302412e-01 2.580630914207165949e-01 3.274690210613118158e-01 6.160912348223896995e-01 1.726418563564765529e-01 2.998677350844206405e-02 1.234344976155032358e-01 2.012860835608835108e-01 3.558328321415390461e-01 4.434101085979098161e-02 3.337135380761355186e-01
5.781250000000000000e-01 1.520180111432902492e-01 1.815140360057798941e-01 4.804103894057214219e-03 2.327349336222233611e-01 2.235314701191707110e-01 1.515649327126537549e-01 3.384890183805645547e-01 9.969859059154656533e-02 1.355850223685543809e-01 3.026475043137280552e-02 1.883241800374200747e-01 2.449044482006100532e-01 8.733407756223378338e-02 8.393793851643922832e-02 3.267288021418994319e-03 3.380349780833251383e-02 2.097973304816012907e-01 3.471903114573329091e-02 1.198611320455635620e-01 1.604287664341497166e-02
5.937500000000000000e-01 2.409727589724330044e-01 1.734561544511737108e-01 1.885230086818836387e-02 3.036769824948565843e-01 2.744226170900785147e-02 1.792921677904206479e-01 4.939357255837938387e-01 1.330157787897521815e-01 2.617573605959187533e-01 3.732767516762385690e-02 4.587166963523619384e-02 1.301455061245004041e-01 6.936284166656839396e-03 7.601434912497476160e-02 5.745482238103077205e-02 2.833038111588482844e-01 5.592938464905894413e-02 1.266598485616525493e-01 2.294146254963840836e-01 1.424650532355410948e-01
6.093750000000000000e-01 4.791334635474897574e-02 9.832003814948012468e-03 1.865061995094072778e-01 5.062138062468655303e-02 4.853840540646413987e-02 4.811228179122157833e-01 1.554595244308972293e-02 1.655535682130473141e-01 4.558700605341901024e-01 1.070019599960185391e-01 2.419130845485276127e-01 7.171291703223189873e-02 2.120755115144773092e-02 1.378557008736915057e-01 1.205284817238238548e-01 3.481806862116008094e-01 1.541515506946106451e-01 2.808570861743117653e-01 6.119992820425373264e-02 5.898616124244344255e-02
6.250000000000000000e-01 3.976413469366424369e-02 2.775855777919810086e-01 3.556397501496318635e-03 1.720839986755553219e-01 7.903185748464336413e-02 3.238381129173092399e-01 2.779418223851580216e-01 2.660400096591019614e-01 4.564961525429743205e-01 2.267414135430148581e-02 9.040922880943168261e-02 9.621490870777721360e-02 9.750584410833551541e-02 3.344490909956936847e-02 1.451682554081719645e-01 3.903373060602154943e-01 1.015243658739975324e-01 9.672284942474493330e-02 1.291616351994128754e-02 3.911866135786459253e-01
6.406250000000000000e-01 1.787465565017395952e-01 2.539867430730174402e-01 5.768712987361889789e-03 2.705951257212670380e-01 1.093126248481006563e-01 6.100260743017831694e-02 5.701536859191482787e-01 2.105388801626558726e-01 2.371489926351348365e-01 3.227445457918867722e-01 1.113795997256594728e-01 3.552078496155578469e-01 2.678283364124030008e-01 6.409008497591887898e-02 2.795371006058487359e-02 3.575681648483232666e-01 4.228322537761133870e-02 9.495056095034482002e-02 1.368728702745306280e-01 4.344650379106133053e-01
6.562500000000000000e-01 1.619529253699135696e-01 1.501213457927634554e-01 1.269340186332161835e-01 2.561552978503643385e-01 4.006087821465387222e-02 1.118812728264061834e-02 3.131440621131605373e-01 2.760846430271766960e-03 1.620523816687948759e-01 6.117583790758465700e-02 3.094835448637223707e-01 7.484452258944900016e-02 3.783370417175273004e-01 3.330371768084313677e-01 2.749532032096645064e-03 9.607777090761897287e-02 1.003550273301212770e-01 1.190369059695969151e-02 2.941394496485169041e-01 3.913013697208927305e-02
6.718750000000000000e-01 2.388473848571663963e-02 1.018448013893047920e-02 2.610889194747632522e-02 3.108945256679271352e-02 7.049084535408407792e-02 1.263933330339631622e-01 6.711378968723961114e-01 3.064590801614017548e-02 7.086768723846363638e-02 2.454413259841876083e-01 2.976183993195025135e-01 4.323529007901286136e-01 3.731695245134782901e-01 4.504991856159875074e-01 4.132069830149403405e-02 1.040191491837825916e-01 2.682081283496935420e-01 1.643297978840030094e-01 2.288346517389134582e-01 3.940395079074345830e-01
6.875000000000000000e-01 2.022049292583086647e-02 2.685809832440212985e-01 1.385385810364261547e-02 9.387025565639382785e-02 2.481371058150068712e-02 5.541893883858858283e-01 6.546399263214355280e-01 4.257532143528127561e-02 3.120623539340897090e-01 4.923730389256700812e-01 2.018307956653371538e-02 1.349934433617382412e-01 1.019770086514719537e-01 2.825757082206724058e-01 3.400643076989315339e-02 1.102772850581753838e-01 4.234150924162000118e-01 5.572748014766417679e-01 3.107156766399457593e-02 4.154411665564811812e-02
7.031250000000000000e-01 4.234791852240506194e-02 3.235978812748327993e-01 1.087023645645248532e-01 2.160983179907283447e-01 5.962046207382493829e-02 4.562294163250322221e-01 2.588945636629324532e-01 2.265723944174636781e-02 5.020318021462137903e-01 1.743585864071849623e-01 1.140433910096885599e-02 7.141981373776201680e-02 2.957005705897485653e-02 1.464298780786441601e-01 5.409974308971985529e-02 5.577480413416859850e-01 1.494492956817876639e-01 4.604470639073917626e-01 1.778580817145026527e-01 1.565356543010946178e-01
7.187500000000000000e-01 2.554104779146348925e-01 1.390376771132859346e-01 8.181070427547194879e-02 2.682356804078665502e-01 4.978419639764952720e-02 3.168124306031577797e-01 3.289089452946457048e-01 2.094067911659246509e-02 4.191556774777951411e-01 7.609939602582743712e-02 8.329481870330543436e-02 3.032035965542834166e-01 6.135005459254277288e-02 8.334506805778077714e-04 1.237735942395562505e-02 1.160627552706304660e-01 2.155363007568734945e-01 3.180879488242578379e-01 1.367611479480860259e-01 1.332076717759070605e-01
7.343750000000000000e-01 3.789074434090044519e-01 7.832929121130680072e-02 6.035447540822870549e-02 2.147870892766750861e-01 3.563869260650323612e-02 4.033449346112589692e-03 2.518345002881626216e-01 1.963410282946587496e-02 1.009631993119082397e-03 1.527286852205484713e-01 1.065476778367815403e-01 7.165467379588846830e-02 2.038624204082036262e-01 1.530435367439808292e-01 6.080689008608027024e-02 3.232569976505630938e-02 7.621759295679927937e-02 2.272544924682523559e-01 1.333334571831962800e-01 3.242988781553152733e-01
7.500000000000000000e-01 1.011930875618014501e-02 8.097647195292020927e-02 4.078942089917875560e-03 3.440122462143601623e-01 2.897424276747851205e-02 7.571766175120360487e-02 1.193368481006632786e-01 4.880343251213896567e-03 1.698584161037088340e-03 2.534647318253587245e-01 4.068045092175980731e-02 8.876711726790414980e-03 7.134221106810641200e-02 6.544058006051006737e-02 1.055309517712851039e-03 3.631896366124358067e-01 3.173569629653116841e-02 7.371246477727599888e-02 8.297702136212574756e-03 4.399132343313063020e-01
7.656250000000000000e-01 7.997661218425260177e-02 1.977472897949513614e-02 2.500783311814543941e-01 5.281307582322272154e-01 6.818026034895602501e-03 3.731907034784761046e-01 1.560741517443397786e-01 1.013948829544933788e-01 2.778221033795378880e-01 1.431606612287096222e-02 1.649052415042725692e-02 3.627572717009440728e-01 1.347085798442725080e-01 2.280450089489114707e-01 1.893589902498248392e-02 2.559196507975523005e-01 7.156749105714471648e-02 1.394341349409331660e-02 6.168319962166698284e-02 1.475187107179728729e-01
7.812500000000000000e-01 1.034295911639556698e-01 1.539673242079311888e-01 7.221604545772683514e-02 2.575322007469254548e-01 1.180261165822213063e-02 4.536418587610075437e-01 2.224607733893521899e-01 5.044654397800543699e-02 5.172193052359742582e-01 4.624400611473565570e-02 3.014687319639422144e-02 4.681498753922219008e-03 1.490925000223222163e-01 5.721411661390871095e-02 1.790870812324621419e-02 7.281124265909551252e-02 3.919352559338931674e-02 6.192483942281557657e-02 4.780853650927355584e-04 4.403441788989028716e-01
7.968750000000000000e-01 2.874540541182300096e-02 4.130943560580142837e-02 2.501461372936463617e-02 2.549987303542427738e-02 6.193513861076430094e-02 1.567468041417058033e-01 2.663113466216779912e-01 3.587054529964103788e-02 6.502376632126091183e-01 3.205093999375701608e-01 1.400845001650280822e-02 3.655689249688602871e-01 1.235496969397470030e-01 4.786950359124962362e-01 1.550654609425422825e-01 1.812605898612485236e-02 7.540812060613739931e-02 2.582352916155540301e-01 3.714833419143542120e-02 2.128709838357235873e-01
8.125000000000000000e-01 2.198433009126123105e-02 4.193093485841836165e-01 8.650884525153797189e-02 3.372063389777561759e-02 5.455647811994129154e-02 5.262438710670392684e-03 4.415808519082315975e-01 3.089795817528515759e-02 1.444680490816848406e-01 1.394383481692111626e-01 4.247816908300434957e-02 9.583880325514243514e-02 8.161253545493368788e-02 2.671179223348261189e-01 4.876472981681449770e-02 3.386988774872251029e-01 4.643525969500078565e-02 1.303865377665829606e-01 7.135765253175314557e-03 2.732691797810746920e-02
8.281250000000000000e-01 1.026991300276807600e-01 3.732872707274630802e-02 4.647533645751511511e-02 3.238763635548842501e-01 2.849219489470817754e-02 1.344876666790114084e-01 3.104426070148826322e-01 9.122071031368405095e-03 6.711970709740500141e-02 1.533331538121390780e-02 3.459134302030361218e-03 4.554653723219771744e-02 7.241549559071171205e-02 3.011340372231504636e-01 8.616003521971646317e-02 3.138809597405549656e-01 1.735999624366801608e-01 2.134136181139748567e-01 4.316531548190095935e-02 1.317995056831833267e-01
8.437500000000000000e-01 1.165345785521188469e-02 1.839389517053028125e-02 6.535575827584697017e-02 3.327064154972724647e-02 5.675876929719198688e-02 2.091597215973961810e-01 3.207527299427203049e-01 5.322910887458029427e-02 3.165585643429092988e-01 8.002346507256785646e-03 1.825350226325715697e-02 2.079447792615759516e-01 7.509211923925536436e-02 2.328204875773376148e-01 8.162750262691479547e-03 2.683482084702444315e-01 7.086251967703567634e-02 3.467976904315377973e-01 4.696526113191584750e-02 7.086090251581926847e-01
8.593750000000000000e-01 3.555114772828086959e-03 6.310987546978225060e-02 3.800056220095789361e-01 5.483346342305803894e-02 3.869447094644223265e-03 2.563910722702151257e-01 6.269162662255561846e-01 8.486139921996161892e-03 5.195970888695656820e-01 7.092508143029885304e-02 3.846308610006002326e-02 7.292734850467602961e-03 2.401209629904173526e-01 2.782663154258167015e-01 1.540854469434412011e-02 1.035094640706905877e-01 6.367066103972088276e-02 2.192262249721428635e-01 3.486717695899783226e-02 4.850553049458546928e-01
8.750000000000000000e-01 1.707336842587413653e-02 1.216226839487597328e-01 2.285214557052560047e-01 1.360339677858635465e-01 8.189452242479158123e-03 9.883526068278769561e-02 1.217041946402272895e-01 6.393465036502064477e-03 3.933751713028233454e-01 2.971405626696240199e-01 6.168415221378838013e-03 5.596672511804894057e-02 4.832252142714797694e-02 2.694428879457813619e-01 1.726440326202142994e-02 3.128090345410849404e-01 8.599825025009801005e-02 2.959064081875160124e-01 5.040355295477810110e-02 1.279881933639080982e-01
8.906250000000000000e-01 2.442896387148517368e-01 1.380810764541011149e-01 3.377097473849570153e-01 4.073394061883541667e-02 4.100739616638975939e-03 2.274049869080173869e-01 3.261039803101410950e-01 4.772631959015768218e-04 4.471007822625861494e-01 7.638997822010919203e-02 4.422497632954407176e-02 1.520008602335591597e-02 1.707521226707409689e-01 8.293851370063257122e-02 4.972404220259925463e-03 1.620765835587577586e-01 1.979434172591520436e-01 8.799914262419061828e-02 1.111996002568827434e-02 4.092499058180681243e-02
9.062500000000000000e-01 3.115224285652322400e-02 1.914133332559170286e-01 3.339501975299549175e-01 6.348904528925244928e-02 6.233058491701450911e-03 2.468773439751264787e-01 5.546559083437312410e-01 1.384777307538220467e-02 2.451813828670248163e-01 3.843815140041188794e-02 1.916975722142550409e-01 1.637084795633083623e-01 4.814174378970644264e-01 3.941376785289021976e-04 2.334340689801250521e-02 1.089716590453313205e-01 6.484725611655554889e-02 1.563744699525432963e-02 2.589878064657537022e-03 2.039824688960156091e-02
9.218750000000000000e-01 1.319200330198589365e-02 2.154130306984564369e-01 2.648746649580774326e-01 5.973309403306695242e-02 2.572776308152625174e-02 4.233559267225445177e-01 1.949496907606919349e-01 1.103129757245955959e-02 6.226605556253625995e-01 1.829780259332982884e-01 2.876443373903003059e-02 1.041134734283872820e-01 4.339679751728339752e-01 1.339648381386136511e-01 1.839840694677825211e-02 1.234117445919338946e-01 1.052972688226147951e-01 4.147419664642568865e-02 4.139296561226323695e-02 1.887779224200774320e-01
9.375000000000000000e-01 1.026412322059262888e-01 8.139095407847303509e-02 1.328036535519054873e-01 4.895649898783290162e-03 4.891016033525443472e-03 4.477801401340699705e-01 5.746165643460393602e-01 6.053276508228581237e-02 5.318675119148558172e-01 9.794381967522514110e-02 7.423240102076551859e-04 9.088977784210776345e-02 2.945352382843624550e-01 1.539798748402519679e-01 8.562442715825435355e-03 3.914277882255389196e-01 5.754756390137964056e-02 1.408240077982277072e-01 2.141294246088028611e-03 7.316647125026920495e-01
9.531250000000000000e-01 3.354703233010912500e-02 1.363936731517453593e-01 1.285681888381239590e-01 3.016815586878032404e-02 7.659806349895577349e-02 2.311710378570365487e-01 6.680735561237407527e-01 6.989402427682966761e-03 3.797566826956088049e-01 2.676136143347034313e-01 5.164770871405615152e-03 8.174801827099954787e-02 9.313264246794560053e-02 1.942112695705877634e-02 1.815190379555051414e-01 2.695164812346231287e-01 3.177710961809496887e-02 3.730614365074292338e-01 1.648217117412842381e-02 5.838464073790696762e-01
9.687500000000000000e-01 2.481724596384498119e-02 2.445730851186642824e-02 6.400287470936695186e-03 9.291600533426368214e-02 5.347695943476706709e-02 7.806816155476908881e-02 2.106661612736403233e-01 1.088403588587868488e-02 1.054334373187820334e-01 7.747998297887725636e-03 5.944757104926703256e-02 3.113348487283185140e-01 1.798959741358538700e-01 3.612013171678094547e-01 3.910262565854273620e-02 1.707435038094958502e-01 7.174512990341917057e-03 3.877766035699516944e-01 2.011197321709921014e-03 1.396167277216630587e-01
9.843750000000000000e-01 6.274383582391819536e-02 2.947111401935760266e-01 2.461244580856521980e-01 8.152276498503922830e-02 5.070649964943871324e-03 1.923790815923555591e-03 5.306521883786673444e-01 5.245049395871987513e-02 1.246554014404634148e-01 1.011197195954936269e-02 1.095560038985194801e-01 3.392206873260846661e-02 4.696402504256347310e-01 2.364552395318444966e-01 4.596973271185390841e-02 3.657776868964917605e-01 7.757847673188697502e-02 1.804172103144990047e-01 1.220202309702787292e-02 2.837651822811494973e-01
1.000000000000000000e+00 3.120410313755864889e-02 4.002107399674772852e-03 4.265704534987815322e-01 1.315677547026945227e-01 9.345982275965638436e-03 1.422980404408706601e-01 8.006599808989133260e-01 1.045945739768633885e-02 4.637301311852590757e-01 3.192197773744555600e-01 3.641594160869449787e-02 2.333516393804500322e-01 1.969163868948506091e-01 8.285731941349176732e-02 7.284435826718776031e-04 1.647947759642409138e-01 5.263450436173216368e-02 3.545871858034116975e-01 2.025261737567184833e-02 2.922747933103655993e-01
1.015625000000000000e+00 1.878632288109417098e-02 1.062352644280805669e-01 2.025207326903743776e-01 3.916009598123540436e-02 1.044784634344045893e-01 2.051370452063074334e-01 6.720230523059592675e-01 5.335123781442636937e-03 4.719040104267316349e-01 1.187404225622605974e-01 1.474875927660792251e-02 2.188929065946453312e-01 2.954123352005259551e-01 3.403428279946813517e-01 2.389410329164342456e-02 2.119326402440333545e-01 3.317187701602045125e-01 2.979884732482973586e-01 3.843865124766764323e-03 2.039142807684538594e-01
1.031250000000000000e+00 2.428998126807490471e-02 2.190846188314442000e-01 1.283803487752456784e-01 3.223944146255902088e-01 1.193140512704858776e-02 9.790662799811147843e-02 7.508588403714268056e-01 1.803803694708462635e-02 2.587292868700663551e-01 1.649243648614050761e-01 8.806542255871747937e-03 2.802690373154539949e-01 9.350272794264369303e-02 1.640069751548472177e-01 2.263028627854481514e-02 4.682306661609362264e-01 1.407333943960683287e-01 4.410318372561441991e-02 2.394153816771333806e-02 2.845149306109116122e-02
1.046875000000000000e+00 2.393484756946475528e-02 7.578760337751286325e-02 1.627608368751436441e-01 3.300012358038027505e-01 8.041408905497121618e-02 2.078274829905658871e-01 7.770440047843302223e-01 5.680073334787161428e-04 2.308369573646897321e-01 8.102248449619603443e-02 8.267664692396313464e-02 1.889482251635734855e-01 3.351351085404402630e-01 2.174111257694220922e-01 2.678951464464874796e-02 1.444929392659373424e-01 2.848331153647477160e-02 6.327897619466452822e-03 1.117156558051748266e-02 2.449001403602864002e-01
1.062500000000000000e+00 1.144047606370408518e-02 1.395686096932685638e-01 1.022280073142966955e-01 1.342099951958077020e-01 1.292385620056425710e-01 3.160742649703959795e-01 9.222580694890392117e-02 8.031761951473748856e-03 5.503535487246303398e-02 5.213840750760092430e-02 8.566508382740938010e-02 2.448581211039379812e-01 2.792016517748301396e-01 7.826571472060508960e-02 5.707381196667012623e-03 2.361477363625227310e-01 8.701959895474448148e-02 2.706141336620244697e-01 1.263950782864928409e-02 3.317502048632691714e-01
1.078125000000000000e+00 3.234933211209088904e-04 5.010551457406037766e-03 1.037058738651147755e-01 2.307465465808010152e-01 6.086396917287563435e-02 5.393913166531237868e-01 1.662057741934565847e-01 3.349890021749407643e-02 2.248410277199379970e-01 6.308624699546476478e-02 8.745362868572827825e-03 6.802602206397891094e-02 1.310105065306843564e-01 2.626992899280749527e-01 1.140045267566841547e-02 1.710392230170698635e-01 5.382850011230940618e-02 1.492938218353637991e-01 1.360582888855869088e-01 9.527857556493420088e-02
1.093750000000000000e+00 6.152829453460331027e-02 4.829550502465775053e-02 6.142915236549550961e-02 4.829347740371929543e-02 1.284485010338126953e-01 5.622111387116672798e-01 7.580582784391534101e-01 1.879499863015902592e-02 3.365191811794510102e-01 1.181180878685972047e-01 1.034505816847428733e-02 2.305119945695123518e-01 2.304609062050960999e-01 4.767482747033539858e-02 1.564980490677237226e-02 2.043013505723089152e-01 8.815740800424810841e-02 1.898344380488438954e-01 8.691729648622982182e-03 2.655447143774943841e-01
1.109375000000000000e+00 2.376719229716578886e-03 3.043350681914241615e-02 1.056943235394436076e-01 1.392976906257338554e-01 3.700562938000371421e-02 5.015329667355981069e-01 1.952875895583970622e-01 3.473911408591844052e-02 3.081468538962205961e-01 2.085654254691964304e-01 6.830391935513737984e-04 9.689276692012906145e-02 2.048513224135567468e-01 2.031637932302794436e-01 2.297890487678207888e-02 4.482777792363151943e-03 1.298465768497493109e-02 3.432573219693478839e-01 2.999747274941148845e-02 1.317285371855626275e-01
1.125000000000000000e+00 7.637586636160193128e-03 1.682969652815732298e-01 8.200948371195630748e-02 2.053366538906877814e-01 7.312186365686008938e-02 2.382234939225398862e-01 6.800914210911106483e-01 3.934130992976114100e-02 1.100995768352546755e-01 1.017848805014831687e-01 3.285591151212253688e-03 2.243102517395192119e-01 1.596741125486544552e-02 3.917558618675361787e-02 1.040179175123756659e-03 1.382134923621056721e-01 1.993296727925109729e-02 1.297139419801274784e-01 4.385444619453833515e-02 2.794871410251874022e-01
1.140625000000000000e+00 4.327304123699550475e-02 2.975318904764955724e-02 3.189657884894773754e-01 7.439485778033630425e-02 8.684873822943100022e-03 1.261339215974307815e-01 8.059587981454932049e-01 2.043328211225321420e-02 2.718894840048358824e-02 2.954133681869552594e-02 6.892443586645898013e-02 1.478725547859565670e-01 2.118304871572830317e-01 5.105994302064974927e-02 1.767398932422214672e-02 1.756318945865236458e-01 6.236114732369914954e-02 6.831765631225905633e-02 5.865817762539518587e-02 6.648269369459822165e-02
1.156250000000000000e+00 3.205766848665779489e-02 2.390932480079554501e-01 6.185523025034234817e-02 7.943513070104324392e-02 3.497029389361999696e-03 1.183976384599130516e-01 1.472453543382026275e-01 9.095414647642153030e-03 5.137850753183387242e-01 2.869355496117328430e-01 4.399154227694244274e-02 1.204999482826453194e-01 1.283421072272819263e-01 8.923948634544627556e-02 7.713158782753301752e-03 3.582992567329668088e-01 2.377797357127341971e-01 7.767981227674151945e-02 2.884422890120322616e-02 5.513806204071575179e-01
1.171875000000000000e+00 4.622924037328586533e-02 9.667162967096351589e-02 1.265017824485566711e-01 1.352507116083881133e-01 9.870135986312415788e-02 7.563637507116466319e-02 6.535585276569183533e-01 2.628963508067771126e-04 5.777872276963383902e-01 1.980472076088469480e-01 1.353489249696643998e-02 1.944196979451159601e-01 3.396626575058730446e-01 2.385388607139186379e-01 4.240934090900666531e-02 1.181245715704978654e-02 1.213973438370859886e-01 1.714586878442449572e-02 8.413283380952389992e-03 9.116028601008265009e-02
1.187500000000000000e+00 1.560309482877891285e-01 1.331718787533644477e-01 8.694055445859698306e-02 1.593494732872492436e-01 1.858119602588529165e-02 5.552047921841099520e-02 6.617332960531243646e-01 9.667258841403871678e-03 3.816041501604895414e-01 3.699594158354194695e-01 1.474558956415086136e-02 1.481846818300404656e-01 5.845302124886724293e-01 8.943166093692540841e-02 2.083453985921196808e-02 6.194386708336471759e-02 9.166531076237161013e-02 2.791890539111022747e-03 3.985851167632947778e-02 4.512843169802339960e-02
1.203125000000000000e+00 6.601194839841956208e-02 6.377310984711541397e-02 1.584538613542769980e-01 7.748579888760277756e-02 2.263184248489588657e-02 6.007299691704847712e-03 4.409612457741536318e-01 7.180536973569994971e-03 1.422922787348187557e-01 3.841559274093608520e-03 2.742603338556033610e-02 3.455717101348775803e-03 8.086026019028710321e-01 9.530311042244080100e-02 5.840228804126526563e-02 5.276559879705912393e-02 8.868947565693410806e-03 8.282968911792031041e-02 9.335663233050298798e-03 1.786935718611555590e-01
1.218750000000000000e+00 4.269064165850404435e-02 5.522623619950541365e-03 3.246929108038448253e-01 1.080798891217725349e-01 3.836010377500733304e-03 1.887495605562112821e-01 7.670183451408387754e-01 1.043612258514864909e-02 1.999133642387689383e-02 1.756707213863817063e-01 6.793799622388449477e-02 1.288612062297053162e-01 7.648472884309436282e-01 2.683234033799371948e-02 2.266220542945415403e-03 9.478021414978984871e-02 1.899660202544105336e-02 9.750181648208154639e-02 4.282419755359546942e-02 5.206167083959675757e-02
1.234375000000000000e+00 9.540491159727854109e-03 1.545532579952646826e-02 3.324975082424347361e-02 3.264277335603281427e-02 2.692778620464604186e-02 4.016142893633213862e-01 2.742424539387907090e-01 1.098191551635872149e-02 2.715828521411570717e-01 1.627466898863884071e-01 4.451682334370329203e-02 1.139540441915555952e-01 2.333698965848119145e-01 2.762510738699277060e-02 2.942045588916339643e-03 3.215318669108730987e-01 1.036926338370477707e-01 2.758025989037029002e-01 2.099797034750129632e-02 4.651029929540354546e-01
1.250000000000000000e+00 1.338383553647641902e-02 2.310614944659856451e-01 1.282433696591868677e-01 1.112496505205823050e-01 3.772279358945925670e-02 3.327066697488256786e-01 5.207538706016970886e-01 1.842717124065487017e-02 4.493373596288149918e-01 2.717505179404565430e-02 3.932976924960028195e-03 3.626342270694112302e-01 2.470342048722141137e-01 6.584733211672640085e-02 1.365866685315380961e-02 3.364664424051960756e-02 3.813035962294539921e-02 1.803907896775933106e-01 6.495988348196575154e-03 5.477936918082205731e-01
1.265625000000000000e+00 1.190872890973793639e-02 8.247850922603781887e-02 2.026173460415185701e-02 1.935566584415396307e-01 3.912042089432694013e-03 1.278331508537896288e-01 7.216373018658616134e-01 3.332395530553187470e-03 4.387865440892139701e-01 2.124609040150207961e-01 8.528571369166834670e-03 4.788735001204755606e-03 5.643568106501136716e-01 7.247092665652158511e-03 2.742222778708522726e-02 2.406589256814274658e-02 4.430146474831948324e-03 3.398362853610837342e-01 1.361988674952147732e-03 1.073191759661066280e-01
1.281250000000000000e+00 3.063267241612631711e-02 1.951156995530382507e-02 2.009609519688821400e-01 2.287906973574503622e-01 2.006523879732781054e-02 1.817081346034854772e-01 4.952966823533739849e-01 1.079184508667583448e-02 2.284047300822575066e-01 9.954791448248892505e-02 2.205783960158099952e-02 4.809199789983006346e-01 4.845220889638706674e-01 1.963165248187386247e-01 3.213237849936738388e-02 2.680184251190766420e-01 9.706450430663510209e-03 3.978725506589786409e-01 4.164140164206777545e-02 1.167389972239351870e-01
1.296875000000000000e+00 2.109832059944773130e-02 1.088210877823930778e-01 2.117094606123852071e-02 4.313444752874773247e-02 5.534395459310811720e-03 3.157153567195646326e-01 3.736691053076380276e-01 2.678622525547247508e-04 3.857451142967994323e-02 1.100027539558357248e-01 2.834465867195140598e-02 1.182385879209987556e-01 3.814542323680879532e-01 1.611210060209634087e-01 3.679929001756960388e-02 2.077329309312754557e-01 1.402857592644081164e-01 1.113659904495786640e-01 1.938689010389739453e-02 1.869111766284436704e-01
1.312500000000000000e+00 4.179433307757336735e-02 4.366962216020748438e-03 8.947735024265687787e-02 5.441716901121330247e-02 8.754520572907468004e-03 1.811500952583703083e-01 7.468210008561922963e-01 2.537032382534231117e-03 3.495354277586779079e-01 1.596958500247649404e-01 1.173539521937361739e-02 1.843655832766949720e-01 3.882323190014836944e-01 7.584841549026259677e-02 1.092504418015004600e-02 2.392598796750749768e-01 3.610417047778727850e-01 2.967223534496061382e-02 7.998017000445665700e-03 6.334920624708128001e-01
1.328125000000000000e+00 1.338822607297707017e-02 1.838270158691152345e-01 1.564453812128535348e-01 4.689052732812908769e-02 9.705249349354752586e-03 5.945888953065459753e-02 4.700462711513127001e-01 8.766556625834788508e-03 4.834997813966592228e-01 3.893911498538352861e-02 1.221744726354517634e-03 1.452679010575498031e-01 5.660031518785343385e-01 7.061700510240077368e-03 8.728236333170286826e-03 1.190746794256101609e-01 2.268808207323504134e-01 2.283153539171696791e-02 5.510257104404842586e-03 4.542198828005132860e-01
1.343750000000000000e+00 5.924515909679749226e-02 7.616374679490826860e-02 1.567681356770950218e-01 7.255261315189608096e-02 9.470491112546639695e-03 2.116386027197121877e-01 5.552106975217941942e-01 1.214673007176926252e-03 3.655356231778632559e-01 4.622966554732670375e-01 4.233807335369204976e-04 1.072972752917413231e-01 6.969368941185608568e-01 3.985529797302037047e-01 7.952664809270971330e-03 2.025630311462783550e-01 1.855720921823798483e-02 1.686831181759854137e-02 4.567678229885460683e-02 1.583864515063291012e-01
1.359375000000000000e+00 2.409927900084547422e-02 4.095521809010158054e-01 1.999562076435836278e-01 1.206842181752584842e-01 6.457886724650556409e-02 5.978121218033127099e-02 7.034538431040994189e-01 1.064780295471124977e-03 1.701158335077108952e-01 5.564802501299825899e-02 2.278012738839682236e-02 2.393438400331204530e-01 4.441919801637531640e-01 3.954897280523457237e-01 3.037040906490150530e-02 3.914753141629355171e-01 1.338199277874523203e-02 1.052533239030235962e-01 2.282288900333836502e-03 1.280794335377119231e-01
1.375000000000000000e+00 6.071198068373236806e-02 2.052829277932377572e-01 2.232792174104561989e-01 1.592638387257427068e-01 2.720400933685380995e-02 4.046641247192747093e-01 3.052840057248643046e-01 4.000059115170601087e-02 1.635375703065760494e-02 4.354691506144877516e-02 7.391398306061576495e-02 1.068403341149524594e-01 1.016575704342976699e-01 3.182521869347821886e-01 2.255086354910916090e-03 1.194041697684370823e-01 9.863549499716858793e-02 5.997308821757892927e-01 4.872837479777212405e-02 1.882018068717316583e-01
1.390625000000000000e+00 3.596849271681839405e-02 1.910616422048836971e-01 6.800020478518876976e-02 2.442985816630814100e-01 1.827703397984869332e-02 4.503544811981574081e-01 3.589515930717827041e-01 9.855553005768541430e-03 3.653475191393081301e-01 1.478773583401290781e-01 2.468520292975801694e-02 2.244657906468329189e-01 1.782043100773726962e-01 1.323812010741035050e-01 5.340062744163094448e-03 1.566193446073599893e-01 2.678276698199673622e-01 4.949878761590734144e-01 2.585432786595451629e-02 4.440473023298005528e-01
1.406250000000000000e+00 3.873636864018599035e-03 4.712498825410371683e-02 1.209456677310861844e-01 2.127615059696449651e-01 3.256481855108629697e-02 4.366364712235286105e-01 7.313421952555904104e-01 1.180672425136807153e-02 6.600891399864272646e-01 2.791946884085633532e-02 1.616349276327602030e-02 1.523543340378974986e-01 3.950031018253848947e-01 5.545859070396181451e-02 1.517468027018027514e-02 4.079361039971223790e-01 3.670254477962330269e-03 3.557388592704204267e-01 9.430355213108511381e-03 1.463133639023933008e-01
1.421875000000000000e+00 2.386948733621707675e-02 1.623986346034929085e-01 1.909481037120782931e-01 1.957948917142304512e-01 2.493238220466617236e-03 2.013533724481571807e-01 4.558056891540311906e-01 3.300754573526121487e-03 5.923691098732573046e-01 3.005887461318955678e-01 1.477016559165349055e-03 8.085779155402673946e-02 5.316971652294811834e-01 8.416508023230506730e-02 2.280553649805169489e-02 5.468650961596065452e-01 1.338979494005311868e-02 3.209120581308728126e-01 1.204473222483348413e-02 3.368645929217746193e-01
1.437500000000000000e+00 3.655307760766392938e-02 8.602089356773810758e-02 2.341786126454647315e-02 1.309294922692982310e-01 6.457799322139736072e-03 2.275729036422883406e-02 7.214718741710376415e-01 2.485594657286959493e-03 1.732626845812426375e-01 2.508604740587127013e-01 2.362103580403209294e-02 2.590414609201647789e-01 2.705557964763743994e-01 3.938422975378876312e-01 1.268241954362478094e-02 2.863289981458386757e-01 1.491411332980215575e-02 1.635269621968521436e-01 7.452886628728802240e-03 5.036122049817497448e-01
1.453125000000000000e+00 1.428752007852473506e-02 2.778627092784364747e-02 1.014977053539820595e-01 5.399903973099572096e-02 3.356308772187981820e-02 3.965476304721591294e-01 8.526692325022591223e-01 4.345146220979154150e-02 4.913034094768737453e-02 1.349318987321490582e-01 8.475804798718135011e-03 4.233651996459195793e-02 3.598532435371365468e-01 1.973654558690551841e-02 4.309399011152860101e-03 4.345991487684769949e-01 1.982716261933068769e-01 9.908257956632919583e-02 5.901435449505523095e-03 8.100883912998115000e-02
1.468750000000000000e+00 2.041565333054815717e-02 1.682844168142864361e-01 1.843731255864521357e-01 3.016015393125617058e-03 9.845243643098048822e-03 2.730313557261235258e-01 4.829069397464285096e-01 1.666950257683881174e-04 2.460464218044345064e-01 3.458955466892003616e-01 1.870353672757752231e-02 5.802359160950061601e-02 3.471026069181181728e-01 3.140891964951076365e-01 1.393693813330042740e-02 1.417072143371798099e-01 5.252165523440059935e-01 4.888975391459067510e-02 1.422441314825201482e-02 1.511777129493872829e-01
1.484375000000000000e+00 6.368582544763358444e-02 4.954239840871264150e-03 1.868151617499075046e-01 2.296329397358505206e-03 3.359432429624699401e-02 6.761983816116402812e-02 6.774497590334689345e-01 8.075156193166200050e-03 1.550961621956175873e-01 1.027373188448664765e-01 1.272910288547294266e-01 4.091865334746274535e-02 2.890898120425431372e-01 1.003811595228939757e-01 1.008658952838947017e-03 3.926962018955207356e-01 1.891229188032434172e-01 1.648456466408555754e-01 1.360618115849476610e-02 1.429385543212216558e-01
1.500000000000000000e+00 9.248764828668671473e-03 4.661348137627970845e-01 1.017927732424296766e-01 1.064105950928457417e-02 1.290207894086232597e-03 2.823320689951049761e-02 9.005360026804053453e-01 3.246305287149222479e-02 3.832426534006854735e-01 3.513517506094203657e-01 3.084101051556429468e-02 4.682443113495526887e-02 2.978000160609321767e-02 1.194629639385422909e-02 1.370074141490001778e-02 2.371116152632334606e-01 2.951693858519260482e-03 1.678037078733385645e-01 2.318553387717782813e-02 2.568846602570069582e-01
1.515625000000000000e+00 1.991460251930363134e-02 8.843682108675263165e-02 6.633988455381809035e-02 8.601621721827076850e-02 7.193181472781537411e-02 6.366119790050329963e-02 3.926274274437586143e-01 8.957534325037746353e-03 2.568458914465175380e-01 1.033096468576873150e-02 7.927877327693887491e-03 1.346445576221873275e-01 3.376409078779292749e-01 2.012866035891951177e-02 1.986952841271511991e-02 2.567194895334481974e-01 4.073473298457468139e-02 3.514989880304504877e-01 5.975926167965657509e-02 5.582476538699220336e-01
1.531250000000000000e+00 1.194395066677505710e-02 5.171951533927576783e-01 4.724998840525248406e-02 1.508906662757136530e-01 4.778027749821239095e-02 5.242198808616488348e-01 5.910214182144249984e-01 1.691093310897913080e-02 3.681816004318913538e-02 3.409593261221238736e-02 4.408286674265058519e-02 2.577331661184969688e-02 1.274062996115759572e-01 1.995608137371792656e-01 1.779542986236588506e-02 1.499522914603374502e-01 1.034041135504103620e-01 3.424259357974459017e-01 1.743559601931737174e-02 6.467489129476818033e-02
1.546875000000000000e+00 4.338120753712490507e-02 5.722281983302864028e-02 7.762513958006148768e-03 4.285161798023510299e-02 6.460322746916095926e-02 6.640796119050655921e-01 7.218533909248372460e-01 1.718105094657251808e-02 4.816186230348472597e-01 3.000103163694884945e-01 1.803837452092471594e-02 2.520559942859116886e-01 4.667496669300318785e-02 1.192444969256144585e-02 1.380366148827095150e-02 2.889953962157644843e-02 2.355933707564605503e-02 4.595273226294170343e-01 2.552189776296969956e-02 2.192188714432314056e-01
1.562500000000000000e+00 5.650235668838617803e-02 3.526892054398587661e-01 2.818964102577436459e-01 3.609966603980777761e-02 2.571714021924747032e-02 5.580323826439592683e-01 3.142233186264120071e-01 1.031083062257186732e-03 6.285083762859862144e-01 5.214741662456313237e-02 4.359643379548164450e-03 4.900782878871122461e-02 7.139708717693279624e-03 9.202474455173488554e-02 2.925467497238914624e-02 3.666163322796126695e-03 5.757446104147490029e-02 3.894552549368318628e-01 6.677265953157901501e-02 6.396139821398298675e-02
1.578125000000000000e+00 2.041910522281963850e-03 6.230681543158025915e-02 7.003635090884902104e-02 1.077469488609192477e-01 1.180329328116952806e-02 2.435134763461758167e-01 7.790379119202802682e-01 5.053192585517569946e-04 5.858606533706949282e-01 3.777616142049582959e-01 3.060422537474824772e-03 2.021962595928084028e-01 1.001718153590367838e-01 3.608298814398012977e-02 3.568805352467531444e-02 4.771023240199435134e-01 7.185677413668127220e-03 3.758226937151143976e-01 1.625232345004187090e-02 2.829427342787865785e-01
1.593750000000000000e+00 5.264496218742902023e-02 2.244040465943240859e-01 3.401434920632941949e-01 2.005752314966152694e-02 5.565081997704180057e-03 4.539581788151927227e-02 8.119575614539465969e-01 1.280936090551047443e-03 2.020449484549980412e-01 1.757182608065920026e-01 1.561183958845382101e-02 3.721112578848000813e-02 4.925341546536916859e-02 1.033939806819568624e-01 1.516207809678175693e-02 3.040824263947679296e-02 6.830793032685389399e-02 1.651838363664596687e-01 6.112311014554369475e-03 7.930521529505719924e-03
1.609375000000000000e+00 4.625240795245842695e-02 1.333432383042418568e-01 2.187198761292380167e-01 8.937954295146306738e-02 4.432559867879037711e-03 4.728974008497189296e-01 5.478567312912251408e-01 8.357747288551199000e-03 3.892795540434304535e-02 5.239759282677725278e-04 5.713937732753225640e-02 1.437187095271150461e-01 2.581384621586099160e-01 2.228094804850477562e-01 1.651673037076938425e-02 1.191072663248237268e-01 2.360600359643334478e-01 3.098052259154848720e-02 1.840956700175247832e-02 4.532771649860173890e-01
1.625000000000000000e+00 2.022420007235247591e-02 2.966351885860535331e-01 9.539901346848418673e-02 4.373543693828778334e-02 1.514384329012876751e-03 3.419157795755849438e-01 8.545855946185756391e-01 1.612741741974003246e-02 2.889942078505428613e-01 4.268336926640500795e-01 5.724774955217053207e-02 9.732563940290248072e-02 3.383471564110009933e-01 5.841555804646761385e-02 3.740127372504799264e-02 1.660390947049036614e-01 2.955210347645059743e-01 8.700610568401863365e-02 2.894817185632060641e-02 2.784701364891891684e-01
1.640625000000000000e+00 8.613806418176035706e-02 2.969423668007106221e-01 2.716686264184510757e-01 7.019300488442483527e-03 8.065254829615170831e-03 5.052202164326069500e-02 6.473136802923246114e-01 1.045206271800539974e-02 6.466284467729537244e-01 1.522063523053443224e-01 8.558782658405048038e-02 2.335899873951825800e-01 8.677011368024432902e-02 5.939616616170525498e-01 1.133877830381704518e-02 3.172982277144754115e-01 6.544178554506679957e-02 3.390302866255943126e-01 4.328387498242825676e-02 3.321604119739345329e-01
1.656250000000000000e+00 5.010543183607952394e-02 8.861688305150627887e-02 4.642335978133065311e-01 1.010184760394041564e-01 2.139233474865898446e-02 6.558315223909574887e-02 3.560252119424346939e-01 1.951867314901931452e-02 6.697043416721760734e-01 3.449111343020864195e-01 5.136167533575418387e-02 2.265210369684773906e-01 2.212116558486922346e-01 3.423524809008104408e-01 1.310547011562963708e-02 1.282457443982260858e-01 1.869850438250258984e-02 3.662359386018220198e-01 2.442515946303000160e-02 8.773894699721486445e-02
1.671875000000000000e+00 1.472795678100569453e-02 3.810210377716271579e-01 1.308141185210500435e-01 1.527049649943990894e-01 2.707396115994698677e-02 2.813702682357024920e-02 7.117311203849184809e-01 3.410204816219006285e-02 3.146367666799538831e-01 3.159167256955794367e-02 2.372698074817637323e-02 2.157141764467848111e-01 2.687449397915210314e-01 1.322229960972308993e-01 8.227380529816244112e-03 1.624170433946124370e-01 2.709885217921194703e-02 3.503914773288490103e-01 4.562073501114941726e-02 1.152835391643578233e-01
1.687500000000000000e+00 9.113210044663174641e-05 1.765375787556476561e-02 1.479626062534531439e-01 9.803135118687705818e-02 7.286793969095507750e-02 2.142450450109689153e-01 3.669115100028890186e-01 2.530464594268863891e-04 4.417291841016312420e-02 5.803860694826529915e-02 3.817051829313126976e-03 4.007030858048962751e-02 3.282754061095289888e-01 5.407412456722023864e-01 1.357717664477389209e-02 3.766639403664215346e-01 5.070973338546909404e-02 7.620128172810527456e-01 1.213823958816790255e-01 2.359093583561736318e-01
1.703125000000000000e+00 9.589818777440796416e-02 1.290697606621428288e-02 2.238882787078975978e-01 5.716124074524699811e-02 6.368623167553738584e-02 2.164665416458066427e-01 1.967274135032104632e-01 2.115003450028360432e-02 3.237705592041010827e-01 4.195249493440650346e-01 1.476952371673635918e-02 1.753378712116545612e-01 2.145493245957559858e-01 5.523946255313443715e-02 3.573386563040056862e-02 4.211655537202441679e-01 8.463610325071193805e-03 3.560901124404008966e-01 7.004236220316759076e-02 6.336052935228997374e-01
1.718750000000000000e+00 1.074685883715726167e-02 8.482413626590648570e-02 2.123541501196278894e-02 1.041963821763240844e-01 2.744375848915454191e-02 1.641226831898590088e-01 4.042058611280230918e-01 6.955803594815375759e-03 2.882179972726425787e-01 9.481207863504903521e-02 4.158872358142426395e-03 5.559721233423434335e-03 3.391782715814971039e-01 1.121620097483822937e-01 1.301966383410997630e-02 3.974344518034264029e-01 3.206424244291206094e-02 1.635743732422410279e-01 6.581518470404154608e-02 2.007954854704964709e-01
1.734375000000000000e+00 2.098360665560377106e-02 8.916054997269927396e-02 3.431242082649342828e-01 1.676282882963560927e-01 4.854630603722322885e-02 4.953309822700595333e-02 2.884614872325800827e-01 2.776046743656547522e-02 3.039681306424367735e-01 5.469784446299882918e-02 7.905657058763632811e-03 3.099913686294374915e-01 4.644015910405069336e-01 2.793418713401878417e-01 8.595146491943482167e-03 5.453883519879391267e-02 8.273771516783534619e-02 4.701321790810639861e-02 2.677655248191693205e-01 5.467120264814452346e-01
1.750000000000000000e+00 1.622000789763484649e-02 1.316310855040487282e-01 8.799034642785442950e-02 3.350729756061758546e-02 6.875071396703323623e-02 2.280692678815141317e-01 1.751404641414480434e-01 4.225706396912796287e-02 3.331021436260762081e-01 4.848429064680380429e-02 4.166311009050401720e-02 3.717593167903002899e-02 3.447404236825178936e-01 4.978812396292508352e-02 1.051323156830590196e-02 9.767456578170727322e-02 9.526521821636317611e-02 3.479748543756746443e-02 5.323339192340401094e-02 5.949927938936924177e-01
1.765625000000000000e+00 1.553980071276056252e-01 3.360225619033470612e-01 6.681198742870748941e-02 8.077335061665746885e-02 9.731241868822464169e-02 1.227300967839253520e-01 3.522730631052434225e-01 1.170687533790983233e-02 2.151658343460985390e-01 3.222063203646839680e-02 3.067472094463507756e-02 1.325217686279960561e-01 4.220162068288183521e-01 1.607115418672634688e-01 1.313768321199413301e-02 1.860207795671388331e-01 1.246372309474214485e-01 2.276256262682758713e-01 1.301703894235224993e-02 1.986487755120318333e-01
1.781250000000000000e+00 1.348192344854087232e-01 4.955879226457429731e-02 9.032173052264047541e-02 1.398968246962483120e-01 4.309478481760940088e-02 2.899028095225216761e-01 1.205947880452774568e-01 7.633681047850083938e-03 5.513821026492499167e-01 3.172100623472651759e-01 5.453562515394646398e-02 1.259518613456875324e-01 9.702142596470553215e-02 1.304992317388931067e-01 4.593646543790506215e-02 3.589970043725164706e-01 2.560461578739837707e-01 3.946158692426284254e-01 1.183774953329447786e-02 2.852064695233375580e-01
1.796875000000000000e+00 4.589559997440849359e-02 1.117730263052813672e-02 1.457842742873294850e-01 2.957335019210376448e-01 3.296175455228163298e-02 2.644422842052103761e-01 3.575972446055896703e-01 2.040041133001408227e-02 4.559023356101166158e-01 5.221044908538426954e-01 1.360940607689425375e-01 1.762845698093603586e-01 2.263809322478058939e-01 2.823891528670756101e-01 1.720383622778464544e-02 1.991647622582806004e-02 1.733249661246705486e-01 5.126326342249147849e-01 1.127340941328984665e-02 1.855051548549443985e-01
1.812500000000000000e+00 4.925367873467382390e-02 1.217905375423743858e-01 4.856871289668805991e-01 8.196749517183991515e-03 2.159368944675343904e-02 6.874709530639332156e-02 4.991807477385882819e-01 4.094089814784120790e-02 4.927699330979877224e-01 2.643460786960665221e-01 1.114928802475289304e-01 1.331252503539807341e-01 3.865634179507823065e-01 1.501853816607053027e-01 4.796893951325860959e-03 9.350141818994389675e-02 5.691618760766073253e-03 4.941604653567053806e-01 4.313131510469671304e-02 4.402711086499710436e-01
1.828125000000000000e+00 4.987512722746693244e-02 1.649373918053195498e-01 2.710753977968529127e-01 9.818438913985066963e-02 7.091022517186404417e-02 1.702343860237041095e-01 5.006204499850175349e-01 3.664618829699619901e-03 3.192752421356900849e-01 6.631586878886977510e-02 1.331684100409549487e-01 2.208651534592214749e-01 2.543240693929734175e-01 5.695549456499578167e-02 1.945125240057084953e-02 1.885200551300525440e-01 8.417734604363186213e-02 1.408595305951667875e-01 4.304404498938500107e-02 6.965262764777947480e-01
1.843750000000000000e+00 3.936616312291071895e-02 1.771807450011281537e-01 3.176965407440068140e-02 8.898955761879569215e-02 1.741201695773906544e-01 5.244452725379805669e-01 1.506542821608016225e-01 1.047663051075587749e-02 1.612465198030995917e-01 1.755198560828518869e-02 2.123690145150481101e-01 1.399187707793015378e-01 8.307197606552180202e-02 1.605256904563509279e-01 2.113815456683866556e-02 1.839292694688280105e-01 5.075472281764468671e-03 6.035872620366927732e-02 2.603792852713874423e-02 3.140441923165923632e-02
1.859375000000000000e+00 1.314225979843614868e-02 2.952985020410068273e-01 1.369725516134839005e-01 9.512020346844883567e-02 2.341528800523169293e-02 2.110117930598099101e-01 8.251800322749981709e-02 1.145597806573198235e-01 4.322169431056185895e-01 2.822084200532481435e-01 1.436637667498882331e-01 2.631206564110170620e-01 1.621359918258829524e-01 1.247296946497425951e-01 6.440972156147249661e-02 2.623917160496785361e-01 3.198986290810913041e-02 3.081169813941498498e-02 9.340472952481079782e-02 4.610049117666765311e-02
1.875000000000000000e+00 4.259440441197722554e-02 9.929831422252337336e-02 2.116341776454715162e-01 2.325266176324062434e-02 1.845294215025845147e-02 2.584626339358164770e-02 2.099708565819698169e-01 1.894231177671335670e-02 3.711175323246481694e-01 1.198550995564437449e-01 2.116172307061480462e-01 3.437472833135529204e-01 9.890994887343422526e-02 2.424032472812655270e-01 2.643226463544417690e-02 3.704006075007205689e-01 1.138805961160056640e-01 1.223823621373540671e-01 3.432776055723587433e-02 1.217821224559692134e-01
1.890625000000000000e+00 2.961359472246374858e-01 2.016272403311955563e-01 2.106045979859282047e-01 1.068678275989575210e-01 2.511251375844839734e-02 6.387483750204865640e-02 6.012747449384928666e-01 2.296071706736941068e-02 3.866342599223646093e-01 2.458297205550282749e-01 2.192309175059143356e-01 8.672531633963163900e-02 1.957818270863542418e-02 1.765686587955312137e-01 1.623652986942057978e-03 9.995259267438168227e-03 9.466888746755057482e-02 6.429199970737618786e-02 3.656345784215824651e-02 3.777527894149696475e-01
1.906250000000000000e+00 1.061479962106692543e-01 1.554927424029662886e-01 2.829214563162448307e-02 8.445701126043601847e-02 4.866280549607299860e-02 1.014818882604225092e-01 3.865723666930614977e-01 8.581484733055927405e-02 2.548416732513248406e-01 2.065028630614398064e-01 1.843334268428878098e-01 9.717921967633051661e-02 4.116603238906742235e-02 2.075190924346614063e-01 3.462201051618949560e-02 4.582428397509259732e-02 9.413570709377859502e-02 6.416160363604800354e-02 1.533644460734245353e-02 5.395791764145888708e-02
1.921875000000000000e+00 8.736412593855306941e-02 4.144998382186221471e-03 1.723815028096767343e-01 7.794965880408047387e-02 1.590924775757789761e-02 8.053365136941134650e-02 7.257133288677684035e-01 2.845113855797570465e-02 3.270801339791539197e-01 9.554681012037220811e-02 2.291620834901522963e-01 1.748949945261130401e-01 2.626120888555641963e-01 1.543191739162966813e-01 3.087663510925706817e-02 2.651519028755507379e-01 1.826649258685702215e-01 1.412736543909098863e-01 2.607123387609389664e-01 4.153083617747937439e-01
1.937500000000000000e+00 1.343833296270955380e-01 2.243197792007753377e-01 1.477211621862606003e-02 5.095666323256744373e-02 4.050390198849328910e-02 3.341621916175714913e-01 5.449339897031438840e-01 1.125436504321506020e-01 5.693245103616908498e-01 2.958804976800826769e-01 1.255988821701926883e-01 8.653353150809879255e-03 3.873738130420232850e-01 5.197546545355512249e-02 2.852773717940200633e-03 1.313685009256858605e-01 1.669829255661565426e-01 6.232949603100556429e-02 7.171489644653329665e-02 2.021608087346795646e-01
1.953125000000000000e+00 3.827344850132306797e-02 3.112628327551621513e-02 2.139771667399927371e-02 2.522607971731422039e-01 2.675939490716775643e-02 2.437030784052528487e-01 6.825273036342575095e-01 1.199961060188722839e-02 3.229809002871456558e-01 4.578109218500137634e-01 1.071063009247876230e-01 1.888643886084624968e-01 2.535855571712740675e-01 2.106281517989536112e-02 3.693701911031190780e-03 1.745735016536792972e-01 4.726009985227561105e-02 2.655645975437592732e-01 1.023956379583613324e-02 5.679291392504926678e-02
1.968750000000000000e+00 1.215332538595447279e-02 1.258627266910124776e-01 4.994021655943572252e-02 2.305253135384288110e-01 5.910028490314283428e-02 1.796803835789856016e-02 4.480129612700726738e-01 1.448935488111442391e-02 3.644623174012241451e-01 2.551945725670636822e-01 4.720168313061903070e-02 1.295045727163797178e-01 1.330848401463235464e-01 3.588610682565555876e-02 1.577209272482798033e-02 1.155055811686999945e-01 1.757405822199358258e-01 2.213682975757558236e-01 7.012558258110400400e-02 1.922487247167263547e-01
1.984375000000000000e+00 2.992898161992841102e-02 8.393257021902656226e-03 2.869237238092106623e-01 4.937729271003932913e-02 9.505962770219361646e-02 3.166976300866809479e-01 4.686442756682945854e-01 9.581482483127015670e-02 3.539353149902067508e-01 1.050229562918050669e-01 1.490847511697248988e-02 2.335776097945268803e-01 1.232431292342200529e-01 9.666416610472174098e-02 4.277201857654786693e-02 8.403583042746698428e-02 1.049149804805356162e-01 4.975325725942736366e-02 6.870337896288751522e-02 7.465756334547729578e-02
2.000000000000000000e+00 1.275065171616986169e-03 1.181745481366863887e-01 5.049266524656708527e-02 3.395497149705344886e-01 2.960226575528368889e-02 6.070207488993526468e-01 1.674162693229583332e-02 9.130239164122018469e-02 2.539422246286072212e-03 4.253892793236912356e-02 3.103706685518041117e-02 3.114144382255293331e-01 1.551687194691457258e-02 7.808267161668584581e-03 1.964019517196189529e-03 4.284932757986742446e-01 2.187783687720610409e-02 1.736154978771299248e-02 1.327514388638393293e-02 4.623073180911340119e-01
