0.000000000000000000e+00 4.013819906388579883e-01 2.752754065889159163e-01 2.622876514563420372e-02 1.579090696518529926e-03 3.805580559164298826e-01 9.165625574834404196e-03 6.017527409604790378e-01 3.692184292360866094e-01 6.334395313985887732e-01 6.964731010959832602e-01 1.561194060498279634e-01 8.152461079543275868e-02 1.116674380007184608e-01 5.237249662335179412e-01 2.961819118024127881e-02 3.408007544752948426e-01 1.166101903201930247e-03 9.176059007108212928e-02 1.692223231578630638e-01 7.062376625148195641e-01
1.562500000000000000e-02 1.156430674421127514e-01 1.781710686361228091e-01 1.993688694325772004e-01 6.394346541434033082e-02 3.052339780029511007e-01 1.759679261959523275e-02 1.958740835677927339e-01 9.695059509620004845e-02 1.564130264842477080e-01 3.234895178174924668e-01 1.330326441684669403e-01 8.778740045825440819e-03 1.764511062840219968e-01 4.012493854167130669e-01 3.836289697225547107e-02 4.130882984675769698e-02 1.668809514395862559e-01 1.880182192758041992e-01 1.107868459973571917e-01 2.790609083674586710e-01
3.125000000000000000e-02 8.955610833948893235e-02 2.638123110028683938e-02 8.599111917891269496e-02 1.914402319891126414e-01 2.037484899685941542e-02 1.564305850629812145e-01 1.405789188685089008e-01 1.290933552955194352e-01 9.872206961768470457e-02 6.948757545223388510e-02 8.403146107745356266e-03 9.154884662123101424e-02 2.550090911482303935e-01 8.120238052889944269e-02 7.239642841449771271e-02 3.216481534700557088e-01 3.573349660683940859e-02 8.050786522337865982e-04 9.931080357277347059e-02 8.422822868254473128e-02
4.687500000000000000e-02 1.096101799780840741e-01 2.011941374866494103e-01 3.449706962635494811e-01 6.468758846784820049e-01 5.790443573848651909e-02 2.309621713567972523e-01 7.970517462617221494e-02 1.109293605405674982e-01 1.172223537046319583e-02 4.255955098976786644e-02 2.559980580340071588e-01 3.041918534769010030e-02 5.626248410286152635e-02 1.688861474651538186e-01 1.797724217433513960e-01 1.662759459686357078e-01 8.318105923465180310e-03 3.059278854320237120e-02 3.609513487994919223e-01 1.374746999206412079e-01
6.250000000000000000e-02 3.590639067207122316e-03 1.940776900932352222e-01 2.790918282142395013e-01 3.039489503279532712e-01 4.710306514466752054e-02 8.006788769635998781e-02 7.497638862849166641e-02 4.075771566717186212e-01 2.509930913107816242e-02 3.186449456003439401e-02 1.197881026040396174e-01 1.631601592848240219e-03 1.338300374225417089e-01 1.220241048864136556e-02 2.945630827810498675e-01 4.847425177057756995e-01 1.967764651619485772e-01 2.561958020504596575e-02 1.866024498980287938e-01 2.364194018839519129e-01
7.812500000000000000e-02 7.301095160072269830e-02 1.235262655404068405e-01 3.225468733766024276e-01 4.564634099873762785e-01 3.678133221523506302e-01 8.221670385511940793e-02 4.248459319512573606e-01 1.918739562900290130e-01 1.334481382096649460e-01 1.821355262802429043e-01 3.743649319220094251e-01 1.883758131929319860e-02 4.495813828047873217e-01 8.038621283611563362e-01 2.226054736409968926e-01 3.616140696545873667e-01 2.647752205774281942e-01 2.222875957068791708e-01 9.476595515815484927e-02 4.534916512892906981e-01
9.375000000000000000e-02 2.374305853383548437e-01 6.327265257379698360e-01 5.001354801456943111e-01 7.037020017314870035e-01 1.867084296209148286e-01 3.111558291176728663e-01 2.822786656912595338e-01 3.830114077062830025e-01 6.597895412731783482e-01 2.413566908755984119e-01 5.475392099245127708e-01 1.868803867596984664e-02 6.051028784776276703e-01 7.610561256873994429e-01 4.134960781781606975e-01 5.544851948617781495e-02 5.509882287260926548e-01 3.446514260757375658e-01 1.230310461185938342e-01 4.627152877192087788e-01
1.093750000000000000e-01 4.667720910303145843e-01 4.033222888190684530e-01 5.599962280730402808e-01 6.975653613151735488e-01 2.351045567695716210e-01 3.795201679809771522e-01 2.296661808496085477e-01 2.872445293275816547e-01 1.986290182763786050e-01 5.135914516881949499e-02 4.303684811697613966e-01 2.361428311304062388e-01 8.252522052856949841e-01 2.135480836634848223e-01 6.717132769026878947e-01 8.043619165917368363e-01 7.984001457210716524e-01 2.762206566031951138e-01 3.448359644387670730e-01 6.903337447115701631e-01
1.250000000000000000e-01 2.972837827146179168e-01 7.761127461805716887e-01 4.102813659642342570e-01 9.542278509036242751e-01 5.655283805976870637e-01 7.186427738291661926e-01 4.737928188608527269e-01 6.780349913041178178e-01 9.623400202240627033e-02 4.158316298226828467e-01 3.882346842795383890e-01 3.890885249041756699e-01 8.861696872345160569e-01 4.266316119922226591e-01 5.468007153319872637e-01 4.212072993376769769e-01 9.908024914829608454e-01 4.400877002216225797e-01 1.278328856268273750e-01 5.796154521704401930e-01
1.406250000000000000e-01 3.545166574080480526e-01 7.894890789611052062e-01 7.333473779251600266e-01 9.589584611148037618e-01 3.950832811449440651e-01 6.580250216981683442e-01 7.548642902802473742e-01 5.512721044811831339e-01 3.663196616186223387e-01 6.732784001532864382e-01 6.317091450010005049e-01 2.642836947053112673e-01 8.567053253415252145e-01 2.859525770514539378e-01 6.492960336917890096e-01 8.701659570978216296e-01 9.724944769432687375e-01 6.430980592227637516e-01 7.563035150077530577e-01 6.505580490735692889e-01
1.562500000000000000e-01 7.314697611782198239e-01 8.524699480215550684e-01 9.434726208713360984e-01 9.776024511000795947e-01 7.188849181984924286e-01 8.328694832618093180e-01 8.588911630378516238e-01 3.121814452253759975e-01 5.259090184095427389e-01 7.075371743836254002e-01 7.748137510260890704e-01 6.260633806853671546e-01 9.021999690096257352e-01 3.323489787042537280e-01 7.457706853424891369e-01 8.291274494121538829e-01 9.932123845084340763e-01 5.077664646651142144e-01 8.542428394607639586e-01 7.803945485694647743e-01
1.718750000000000000e-01 7.303409676573264786e-01 9.413822915529024282e-01 7.923110124768880658e-01 9.901079122800052756e-01 7.997408107128984867e-01 8.423247352712820435e-01 8.157869923745284524e-01 2.793369942669361450e-01 8.840389076190492412e-01 7.501089653001374868e-01 7.348088973430491055e-01 7.222917377080203538e-01 9.836878749419843970e-01 6.375712176016161692e-01 6.430541276854058186e-01 8.498888711317170719e-01 9.776010636802831000e-01 5.608422042878734581e-01 5.748428868953469051e-01 8.014292033226250167e-01
1.875000000000000000e-01 4.954725778896759691e-01 8.781217932838891738e-01 5.389563740988612128e-01 9.596115356140541008e-01 5.433177200044979616e-01 8.467129182800616771e-01 7.659397196543231701e-01 7.259103182626336359e-01 6.134842349055252830e-01 2.533093617855489699e-01 7.625814078976035360e-01 5.942149579548049454e-01 9.842848870572229458e-01 6.815752981457344761e-01 7.288667054617190555e-01 6.516644259659324367e-01 9.731858091573767355e-01 5.963246290886111689e-01 3.281392590327232850e-01 5.906038670784586886e-01
2.031250000000000000e-01 3.474358946476429066e-01 6.759361717217767795e-01 6.587912142933906035e-01 9.463449397382807105e-01 4.394263393688911390e-01 5.026068250575602692e-01 3.330496516471064261e-01 5.937278510045198576e-01 4.031386697558166365e-01 1.889489505028224270e-01 6.362388022794251974e-01 3.779549608221512424e-01 9.598872983991951768e-01 6.077488397498622685e-01 9.198634177474060980e-01 5.149590006055920766e-01 9.444118284076223890e-01 5.825969668800841106e-01 4.482000685384566196e-01 4.957727499499749446e-01
2.187500000000000000e-01 2.307838869337216214e-01 7.661638092683495938e-01 6.162645916763390685e-01 9.481900283846609323e-01 3.366823857685427024e-01 4.483614836627785039e-01 4.128461661104170233e-01 4.586878013515752195e-01 2.513299702315494044e-01 4.593043934828892616e-01 4.812187059213174356e-01 6.707131501001417639e-02 9.784555723655361525e-01 5.632776269380745937e-01 7.137511896959980451e-01 7.077933323935950982e-01 9.220504315544952867e-01 1.296819832881917767e-01 4.602043067254275588e-01 5.843444180262296062e-01
2.343750000000000000e-01 1.587376338379123952e-01 7.333205094785204547e-01 5.403530958406140838e-01 9.319944859274676974e-01 2.305971537849448305e-01 7.215027421828376086e-01 4.367179538241848236e-01 3.686731555470242894e-01 7.039156188629025479e-02 2.282600698362824698e-01 1.859449748771314914e-01 7.436562996150571613e-03 9.640819409906444815e-01 1.854921603910177075e-01 6.319087570687267341e-01 5.760127231855367569e-01 9.017116510351443903e-01 1.487821625696336414e-01 2.601718034822155801e-01 5.298361071316333160e-01
2.500000000000000000e-01 3.795023182145373930e-01 6.818992594349327918e-01 3.900296633736930474e-01 9.530852546079374710e-01 3.218232598318857551e-01 4.582372803672322692e-01 2.723370382961447511e-01 4.941421355988425690e-01 1.790296340363797256e-01 4.190202827842843258e-01 2.071469116494382701e-01 1.370528283786554280e-01 8.923438088107145116e-01 7.841149046739179784e-01 6.064716244040719850e-01 4.496826470486662841e-01 9.134576766112748603e-01 3.066417593603567027e-01 6.103702796067566050e-01 6.764985322299784665e-01
2.656250000000000000e-01 6.160892581737091867e-01 7.260095259269836454e-01 4.746888045236849485e-01 9.205902249290344175e-01 4.545634106555872522e-01 8.996532349235381032e-02 7.515360043734203854e-01 4.350320777692029961e-01 2.198395479300970512e-01 3.034648365281962246e-01 4.804808137596631168e-01 1.544201120833407770e-01 9.256350617453775742e-01 7.171822304064837672e-01 7.579900262519648768e-01 5.455645003554270289e-01 9.319984636786093901e-01 1.282930065150559296e-01 4.804022725967475593e-01 7.518506903443851197e-01
2.812500000000000000e-01 5.768159943983621751e-01 8.766766686312155166e-01 5.901144563951777888e-01 8.234023570541061376e-01 5.076377099546290905e-01 6.109891199960967301e-01 6.291283073679060367e-01 4.265451012036810541e-01 1.853364590618789831e-01 4.791693972318515904e-01 7.988826571874070304e-01 2.309090161190347767e-01 8.440917257470100798e-01 7.514722296184405126e-01 6.256102247332209210e-01 7.129887806615582413e-01 7.575395346821404141e-01 2.738820718314851632e-01 6.331343949956033113e-01 9.514244991502995852e-01
2.968750000000000000e-01 8.165884591956408256e-01 9.089868095244905133e-01 7.546944624334794849e-01 8.245963517855372515e-01 7.435096398403868712e-01 8.300744235909005564e-01 6.181467243403012679e-01 7.072369696134058747e-01 4.617701116689805207e-01 7.083376420497938808e-01 8.895511358159564619e-01 2.775060222010702349e-01 8.855444330052626434e-01 7.935702898565420993e-01 4.939682819972239236e-01 7.294508303684851258e-01 7.634317104320339498e-01 7.879258851570778432e-01 5.953645380646047647e-01 9.329935091073184861e-01
3.125000000000000000e-01 5.639543078925252084e-01 9.066390971853105496e-01 8.620216748058160405e-01 7.859593463670027091e-01 1.732093473128560879e-01 7.684401319940736830e-01 3.813391497513941575e-01 6.665185643794343529e-01 2.337607990684210102e-01 5.019600679918062580e-01 5.046602132707863619e-01 9.655505898617333660e-02 8.857543370620923895e-01 6.184904710540544137e-01 5.158852249809156021e-01 6.026833030169610472e-01 8.616333953852783889e-01 5.629327705474277410e-01 2.833820865357229435e-01 6.312429634292203717e-01
3.281250000000000000e-01 2.167660880141133728e-01 8.342465338843173539e-01 4.146857807980037225e-01 7.594638305305715376e-01 4.384420539541816209e-01 3.441982632455632407e-01 3.942983755854015393e-01 4.503941300287714333e-01 2.121291600159722415e-02 1.045985014004233854e-01 4.336084991811991474e-01 2.954340607896778215e-01 6.626419467760018556e-01 5.632454691096390187e-01 3.413457411583541434e-01 5.195971424741395728e-01 7.341283460700004371e-01 2.626742522151066517e-01 3.074503661007779165e-01 3.738419272653782932e-01
3.437500000000000000e-01 1.470966134753952936e-01 7.193674896636698124e-01 4.043874337169004463e-01 6.103289142106135268e-01 4.441668487142169663e-01 2.577796462798327970e-01 1.151963591938662684e-01 2.826771468963016343e-01 8.963107026706979008e-02 7.259818814120843067e-01 3.483115197607191682e-01 1.399836839491969132e-01 4.822355305376284096e-01 7.098517976484453040e-01 3.931545176488974724e-01 5.216301932677448461e-01 6.956960278345832860e-01 5.091663875310786791e-02 3.693346405372373020e-01 6.095984244597074664e-02
3.593750000000000000e-01 2.847813116800273492e-01 6.264427653878622548e-01 1.185313493705371229e-01 3.139328419733970477e-01 1.475568908787345535e-01 5.458018148362817623e-01 3.910469735918550849e-01 8.817836205778853062e-03 6.019598825079165716e-02 6.206973876557315695e-01 1.470074336878294530e-01 5.164885542942616176e-02 6.945017584415639211e-01 6.921727993479872554e-01 4.634186596384010093e-01 3.971884231672635768e-02 8.284091975355486470e-01 1.308937850939868308e-01 3.082387729472378934e-01 3.588389207448855478e-01
3.750000000000000000e-01 2.702064177372388021e-01 5.851744914370047290e-01 5.188131321470923485e-02 2.908607053757724659e-01 1.351839370065414936e-01 9.097407937458318328e-02 2.090944682117147624e-02 1.120327184230015399e-02 1.220159196514123412e-01 4.485628954306113136e-02 2.010245797245665544e-01 1.875860771696263307e-01 4.026878502017809391e-01 7.178499407752463313e-01 5.543806074686798979e-01 1.086232524540517025e-01 6.067357488009393895e-01 2.404242309402856437e-01 8.629488603249262091e-02 5.638125099353598069e-01
3.906250000000000000e-01 1.566776161101123832e-01 6.925731562858644663e-01 9.637896229213960275e-02 9.506918983223733299e-02 5.913359725727648092e-03 1.245223911181588955e-01 1.003444901274812839e-01 7.638726579108501280e-02 1.949937228728756619e-02 2.677797862801928885e-01 7.370674453195162623e-02 3.233472072095016636e-01 3.939369697778512536e-01 2.305679193635513102e-01 1.105788490068331104e-01 4.398492247372709496e-01 2.603354163645038577e-01 9.769710410381134136e-02 4.071133557682307114e-01 4.478369129112292346e-01
4.062500000000000000e-01 3.100914285389347325e-01 2.324681073228957173e-01 1.409025014459134584e-01 4.514100526237100897e-01 6.865352366283480889e-02 1.334345258746673923e-01 1.622333404240616228e-01 1.234097492195449230e-01 4.737904594506422290e-02 2.235742505248648759e-01 2.448399077586306261e-01 7.449597151389288074e-02 2.660569701538236798e-01 2.272898284990265000e-02 1.650021830379270193e-01 3.898578768209707834e-01 2.489049900544313687e-01 2.648441907930153619e-02 3.028927416820966223e-01 6.358133436546535566e-02
4.218750000000000000e-01 3.907690373576870879e-01 3.136447964712909542e-01 1.286890164819763094e-01 1.285073547884875989e-01 3.733903305205651946e-02 3.076908165181629906e-01 1.042748259803950861e-01 4.288571531183013597e-02 5.245177286858163264e-03 2.476449319961060713e-01 1.842675501790055070e-01 8.694624046151173957e-02 1.567535078736689846e-01 3.541282870266441729e-01 3.756275434128841795e-01 1.700553070768962283e-01 8.405456628856515511e-02 1.503019086266700610e-01 1.174338165779132970e-01 2.675791959742188086e-01
4.375000000000000000e-01 9.431854735362658892e-02 1.618804659620602104e-01 1.550086864256146335e-02 2.205195404241854507e-01 8.006166657349905735e-03 9.917939460682862265e-03 4.461907741966576746e-02 2.575053475713323103e-01 8.521127304398677660e-02 7.704591823140018170e-02 8.383300412155815506e-02 1.665370199229292136e-01 2.825438170309728103e-01 4.983861159389405548e-01 1.240197879593010061e-01 1.848609397200938753e-01 1.257728775405702604e-01 3.713353273672317240e-02 1.164848740160978752e-01 4.051483227020172967e-02
4.531250000000000000e-01 4.154635579992749239e-01 1.235369864956585156e-01 2.050384485379325439e-01 1.413503628214033414e-01 1.789549214955319170e-02 7.121512011174573054e-02 2.056115559840588844e-02 2.163030528840971245e-01 2.736263356688274639e-02 1.421763770524970272e-01 2.137302753379393128e-01 2.851136986295388920e-01 1.259696093884372647e-01 1.905314266501690890e-01 5.418648277812099234e-02 5.254810578174318875e-02 8.803150614589756728e-02 2.084217385846494908e-01 6.083536865290943840e-01 2.104464981704046445e-01
4.687500000000000000e-01 2.641700392773256301e-01 9.285188589571229112e-02 2.920346873111330233e-01 1.088231020217446388e-01 1.660944114990315357e-01 2.561127891020813507e-01 9.586429645260526045e-02 1.604164593238906478e-01 6.657475912816584627e-04 1.190662574460751993e-01 7.606464386719666293e-02 7.441467644452472163e-02 3.299221582182654960e-02 2.228314975657764430e-01 9.226994269569901985e-02 1.386385757511048034e-02 2.016645125568801711e-01 5.241469730164219354e-02 1.525052961826488807e-01 2.730625252412287596e-01
4.843750000000000000e-01 3.810642758967446864e-01 3.072028988109673509e-02 4.055475413404336371e-01 2.139881795058637404e-02 7.245537173150956578e-02 4.536824662425628651e-02 1.878879117879121985e-01 1.105017208302160603e-01 6.447220166569961851e-03 2.831920901992625653e-02 1.471811990796139009e-02 2.962228201578843804e-03 2.599341189359478665e-01 2.417306381490329503e-01 3.630104815232514104e-02 3.809863463075978118e-01 1.867018262203826995e-01 5.354101409031963160e-02 3.410653148180655680e-01 6.609530764186784257e-02
5.000000000000000000e-01 7.400850118518551013e-02 2.417340738865310090e-01 1.682855286071332224e-01 5.019147206271615952e-02 4.321165550726534521e-01 6.538158217504071168e-02 1.798554600102735546e-01 2.262843313519642130e-01 1.870312958673177664e-02 1.150322327989058632e-02 8.159496640943714185e-02 3.527677655678197396e-03 3.543305761147566568e-01 1.957202941937641882e-01 9.438479943547069956e-03 5.441987954427708329e-01 2.288271075165469737e-01 1.411091958277993774e-01 2.252678812574588491e-02 1.325935539598765422e-01
5.156250000000000000e-01 7.686031875279915326e-02 1.221021667059103005e-01 3.622914407940748538e-03 1.208350816818466317e-01 2.297060936452078872e-01 4.277236132521439194e-01 2.990677235733807948e-01 6.328995102185658306e-02 5.182681660739266727e-01 1.161786417507985336e-01 1.025924364728226200e-02 1.046364561030067031e-01 2.179355396871982264e-01 2.036643347397604498e-01 5.824621094415490669e-02 3.670225939649128521e-02 1.956811225141051047e-01 1.865031582603523808e-01 2.773793145808461924e-01 2.193608530969656245e-01
5.312500000000000000e-01 1.291988131140194007e-01 2.412770632455836783e-01 4.202078200800199448e-02 4.120016950111328735e-01 1.775549932090735306e-01 6.096116750615088176e-01 1.740120667171713986e-01 1.447771371748563483e-02 5.220635941019982074e-01 2.629460061164616280e-01 4.741366190520768242e-02 3.368553996912762583e-01 1.139619471665687112e-02 1.565761336946792648e-01 1.695841359856898600e-01 7.641179135266723543e-02 9.490077270576539881e-02 3.918440512065086284e-02 8.766880852672574720e-02 5.557864566881845492e-02
5.468750000000000000e-01 3.057790407972795221e-01 1.097657623609928357e-01 2.463997753638630384e-02 1.656101919313060222e-01 9.945380572568765509e-02 2.875869388743052327e-02 6.820423372823991581e-02 1.276488393652128704e-02 5.082066226318576740e-01 4.414504325742279328e-02 1.051485327746694842e-01 3.026746360331324381e-01 4.728593745201981058e-02 1.001110277113318875e-01 2.465319929906447660e-01 1.281523074761156970e-04 4.514003425883854059e-01 5.447090298738815201e-02 1.171712286816376375e-01 7.623372446695442228e-02
5.625000000000000000e-01 2.833936224625259737e-01 7.905965331675342267e-02 7.899072154431348303e-02 1.216884219221467944e-01 7.833813448247178846e-02 1.122737715994363839e-01 3.559628862987987974e-01 5.948200487607473858e-02 3.269046393040724308e-01 3.470165802247264231e-01 1.300600129498526436e-01 2.809659999337649761e-01 2.431692845400298952e-02 8.816555394546926605e-02 2.807682761179288583e-02 1.907680481443349563e-02 5.371115702597969443e-01 1.185180284408108575e-01 9.045723795795251876e-02 2.099570023551190490e-01
5.781250000000000000e-01 6.711588937296780744e-02 5.214626879371522250e-01 3.520648035610813853e-01 2.143520767990280962e-01 5.319986537288415307e-02 8.329691202373314118e-02 3.083408809083726387e-01 1.176417860159999218e-01 2.391572276559031374e-01 3.096449232540094965e-01 2.514174315231326381e-02 2.244784526400254443e-01 1.692139476538407072e-01 1.519986612334668728e-03 1.707216146498873321e-01 2.215384038977637887e-02 6.860742459561006701e-01 8.319684620198665795e-03 7.806489164637289702e-02 1.085073402754867522e-01
5.937500000000000000e-01 3.713566363321545855e-02 2.725845929202838080e-01 1.927357668774361821e-01 2.650993128466789805e-01 5.888860780666407835e-02 4.605258403688751445e-02 3.342464123067220294e-01 1.110034192711366330e-01 1.432405204711771907e-01 1.179907522341850645e-01 2.324671020498523810e-01 1.075608562506445709e-01 5.522458450338695313e-01 1.322143469419372330e-01 5.361882577031832353e-01 2.379398408120813047e-01 7.654687755531325299e-01 2.487212006895947458e-01 1.979519678668968663e-01 2.337919123079015560e-01
6.093750000000000000e-01 2.098915671966127341e-02 8.598160579860460173e-02 2.504478896470775651e-02 4.409579107150519706e-01 6.474245474044981741e-02 1.857040225654857657e-01 8.518064770115918449e-02 6.225094832805985225e-03 4.925261975662381109e-01 3.012977688650406508e-02 6.297971645163695509e-02 1.523218137474001976e-01 9.253247387500680710e-02 1.930696081071934800e-01 6.831030987562125567e-01 8.214037543693214483e-02 2.678512902552632746e-01 4.296466240487479410e-03 2.257583871442956081e-01 2.524696045230218414e-02
6.250000000000000000e-01 1.897160916956749377e-01 3.318862344519279417e-01 2.913153832996597803e-01 5.003435358891396012e-01 1.374870497585980178e-01 2.222119985096087935e-01 2.517939339576306165e-03 2.700269098630588838e-01 2.035370391668649415e-01 1.984508473331800804e-01 2.823039805345538972e-02 2.889560175086932081e-01 6.044814787904033426e-02 3.083927426969101937e-01 5.353197779333274120e-01 1.330057379138175622e-01 6.863407159841865626e-03 5.665586759264426564e-02 1.468637702617139884e-01 3.302809484255974093e-01
6.406250000000000000e-01 2.866577156920050440e-01 3.118302001359400666e-02 1.632602216964285924e-01 6.969898653225390373e-01 2.197659333738945786e-01 1.826977864135430896e-01 3.807639579466066265e-02 1.141932847305379833e-01 7.052278052062931069e-02 2.770634195698695387e-02 2.920128183801406693e-02 2.188441759007270782e-01 1.503913387775086818e-01 1.946706694635745860e-01 7.140059126072281215e-01 3.808840763806998764e-01 5.199828766437852162e-02 1.593877985682975451e-01 1.164138152357402922e-01 2.314756786471914088e-02
6.562500000000000000e-01 1.386013503503425726e-01 5.919536376310664122e-02 3.691834410359481344e-01 6.790406336135094145e-01 3.962297629840683989e-03 2.873929325331846252e-02 3.389311355851111485e-02 4.596536001612207267e-02 8.580242545156357981e-02 6.839942827535376579e-02 3.058717638400823557e-02 2.597332654923912298e-01 1.898866034911362854e-01 2.635212613103233847e-01 3.016779519647168617e-01 5.721480755422145292e-02 1.925680502579301678e-01 3.893949259055339840e-01 5.359731127160520803e-01 1.297999858879548829e-01
6.718750000000000000e-01 9.947890957143124338e-03 2.657330926740332777e-01 6.926522723988474128e-01 4.031490807036188229e-01 3.605008517767614024e-02 7.426298107296125384e-02 1.468023565816370946e-01 1.663398805537724956e-01 1.315051471629906654e-01 1.046334121830063552e-01 1.105206928017635204e-01 2.043276440366992297e-01 7.714938378866349755e-02 1.403900391655395902e-02 3.305780221905036953e-01 4.604926784838406575e-03 9.463081185488826652e-02 2.991895091167657283e-01 6.313439273556090137e-02 3.431349791578268138e-01
6.875000000000000000e-01 1.692026198074838552e-03 9.993472887401699811e-02 9.063203300302220735e-04 9.201991249557608596e-03 1.921382274585244077e-01 1.815364751083642925e-01 1.600307385420057238e-01 3.262423350261588802e-03 4.908046378607594518e-01 9.355102802004962997e-03 1.214073829557337919e-01 9.848557243788663706e-02 1.730114142386134646e-01 5.572504068428159318e-02 2.634406475599446740e-01 2.239233680105381374e-01 7.799865443271150611e-02 2.694795574195529841e-01 9.037469451248426877e-02 6.952973010282155475e-02
7.031250000000000000e-01 9.056979141044768644e-02 1.906323105107395055e-01 1.312248001192501956e-01 1.114793143413328885e-01 1.288892340774678014e-01 1.612210706056995402e-01 5.975447905105155111e-02 4.525808767992506310e-02 2.723004822946815118e-01 6.353716238302239971e-02 9.088323919271136531e-02 3.451004064173621155e-02 3.257437640606873630e-02 2.291217546963821017e-02 7.721478240005642812e-02 1.400711092153555104e-01 6.572756841998280697e-01 5.917065161710285404e-01 1.809830347076749890e-01 2.515397678168573292e-01
7.187500000000000000e-01 2.365695812405428367e-01 3.299647969518500895e-02 1.247249985316840754e-01 8.320788770484596752e-02 3.593854134217225327e-01 7.268578399245723132e-02 2.785311495417482353e-01 1.763234989019516613e-02 2.712501745676153542e-01 3.620006681619748062e-02 3.366614166580703671e-01 4.213530209605009097e-02 2.106783101924717544e-02 1.298199297740007252e-01 1.756184817457500102e-01 3.554539216441757188e-01 3.693504450131001038e-01 6.152108831594905736e-01 1.671185582907646072e-01 4.113143341835597266e-01
7.343750000000000000e-01 4.059687674210274988e-01 4.462468153939790072e-02 1.299147032163918206e-02 1.584517916148174832e-01 5.885311372628578702e-02 7.517841897247963534e-02 1.660978292607284967e-01 1.796591982675758634e-02 1.809899605336125206e-01 1.234429367858889959e-01 1.868879634590097372e-01 6.474763099458072380e-02 2.879284169956719194e-02 1.098831505328848324e-01 2.355968867321480212e-02 2.085852949630156439e-01 5.233452274870561277e-02 2.688952547897438539e-01 1.029862282329348927e-01 1.295139716509890737e-01
7.500000000000000000e-01 1.430597254797452977e-01 2.534374729260238102e-01 2.965207821216386645e-03 8.009912830743289025e-02 1.500136266774251548e-01 1.115684111466747758e-01 1.869409528717905656e-03 2.008741909521628843e-02 2.343230297297177189e-01 3.447397123417310361e-02 2.194939425841213251e-02 2.471795022325993033e-02 1.161338059175851534e-01 2.004227806457589689e-01 3.593180497546037966e-01 2.199093766941946637e-01 2.206339002088737178e-01 3.083175786146832506e-02 1.184057543035471477e-01 5.699749768494085655e-01
7.656250000000000000e-01 1.005472074370472868e-01 9.638201208267277442e-02 9.006885846781159666e-02 2.473739707809920474e-01 1.502854762308432623e-01 2.092273580468842764e-01 1.083361052222877735e-01 9.478622118476810526e-04 2.496828254938155134e-01 1.612989002069325772e-01 1.236790855400715233e-01 1.214407860601812716e-01 1.299048842297245154e-01 6.920730900022531440e-02 4.135796740054863974e-01 2.653121258867229271e-01 1.224541623352150138e-01 8.891251051752126211e-02 1.539207728204018688e-01 1.377649966756423205e-01
7.812500000000000000e-01 1.033212166982402647e-01 7.218751301874658764e-03 6.825361959883173568e-02 3.988949588457611772e-02 2.884017922972308967e-01 1.328905830384562725e-01 2.279608225341304625e-02 7.332595302501541956e-02 6.515631041942949730e-01 3.341171469758488083e-02 1.503457088533780850e-01 1.042027544131023942e-01 2.496564533637611050e-01 4.413938791966302844e-02 3.690105501701838042e-01 2.927071316182334182e-01 5.161566621211188810e-01 1.596969906832849950e-01 8.954083649975318193e-02 9.060734312576622373e-02
7.968750000000000000e-01 2.576074187876329913e-01 8.213832829202320426e-03 3.311821465799041353e-01 6.418551110808924653e-02 2.082810841796976786e-01 3.304362326546358419e-01 1.265199954913843461e-01 5.207642452422263368e-02 2.404656935887679869e-01 2.711098854752695339e-02 2.445718048161298064e-02 2.107097614318028111e-01 2.589534838939276939e-01 1.532157690206656930e-01 3.694864157806750926e-01 1.938924361222656156e-01 7.783673158875055176e-01 9.118336824558766207e-03 8.241504517917584705e-02 1.440911707564448418e-01
8.125000000000000000e-01 3.451999453133873796e-01 4.703228084556277389e-01 2.058850899376719334e-01 2.428140067819267167e-01 1.309944662575100553e-02 2.038640310306146508e-01 1.442386530348244156e-01 2.006031032629506383e-01 3.717996910346253736e-02 7.328398418223815158e-02 7.341036603021515450e-02 4.418250204062896397e-02 2.941254324111675644e-01 3.245953996158115751e-01 3.762813914261881054e-01 1.932325241394789173e-01 9.610813003893052542e-02 1.210594941856087819e-01 2.495480038145530544e-01 9.087332957403841671e-02
8.281250000000000000e-01 1.017426299508791127e-01 1.654378725133059669e-01 4.423839514233478959e-02 2.293511726225309078e-01 5.815460402164615138e-04 1.538449226579009788e-01 2.677602463688414369e-01 2.543997533221827867e-01 2.123122800994252032e-02 3.558142250272888774e-01 2.902658698782221713e-01 4.091675722341659577e-02 2.611197401515157404e-02 2.596205872495712663e-01 3.520830752817094567e-01 2.521263397706751674e-01 6.907482621116537054e-03 1.699435970845046828e-01 3.950922750938438699e-01 2.836660129116147511e-01
8.437500000000000000e-01 1.752576967678793340e-01 5.927356025589906006e-03 1.758958832194693067e-01 5.164299537023615133e-02 5.276047478399149143e-03 1.698643135554191441e-01 5.107111784867890414e-01 2.095767047577094810e-02 2.817028535376028264e-01 2.429126610044016477e-01 7.009407532088215986e-02 2.313043226527274066e-02 1.221264397909061772e-01 4.251224882343374034e-01 6.161154172368757953e-01 2.066262021269222315e-01 1.083223065887352898e-01 1.497837130165344532e-01 2.372876296606306334e-01 3.349934234517997766e-01
8.593750000000000000e-01 1.929033499721791722e-01 7.871457831698604191e-02 3.815865071622302485e-01 4.817322063787657926e-01 1.771377426104907560e-01 3.948483542071944130e-02 1.132294681766909117e-01 1.105907850020069610e-01 8.535787099465431960e-02 9.836856171922850334e-02 1.372950399945213618e-01 1.232334313728550290e-01 2.602097175583705235e-01 6.384786020788707495e-01 4.838169556122456916e-01 1.710862788417394642e-01 4.227836668128055475e-01 1.299968663769673211e-02 9.337057587800086378e-02 3.728816797075632516e-01
8.750000000000000000e-01 7.306159246710952626e-02 8.369228939786090005e-02 2.438486653028856463e-02 7.575135048130747784e-01 2.019371960866600188e-02 1.570440766500243515e-02 3.479493717246140982e-01 2.051580091746703638e-01 1.316302136770934605e-01 1.571293089076307714e-01 2.459969780443692633e-01 7.223828457958693383e-02 7.104176710205579726e-01 1.920490555451636605e-01 2.917162195949016823e-01 4.442684194192549063e-02 4.955984127287542118e-01 1.957396834700529664e-01 2.372575290775555679e-01 4.613069785363249631e-01
8.906250000000000000e-01 5.762456082982114758e-02 3.385619400293698317e-02 1.442238235125763435e-01 5.951540646677890845e-01 9.373986229420984417e-02 3.518958105710471608e-03 8.602368268028437459e-02 4.307991634784447132e-01 2.840898464517552582e-02 1.836262055477845268e-01 9.310695556531649320e-02 1.071653292105544664e-01 3.704693495143910331e-01 1.450365324249925369e-01 1.318759951832410571e-01 9.003376971295010134e-02 3.024623263667238215e-01 4.292920704829174539e-01 4.082287805515393275e-01 3.762506101188528018e-01
9.062500000000000000e-01 3.434450413776476418e-01 1.836619243184847983e-01 2.579885614453076292e-01 1.411524232667158429e-01 1.155672150781840261e-02 3.111288146118480410e-02 4.250090911712784553e-02 7.945611547603068092e-02 2.018835830275269097e-02 6.909437344649413393e-02 4.157047111348285973e-02 1.693792329429072152e-01 3.669676422217389988e-01 3.275866135494176490e-01 6.536004567861789516e-01 3.957410592498760565e-02 2.010873369270416988e-01 1.647855632798692904e-01 1.449456095429663416e-01 2.895202077141816321e-01
9.218750000000000000e-01 3.795597569964501150e-01 1.909111399035455167e-02 1.314012335327269521e-01 1.256400475690301888e-01 1.213863230374658680e-01 2.679305647454696682e-01 9.564939606758997293e-02 7.287425666911243050e-02 1.976972874338872310e-01 1.047115055633323633e-01 1.029872380470719419e-02 1.432352247344134966e-01 3.381769166938076304e-02 1.430016479141256458e-01 4.381183141755118360e-01 1.192924752863690624e-01 1.190503763687265210e-02 2.655403214715443827e-01 1.075431815430153912e-02 7.833360563654134801e-02
9.375000000000000000e-01 4.605153457574084341e-01 1.064242423383330964e-02 6.439184533320749249e-02 4.000759448018868097e-02 2.571895976687507135e-01 3.192204507974907846e-01 1.240746547697030994e-01 6.627422436537719341e-02 1.414153981158220406e-02 6.406776358545393513e-02 1.561275096715633026e-01 4.249400469188225672e-04 3.250330295819736648e-01 2.069353522758321240e-01 3.570731205106275619e-01 1.979881109143317719e-01 5.921703876036676917e-02 1.526996874874244348e-01 1.120036800775342511e-01 1.844767633072491864e-01
9.531250000000000000e-01 4.613267457534160898e-01 2.725807230793946823e-01 1.990318767604341843e-01 1.669194096518290260e-01 7.960567008246426102e-02 3.533692213382737535e-01 1.692929101293262628e-01 7.753348080161989730e-02 4.195610579410471996e-01 2.516940559028993940e-01 6.239351301265325112e-02 1.990886836699966300e-01 6.120620017119686451e-02 5.896252786323938899e-01 6.603052128476497584e-01 1.096243363688152034e-01 2.553414714452634238e-02 4.298177346459986642e-02 2.651692804977849871e-01 3.832312444441415278e-01
9.687500000000000000e-01 3.453877410498179534e-01 3.971971305986388492e-03 2.101886775307609811e-01 5.085755270058857358e-02 2.793442327357081867e-01 3.526091800290578893e-01 2.165664528859743698e-01 9.642785806947812288e-02 1.719090516983980688e-01 1.246275905598108330e-01 2.088311445957306486e-03 1.289763507764818129e-01 4.821080106812045130e-02 2.419713183419630043e-01 2.847197460917451073e-01 7.770012134941116366e-02 1.701991445627552002e-01 1.723056547383321115e-03 1.894631868207938552e-01 3.979047701863809294e-01
9.843750000000000000e-01 1.358063963996278267e-01 3.051483698550010518e-02 9.323475982855211619e-03 1.262974771468635023e-02 1.899409063214798077e-01 2.691092706242799726e-01 1.582565638219997073e-01 3.443294334316289729e-01 7.874188884192554957e-03 1.519058115676777919e-02 1.116911363521548434e-01 3.008003599516171495e-03 1.419404825568566612e-02 3.862075032526392504e-01 2.219273661887943561e-01 5.321795944642973009e-01 2.774867156940282187e-01 2.286448203765433507e-01 6.012323251046263195e-01 3.318620843876097237e-01
1.000000000000000000e+00 7.481471287286897698e-02 3.145810910876153943e-01 9.610659981860583678e-02 1.096337481306093320e-01 8.286948744902868091e-02 1.248513830092127103e-01 7.103441686785413878e-02 1.996361686719364537e-01 8.558572589597268979e-03 9.715922360214214459e-02 8.845355083719676215e-02 2.340050550749869437e-02 1.418288710070196024e-01 1.403488279811463402e-01 4.730826223897456329e-01 2.545872291258528125e-02 2.518285132863507525e-01 4.103654453570278471e-01 1.746018751528815860e-01 2.984575029216692266e-01
1.015625000000000000e+00 1.310835996870082509e-01 6.428370084693417301e-03 1.156933029919990225e-01 5.999731226253644106e-02 4.217747675298372939e-02 6.012475157205580782e-03 8.294963944874239603e-02 1.536218351612752275e-01 9.842186030574878730e-02 1.212441030054169505e-01 1.396341897759771911e-01 8.517360855180405865e-02 2.309601787682097895e-01 1.288420116885859446e-01 5.731392767443087566e-01 6.836828599365620818e-01 3.205902121231277713e-01 2.733274916804084298e-01 1.605554453843714424e-01 5.578999329009111108e-01
1.031250000000000000e+00 2.588438904363866630e-02 1.233116463365858118e-01 2.208509034509816837e-01 3.312551368609822910e-01 4.872746804831842304e-01 9.425798809993165411e-03 1.605975275672522724e-03 6.635155684787463759e-02 1.907751106256638518e-01 1.826287047250336332e-02 7.684707012153947636e-02 9.424645851992285994e-02 2.016216396644338882e-01 6.327771173838656615e-01 1.504896264075605283e-01 4.774581909771946076e-01 4.106750363126088210e-01 2.760119340406018140e-01 1.636472571654774000e-01 1.764774352948547675e-01
1.046875000000000000e+00 1.061380729419270363e-01 9.861177347023887541e-02 1.403437206971555051e-01 4.799915982554771032e-01 1.013498105031072349e-01 1.934610592751701552e-01 2.972897601128043216e-02 1.361113946395916263e-01 4.676809053007432992e-02 1.856243299583986567e-03 2.013602991435171560e-02 3.776681073256264037e-02 5.527923013310225009e-02 4.517657096680593454e-01 1.688509214182541129e-01 2.871113038759632308e-01 4.500559164502641041e-01 1.401031272836398001e-01 1.146601889836435795e-01 1.683547892535818824e-01
1.062500000000000000e+00 1.586535100272935539e-01 7.101430784690808407e-02 1.152283718615410291e-01 8.503601723702332305e-02 2.407365055925229647e-01 3.052735756949347956e-01 6.678680045808715882e-02 2.420328652078119758e-01 7.929357816139827320e-02 4.283539247560696345e-02 1.811393527631060055e-02 4.815951486275962118e-02 1.222336581299991037e-02 1.763423832401401700e-02 5.045372100534339932e-01 3.414633867148476193e-02 4.330926476260661406e-01 3.710073471252996191e-02 3.900465609460543326e-01 1.162994373713204105e-01
1.078125000000000000e+00 1.026785856042931599e-01 1.330485588532067942e-01 1.811970931353561465e-01 6.010002871562224874e-02 1.640695888519771717e-01 1.136734602246200904e-01 5.054010449910664032e-02 1.958991855890908074e-01 4.354105486139086406e-02 4.016251732401854985e-02 7.880498160883810110e-02 7.098198829805496546e-02 6.156782857353148425e-02 3.385157261568368797e-02 5.349758273994785762e-01 3.658815954675208593e-01 4.146914263269177447e-01 1.028880932519503494e-01 2.529304036846180548e-01 4.210196317744461791e-01
1.093750000000000000e+00 5.574556137709123921e-02 9.680766038107498084e-02 1.749002122108987700e-01 3.574451500328183068e-02 1.843887533022917080e-01 7.921740884279182549e-02 1.901500927626183224e-02 4.833369589059777899e-02 2.097899059878866046e-02 1.281226548691921374e-01 3.785751524350004348e-03 1.243318797145060856e-01 2.980811489497823819e-01 1.054994424276472081e-01 6.064941974719041395e-01 4.231613532232931241e-01 6.494790020375857953e-01 5.789810840343077858e-02 3.135950838817795905e-01 2.630180856281028046e-01
1.109375000000000000e+00 7.832760145215413028e-02 1.033171409290969608e-02 2.370172252223978204e-01 4.780379439519502616e-01 2.895680487060286329e-02 4.019480126849991203e-03 5.427590821028828449e-02 7.512728975847395019e-02 2.830285948282136935e-02 2.133090005973062656e-02 5.684437745787588453e-04 3.389789149399526358e-01 3.740546887894086181e-02 3.483279708297681299e-01 6.817851344666173707e-01 6.353825030128820717e-02 7.216874775538998366e-01 1.059163231682969109e-01 1.210064833250415056e-01 2.402892798442134159e-01
1.125000000000000000e+00 6.353538047124182575e-02 5.064284428794613158e-01 1.537193409264674127e-01 4.310031099136908406e-01 2.741672338435982015e-01 1.725506248410371146e-01 1.595333085010555707e-01 1.527697827322789526e-01 1.065838439200660626e-01 2.796746747861667548e-01 9.997712368550673578e-02 3.288512941214843388e-01 3.400344848043034829e-01 2.049864233289618864e-01 4.072049340050490351e-01 4.768724095381473016e-01 3.056146047049063119e-01 2.777372535249054697e-01 3.924665528680023607e-01 3.108766418903170514e-01
1.140625000000000000e+00 2.491637962982714075e-02 4.886200088978004397e-02 3.014683621041496300e-02 2.526275403011538634e-01 1.582681602280100741e-01 1.434215078624005157e-01 6.068951421038455696e-02 8.765402818532581908e-02 3.996637398343264036e-01 5.448918753174752938e-02 5.414303609290880420e-02 1.620130246659955142e-01 7.169587356170915859e-02 7.854016616955400432e-02 5.510631043843596810e-01 5.700142844637999529e-02 2.223635215041167013e-01 2.272249334552623456e-01 2.086039160528661493e-02 8.811705212698935086e-02
1.156250000000000000e+00 1.321061838948236478e-01 2.768760225465786706e-01 9.775169034002620383e-02 2.044613002745810648e-01 4.288124078229704761e-02 3.324561443816663187e-01 5.057282244241960434e-02 4.630876036251068556e-02 1.295332529239124064e-01 3.517497180457542783e-01 6.960084273072884679e-03 8.134827704735089760e-02 1.831732424725545372e-01 9.845147770091500217e-02 4.147851111351733566e-01 8.267161499966099725e-02 3.888621080281799008e-02 4.613696503019850681e-01 7.272298726659054413e-02 3.569917459298928009e-01
1.171875000000000000e+00 2.545831327543377279e-02 2.230586957879132518e-04 2.365223409451739922e-01 8.465054305685033864e-02 5.922048660293944417e-02 1.451857381513563805e-01 4.224246783665614249e-03 1.922773378431731628e-01 4.672559839986648728e-02 2.379274012594071175e-01 4.931389906428935987e-02 2.544738445330631260e-02 1.425826014270153985e-02 1.499615923754476880e-02 1.970183409398872376e-01 5.052395937844436080e-01 1.473781756880423177e-01 5.278718147519184667e-01 7.013965459058391083e-02 3.860224143758550497e-01
1.187500000000000000e+00 1.133746687398372310e-01 1.963698182307383189e-01 4.634496328528857345e-02 5.693533909116086367e-01 1.666011354518223408e-01 7.096709604481611124e-03 5.405858537641312911e-02 9.826902802458511998e-02 1.347804732103177194e-01 2.163204915461865510e-02 5.102500316608792053e-02 3.057994419036307310e-01 3.409684232571692092e-02 6.914985650122167267e-03 7.872951195448280037e-02 2.582696387836321827e-01 9.193197747174418344e-02 5.297107216978610283e-02 1.673410807815501888e-01 4.092743208977673297e-01
1.203125000000000000e+00 2.087698155508490305e-01 8.161603170809327013e-02 4.005223365902068657e-03 3.522504390039789546e-01 3.931149725073940226e-02 9.362283254035724811e-02 6.880314791604617841e-02 9.507860607526961993e-02 3.374898200398589870e-02 1.104245693423130774e-02 1.673629617409838621e-01 1.138553637338295399e-01 1.626903942989284951e-02 2.235792306114806338e-01 3.815830804882691663e-01 3.814041265568342554e-01 9.562415143852139032e-02 1.119615269495000121e-01 3.690563709684237526e-01 2.626531403196202263e-01
1.218750000000000000e+00 7.510729803129702342e-02 7.551161801059116420e-04 9.056930332384020843e-02 2.414293793465918381e-01 1.266159805051247089e-01 4.677773011904987760e-02 5.803603439507021115e-03 5.405960093748723300e-02 3.692056279238959196e-03 1.175897396997167693e-01 3.517666257677546510e-02 9.197480899752626116e-02 2.241575409145031006e-01 4.346854617278195776e-01 7.889763912499193621e-01 4.206254538853830549e-02 2.030702413364594283e-01 4.307925553216533365e-01 1.789454550937462640e-01 6.438559959379605013e-01
1.234375000000000000e+00 1.291261405922724745e-02 7.540411243173472666e-02 7.114063929236931483e-02 6.197415316036482963e-02 1.514369572377395612e-01 2.406249548872120558e-01 5.199361839944162400e-02 3.814333781146601182e-02 5.072772421137129450e-01 4.837659276460245378e-02 8.950878015723579342e-03 8.829646217159031751e-02 2.410019301542971615e-01 2.441607761884581618e-01 8.756312983745877521e-01 3.161407270823953231e-01 6.193962384260296578e-02 1.165095308560685772e-01 8.514254188780182031e-02 2.951008556677892081e-01
1.250000000000000000e+00 8.298957739364179464e-02 5.495891444815427518e-02 1.593871647427242688e-01 4.118816447089834742e-01 3.984274756214971069e-01 1.488459780819753886e-01 1.133305751710049145e-02 7.169715475307382978e-03 7.813819428531147693e-02 3.198057721177501034e-02 1.762721541176150708e-01 8.481982091398450330e-02 2.585985254546746548e-01 2.083865236903560125e-01 7.266733811561532086e-01 2.240576693130355290e-01 1.817511236015686427e-01 9.248804622191575397e-02 7.673484668890917515e-02 3.209878999496942886e-01
1.265625000000000000e+00 1.100238985281467990e-01 5.193587907110196189e-02 6.336294340578572937e-02 3.447385804297986578e-02 2.798875572753992472e-02 1.509134879317903799e-01 1.138867961220675767e-01 3.947497633819005425e-03 4.057546946992859893e-02 1.549815288514548028e-01 4.398746352004336002e-02 1.215772434591717716e-01 1.692459048155544113e-02 2.978042584188164699e-01 7.013171073918359477e-01 2.377578835507783706e-01 1.471051116282027713e-02 2.393977385483594400e-01 2.981008409231328815e-01 5.760096348811851730e-01
1.281250000000000000e+00 2.148915392516324852e-01 2.601820433970006841e-01 3.830487211701699701e-02 1.423060603699420335e-01 1.936944839772644297e-02 2.846319748057901111e-01 1.820634229903314583e-01 3.768847672557044948e-02 3.113491742903929521e-02 4.607780547843776109e-02 1.705697502271477303e-02 1.927856109317764577e-01 6.040638016503851321e-02 2.842478651662652678e-01 7.726687506423254304e-01 3.773535803671198563e-01 1.528379936966888786e-01 4.878221376128388798e-02 4.697858142766114242e-01 3.993800306778977349e-01
1.296875000000000000e+00 1.719843501031862176e-01 5.408508440183463772e-01 5.038150417303098594e-02 1.549295841838222720e-01 2.460589399014937451e-01 2.043618232469763540e-01 1.390499280572119190e-01 2.766344450524715892e-01 2.098072417729782146e-01 7.542562574574190881e-02 1.346261599813173004e-01 1.819104366865801903e-01 4.124935295401661595e-01 1.598190053341055350e-01 5.819468590794987239e-01 1.266383184744524215e-01 2.700161082002694446e-01 2.360718564382375539e-01 2.202890389844944230e-01 1.205834993789929414e-02
1.312500000000000000e+00 3.956264731230325071e-01 8.679630397417073540e-02 4.246593230916675954e-02 1.415310721279387507e-01 1.795024043130971636e-01 1.985311914788620014e-01 5.003573815971189970e-02 5.468271668321085244e-01 6.490980732211454329e-01 4.182006055091148922e-02 1.505526544404185429e-01 1.662535565028927242e-01 5.710796713558238813e-02 6.926834858250470461e-02 3.530848804277706421e-01 1.392013863331238444e-01 1.218468953837245350e-01 3.653284573071540198e-01 1.386842881774165148e-01 2.480522735237054160e-02
1.328125000000000000e+00 2.674519627323366788e-01 2.598118516103969378e-01 1.410829615314788399e-01 3.252462401915368617e-01 1.550257438247760744e-01 5.089196264690729610e-01 4.795440294685915372e-02 1.212514393779443311e-01 2.228048456559630075e-01 2.204774996557816447e-01 1.787393956492848435e-01 2.714205893867086550e-01 2.815975955043249490e-01 1.519114054561743477e-01 9.237434736941134081e-03 4.541601070770367454e-01 3.955948286073720510e-01 1.870690016488671392e-01 9.940273706259909747e-02 1.570560518008176365e-01
1.343750000000000000e+00 3.259256813479958215e-01 6.735899574456678807e-02 8.703850492568265818e-02 1.580806512318436163e-01 1.570963769433151580e-01 8.576079607812978067e-02 2.453770516178288008e-01 1.477948457497935998e-02 1.541819176652349799e-01 2.682280936067045207e-01 4.654217302743594853e-02 2.435061844079219329e-01 2.125942298361574098e-02 1.331342306377185924e-01 5.058001996946371870e-01 1.279865390189335594e-01 1.380155014118095436e-01 5.355578658835105643e-02 1.488010387567856030e-01 4.026397321381225969e-01
1.359375000000000000e+00 3.991241803457721837e-01 2.097770590712007624e-02 2.671056874883185467e-02 2.211044071299935188e-01 3.297516475843538519e-02 3.932035385959288531e-02 1.874440693247273262e-02 4.746139159316797168e-02 9.320343919700808943e-02 1.295376121742554953e-01 4.865317643843191514e-02 1.193725332843277309e-01 3.323124343518996798e-02 1.203358283073037022e-01 7.367165388010323834e-01 1.983474179383596936e-01 7.997857862623740377e-02 1.811060219346267708e-01 2.701903527074550615e-01 3.300338108298965789e-01
1.375000000000000000e+00 3.612878695660886041e-01 1.350581108062108293e-01 7.715787621996052226e-02 2.833584170737704633e-02 2.164604183982860586e-01 1.056146072654466223e-01 1.943824779201606609e-02 2.804180827917437391e-01 1.319400113509261452e-01 9.064241128458782248e-04 4.352439256397409861e-02 1.064218027578181236e-01 3.367670134578679697e-01 2.172433386704103742e-01 6.391734405018170140e-01 2.909908026685750215e-01 7.073939579558916058e-02 2.192682606146147128e-02 2.155615159542742520e-01 4.770524764971714737e-01
1.390625000000000000e+00 3.372116674242143786e-01 3.994710349066989998e-03 1.561198061512864346e-02 1.416836587100160638e-02 4.657581781585932168e-01 6.485625074454376415e-02 1.004234413571095282e-02 2.415322920709447180e-02 1.458725369934957827e-01 7.447929174804766850e-02 3.671008967364078335e-02 1.286726128482615361e-01 2.811339126902578228e-02 1.882333325843818794e-01 6.680726859503084425e-01 2.579408911485926992e-01 1.517171921662544554e-01 2.280070888644445126e-01 1.073458338970230408e-01 4.813583829895435318e-01
1.406250000000000000e+00 1.962837910262482943e-01 3.235175589367380034e-01 3.123700140864292193e-02 3.852913269320002443e-01 4.932584614734434464e-02 1.609349634629699422e-03 7.169693152555993432e-02 3.867565620675512961e-02 2.934327182819206417e-02 4.466068852056684878e-03 1.947896877621671909e-03 1.342160971353144605e-01 1.204563845518346610e-01 3.414834551600941515e-01 4.727095777834940948e-01 4.074312036140434468e-02 3.062146658410926925e-01 2.579677212301334510e-01 9.873981313220520084e-02 6.592230724738142866e-01
1.421875000000000000e+00 1.540181681550196746e-01 1.292012053168613561e-01 6.568822911210766557e-01 1.208974533896140235e-01 1.362905045949722171e-01 1.258547922922381018e-02 2.300930748638492507e-01 1.810561608152494451e-02 7.676743122264066688e-02 2.231047813143419434e-01 1.558337082014545939e-02 7.303976499955930346e-02 3.826256310525822518e-02 3.080176423047425449e-01 1.926149253327954225e-01 3.443739194217895205e-01 8.793783137411582962e-02 2.051468085721891432e-01 9.531487796406792889e-02 5.205120393598410278e-01
1.437500000000000000e+00 4.120590514813808336e-01 4.899218291152318550e-02 8.764795846001124935e-02 4.627364791600024341e-01 1.315618880524185574e-01 1.530622949226566054e-01 7.557114099087218484e-02 2.521560473673509217e-01 1.298787481692288519e-03 1.988809677978371770e-01 7.536701122227409955e-02 3.190944348605909836e-02 1.283084011354058696e-01 2.014289188467462410e-01 2.042789159333975868e-01 4.176222180806452577e-01 6.990662146619590345e-02 5.643213304554723919e-01 5.246092853745285556e-01 3.163061541831349577e-01
1.453125000000000000e+00 1.646964627459050756e-01 1.866097483191452300e-01 4.812721220128017563e-02 9.716436942164195789e-02 2.233718391899298106e-01 2.183276022683303674e-01 3.049168076568039010e-01 2.088894821535643154e-02 4.210263450412563002e-02 1.644646008013458949e-02 9.905736215356025776e-02 1.421688383044704962e-01 2.847582477222946901e-03 9.970922897878690960e-02 2.555883604981048496e-01 7.916335758405250445e-02 9.683214113936176870e-02 2.009784448796707035e-01 3.509751973985220097e-01 3.563001188040550993e-01
1.468750000000000000e+00 6.294189504088804066e-02 2.618872778071039131e-01 2.650230350250084022e-01 1.757922016213875060e-01 6.840778629061089466e-02 1.404474176828426901e-01 7.293351420104284000e-02 6.803268944155474451e-02 2.977451987553129866e-03 1.448780880152124133e-02 3.096650241206477250e-01 1.374143219862958842e-01 8.391629201482954381e-02 1.300283009898722253e-01 4.475671761491024636e-01 2.026458570647350355e-01 5.432173235208890422e-02 6.283238851934191960e-02 6.069700003609975608e-02 3.684383222633558219e-01
1.484375000000000000e+00 1.331458946846263425e-01 9.192784469177525675e-02 1.052705615207154416e-01 4.216919952443860808e-02 1.108138012414982831e-01 2.595670837568348488e-01 5.466902174053479835e-02 1.242015580301195216e-01 8.005895535949195119e-02 2.410911655305187085e-01 2.332185398147342548e-01 2.028215417244108865e-01 1.593615441154340451e-01 2.169716975550468330e-01 3.193629088859269438e-01 8.255442572673174495e-02 5.573608144204574011e-02 4.516913118122348747e-01 1.193522838011728260e-01 1.458624031143014033e-01
1.500000000000000000e+00 4.150129926984975209e-02 1.348501813015975104e-01 2.235798028039966967e-01 2.081827035482881894e-01 5.832881544810703672e-02 4.340827960821085768e-02 2.424699825480664938e-03 5.840491981602409510e-02 6.973035430625716680e-02 9.865334234352764187e-02 4.775021186531697853e-02 5.784398940341975992e-01 3.041867084258436105e-01 1.140831356758025134e-01 2.452191897033271228e-01 4.059360749555417369e-01 2.376116718417404239e-01 8.191995820161097897e-02 6.092341682121132918e-02 1.188445884441239192e-01
1.515625000000000000e+00 1.477820338313797499e-01 2.381813172402725276e-01 1.188223249135811621e-01 1.234434955977309067e-01 1.308405302624059963e-01 2.183162341630850295e-02 6.185663509768742074e-03 3.367065733158110252e-02 2.255016181025927546e-01 5.204899871145312468e-02 1.329084808916994320e-01 4.090651585939361068e-01 1.326946215438630783e-01 7.784690366960814178e-02 4.196857600694269275e-01 1.288730601498257466e-01 5.156224394967489078e-01 7.937905165446020039e-02 2.612247458409940395e-02 1.209956002553201106e-02
1.531250000000000000e+00 8.914043230136177443e-03 4.157057521217788487e-01 7.677653428876847486e-02 4.296661900502227183e-01 8.782829118767039589e-02 7.935791230631027496e-03 5.306946807715207104e-02 3.691081802969371078e-02 9.419371711758559376e-03 1.914762992625628213e-01 2.454920716028834438e-01 4.710980290216860156e-01 1.893319753481583212e-01 7.449935151212212781e-02 2.527364392421281858e-01 3.327257215027433768e-01 1.795074471520026194e-01 6.073194867843698802e-02 2.951455510754620315e-01 5.994762274641762118e-02
1.546875000000000000e+00 2.552181488673950227e-01 6.603228033438454311e-03 4.707144156230231441e-02 5.045402733506618720e-01 2.479781626516660842e-01 3.139969611957140194e-01 6.588794771245909399e-02 1.041127521451348376e-01 1.229210718294576066e-01 5.441669903209875869e-01 1.947083896552430637e-01 1.640351368591360659e-01 6.328166999997270059e-02 1.170732921991990833e-01 3.434925780662030914e-01 2.513916258104074708e-01 6.032745806690556489e-02 2.142392638450693956e-02 3.189685891002339013e-01 5.508137908052739007e-02
1.562500000000000000e+00 2.605333181403704512e-01 2.082187456280924082e-02 2.300698595191542628e-01 1.176877291616275183e-03 1.857355023515123160e-01 3.874993024112875495e-01 7.103616886450773993e-02 9.520716100863187148e-02 4.195459533228523274e-01 4.706098591945940407e-02 2.601124968691594375e-01 5.968306192668925564e-02 3.299011785118875772e-02 1.668061183886124232e-02 4.830053796592793658e-01 9.076470538307251923e-02 2.780907275034491533e-01 4.501333425320279912e-04 1.058493659010235483e-01 1.909494012933838636e-01
1.578125000000000000e+00 1.144207933545475925e-01 3.221693364373574148e-02 3.102849666226823594e-02 2.346069981618666700e-01 3.683106849829475421e-02 1.433664116238458630e-01 1.063466927010650320e-01 8.515256938292996292e-02 2.902617385565237074e-01 1.579410952135392454e-01 9.033089909896302450e-02 3.096663754450069694e-01 2.004520356710851325e-01 3.250382615056519042e-01 3.500205884358926212e-01 5.117390528672081107e-01 3.610966863267285887e-01 9.473785480111812651e-02 1.171834993219798143e-01 2.414807240344344630e-01
1.593750000000000000e+00 2.313031846136948677e-01 1.974563322442294145e-03 1.938909558682740675e-01 3.179849934333340844e-01 1.148236677443092157e-01 9.326718228766192609e-02 2.079944070487109789e-02 5.967626716154469241e-02 2.029740101603780614e-02 1.598993679687307490e-01 8.952508534982712984e-02 1.310054348397821367e-01 2.365688672190755307e-02 5.866979963330214431e-01 1.729948644131823199e-01 3.612155317228371749e-03 1.802418475580342683e-01 1.719625927214106231e-01 5.240138991019017700e-01 1.282906745128479520e-01
1.609375000000000000e+00 1.411036554938121523e-01 1.756446439434738716e-01 6.299091042801153832e-03 6.134379686278620264e-02 1.074072833123165122e-01 1.223733382002930095e-02 1.762290564662049308e-01 1.517984727571499992e-01 1.713562880798647978e-02 1.542296372142830212e-02 2.257497399094120227e-01 7.747527075737163866e-04 7.537476178917786040e-02 5.854426413172467702e-01 1.595220057209042336e-02 2.612260366868744410e-01 7.307657543428848490e-02 3.783527098478696171e-01 3.700655169646063780e-02 1.064890676120092139e-01
1.625000000000000000e+00 8.685578600516219439e-02 9.800714219985115494e-02 2.314771667936744715e-01 1.402267784993685429e-01 1.465523193163156546e-01 4.646427505518197464e-03 5.888959236281251369e-02 3.054421913356748508e-01 3.590504148027055115e-02 5.889974213306197436e-03 1.250484138361440400e-01 2.149371731873248037e-02 4.650057922436350716e-02 2.630918368470014923e-01 3.183930534413707131e-02 1.722054520583053416e-01 2.244830706909086704e-01 5.164392588253382543e-01 3.472336424983223924e-01 2.228924667009027638e-01
1.640625000000000000e+00 7.428209542664658549e-02 1.000580142768525138e-01 1.495303507335991322e-01 5.716584370324972325e-02 5.286648727955404192e-01 4.397355728738059355e-01 3.828566345948933997e-02 2.352830323667424450e-01 3.835384370076439509e-01 4.539227163465373027e-02 5.023110151747350871e-02 2.440994547984483010e-01 4.234765213045704746e-02 1.746789529664289076e-01 1.213988177797619694e-01 1.436608225683121687e-01 2.920741395695799492e-01 7.348579298119761738e-02 2.099981883664341076e-01 2.113216066184764874e-01
1.656250000000000000e+00 9.918646039316236784e-02 1.888402455436226021e-02 1.850528901066915699e-01 6.042123840848305505e-02 5.166550931727958984e-02 4.265372763800545641e-01 2.190545363432946091e-01 2.037406520378736915e-03 4.300167544015756071e-01 1.205444988223665220e-01 9.074331495764323408e-02 4.710412461796047445e-01 1.310563679865452691e-01 1.746328509575499899e-01 6.763075268303128107e-01 8.606957261414652227e-02 2.601130102662392307e-01 1.395690553948734369e-01 1.065671067274771705e-01 4.415944201325604918e-02
1.671875000000000000e+00 3.117089836153554838e-01 2.943220523357760118e-02 7.015705528153258486e-02 1.170223834390813622e-01 2.276665083683998905e-02 1.127797327322844767e-01 4.083542136933982630e-02 9.091092363406451382e-02 3.113058846211277375e-01 4.690990762255662361e-01 2.241702971885595891e-02 4.033527544603635606e-01 3.458819107345331711e-01 1.386432864282944044e-01 2.265006400140796572e-01 5.150789753179018521e-02 2.273761897843809276e-01 4.238788627833763034e-02 1.311150152607724884e-01 1.022132304980233053e-01
1.687500000000000000e+00 2.846212365039418879e-01 6.556643599661189648e-02 1.307291537880354848e-01 3.991017405002302842e-01 1.784136029354057851e-01 5.968422239636277798e-02 3.138784967154927275e-01 6.780264033612996843e-02 1.045794308087323599e-01 1.142161407460531158e-02 3.460937781826561171e-02 4.443485551795184896e-01 3.105112410857840954e-01 2.008116640102472483e-02 4.969209515414642064e-01 2.104702829738523510e-03 1.063071171335313314e-01 2.212972060924789375e-01 1.903684038406813495e-01 3.021950476728837431e-01
1.703125000000000000e+00 9.426261444293033975e-02 7.184716747452921104e-02 3.248101129018400590e-02 1.956938832285617588e-02 1.389893703441070529e-02 5.328084512039241855e-02 1.172760091225447387e-01 2.605356089894426685e-01 1.243150399680119783e-01 4.176814304636343178e-01 3.796116093097730293e-02 3.540262595270704526e-01 9.481642213904625111e-03 3.955122542007055708e-02 6.049338202294399780e-01 3.694444337220118696e-02 1.613321714716507427e-01 5.210536441702785793e-02 4.249746129688442009e-02 5.088210136262837358e-01
1.718750000000000000e+00 1.211047967980255213e-01 8.237240059273417958e-02 1.268470247871122669e-01 6.104283195752038815e-02 1.098945048397055729e-01 9.430164350735976281e-03 6.253334104495228418e-02 1.624860087698455080e-01 1.669607200654422974e-01 3.855816100273733865e-02 1.257341709872676627e-01 1.098461830772080178e-01 6.153165514170245987e-02 1.946478085311561246e-01 3.575713471190470893e-01 2.863596484783481055e-01 3.171559769629825332e-01 6.475556055391072652e-02 2.143782249554099795e-01 4.135802615183915010e-01
1.734375000000000000e+00 9.005209347836019840e-02 2.933312682012119144e-01 4.515336679435227873e-01 1.344578424136324279e-01 8.462701675224207354e-02 1.834626008406039510e-01 1.279453324419157212e-01 1.850570151582977829e-01 7.200063317518738681e-02 2.499704798862454891e-01 2.090528485104386699e-02 1.177749797638299664e-02 3.508360215196603127e-01 2.736066732995174333e-01 1.678102057598334640e-01 2.487332473933880940e-03 2.165970000416102548e-01 2.099832183905505148e-02 1.622830916125863887e-01 1.073293758676463622e-01
1.750000000000000000e+00 6.650512825641871628e-02 5.177371223691407121e-01 7.442790659512733831e-02 2.266737221257787427e-01 7.811880004509834385e-02 7.163872944700699907e-02 3.799047389208537462e-02 5.729495899781394258e-02 2.498348864932531666e-01 8.418727604979182877e-02 4.092612386529839025e-02 1.854009527637714982e-01 1.409267862352302503e-01 2.382252086863669571e-01 3.138371552513308793e-01 2.572941013711159686e-01 2.308911757432028852e-02 6.340312553604102175e-02 2.680108332707008545e-01 9.832055098441865038e-02
1.765625000000000000e+00 3.209122793902920989e-01 1.316894116647459312e-01 2.932662583311851368e-01 1.341527732963523900e-01 7.478217524199570754e-02 4.830876856634900296e-01 4.162400227555266286e-01 5.328467042240423585e-02 7.554653087603496742e-02 5.582564777057686528e-02 4.746859030369446897e-01 4.497679781150369302e-03 6.430770889155473791e-02 4.489890523889565888e-01 1.790153731915666013e-01 1.484052389422036988e-01 1.409094490736829963e-01 1.452873957538090288e-01 3.126146582546815988e-01 1.373684471356412529e-01
1.781250000000000000e+00 6.588581480387220579e-02 2.519297926625984063e-01 2.992047846615319417e-01 9.756303689539805313e-02 2.786490350779930458e-01 1.622466301312129947e-02 3.464037686952845529e-01 1.974138055753710541e-01 2.756060740676201729e-02 6.474681493737789728e-02 8.764117419211295279e-02 3.532571662410309565e-02 9.651671958650186178e-02 4.451700690233390545e-01 2.965136973860887579e-02 5.921776245330389460e-02 2.349714586919381121e-01 1.035058482578641303e-01 1.653801634835084383e-02 3.466535670983578732e-01
1.796875000000000000e+00 5.502079827167120907e-02 1.142474128177476816e-01 7.187304788980689030e-02 2.288232866336375737e-01 2.916505695776436813e-01 4.539028914014441723e-02 8.775330785867638261e-02 5.711995035986925373e-01 1.128459909868179123e-01 4.931097657929091327e-02 2.726466754577608342e-02 4.995120224662467695e-04 4.872604818721232994e-02 3.540804397166250062e-01 7.183988475892154335e-02 5.417234500355085913e-01 2.943180361045706628e-02 4.850611847196055829e-03 2.153394427782358567e-01 2.008075190665399024e-01
1.812500000000000000e+00 4.582079613925806733e-02 8.987334078081565814e-02 1.304891959387291800e-01 5.720496281445620890e-02 4.105226223967758381e-01 2.995824760150352928e-01 7.301768296035494876e-02 2.080598440987114217e-01 5.250154669223631165e-01 1.510613232473653478e-01 1.936957809474800776e-03 4.493131642674455528e-02 1.807958464916213995e-02 2.120242866539253507e-02 1.183571716256487799e-01 1.420386593589128554e-01 4.351942092177294441e-01 1.162359286070764469e-01 1.146971061938612674e-01 1.961790961197375782e-01
1.828125000000000000e+00 5.391601005825223947e-01 2.242595061090752184e-01 5.543210001235437251e-02 3.269874433514398104e-01 5.111647378561962746e-02 1.002988388325733865e-01 1.093432628377922350e-02 2.699244508914651255e-03 6.651301504308100299e-01 4.071318335849455905e-01 2.830553001520856246e-02 1.964584110346525025e-01 1.336608816595997173e-01 1.245720907652454884e-01 4.418294296041730407e-02 3.393362400309829496e-01 2.383279380567871267e-02 2.114770377516055344e-01 9.353684941091808258e-02 4.117386520476942757e-01
1.843750000000000000e+00 5.540673441731255311e-01 9.990989607827957530e-02 1.166743055879385788e-01 4.200206076553588720e-03 1.884763014009693816e-01 1.253193198017224230e-01 1.038189570208405549e-01 6.479762191451081399e-02 5.955459597882836187e-01 2.122415115998167040e-02 1.114641825877370901e-01 3.811853842372458501e-01 1.554804432995983421e-01 3.071920760258559091e-01 2.504563179633436110e-01 3.249431925602374038e-01 2.245600431331546132e-01 4.249890343466325993e-01 3.551163410389720360e-02 3.917709554241726178e-01
1.859375000000000000e+00 6.394430210409318693e-02 1.562974699700305503e-01 1.819146293588268237e-01 1.609718335757428787e-01 3.896378353712974529e-02 1.751251100978440042e-02 1.302644744383316955e-01 1.142660135245935349e-01 5.198937251843897822e-02 2.179632772004177089e-03 9.444787579382565856e-02 2.614319658267184043e-01 2.101502147046623303e-01 2.618664796101000114e-01 4.797539295633361234e-01 2.759720824130321160e-01 1.786665775890032837e-01 2.991586003341113464e-01 1.333096054268742559e-01 3.820785236171124477e-02
1.875000000000000000e+00 1.897001449887027180e-02 1.243888079705575966e-01 2.385190967558200037e-01 4.565590180373099161e-01 1.095862838352943680e-01 7.726563607617591145e-02 1.190673644812654947e-01 2.514197215666202356e-01 2.508351921662040351e-01 3.839526601733563027e-02 2.536181283864938699e-03 2.012621776723702849e-01 1.212185788843724576e-01 1.363043648509442707e-01 4.539776585227170980e-01 2.699613828133849425e-01 3.657001570747560604e-01 2.877539261625070566e-01 3.994956474405237518e-02 1.867119790845454819e-01
1.890625000000000000e+00 1.237198929332103577e-02 1.166858633768030618e-01 7.476289221498022552e-02 1.238078318526596860e-01 1.117021265499264643e-01 1.512927185857835810e-01 9.245729024327566103e-02 1.332665737373276704e-01 6.591212934130716294e-02 3.416776698082362174e-01 5.272847738169868931e-02 1.458398780221321911e-01 1.599651330071962529e-01 4.576743886422009015e-03 2.081568203468014133e-01 5.558613743677075225e-02 7.487568069254992853e-01 1.162795379914332156e-01 4.745574975910280685e-02 6.660037040484532989e-02
1.906250000000000000e+00 7.142596759138600260e-02 1.302892191857492332e-01 4.815288630663668024e-03 1.410849369070612223e-02 3.302484849713032133e-01 3.365880044870925292e-01 1.790044135684238508e-02 2.327635866381364341e-02 1.181670659183120670e-01 3.693033950109833596e-01 6.035534554977884519e-02 5.899809443151819016e-02 4.169105712724380242e-01 8.181922892015812410e-02 5.084063567391733374e-02 4.618980813919131290e-01 3.483729948632224849e-01 1.271023062075747057e-01 6.225047504382047459e-02 2.424973505719198175e-01
1.921875000000000000e+00 3.307548698293216183e-01 1.556502522121904451e-02 2.695605724948058612e-01 3.955420489611297802e-02 9.059195152142435203e-02 1.370203400125677429e-01 2.784581052673493901e-02 7.400824180208243064e-02 2.459660088327624838e-01 2.987357393273176176e-01 2.450509645805259429e-01 1.540097323519173771e-02 4.097796143438811600e-01 2.299899141201148522e-01 2.563338440968047083e-01 8.624429828340544890e-02 3.307549787789466067e-01 3.890333107735530760e-01 6.864366609882366355e-02 3.050645553978344471e-01
1.937500000000000000e+00 2.009261637666035286e-02 1.130596013080902018e-02 1.690414823244724141e-01 4.348821496311815193e-02 2.782518463878960180e-01 3.377563048825396042e-01 4.852426223009188161e-02 1.197183637982163484e-01 1.811341801809502050e-01 3.369186332637612302e-02 4.049090683780118272e-02 7.365476878337397226e-02 1.351130183726322390e-02 1.533192916033163933e-01 1.790502624274933896e-01 2.054060050303982143e-01 1.372782004980269976e-01 2.292505011020717354e-01 5.151469962254913437e-02 1.406429623803725770e-01
1.953125000000000000e+00 2.545963478629401436e-02 1.202423032435307598e-01 1.268330473472018827e-01 8.271758276546906097e-02 4.744708679905938753e-02 9.403346310691448884e-02 2.964235231339711896e-01 2.400680432339679649e-01 1.058352387736077455e-01 5.167704276081234310e-02 3.549253800895741523e-02 5.411407062272780011e-02 1.280314300581695403e-02 1.081196582951664820e-01 3.034155351619993168e-01 5.173125016720528380e-03 1.814508250447793014e-01 1.952472664882667630e-01 1.865147552975741918e-01 9.501851224079195524e-02
1.968750000000000000e+00 2.362906492142690870e-02 3.115661226292596245e-02 2.869996243457208565e-02 3.040547584342123341e-02 1.731525012038332423e-01 8.515527369413262992e-02 1.731942833237031798e-01 4.887081242786840002e-02 8.316574090894297833e-02 2.204100642741643398e-03 6.514947040576643490e-04 2.870672428143204377e-02 8.333072708791129657e-02 5.531430505081015303e-01 3.266103448504970030e-01 2.035509784674021938e-01 9.215261787649845285e-03 1.199278480542654568e-01 2.468561527382164000e-01 9.723801415260759085e-02
1.984375000000000000e+00 6.380236426999900956e-02 1.710639276606806258e-01 3.353620290857842745e-01 8.480441812664810119e-02 9.476059065679218185e-02 2.056958280132245853e-01 4.328968329480754884e-02 2.483633100884400924e-01 2.324200611867376642e-01 1.488994836881198935e-01 5.986507622261642153e-02 1.492627479785038624e-01 1.466160163553583695e-01 5.341104899399351513e-01 6.050129734352371891e-01 4.396682899888056106e-02 1.233144677589264743e-01 2.790859228006474790e-01 7.291464047034261486e-02 2.873220697660715528e-01
2.000000000000000000e+00 2.581748760295100587e-01 5.475112355877353315e-02 4.039537134502573651e-02 2.336488628392988445e-02 1.375646104224921215e-02 3.941402491191034474e-02 1.415708132828382426e-01 4.252785052987187502e-05 6.980677618387017176e-03 3.304013157967823459e-03 1.132416855069626055e-01 3.360275304882307523e-01 2.078831737920355249e-01 3.397899521648401477e-01 8.619203113859666976e-01 8.149666506049459136e-03 6.965401944256521469e-03 3.755868381359898228e-02 9.177789723561581570e-02 1.784790615237013267e-01
