0.000000000000000000e+00 2.340696035309688949e-01 5.975240052856603361e-03 5.023542917794778656e-02 4.001064678866436512e-03 3.661577377912676734e-02 8.110571555208767602e-01 3.863957867310420236e-01 4.211244744447857624e-02 8.050323365026862410e-02 2.387746451283101479e-01 1.014302630451855425e-01 6.744092587269974182e-01 1.145185394107535032e-01 4.036585352466855875e-02 7.293920205090997921e-02 6.941226940555630942e-02 8.849782616307347305e-02 1.713647972818405042e-03 3.589941323599721845e-01 3.372202294548091728e-01
1.562500000000000000e-02 1.468902313373147417e-01 2.813970222921761619e-02 1.170333706016123687e-01 2.418021011751153859e-01 1.813467188449101666e-02 1.016182806432956547e-02 1.195459856553400119e-01 1.063340645368183041e-01 8.008745306400855135e-02 3.766455557546746769e-01 6.222275913481989384e-02 3.940778859811660539e-01 4.492191168840690974e-02 5.707270604314846826e-03 6.414699709549478990e-02 2.680649134937627132e-01 7.145053809736572059e-02 2.104830657751314074e-02 1.920669749207922217e-01 2.491319824994863152e-01
3.125000000000000000e-02 5.731652852849261626e-02 1.246982773493898883e-01 3.074444894910087836e-02 3.670865279318116792e-01 1.816827689331974305e-01 8.026768775840854853e-02 3.634695165165366393e-02 2.185136091019401067e-02 6.678796429732108964e-02 3.335069287131272597e-01 2.449856874784264379e-03 4.670279808312883252e-01 1.459242875204269652e-01 5.235092203279552263e-03 2.383816431633299093e-01 3.078178341915536742e-01 2.064618987339666423e-01 2.049171613214804955e-01 3.014563058984576216e-01 2.300192862312217257e-01
4.687500000000000000e-02 6.563042429380752663e-02 3.565474497158693107e-02 1.408286832863362426e-01 3.695181449458331824e-01 1.156448041317980659e-02 4.246939432029954442e-02 8.790031526704362996e-02 2.291714777899864219e-01 6.351859554059848846e-03 1.749450848902068256e-01 2.224359622404699019e-02 3.459907898060466391e-01 9.040005268648326764e-02 9.555643454787822802e-03 3.697005184240681475e-03 2.684755317161683918e-01 2.965745533694114089e-01 1.446928185039744463e-01 4.468636021305001926e-01 1.198068763911125795e-01
6.250000000000000000e-02 1.367564680613535255e-01 1.182085575532042382e-01 1.085410496915740070e-01 1.229730041832126364e-01 8.667228552856118262e-02 9.814048980628325980e-02 2.366662487286035413e-02 1.096153517946644868e-01 3.323813199729864221e-01 5.878964856187935545e-02 7.803526863471381414e-02 1.679373647778180934e-01 2.050144632764842323e-01 3.325557739746511782e-02 1.096847080257473683e-01 1.938755812339337248e-01 4.766714171104458747e-02 3.350176957571536218e-01 2.290328134441760033e-01 1.759807060879687579e-01
7.812500000000000000e-02 1.383282475546842305e-01 1.931853097699894328e-01 1.634818186797256379e-01 5.829200705431348412e-02 2.023398627796715310e-01 1.328563006582155481e-01 1.886244984568682670e-01 2.534950437822474645e-01 3.134904372758108848e-01 7.536138648816894693e-03 3.162538321768229577e-01 6.339265719171799374e-02 3.828796485385372317e-01 2.258255007645273288e-02 2.173433141353706965e-01 1.851156684918679046e-02 2.983754452594209461e-01 3.828181433592683369e-01 1.852374005478620023e-01 2.336761646218722399e-01
9.375000000000000000e-02 5.290110992292854086e-02 3.258303805512507978e-02 2.237362623715846155e-01 1.831950414958630202e-01 1.542125086028389991e-01 8.875724770157412957e-02 3.514676149866770294e-02 1.839650602184500494e-01 1.929609861082660638e-01 1.589161562197334565e-02 8.039051015106561671e-02 2.440332757617773296e-01 3.373869665036908772e-01 7.026396497291426124e-02 3.278714382567211871e-02 1.300550596069631193e-01 6.717452264405097961e-02 3.051564925014377816e-01 4.632317333375678831e-02 1.861361666585411301e-01
1.093750000000000000e-01 2.607282238253212925e-01 5.262389769254917082e-01 4.336245514873859341e-01 3.956959309246788625e-01 2.142968071856725942e-01 5.251072875375154547e-01 2.588985963378852007e-01 4.695413263685087601e-01 4.143260831370489949e-01 5.635461033813993215e-01 3.777210154601883252e-01 3.220912041648160140e-01 6.558963564711790539e-01 4.810133525350146488e-01 4.548867326552827155e-03 2.571462904751836698e-01 2.321991175034106014e-01 6.462664263686678234e-01 4.351332679286609717e-01 4.001122808913074036e-01
1.250000000000000000e-01 2.746351458329187034e-01 7.753453165692265614e-01 4.621599138268359108e-01 6.170787800938459799e-01 4.676721533771374673e-01 3.629771313731812166e-01 4.082976862548925445e-01 5.070298187800614809e-01 8.326548079070944519e-01 5.329906458824634763e-01 5.682949518214738260e-01 4.002605842326347196e-01 8.864108313074726686e-01 4.064840110399613460e-01 3.615294659775739605e-01 6.664220707928669718e-01 4.550048274673519355e-01 7.066215504184147900e-01 8.154388842724884512e-01 3.837017704041908450e-01
1.406250000000000000e-01 5.026468951456347645e-01 8.934687502276156268e-01 8.086951763722333153e-01 9.262362396763262895e-01 1.893278208702568743e-01 3.073707386519926588e-01 3.210432802578328526e-01 5.400807093769510736e-01 7.622438177458552566e-01 6.838379914946276505e-01 3.594180028502056423e-01 5.530018145600678059e-01 9.231020679527986994e-01 2.975212978620472848e-01 8.285487329711658244e-01 3.987651353612912675e-01 3.622096720494501487e-01 7.354571228880818490e-01 8.981050441945702678e-01 6.232345422169363047e-01
1.562500000000000000e-01 3.758891221773053015e-01 8.736050049914892979e-01 8.966893982112269512e-01 7.518581284203422754e-01 5.766833224165166527e-01 3.466903943828469892e-01 5.455861036510468720e-01 7.090366442923748957e-01 7.417483121314768502e-01 8.249862487456698368e-01 4.975223444150690399e-01 7.261880640875651993e-01 9.136879806225983724e-01 3.994970297924922420e-01 7.055251433843695574e-01 7.192011062891319195e-01 3.212068436893850132e-01 7.839837232165310921e-01 8.805764490426276625e-01 6.842750787364252352e-01
1.718750000000000000e-01 6.761763224200474376e-01 9.436838448427630199e-01 9.226232224583428287e-01 8.769760598353517622e-01 7.118797054457460804e-01 3.311370910147254376e-01 5.064481784717583812e-01 7.479643849739645578e-01 9.039158940229963246e-01 6.478582566850974445e-01 6.205164674448817586e-01 7.365419023788203345e-01 9.611644724763943604e-01 6.661644766090061287e-01 8.730212336878859780e-01 8.367935789193275964e-01 5.974354613805978875e-01 7.997951677847509044e-01 9.555959508993739915e-01 6.493465181377479079e-01
1.875000000000000000e-01 4.475529789871247055e-01 8.663394023422613666e-01 8.699524856473856982e-01 6.654466708490824889e-01 5.258671082830365107e-01 4.889760176794792912e-01 7.934607324680044149e-01 3.944322740421438711e-01 8.769309316971987123e-01 6.734583366220614487e-01 6.233348724350203929e-01 7.899112653238729020e-01 9.502542078816182958e-01 6.111523627066234310e-01 8.069388784653517277e-01 5.356467099880569682e-01 7.943841071054189573e-01 8.780989338494948893e-01 9.128782724296709006e-01 5.289853828374637690e-01
2.031250000000000000e-01 5.355488097839978812e-01 9.035684487699474632e-01 7.622005141191650068e-01 7.341596851900297205e-01 3.046667253275762710e-01 6.161823962959134260e-01 6.058140205248491172e-01 1.396463940100921841e-01 6.562610635441663565e-01 8.223277401354901484e-01 3.152756886241159240e-01 7.912412459149934518e-01 8.954950948518944909e-01 4.138394177351657488e-01 7.365172988236940999e-01 5.542446985883050514e-01 5.414463009573181607e-01 8.191696750420827122e-01 8.486394415592466434e-01 5.032098257811538078e-01
2.187500000000000000e-01 4.957937385886555526e-01 7.777897246657343722e-01 6.182010226160291610e-01 6.285966085488342570e-01 2.954323026494033444e-01 3.503266590886245369e-01 4.232675029667811728e-01 9.880415579448935393e-02 5.716637637918967618e-01 5.640945458748215513e-01 2.381499886124084919e-01 8.250939374866600451e-01 7.172112912787018679e-01 4.565501596152068964e-01 3.474721307149938876e-01 6.742226157987543100e-01 5.953184239332467431e-01 5.187836274534555203e-01 6.300045722569905804e-01 3.859244991507301825e-01
2.343750000000000000e-01 4.109705711325491451e-01 2.602517424907304852e-02 1.273426417727791804e-01 4.549654975947308166e-01 6.018850339037942060e-02 1.872766560536614708e-02 2.051339245775192412e-03 1.386054348725769825e-01 5.015882514511729728e-02 1.226468001099185329e-02 4.401816388624195664e-01 4.332581608629368364e-01 1.397976366068367227e-01 4.125678353030577949e-01 1.069088103648865029e-01 3.142011645866992220e-01 1.105317357885127055e-01 2.013709531399258956e-01 2.140731073720229458e-02 1.296719603537838661e-01
2.500000000000000000e-01 4.203485345092043968e-01 1.774777758983726861e-02 1.205909434370126820e-01 2.309133842710217599e-01 5.572026094254205891e-02 8.555961092156488812e-02 6.109127316683631015e-02 1.961549189728239440e-01 1.951022330679731687e-01 2.620151178077938497e-03 3.859621016668084992e-01 4.586872748485651963e-01 1.360353579959674430e-01 2.323722143644228189e-01 2.333996924919624072e-01 3.333509562542610188e-02 1.423201558256818322e-01 2.382179639896022105e-01 1.144203129756433124e-01 8.525523819830831129e-02
2.656250000000000000e-01 3.182655587646491813e-01 7.626577023997588300e-01 6.125958801330608772e-01 6.012523916415184466e-01 1.360267410069812832e-01 5.693837704485459339e-01 1.400604097411177473e-01 3.641722253452899793e-01 6.317704751214090475e-01 5.937331255357302107e-01 2.113833997938321108e-01 7.682971075904118097e-01 7.933756793750236236e-01 9.933245201742799124e-02 5.065479457240079642e-01 2.111923919911285752e-01 5.521451768404112004e-01 5.857295471648706897e-01 8.668224174397026749e-01 1.393452110845280478e-01
2.812500000000000000e-01 6.602296295106603319e-01 9.343788841711065940e-01 5.657353357435409569e-01 5.980277201945628507e-01 5.628979796655868562e-01 7.589533298698182273e-01 3.283867839226136121e-01 2.275304489923565820e-01 6.928966822698648942e-01 7.303985398147818664e-01 4.415687509267766653e-01 8.314387834368260899e-01 8.277384473163513778e-01 4.565893011325836137e-01 4.755356199980306231e-01 4.579462761150087102e-01 6.068182587243760029e-01 5.354513056166089191e-01 7.442315925604631177e-01 5.547566669314674126e-01
2.968750000000000000e-01 7.193351617286644073e-01 8.857395822954566844e-01 6.802097953589530954e-01 5.983949806950323858e-01 7.843312431138100838e-01 7.605773430439886074e-01 4.227202374304774302e-01 6.786313891444494262e-01 8.563333851631377280e-01 7.483020511631793825e-01 6.027899081226441025e-01 7.534467535763417212e-01 8.012748560223832417e-01 4.983452067296647026e-01 6.878021135857047552e-01 6.060747399241080968e-01 6.844205269983548723e-01 6.833473073609575010e-01 6.611072434880123083e-01 8.431851936533637515e-01
3.125000000000000000e-01 4.044547629478759676e-01 7.789607558408296883e-01 5.049927910288076749e-01 6.426308932525182094e-01 6.869853909983598683e-01 4.340634544002466844e-01 4.528575259899509375e-01 4.479359341242234449e-01 7.348101924096676063e-01 8.499807774311727293e-01 6.090550405568243564e-01 7.327255173087929840e-01 6.135305805806469115e-01 1.901897868444233086e-01 6.910951721226640254e-01 5.265407038592772038e-01 6.371441019776251657e-01 5.914007474113762708e-01 6.749525711874233558e-01 8.205645793915087305e-01
3.281250000000000000e-01 2.659957319484506089e-01 5.954688028140873168e-01 3.490418872566542485e-01 2.201686677459321895e-01 1.210233708724903628e-01 2.185681146637758199e-01 4.431723742751581541e-01 3.675171912096695803e-01 7.064628431202182313e-01 7.395711095718038308e-01 1.723661878515992119e-01 5.843790361648454335e-01 6.002037135063091888e-01 1.604170875929598339e-01 4.780703070086137485e-01 2.665985242839480907e-01 1.945111292572996864e-01 6.406892199712465041e-01 6.212821662337841833e-01 3.347942538108148458e-01
3.437500000000000000e-01 2.257453824966746680e-01 6.601460284029150305e-01 5.206231337764607447e-01 3.899359657782334176e-01 1.095529678627239420e-02 6.817017096022942590e-02 2.247378967152794116e-01 4.945723301288923457e-01 6.215176772853144849e-01 3.995759614295733009e-01 1.795932034890908580e-01 3.356707551310308957e-01 7.283044383560742796e-01 2.056480881902080296e-02 2.245715855441483277e-01 3.402271038706401046e-02 1.355309229830486129e-01 2.646959088431483642e-01 7.644821638861313273e-01 3.191162042148812383e-01
3.593750000000000000e-01 6.240411258341087286e-02 3.567736010575124350e-01 2.751309025862063162e-01 2.040392210884235391e-01 6.679997470928260295e-02 7.295445029635129475e-02 1.106188656782860630e-01 2.592346326539907708e-01 2.342298810603595238e-01 9.638922718312421811e-02 1.792396548066209003e-02 1.560779136493453401e-01 8.021037163491350208e-01 3.681318328641498550e-01 9.620408824667006642e-02 3.565231599468227097e-02 3.813724482814341288e-01 2.115084825009896641e-01 7.015509705241209648e-01 3.003444872034826130e-01
3.750000000000000000e-01 9.837517040098264776e-02 2.693100271723785077e-01 3.085662494240354325e-01 1.767055134924621906e-01 1.113089565741135351e-01 1.830061282819142598e-01 1.874496753407936811e-01 1.369192596161895037e-01 3.572737306375185495e-01 3.320731748248847426e-01 5.610878677998065028e-02 1.261207537498293674e-01 6.749149994075975822e-01 9.763108575966791824e-02 3.007440940057697909e-01 2.013698554266377394e-01 2.786742586905109342e-01 1.424845369417919450e-01 6.292454716131065107e-01 1.141773019053318877e-01
3.906250000000000000e-01 3.128616812675173997e-01 1.365470872402289593e-01 2.536106920919447560e-01 5.424478012601562094e-03 4.897597654313064729e-03 3.407667413890861918e-01 2.982037321908074801e-01 2.670379183276117702e-02 1.270605417965439687e-01 8.578918587020707698e-02 7.265940771490445038e-02 1.139707553339739804e-01 3.815248972621790857e-01 2.294356791928413991e-02 6.739103755826438003e-02 2.010221932944268042e-01 1.937719760927014180e-03 2.625199373363824584e-01 3.704442279267384230e-01 1.769562642317430989e-01
4.062500000000000000e-01 3.329341001131971844e-01 2.497657183447748175e-01 5.078444000064421399e-02 1.810024887254937237e-02 8.411733728433386237e-02 3.345460475502587960e-01 2.947156882942048028e-02 6.546898966692643596e-02 3.524186005748899259e-02 2.339005043229681613e-01 1.452549249620056770e-01 1.978071434148909735e-01 4.126056866214742880e-01 3.836191475396889816e-02 1.678493808359444450e-01 9.660489305219205347e-03 2.166468041239960340e-01 4.341023018930244004e-01 1.499025246532875444e-01 6.079772947404330635e-02
4.218750000000000000e-01 3.189197856036580792e-01 1.170142189355444923e-01 8.342483827131291774e-02 7.041231023998978378e-02 3.531005763906683304e-02 5.961224509242474962e-02 2.542361346978398631e-03 6.257118760010184355e-02 8.400036693543590227e-02 3.959631676150872637e-01 1.655485340709259567e-01 2.304139271638157294e-01 3.212911366360965970e-01 5.271886220114770094e-02 1.709948628499420031e-01 7.742937323040433029e-02 2.779823287975726441e-03 1.561068181680182188e-01 2.350141566746338784e-02 7.114168901336102684e-03
4.375000000000000000e-01 7.543825049445872406e-03 1.946135998582148308e-01 1.195126780146059664e-01 2.750109913276977194e-02 1.821691249527323253e-01 7.615219025059204172e-02 2.838351439056592887e-02 1.533895828428987196e-01 1.706137929096235573e-01 1.705222781832692672e-02 6.522817726003571348e-02 2.920858288944854775e-01 2.461397817907324051e-02 1.304225881360249750e-01 1.660497920630320812e-01 3.949940722521118330e-03 3.501113132576308407e-02 7.962474116597095808e-02 4.195681643575119996e-02 1.450470348069734516e-01
4.531250000000000000e-01 2.003162986537205259e-01 2.626007380195656271e-01 5.727397758872623812e-02 2.418569049647754932e-01 1.423886230871846681e-01 1.728430868002377857e-02 8.994012859236159840e-02 6.000605506707090697e-02 4.616080186932357554e-01 4.518644693717846494e-01 1.144599848253726737e-01 7.450051514074615411e-02 6.837636730370093285e-02 2.040017693854560138e-02 1.302174204673399727e-01 4.529509336488143911e-03 1.042163850836989591e-01 1.917469449712398410e-01 2.669272097501007024e-01 9.026262335508204726e-02
4.687500000000000000e-01 2.360854648519954482e-02 2.181352098659183614e-01 1.367828104916572751e-01 4.952612082749028449e-02 1.863145928289327014e-01 1.860728240937963712e-02 1.188504695610125353e-02 2.702392963971811390e-01 2.846833720948496738e-01 5.754751970349253863e-03 8.059704542527096338e-02 1.360843235767957016e-01 3.593216456437437478e-01 6.120996344426252872e-02 4.372885929889364642e-01 1.135040389147779910e-01 8.346679629741682316e-02 3.903909740312826865e-02 9.179720513715790287e-02 9.009055271048803382e-02
4.843750000000000000e-01 2.179039953868488755e-01 4.947269804045968666e-02 1.597330164540442243e-01 2.309197395934103059e-01 8.276653405954137455e-02 3.331090848199616539e-02 7.247593074246221068e-02 3.568203085549909170e-01 7.143707453382215633e-02 3.722150063072192459e-03 3.841491035623887385e-01 1.733115836983619429e-01 1.099838037807600866e-01 1.450077918145332156e-01 2.086523484224576952e-01 1.079632182382114086e-01 1.212267908295813212e-01 2.624620548589031155e-01 1.052025081336770834e-01 6.003327380240443961e-02
5.000000000000000000e-01 2.782244299493584205e-01 1.043449714125123801e-01 2.172777932671862700e-01 1.030279723973166889e-01 5.634810455413574726e-02 1.670610421243242938e-01 2.591629174857494333e-01 2.870862924512067593e-01 5.782097178051479741e-03 1.463491811105465702e-02 3.679381764839553814e-01 2.198350716797334570e-01 2.780069070897904157e-02 9.433376822898231762e-02 1.445214522049423356e-01 4.670930861465725781e-01 3.500932891081410259e-01 8.746471246003298047e-03 7.006506619497988586e-01 2.314614583958241878e-01
5.156250000000000000e-01 2.478071152679603706e-01 1.116223840561041264e-01 2.591783799231129892e-01 2.602490816771787369e-02 1.475949033709359759e-01 2.953475616642022850e-01 3.544246334288410072e-01 1.162943041386533538e-01 1.148550315990611859e-01 1.375131232842459195e-01 1.558336650953302815e-01 6.100994428045838219e-02 3.615481865932623079e-02 5.168502216013286937e-02 5.336658086069979295e-02 1.146949182783958965e-01 5.735660136327262043e-02 1.512972045983001779e-01 7.048218172591033115e-01 8.608181593857031078e-02
5.312500000000000000e-01 3.281533892546376063e-02 2.125777675296013913e-01 3.441433340361393922e-01 1.742183849717737765e-01 4.129396960755219587e-02 3.759825101648265333e-01 3.675430156949571758e-01 6.763660538354640712e-03 1.333065958312596444e-01 2.442779830243910488e-01 2.328756719352640669e-01 2.363991652340763638e-01 1.426230119959974452e-01 1.628048287311108233e-01 3.972090174882396407e-02 1.116933728504481138e-01 1.049353052467969991e-02 2.367526491829005653e-02 3.070470698595613168e-01 1.401922587647558283e-01
5.468750000000000000e-01 1.768736243407932895e-01 1.091753327042117583e-01 2.101736817403719593e-01 1.643723685342458607e-01 1.717300049195939413e-02 4.671176766120117008e-01 1.903075766596158680e-01 1.678749357264927022e-01 5.014547716407857791e-02 2.392941231788353329e-01 2.809961001709493922e-01 3.493757291695765432e-01 1.605725041840118383e-01 1.019307863473691012e-02 1.040442494815964486e-01 1.576176459579281541e-01 1.477006093738613690e-01 6.903209983814129203e-02 1.062966084996035121e-01 3.165571946667428693e-01
5.625000000000000000e-01 3.362365444253377356e-01 5.164738989962551485e-02 2.533717821448783769e-01 2.359123613137660558e-02 1.438473240357724357e-02 3.642182706618345978e-01 3.275835571475678165e-01 2.686409145733901771e-01 9.240811129513569477e-02 3.563990230236876305e-02 1.341280320480920940e-01 1.411581187197736773e-02 1.140236150186251379e-01 1.373481363389167029e-03 3.038132080889570652e-01 3.220451675942784253e-01 3.688979668925708166e-01 5.634882151685798035e-02 2.551170777782026389e-01 4.652603169855555332e-01
5.781250000000000000e-01 4.946104219277450142e-02 2.488978288416167362e-01 7.805183589100994634e-02 3.329152680934419767e-02 1.137491407720876146e-01 9.827270350279936062e-02 2.290913702178459244e-01 8.480338828574299215e-02 1.129060710358409519e-01 1.806694865574728914e-02 3.274868012120843441e-01 4.898744944519550781e-02 4.928774105937816508e-02 2.177077702130864739e-02 1.982736963158685806e-01 8.248322057195270340e-02 2.273965088964255976e-01 1.581276438473202053e-02 2.750654280014567798e-01 2.639377911319291115e-01
5.937500000000000000e-01 1.737920213465881103e-01 2.848254632322697044e-01 4.738261114954938069e-01 1.433247088185273521e-01 4.470626310124569541e-02 5.656467686050843657e-02 9.308716155520488367e-02 1.421326038132587621e-01 1.138610963489246342e-01 1.907318453609201658e-01 7.255178816015551285e-03 7.991547958667695462e-02 2.404822171388716623e-01 3.707464507611313992e-02 3.564793739883394957e-02 4.280427506686401706e-02 4.023410966691146062e-02 1.727757397475614479e-02 7.230465158910551193e-02 2.845241177276351396e-01
6.093750000000000000e-01 1.136784193455744885e-01 5.201854110706706225e-01 9.380247541654074261e-02 1.445728078532241556e-01 7.872527088555618391e-02 2.384047528649643755e-01 5.271425222011637962e-02 2.280629752586380843e-01 7.363665375474140462e-02 1.135969261928326396e-01 8.420985331891840675e-02 3.435666577201886840e-01 3.184640532703949534e-01 1.610030905505559773e-01 1.192163291850745072e-01 3.639320802985251957e-01 1.657109992926245057e-01 1.769978175458950323e-02 1.986255624446053110e-04 2.613493204976417503e-02
6.250000000000000000e-01 3.953053856567962515e-02 4.522510735364861922e-01 3.687997484651751173e-02 1.474022076446330869e-02 2.150111073250571270e-01 1.297477491074111311e-01 9.142247341063788890e-02 4.969743999341332680e-02 4.084547255566032403e-02 1.195712138205059227e-01 1.921468690406866534e-02 2.564352918582631924e-01 2.218578671569423899e-01 2.154964482200167480e-02 1.959263150031477496e-01 5.568542097208457886e-02 5.910512480470152263e-02 5.161954653051663289e-02 2.622005427905117064e-02 1.079157213813174837e-01
6.406250000000000000e-01 3.020499218656497731e-01 1.548336688755750645e-01 6.331328480634973443e-03 6.039790489874911072e-01 2.723874039355792531e-01 2.836939435783120654e-04 3.472371552924549687e-01 9.667289367119458188e-02 1.646948006905393780e-01 1.207895477066619899e-01 1.154953545131125331e-01 1.243392544748948836e-01 6.834749841419063277e-02 4.387231580022386140e-03 4.738623154282978756e-01 9.576149478529000225e-02 4.929133191809249026e-01 9.411989651183637340e-02 1.740454510903791108e-01 9.943230482186999480e-03
6.562500000000000000e-01 1.147753636764276969e-01 4.763296971838441585e-01 1.696290150086885995e-01 1.369547753146100298e-02 2.840362458720139260e-01 9.189332301244601021e-04 1.846520239676585906e-01 3.827375565158033788e-02 2.066556757794019428e-01 2.798147583556660420e-02 1.252123665975544142e-01 1.374425472328296149e-01 1.042056559709688551e-01 2.866361612949455684e-02 1.168971751907977447e-01 4.733019060259068822e-01 1.051507780639404366e-01 2.275972102340526604e-01 3.757448484928220533e-02 2.071884789873460614e-02
6.718750000000000000e-01 2.549804153664221307e-01 3.106478727966745929e-02 2.593848747723693227e-01 3.816238476937757751e-01 3.567296140946067673e-02 2.793424461576145615e-02 1.823205705154251066e-01 2.216965808815800701e-02 4.999028627652724044e-03 2.965623227663521932e-01 2.565324207642386348e-02 2.760949617615637841e-01 8.796200992362868121e-02 1.628122634093904716e-02 2.201107460458999188e-01 1.153456391167157757e-01 1.735982188299178552e-01 2.295775661536238743e-01 1.375445980315934819e-02 6.577293962168426211e-02
6.875000000000000000e-01 1.864869499230287497e-01 1.413278032672268814e-01 2.555669372237386397e-02 3.370618192171199179e-01 1.704688467583229811e-02 2.818476878170708341e-03 1.806033702855163736e-01 9.560467858967225396e-02 6.369174548532666180e-02 2.501241884799566551e-01 9.841500595280492855e-03 2.443667649475907977e-01 5.889235344637453601e-02 5.620175391525661368e-02 5.595157256213605101e-02 5.651743521963148442e-02 4.560736884872595293e-02 1.242486636460374549e-01 7.110944467003395275e-02 1.997161706220721422e-01
7.031250000000000000e-01 3.370216193843464936e-01 1.596176856157449642e-01 1.267860394171805606e-02 6.994088120430584643e-02 2.062363301112554032e-02 2.600028092130451593e-03 6.316486727292972003e-02 5.796957015073234826e-02 3.955618914142632059e-02 8.971537061863744944e-02 8.846277129074699153e-02 1.422068956713264387e-01 9.621416221124066970e-02 2.772503267667023735e-02 6.849067508034502316e-02 1.223896928299489546e-02 3.897048471892193794e-04 6.193622776344093889e-02 9.963163963902064990e-02 8.047790218034897580e-02
7.187500000000000000e-01 1.324184880764422978e-01 6.368684707178191573e-01 1.838696163518755214e-02 3.398797235089099922e-01 1.046481780770104619e-01 2.653221538562884965e-02 1.365350894873943177e-01 1.489030056256252788e-01 1.221280996233882893e-01 7.300658593121399365e-02 1.803891926873043838e-01 1.132394784615149003e-01 3.762224890568974800e-01 1.078966545510030156e-02 4.275506797514610491e-01 1.439333050761494592e-01 2.693287646037864635e-01 2.415552148253069173e-02 1.334106285093736022e-01 1.242032243307912703e-01
7.343750000000000000e-01 3.914044442194395020e-03 3.780092999386354680e-01 1.062319065881186381e-01 3.682968310676766333e-01 1.094169446770054677e-02 1.172179889354480198e-01 2.855304104546230737e-01 2.826024169588257084e-01 6.013139274961341180e-02 1.455448536072199428e-01 2.940994634031572977e-02 3.311767674721997623e-01 2.092297405209909977e-01 3.514837591379368908e-02 2.509427417027275120e-01 2.752079181696573049e-02 1.014022629135890446e-01 9.034492434070817701e-02 1.374346068645441454e-01 2.650357822348338166e-01
7.500000000000000000e-01 6.434492400486515468e-03 5.577813132680107394e-02 7.212320901392441086e-02 6.481255272879570262e-01 6.405536210672045649e-02 1.737027875526779563e-02 2.423781576985220010e-01 2.270908360577830916e-03 1.117479970088123588e-02 1.920190388604107734e-01 1.552752372794327096e-01 2.906864439096435437e-01 3.786211839505529975e-01 5.444810136910958887e-02 1.695782573369525037e-01 5.501666481822587579e-02 1.705483202613424648e-02 1.401103780612414232e-03 2.106473804599244271e-01 1.172539242719052022e-01
7.656250000000000000e-01 2.126597558064069471e-01 3.788484064573065940e-02 1.754393856455284673e-01 3.236679238957640981e-01 4.570372269056611342e-02 8.908641841637900127e-02 5.955304040145200511e-02 4.682702006399870331e-01 1.009509267398127491e-01 3.613505460399812214e-02 1.677286699787359225e-01 3.330823679490966249e-01 4.160762428622344355e-01 5.690435857548182402e-03 2.198947266685300217e-01 2.344302795519473126e-01 7.930685512379183344e-02 2.540689039618130862e-01 3.033517763396750277e-01 9.728236239619679482e-03
7.812500000000000000e-01 1.499764878412139790e-01 2.508134955140118305e-01 1.788178543658599795e-01 2.838540190242053729e-01 3.920075419305817793e-02 2.316471635029917348e-02 3.352461579455588703e-02 1.063486708413289433e-01 3.650301474551442132e-02 9.600760818428773213e-02 1.765912081851344906e-01 2.660118735720951588e-01 4.126143802185372467e-01 7.839151261860081987e-02 1.659772494991493541e-01 2.481897441763231127e-01 4.381607798966447725e-03 5.881672438471025055e-02 3.626851039318075842e-01 1.373341051377435229e-01
7.968750000000000000e-01 1.120721412451096272e-01 4.144495083050031559e-02 3.579948806406187956e-01 5.931535696156071090e-03 6.087166958247723636e-02 6.537038121964984516e-02 6.724761972377267527e-02 4.881874260055915626e-02 1.740079295859652264e-01 1.503488603112813349e-01 2.445127238027029470e-01 2.748165350899200443e-01 6.120184177365978195e-01 7.459532684845460171e-02 2.680066364725466332e-01 2.569385316276199746e-02 3.635162856439966284e-01 4.249994277821039779e-02 3.125809933422086379e-02 1.003496162794246943e-01
8.125000000000000000e-01 1.862521437185405693e-01 1.456577015564775035e-01 2.931017122587251666e-01 2.364400439176391477e-01 2.175684919663966113e-02 1.195711736488949822e-01 1.594410365890812642e-01 1.865918891852675482e-02 8.172472928809169923e-02 1.760890965971738387e-01 9.009242883371412769e-02 1.523557340954024564e-01 8.216909569773615807e-02 6.412150525986430984e-04 2.401154419746617530e-01 2.852187223649297332e-01 2.611778372132351200e-01 2.035165902227348278e-02 2.667402425891064466e-01 3.470621152003054016e-02
8.281250000000000000e-01 1.366628427490156061e-02 9.945712274972066946e-02 9.865328423982293315e-02 2.948971060484690265e-01 9.070159953801226749e-02 1.965220344826061061e-01 1.176809170920562475e-01 3.160909541041075077e-02 2.492695294956271887e-02 3.772811410406904375e-01 7.764684505522137514e-02 1.377499367783671380e-01 2.990439108878109598e-01 8.734227233031860091e-03 4.681602365115475894e-01 4.113328296808815149e-02 3.967429143885975451e-01 1.731203819650531731e-02 1.473654146161945677e-01 1.152539630632818113e-01
8.437500000000000000e-01 9.041133806432068154e-02 1.680367595355646004e-01 2.088324307950038816e-01 9.157068821477958032e-02 2.832763928347735568e-04 1.169760142994342028e-01 4.203670512738051368e-01 8.375074868303854225e-02 7.718320659910167525e-02 1.777883855097343868e-01 8.850470299586463141e-02 1.951643093468339307e-01 6.066043214994961547e-02 2.835821864359398814e-02 2.719969176030409552e-01 2.741373859621187847e-01 1.053472458981921100e-01 7.726680871423523278e-02 6.693247485998586599e-02 1.668229861098042555e-01
8.593750000000000000e-01 8.395042590222819012e-02 5.964004734769223770e-02 2.201435864518913252e-02 7.403723305190004211e-01 5.786450792304084073e-02 1.991738376578997341e-02 4.581887937781548709e-02 4.303986610535089075e-02 7.023910185934549577e-02 2.582509332226294932e-02 5.378748648006497456e-03 2.496980988101656918e-01 1.094950565369591511e-01 3.605701583838619856e-02 4.822017039542224603e-01 1.353471650325452635e-01 1.244879197911696314e-03 1.173301342662367575e-01 1.871883582930025658e-01 1.744386860142121132e-01
8.750000000000000000e-01 1.800468263704864055e-02 1.859435606517033934e-01 1.966783801739239654e-02 2.627663313785540966e-01 1.037368242067383262e-01 1.853651083191353022e-02 1.857096599244565131e-03 2.306329414599068289e-02 5.328362045967921642e-04 6.415317416932822536e-02 1.040677707062555909e-03 1.533415518293465840e-01 6.990439432255790564e-02 8.584144821136823617e-04 1.311189400793835724e-01 6.128278412587824520e-02 1.206877753602248263e-02 5.426812883526765247e-02 1.882832175075225267e-01 2.046812835130761843e-01
8.906250000000000000e-01 3.276896268618467722e-02 1.007034021505568144e-01 1.929240993147261773e-01 4.138167014379392494e-01 1.143599014913709855e-01 4.425401627226354523e-02 1.891247889317607400e-01 7.484182859070621918e-02 7.339859802854525710e-03 6.451736092169647885e-02 7.204359710829480457e-02 1.202726836511341657e-01 2.230155981874235582e-01 3.544647614372926914e-02 8.715868748891673901e-02 1.076093594518012786e-01 9.202551970821493121e-02 4.867485310776666616e-04 4.690227232781142286e-01 8.445154770076353234e-04
9.062500000000000000e-01 6.871876532453768949e-02 1.309024655282207961e-02 4.871262325899047146e-02 2.233197407858129035e-01 8.985442346512229062e-02 2.339842086934748946e-02 1.373792769819917325e-01 4.527045952691881488e-03 1.531549173967408639e-02 7.398549462739430899e-03 7.240784014465448393e-02 4.047893784046633359e-01 1.025737591417699157e-01 2.253066154498396464e-02 4.096635776316373545e-01 4.641750909464645303e-02 6.116027514369698319e-03 7.609859267156651730e-02 4.464331650011411079e-01 5.935884369347609740e-02
9.218750000000000000e-01 1.559441452269849371e-01 4.301280079601980111e-01 3.218595565371173278e-02 5.890041010312686565e-01 1.001874168865340628e-02 5.772719961474510886e-02 1.590675797384557000e-01 3.090128609402757465e-01 3.734118179132487475e-02 3.581944308124117987e-02 7.130030462458416922e-03 4.724430814575559801e-01 1.684066730393306011e-01 4.619347135531660931e-02 2.170648599659996125e-01 1.005846541219350271e-01 1.108512322934770145e-01 3.085160173441286457e-01 2.983271353139151927e-01 1.693080361137035694e-01
9.375000000000000000e-01 5.035188576705103003e-01 5.691505503307961455e-02 1.733785945965493624e-02 2.643687518801015601e-01 2.212566475653843961e-04 3.610826794541253937e-02 6.921991849145117670e-02 3.230209388599350473e-01 1.318910319761750112e-02 3.607566134974204280e-02 2.282915502310620681e-01 5.379508886045422100e-01 1.082384053637906914e-02 4.665048619337584801e-02 4.372867435931204194e-01 7.227697819225494813e-01 4.682250805394578066e-03 1.042964488876767411e-02 1.855261545849326843e-01 6.226972201758464165e-02
9.531250000000000000e-01 3.958775440761803099e-01 2.003850640464619193e-01 4.121143101145192250e-02 5.579516631718526298e-01 1.454828866155018392e-02 2.565458425876558993e-02 7.891771924022547569e-02 3.736155619737273770e-03 2.929690447116156671e-02 6.885349525453490771e-02 2.114993293554679604e-02 3.089062565211174172e-01 1.638305788638609317e-01 4.617735276249881893e-02 2.580733516199031352e-01 6.454467793067444892e-02 2.060632746197287035e-01 3.208241827815289798e-02 1.248064810930619994e-01 7.556769118160643062e-02
9.687500000000000000e-01 2.823108210119663203e-02 2.608396119077708436e-03 5.617709796152416113e-02 3.731349726545591383e-01 4.425898432675417354e-02 3.651751001249133564e-03 7.780767140367944590e-02 5.610659953740868705e-02 5.449485340176562706e-03 1.051603786851837141e-01 9.870646700617824454e-02 2.843451821006895974e-01 1.744726362003095055e-01 9.564210029767569732e-02 4.682713358457441521e-01 1.489051602408004715e-01 6.948396673455303763e-02 1.409220943876976669e-02 4.140435494758643725e-02 2.033743458064074250e-01
9.843750000000000000e-01 1.700602410474529591e-01 1.572852184518064300e-01 1.666261548077721810e-01 1.243077486006391036e-01 1.208411085664438077e-02 7.749292314929932465e-03 2.929862797449298700e-02 5.367617831010259438e-02 1.163904894123018248e-04 2.833104656378980790e-01 1.553964289471402582e-01 4.842558435083227364e-01 2.819225190940493134e-02 2.572847299672807730e-02 2.458272760798201895e-01 3.215313841918012588e-02 9.417181234034281700e-03 7.151646990563755024e-02 1.764949452045128792e-02 2.932859006203154539e-01
1.000000000000000000e+00 1.568589284451228083e-01 9.399984464573435394e-03 1.225571596057325498e-02 4.631148320642478056e-01 9.035754313064683907e-02 2.439238702735858216e-02 1.034285828607786756e-01 1.032426770189601439e-01 3.376598162433284891e-03 2.410055083376625162e-01 1.551327432098574717e-02 5.189871724009371690e-01 3.137142651477688865e-02 3.837256895197651077e-03 3.569919250028465996e-01 3.560564887736717421e-01 1.565207380252575387e-01 1.932219951252284462e-01 3.859976019136704406e-02 3.120591683959948459e-01
1.015625000000000000e+00 2.465189156156517292e-01 1.956915493692741592e-01 5.642959292605070204e-02 3.002920562934459636e-01 1.736882720640381753e-02 5.958709348053516791e-02 2.342341153946179977e-02 3.938578477682513901e-02 6.013071972159664443e-03 2.804367803799919304e-02 5.820668574915940224e-02 5.551554827564662009e-01 9.687687586687306757e-03 7.531135993482458713e-02 2.150474396819050948e-01 1.089449509753752099e-01 2.110642756548458121e-01 6.774692946884150468e-02 8.279631996891564927e-02 2.936832625512963979e-01
1.031250000000000000e+00 3.633457452790151976e-01 3.302046542844244703e-01 7.951318017215638911e-02 3.165130581225688577e-01 1.346953815087487960e-01 5.901939125644534850e-02 2.898123830488203573e-02 3.502080272075172585e-02 3.484806583834017951e-02 6.766048740279846652e-02 5.151771706159039010e-02 4.115873038006531703e-01 1.499052633897925424e-01 9.180474018094494969e-04 2.972976437765164626e-01 9.632485645605012858e-02 1.686487065217681103e-01 2.440097555377731403e-02 1.090538464169805016e-01 3.312379343794196185e-01
1.046875000000000000e+00 1.160756291840574495e-01 4.833907631431922369e-01 9.012711952550007954e-02 3.040951675840846691e-01 8.132894911447270669e-02 5.167495814071693117e-02 1.842012144948467212e-01 4.832994412615134600e-02 5.902904598281319068e-03 7.619559326709766933e-02 9.028630511688159888e-02 4.430668983384267179e-01 5.099963256847714344e-02 2.681183935773260793e-02 1.283581951382985753e-01 3.259318933415556452e-01 3.727267631879175314e-01 6.906283587815122138e-02 1.783729398047423365e-02 1.174496763309972047e-02
1.062500000000000000e+00 6.756114147641502365e-02 9.614184923036901698e-02 2.265996754258085139e-02 4.504126113980215229e-01 3.181976496339704308e-02 4.864882309826571577e-02 1.625439742425313083e-01 1.911840804351497280e-02 1.933518899181297865e-02 3.270851591121507612e-02 2.281122818117844661e-02 4.843154212337272280e-01 1.016732008785076018e-02 1.304956857193433767e-02 2.051305068619347152e-02 1.531485685585914358e-01 1.957590365030931201e-01 3.062343401324106318e-01 2.313026289785186373e-01 2.071748273754735470e-01
1.078125000000000000e+00 1.625794499456526682e-02 1.219685884786392421e-01 2.822977788919217232e-02 4.945193611428301828e-01 2.630083509893218346e-02 3.224470616902980202e-02 1.902241794574840716e-01 3.562434958881757763e-01 1.598008383044689784e-02 6.858998521865483644e-02 7.608312683885721378e-03 3.633733886901697185e-01 8.676407852062353876e-02 2.989307689867377708e-03 8.794109325858474879e-02 5.433572048904674462e-02 6.577190260264839661e-02 3.678033532685867635e-01 2.246977031394338173e-02 3.550480828281155632e-01
1.093750000000000000e+00 9.310909091482959254e-03 4.647827690980051996e-01 1.164567838570063768e-01 3.330653805228176445e-01 3.909545264989530006e-02 1.070858807112870237e-01 2.069168365012177269e-01 2.442907606353914574e-01 1.813209330327852919e-02 9.470250166225308019e-02 1.002027874562606419e-01 3.598131528381462441e-01 1.160138488835621845e-01 2.186545156695507419e-02 4.625217528721826676e-01 2.812270671143095591e-01 4.887814601214416493e-02 1.107243058530629071e-02 1.242756920892272438e-01 1.717687766740475519e-01
1.109375000000000000e+00 6.253812442126316373e-02 1.065558110502404926e-02 1.211232616488447378e-01 3.873907299315531572e-01 1.347958635956575113e-01 4.060231844271032509e-02 6.452867856856417568e-03 9.317123877687222278e-02 5.334884253814170529e-02 1.022942240462596658e-01 4.971907325330834904e-02 4.249844863539793405e-01 2.325206799936996860e-01 1.665398811380220181e-02 1.579037629536299003e-01 3.372893203622251423e-01 2.248191939561239860e-01 9.298139356543431988e-02 2.074026804907586757e-02 7.597508345388725992e-02
1.125000000000000000e+00 2.550008280419429826e-02 3.510372438045442633e-01 8.112643255187045044e-02 1.157337289525453977e-01 6.928065154416515603e-02 7.968733811658924859e-02 3.700993405356502175e-02 4.176840377612995453e-02 2.271237867071661601e-02 1.489221357212548447e-01 1.200226730408117115e-01 5.526465093171378795e-01 9.915640517417174948e-02 2.759866376815676287e-02 4.549318694243318362e-01 1.197560022776178595e-01 2.660844077547764308e-01 8.510104540951923813e-02 3.784957835788818614e-01 2.412450699881007188e-01
1.140625000000000000e+00 3.048054412743327057e-02 6.322034678369078953e-02 3.051220859748164649e-02 6.326929888208608910e-01 4.360780047317878300e-02 7.118414772881393425e-03 9.176452966354459173e-02 5.920919266456686758e-02 6.409291414690209375e-03 7.005810592577857432e-02 2.912992039624951943e-02 4.380154263100504153e-01 1.970313999837836338e-01 1.308153449879029262e-02 4.146656512475394019e-01 8.695034343394356102e-02 3.856280661081540884e-01 2.120827037587439123e-01 3.032836537476725578e-03 2.288869435970277214e-02
1.156250000000000000e+00 2.505074745155532606e-02 1.128311945586308734e-01 5.841951971828637097e-02 2.147595259098195597e-01 1.749306368975380929e-02 6.856940596901089924e-03 1.456360917314465098e-01 2.719077944072003095e-01 2.920330313055845978e-02 4.977413099902291971e-02 2.812800264027833647e-02 4.484877937099498446e-01 2.283289490378437314e-01 5.880251462975129989e-04 2.467989001206094823e-01 6.505540638320914115e-02 2.675432651331164507e-02 8.588676852242659032e-02 1.883547383535984499e-01 1.448952140153829116e-01
1.171875000000000000e+00 1.999062684501649173e-02 3.947210462454828761e-01 1.400043697209225196e-02 4.756655870796988594e-01 9.837724040200734182e-03 2.480607585708537784e-03 1.868773710447650394e-01 1.787293180757449640e-01 5.270238602735617499e-03 3.364289519003073933e-03 3.035373159277158020e-02 4.187216005140446673e-01 3.549845255922587928e-01 3.530226930803737062e-02 1.290455913103776171e-02 7.909579294034667363e-02 5.521595285146131682e-02 9.293946309793527094e-02 4.156536338080497606e-01 1.872528096161874545e-01
1.187500000000000000e+00 2.681565637210792108e-02 3.469704050040306464e-01 1.434083255564169712e-01 2.212419319824958375e-02 3.402001163094817149e-02 4.389241182585339185e-02 2.332931425357710475e-01 1.371978422951582177e-01 4.721129987080711909e-02 3.691730654147402230e-02 9.849710681554290671e-04 1.104647243472662299e-01 5.424975362263873696e-02 1.682690964562888469e-02 2.471767101606750228e-01 2.431731403270281922e-01 8.972357366091311681e-02 1.158922363370243486e-01 2.377882272219776771e-01 1.294391301377410819e-01
1.203125000000000000e+00 1.048851341148013087e-02 7.290751086876282039e-02 1.113519572058414286e-01 1.445323376347103228e-01 4.352896556434290160e-02 2.686652633449573922e-03 4.082487133104104222e-03 5.073537285442669686e-02 5.863047047126138112e-02 2.281677062321599003e-01 1.892484891412486367e-02 3.118753104754976024e-01 9.279085150835478246e-02 7.080477171961410340e-03 5.109809134772776984e-01 4.362329157488089582e-01 4.175279650198222836e-02 2.343421916119095560e-01 3.991913795559455247e-01 6.018278138363192253e-02
1.218750000000000000e+00 6.721583244622249265e-02 2.617856122474727099e-01 8.246884789828061446e-02 4.755481963466119399e-01 7.674317619968053228e-02 1.435902424170847590e-02 2.681481657685337583e-02 1.962570596016521285e-01 2.120802170309452409e-02 1.806431231316193153e-01 1.167433008173493769e-01 3.674179315217860342e-01 1.859732730454860192e-02 4.775924968088172962e-02 2.886170057236644437e-01 8.894384541947092382e-02 7.527095644164155663e-02 4.166908163538525223e-01 5.897687352756287860e-01 1.434450409667648724e-02
1.234375000000000000e+00 1.339287734251845552e-01 8.195720856396407437e-04 1.836331453685363380e-01 4.571679092464771554e-01 4.053835128388481868e-02 6.646428144420206408e-02 1.105038609675312034e-01 4.711653550040885152e-01 4.291576168367775695e-02 8.197645472347146745e-02 7.449699509536673869e-02 3.214868742424462633e-01 1.235805052187910757e-01 1.654653908350026820e-02 4.618760103528706806e-01 5.011016378301686586e-02 2.535598102811618612e-02 1.805090837916285273e-01 2.110719837637699547e-01 1.637937380162690360e-01
1.250000000000000000e+00 1.195296624726386453e-01 8.158374279381115646e-02 1.529731647283137375e-01 3.365751027815521157e-01 4.213675914877656331e-04 3.271679676542617321e-02 7.552377032418196301e-02 2.621270047186715080e-01 7.742737358967836762e-03 7.158103679901063610e-02 6.132997407513913340e-02 3.355510267584816408e-01 1.380605505251976742e-02 3.207211328064202283e-03 2.925079823548740188e-02 1.353871524337137977e-01 3.688804846346599442e-02 3.754714379070666491e-02 5.168350740528909748e-01 2.893853163827035946e-01
1.265625000000000000e+00 9.169664037773975207e-02 3.146925550137401606e-01 3.275683914256743295e-02 1.790458658599556607e-01 3.769386733333888323e-02 4.396156419563313628e-02 1.010104691321202647e-01 7.130889444472013339e-02 1.683485385065406834e-02 1.019743194175064122e-01 1.194090478390826132e-01 3.129229825034240964e-01 2.301420623686041209e-02 1.810692952984321478e-03 9.521390906666529763e-02 5.299343782415336657e-01 4.738841232726465763e-02 3.452972932709307274e-01 2.017851477884619604e-01 1.417066610713580421e-01
1.281250000000000000e+00 6.357453025318954287e-03 8.696671850055878727e-02 9.923274849144717025e-02 6.807468990340527215e-01 1.290498885517465943e-01 6.049573734485104437e-02 3.511104468695633307e-02 7.817511890259504215e-02 4.884200488727587913e-02 2.245965104282604263e-01 1.568363768237871214e-01 3.724716972569557250e-01 1.127907028606996709e-01 1.169947040008258859e-02 4.528288954208913308e-01 2.017699950593758174e-01 3.752264697539056115e-01 1.034540458375448058e-01 1.650265214990594143e-01 1.663820375765973775e-02
1.296875000000000000e+00 1.220242008807885525e-01 4.435217452237131264e-01 3.208650224398645889e-01 3.069755417943085488e-03 5.587645920785570125e-02 6.525813783372944044e-02 5.334751499464191610e-02 2.687205833758715134e-01 1.412204234169195209e-02 4.943617471170443783e-02 3.739377550465674410e-02 3.774118427044506063e-01 2.496662190159336658e-01 6.134270985476802419e-03 3.748633511246585170e-01 3.447149329286965103e-02 2.838437539882989191e-01 7.721673473580656366e-02 3.248401622021570012e-01 1.804264960107315394e-02
1.312500000000000000e+00 7.428647841440198796e-02 6.573025438521137853e-02 1.415364069766105459e-01 3.822251120911746569e-01 3.449572681102155286e-03 7.132493971630686491e-02 3.190114042601847888e-02 4.542606324194425199e-02 6.335232858982445606e-03 6.862218118841459380e-02 1.147918631875732426e-01 4.314571798700887473e-01 9.657804553260700142e-02 4.646837569871929176e-03 3.645186326404937227e-01 3.615018261727334092e-01 3.508817006938398375e-01 8.656325655518549989e-02 1.123244198753851480e-01 3.293278666082709027e-01
1.328125000000000000e+00 1.172779555322230188e-01 6.948212323157323955e-02 2.753500626950067601e-02 3.107404065054050202e-01 1.281202075585751365e-03 5.520355382071815559e-02 7.939117020204439559e-03 1.013311967032646393e-02 1.836378087749676591e-02 1.201408573476952547e-02 3.042244467337292674e-02 2.949124851107014500e-01 1.349363363372706459e-01 6.608854206096435001e-03 2.284129556653967386e-01 1.651672827297928636e-01 1.932444673103216326e-01 1.135531632269234786e-01 1.402778271766739748e-01 1.302984706197123088e-01
1.343750000000000000e+00 1.929478052089500240e-01 5.058155464712309202e-02 2.020189464246662514e-01 2.700653389114098801e-01 1.072600195206712195e-02 1.210927292027668689e-01 1.450327103638352488e-01 4.333314472864190775e-02 1.820063081554110576e-02 2.469039708918460696e-02 9.371465575273262016e-02 3.694329795406207095e-01 1.529708371395227876e-02 1.370411460308143146e-03 7.072435578626969088e-02 7.682121794647428503e-02 1.560546008198570866e-01 1.313330181193492485e-01 1.491320484237702859e-01 1.017891060867063061e-02
1.359375000000000000e+00 1.804324384400503647e-02 8.413382508782661640e-02 1.160963727311948163e-01 1.859824168008469003e-01 1.123679525417248526e-01 9.826862964751348350e-02 4.876642623009192629e-02 8.906492336106942853e-02 2.956719630184170139e-02 1.511155562395671836e-02 1.544133231243427842e-02 2.922916940274960518e-01 2.100896426954058926e-02 1.975493355813494334e-02 2.225775315955045019e-01 4.922468165625663583e-01 9.644748842533164279e-02 8.662579043147317082e-02 1.085872721001749641e-01 1.132455049149851678e-01
1.375000000000000000e+00 1.249391324602557550e-02 2.607739847363945568e-02 1.069885289792294053e-01 2.522344392556525317e-01 3.327795642361157380e-02 3.931360227703008248e-02 2.439217063346868844e-02 1.008048990360114472e-01 3.115246148315677782e-02 1.228477490998897484e-02 9.819909774200562269e-02 4.540267302826490048e-01 1.008186011167843191e-02 7.944074557180392723e-03 3.124120939280698450e-01 7.270582743850770302e-02 2.765828978526428950e-01 3.063095798351863630e-01 3.537747165871380495e-01 1.448511591890382921e-01
1.390625000000000000e+00 5.174058664131129387e-02 2.059354157466179377e-02 1.420094861781105722e-01 4.901210020042650051e-01 2.082090673974243966e-01 3.911171469679203261e-03 1.342221698210679104e-01 1.352456408299177459e-01 1.300051381275653915e-02 7.113054945791151551e-02 1.251876248062844810e-01 4.954712447472740533e-01 5.175393405802563435e-02 1.733208434744212476e-02 5.323437492673218641e-01 3.676454940990203091e-01 2.408710608012903237e-02 3.792508448573075897e-02 1.880374380707217630e-01 1.571998579773445370e-01
1.406250000000000000e+00 1.272763483564278153e-01 1.597663488892787642e-01 3.937095892260770308e-02 3.360157955088824422e-01 4.125228018512915734e-02 2.194584978898341584e-03 7.111928440732054324e-02 2.070399434202946642e-01 2.187098363538374918e-02 8.635436799409866582e-02 1.833870350182955147e-03 5.505026048215688750e-01 3.066243630665180936e-02 8.270753280087970657e-03 2.883320100084214577e-01 3.277762414095791721e-02 1.121514496064138777e-01 7.394435970097071320e-02 1.058261542419506457e-01 4.506151026483443678e-01
1.421875000000000000e+00 2.588336131726853492e-02 5.470011341571377750e-02 2.973440838735040559e-03 7.352118017374341674e-01 7.055420796709814535e-02 2.480086362368633807e-02 1.431786159858228734e-02 2.599265169938911810e-02 2.165903523635812761e-02 3.766655273773947266e-02 5.485038956963528625e-03 5.549263917230333742e-01 6.349459429967270474e-02 8.106632026656401813e-03 2.503336993985083581e-01 4.648097882055567953e-01 2.100909197552395732e-02 2.201518757996800690e-01 1.686282509630445152e-03 4.722876192805763873e-02
1.437500000000000000e+00 2.403171660797772183e-02 1.923886662236674872e-01 6.195242676213545685e-02 2.023929160050177371e-03 1.522485542146705950e-01 1.404765021924009039e-01 1.230273967308692373e-01 1.658432122629912089e-02 2.505112815764528808e-02 2.998692246851378598e-02 6.223218211493983937e-02 5.975093430247553350e-01 2.408458027712334359e-01 1.602903022306401658e-03 3.957756304537866920e-02 4.779363509631640028e-01 4.639365209170334681e-01 6.371305244213158747e-02 2.234618512322647521e-01 5.103172496252479373e-01
1.453125000000000000e+00 2.529500914004235157e-01 6.343345868267326326e-02 4.777282413444300380e-02 4.431549211195114912e-01 1.306346481429640771e-01 1.655421095845390211e-01 7.139045821936581410e-03 3.393717187737198965e-02 1.333250499663877695e-02 1.422544567999297141e-02 1.151961435464040999e-02 5.690403897546523204e-01 1.130348914935858096e-01 6.541981550929367980e-04 1.638943707628774393e-01 1.225086421913706841e-01 3.884114112374858485e-01 9.934665632309444896e-03 2.210339357975717178e-01 2.377657986119945943e-01
1.468750000000000000e+00 5.817426863763684036e-02 5.622106806592065686e-02 1.059656676833396205e-01 3.829745412982785147e-01 9.825660723068019298e-02 1.415225190901695795e-01 1.580772783270725790e-02 6.880272573536111436e-02 6.394526616270917530e-04 4.734408406018645460e-02 6.758238489376718061e-02 5.512069295026156279e-01 1.008401379524903468e-01 7.332833212513291225e-03 2.590624200087149887e-01 1.178736620224373616e-01 6.032860570262389421e-01 7.622876414730649780e-03 5.913925114831744545e-02 1.693961224281890707e-02
1.484375000000000000e+00 5.541220437893112742e-03 1.085279510623479715e-02 8.521543506308365545e-02 4.694114569128274295e-01 3.210445625905768846e-02 2.490310572823812782e-02 1.979366400474004070e-02 1.221667859238399351e-01 9.868958858073716839e-03 1.735721144058577359e-02 4.692633862924788790e-02 4.154357578735513035e-01 2.197434170433352207e-01 2.036938228307043006e-02 3.094082846199054382e-01 1.744070489353201081e-01 1.557857430931283704e-01 5.379160806022992986e-02 1.124687258794906525e-01 1.144854716490323471e-01
1.500000000000000000e+00 2.469999294455279548e-01 1.385858925679218749e-02 2.886913690018706458e-01 2.608673983552712294e-01 2.937231587797965032e-02 1.551181202145938010e-03 1.569402240482389022e-01 1.059881549556466185e-01 2.923942167354909652e-02 1.135137495744180519e-01 1.208093509782806746e-01 4.834243072007892716e-01 1.337417332359068511e-01 6.969488405321787317e-02 3.086532096321938923e-01 3.052693964772299484e-01 1.194548983493852329e-01 3.031462971870784243e-02 4.527753533274609943e-01 2.016037497745969131e-01
1.515625000000000000e+00 2.590916787043568426e-01 6.487929239474675425e-02 1.273579278848236407e-01 3.504804223323262913e-01 3.327843411793193762e-02 6.846113943039263024e-03 1.201358954970579290e-01 2.379663616198131049e-01 2.646635685303757798e-02 5.935756071795818267e-02 2.090249111681388022e-02 5.390692738272281348e-01 2.418823214250620246e-01 2.550731710183328296e-02 3.609323852419549228e-01 2.567875434504140464e-01 1.416835937130273004e-01 1.803491590569293243e-02 1.645022851212736559e-01 2.234815362078060030e-01
1.531250000000000000e+00 2.038355671417720841e-03 4.648368363604137021e-02 2.018880069338327074e-02 4.259641557156323977e-01 4.815354551329281696e-03 1.373173594486197351e-02 2.856737340831732447e-03 1.953629036486060899e-01 3.184457895979111997e-02 1.391494339839618316e-02 2.784614195463811295e-02 6.583921415698744672e-01 1.988183797951557641e-01 1.089237711189398883e-01 1.076310244175431030e-01 1.977114595286996179e-01 1.384677621713297120e-02 3.613880021781448737e-02 3.514198895576609583e-01 2.934194470449194014e-01
1.546875000000000000e+00 1.110652562364803780e-01 2.555718177891784862e-02 8.813630717285650396e-02 4.785444686147796722e-01 3.597557516694013802e-02 1.562993879806764963e-01 6.925183874109074045e-02 1.119435176086581857e-01 1.028385873027178460e-01 2.830857966310951603e-04 1.420361097785867721e-01 5.439720062060232619e-01 4.006601720367659047e-01 3.217117922549047378e-03 4.362557192896863167e-01 1.926480535764078794e-01 2.971187457267993048e-01 1.129120000232754772e-01 4.625171288582345663e-02 1.230485468222725087e-01
1.562500000000000000e+00 2.590388228478902877e-02 2.926502755927224420e-01 2.546160798369611483e-02 4.053029527677056154e-01 6.264313123112007220e-02 8.470540781211054193e-02 1.278273121012777069e-01 2.286969308533824408e-01 1.209721819006679411e-01 4.308543580244755811e-02 8.980219349109555549e-02 4.643135108281404855e-01 4.741024305278879192e-02 2.086329400219570987e-02 3.864915791808101186e-01 4.055125506347186382e-01 1.420809116771896419e-01 4.450914884841750477e-03 2.431959588223829016e-01 1.088516777495603660e-01
1.578125000000000000e+00 8.112326815908091349e-02 2.106848243635840445e-01 2.996916820778516288e-01 4.116287912752792516e-02 5.220152940342681624e-02 1.272465283249225865e-01 1.202533758137679237e-01 1.805817926649927116e-02 3.469607123958203670e-02 5.515146049896962888e-02 9.015829111017834019e-02 3.319976256577810703e-01 9.239304567865228024e-02 1.511197374960366810e-02 3.788687659878626213e-01 2.191483412442185585e-02 9.693997939382706375e-02 3.226235083653573865e-02 3.915261999428598649e-01 1.851290707653188150e-01
1.593750000000000000e+00 4.093306875913948692e-03 1.869592315229403820e-02 2.505954602221897587e-01 3.627578719778911664e-01 1.390991353730808983e-02 2.121913563681584181e-01 6.195822376587054731e-02 2.192208173620023917e-02 1.803197201874259456e-02 2.314319115183696429e-01 2.224551714624124418e-02 2.771216124089397326e-01 4.670806771828814839e-03 4.120709266354178474e-02 1.691514963180598963e-01 8.344640138814342356e-02 1.224092152106437403e-01 1.783871931288223689e-02 9.833083252718764766e-02 1.927315997207535436e-01
1.609375000000000000e+00 6.302589243154407828e-02 3.883689837913195664e-01 1.036035545745876280e-01 3.348704450990983572e-01 7.971108232869240917e-02 7.919277028995985734e-02 2.177004417464076247e-02 5.966366651718973263e-02 4.304296880773925138e-02 1.046436632334294681e-01 1.041251266262888525e-01 2.386809916905031359e-01 1.080228019251962407e-01 2.496682372965551219e-02 4.108556940872898355e-01 1.146146674429227991e-01 2.657597364056276668e-01 3.530864285452401524e-02 1.255190986830685418e-01 6.220553241952817003e-02
1.625000000000000000e+00 1.426877298485438594e-01 1.254339241036050642e-02 1.245060787907361494e-01 3.519062921005963185e-01 8.349497391006280300e-03 1.420598159087618495e-01 7.730701644694863662e-04 2.400140473285317100e-02 3.332573934594535575e-02 1.035375972095830543e-01 5.807518520628373974e-03 7.732613849582495313e-02 2.910616305693456210e-02 8.366975360188920810e-03 3.706625119107438415e-01 4.092509306386359069e-02 2.132402657205750562e-01 4.046032024515784989e-03 2.383321037525649652e-02 3.233676820989952461e-01
1.640625000000000000e+00 5.876367420257993385e-02 1.525985350936770414e-03 2.879272812980456821e-03 1.722289172491042186e-01 2.581113097891852420e-02 7.959282575000942161e-02 4.564503298458004454e-02 4.265949385066619692e-02 5.436207943189706043e-02 1.586079784545890992e-01 3.539404812172770171e-02 1.061520172062830891e-01 1.445916455514531795e-01 1.145798939916315914e-02 2.555231975380727327e-01 3.520268183057020939e-01 6.769551461341176413e-02 3.869688482557843284e-02 2.468340989191647461e-01 4.436816524021880426e-02
1.656250000000000000e+00 1.797489761879786374e-01 3.465031283112043337e-01 6.542062525232592018e-02 6.099462478613951744e-01 1.360392268554023454e-01 1.872328240707912816e-01 1.083155077444374753e-01 1.705251592347108158e-01 6.999659751468350092e-04 1.289959317225736202e-01 6.166384710163295285e-02 1.402263419902619601e-01 3.784834493035865721e-02 6.089270340363584638e-02 5.337185806351135708e-01 8.562960977381219030e-02 2.525322603299334223e-01 5.666503739649078608e-02 2.749426116288244959e-02 1.196943199232778365e-01
1.671875000000000000e+00 1.129125950329337019e-02 6.025692636675312741e-01 5.876345706170447991e-02 3.099712848019208766e-01 1.500618404967830888e-01 1.688353796464075185e-01 1.472037438199397426e-02 3.812213529994498140e-01 5.546719002046894553e-02 8.752824281019533359e-02 2.750244062737078332e-01 2.628266848308828951e-01 1.361662530334945519e-02 7.920684885879639148e-02 8.180276113192636034e-02 1.560831354544714999e-01 7.016503135058552165e-02 5.985828377503181474e-02 1.689886251337801293e-01 8.367547532298381940e-02
1.687500000000000000e+00 5.650214301398850947e-02 4.251161231876246505e-02 4.056481342796496720e-02 4.999596679094360230e-01 1.192356264185024800e-01 2.390475119625346933e-03 1.094097749272694570e-01 2.488788136635124160e-01 8.295063913856648430e-02 1.897585736810777565e-02 2.982093612069888766e-01 3.364073081308929791e-01 3.836559274513856588e-02 2.306301358448371863e-01 6.690737279774835455e-01 2.548514752064777178e-01 2.118229368786916922e-01 6.935338904816167049e-02 1.351097312028952738e-02 4.975302760250387146e-02
1.703125000000000000e+00 2.251323413483669600e-01 1.670453135461072436e-01 1.012383790410424506e-01 1.741662252778406750e-01 2.609872940022398002e-02 2.998056997565188286e-01 2.843868569773695398e-01 1.144002030616151633e-01 3.624818332924717446e-03 1.234897531535232712e-01 1.084757326329504612e-01 3.266088151031804054e-01 6.490829348438179047e-02 3.990199335318836762e-03 4.920605775957184180e-01 3.706256003694367862e-02 9.108213415009787373e-02 2.345086296597725939e-01 3.343611037338595771e-01 6.231451943011231259e-02
1.718750000000000000e+00 1.833482473567286386e-01 5.918492395552245322e-02 4.229097619067129720e-04 1.136613325834224669e-01 5.836737115463136710e-05 1.713145825140548195e-02 3.607481746729496730e-01 5.954899101954187063e-02 3.045228316651351144e-02 8.144276528720857666e-02 1.741269347592574734e-01 2.905023482737879026e-01 1.512258760302482297e-01 1.514005784787939707e-02 1.030811123209500746e-01 5.562009050339235955e-02 8.724519148990146633e-02 7.337861551156778239e-02 6.294131977379427423e-02 2.377440027298881875e-01
1.734375000000000000e+00 1.169982859995843810e-01 3.508730071706095410e-01 7.454299862931032528e-02 3.692629243526663330e-01 4.580770919979992861e-02 1.840493729871486503e-02 1.985636934092938899e-01 1.605485237846505653e-01 1.171180648830347226e-02 7.693703136910161333e-02 9.133207649652043403e-02 3.212022266679647742e-01 4.222610694123422187e-02 2.132145930982946858e-02 1.833903701518940221e-01 9.760292889287666696e-02 1.695610713862652497e-01 1.390013974157922917e-02 1.446695399893856426e-01 5.076833779621659631e-02
1.750000000000000000e+00 1.461735333828775851e-01 2.523561821617480994e-01 2.505202131796579676e-02 3.468361949280316936e-01 2.457343105974596764e-01 2.501663989289188220e-02 6.366402085324503191e-02 4.324607380200956031e-01 4.273981948977275541e-02 2.763765062700372296e-02 4.213620139589928093e-01 4.463529673356813610e-01 3.194237339595562553e-02 5.822193442558329639e-04 3.400260297079423788e-01 9.004217818402830698e-02 7.714365936809596848e-03 7.413755111745432523e-03 9.891235575554897796e-02 2.041055821534018544e-02
1.765625000000000000e+00 8.901064038060788053e-02 1.618929851450721241e-02 8.629421608077067485e-02 4.253762125949697714e-01 2.071055239689126304e-02 1.184704142408877364e-01 1.640737585458736381e-01 3.688106504250913131e-01 1.302224190988921643e-02 2.153902293126815637e-01 5.564459667345224014e-01 3.855278271790436584e-01 1.084311797234316452e-03 2.668114375824278198e-02 1.613081713666005834e-01 1.918946693480619303e-01 1.842387577114393271e-01 4.547244757720996650e-02 2.232426824919864772e-01 1.863085525709498591e-01
1.781250000000000000e+00 3.621121778194393848e-01 5.169164363798114947e-02 1.065029362567757737e-01 1.768811546759960218e-01 2.271702969954328757e-02 1.018565147748820045e-02 2.017801934131709940e-01 1.917253939579099398e-01 5.566428850397413079e-03 7.135600428312419141e-02 1.490709846807661554e-01 2.174076838999432215e-01 1.716689441434814944e-01 1.081214630981910431e-02 2.643034447757371397e-01 3.491001412766161494e-01 4.245941072604680344e-01 7.651789218167634465e-02 1.887358777641643948e-01 5.838921847935504839e-02
1.796875000000000000e+00 1.836376555019810786e-01 1.316566087721015577e-01 1.830180912200829457e-02 2.904023015324750934e-01 5.393729526736781854e-02 2.421626875502556203e-02 4.829526750541546787e-01 1.671522835947042429e-01 3.977137320001359472e-02 3.824173368387315947e-02 1.464779708362511090e-02 1.599311288534487618e-01 9.134940033082578070e-02 1.851486279678535990e-02 1.127084096559992504e-01 3.560169959826258168e-01 4.353945102718788677e-04 1.554218662622996183e-01 1.154384929058956816e-01 2.266356070025693503e-02
1.812500000000000000e+00 2.501089564178929359e-01 3.913335462275729371e-01 5.739403652856143317e-02 2.089383095241866273e-01 3.788237759811972222e-02 8.744664616941280610e-02 3.226437739053409914e-01 9.643364024163927906e-02 7.734391429072111357e-02 8.891473063569133028e-02 7.486251536736597545e-02 2.578450256328235768e-01 2.657401906053450946e-01 3.067718246080829853e-02 2.934364614851673464e-02 6.571911764524919486e-02 4.950904802658070980e-02 2.356171175057633627e-01 8.427197001979166990e-02 8.425039669678605070e-02
1.828125000000000000e+00 1.045829665226568339e-01 6.180180744599658021e-02 1.195989778785122165e-01 3.005366231059565865e-02 1.041459154379232033e-01 3.210709956235274776e-01 4.748960913453161709e-02 3.169913799186973580e-01 4.365399452583600126e-02 5.407253970696376810e-02 1.436551781210609197e-02 3.654234063168605995e-01 3.223736563870432817e-04 6.253813253258633242e-02 2.545710097119128351e-02 8.828510109720032195e-02 3.407656002648012938e-01 6.185936755333450165e-02 2.145855492214383542e-01 1.028137960888813041e-01
1.843750000000000000e+00 6.245715983936836295e-03 8.140465970316551614e-02 1.702743408476908304e-01 1.537794483171671944e-01 7.883379149517798223e-02 1.790436597752485814e-01 4.166983727558173228e-02 2.593383629199554896e-01 3.142915985607246110e-02 2.053188557054023283e-02 4.721149322592647912e-02 3.361364241723098223e-01 1.207829444253742113e-01 1.103873281328625611e-01 4.695767994007393198e-01 5.151307608885854483e-01 2.089595083633130901e-01 4.173599721179363509e-02 2.159804346585837698e-01 3.103213827805351502e-02
1.859375000000000000e+00 1.413262931003534360e-02 2.028426160910517737e-02 2.036750329046110586e-01 2.216236812921729415e-01 1.254646844714550624e-01 2.751677082709938493e-01 1.182680986462866096e-01 2.424969765843126013e-01 1.263246375569653523e-01 1.118256241345078339e-01 2.336035480688005567e-02 2.006411478794900838e-01 5.242926075239542349e-01 3.076716347393732703e-02 3.388281889424677451e-01 2.207091757358597278e-02 6.289466255175432119e-01 9.020335240286704581e-02 3.828390329307253953e-02 6.839357299400370717e-03
1.875000000000000000e+00 1.106108285577884903e-01 1.768824071290899524e-01 2.860515533971124680e-01 4.231279302767717576e-01 6.024709192535711300e-02 4.481373378054930301e-01 3.797037992705141196e-01 1.110039272544672828e-01 1.762817080671067183e-01 1.951009646060937117e-02 1.963435738699539825e-03 8.033226418279594550e-02 4.939002690788691502e-03 4.256083462176567765e-03 1.032939805595604749e-01 1.997116892930475840e-01 1.015087122526537877e-01 5.214178807273430610e-02 9.649900893778569355e-02 1.464142256370743467e-01
1.890625000000000000e+00 3.589869960889864597e-02 2.953450415584824018e-01 1.983809295343998413e-01 9.865343155530545416e-03 9.473429823226577062e-02 7.190435127840286156e-02 4.134606635752393067e-01 6.493434081289661819e-02 7.194111279337358361e-03 1.328150322379932462e-02 1.531996360558457726e-01 5.420678597457573994e-02 3.815830075642180352e-01 3.956973445825246599e-02 1.205754613482614979e-01 4.963606470580443630e-02 9.019164479133738588e-02 1.383259869517233613e-02 5.457958947547917467e-02 1.594980065234939126e-01
1.906250000000000000e+00 1.259977823265724384e-01 7.397923360571866114e-02 1.572210806272715811e-01 1.122951128700542672e-01 1.175083872208632640e-01 1.323867195893592974e-01 2.316028393482327113e-02 1.149831094992065650e-01 2.068787142747900015e-02 2.639661405883697229e-02 1.735558023346282092e-02 6.883163722958829389e-02 1.843922925232368837e-01 6.546863494736807065e-02 1.080110915282077033e-01 2.724362322301062539e-02 7.929947013641064357e-02 3.425651280724177628e-02 4.880348465413916065e-02 2.091014431486565850e-01
1.921875000000000000e+00 1.113405887731825361e-01 1.597336338178770021e-01 2.371225527223997376e-01 2.345451019284349181e-01 2.565950056615868835e-01 2.550660083939344513e-01 1.279333742620593906e-01 5.920598198621229713e-02 1.440631177718045865e-02 6.110904744961013352e-02 3.680122516021740453e-01 1.352808584419080140e-01 3.238098465556185079e-01 6.413695559009284682e-03 7.424284725782319405e-02 1.850830882238232722e-01 1.080919964679773748e-01 1.105967381007218475e-01 5.073238078683960095e-02 1.639206514266105252e-01
1.937500000000000000e+00 2.956977486432462721e-01 1.433522975795137044e-01 2.598372827977293298e-01 1.151075042957374339e-01 1.772390612527591780e-01 3.872925187477519599e-02 1.600115852600356506e-02 1.336078156694836816e-01 1.023535533779064560e-01 1.934235059285002722e-02 1.968989838621939548e-01 3.455108158954978692e-01 4.547308768325841744e-02 1.778923393773162304e-02 1.480774203907852249e-01 1.083755297098046300e-01 5.434653536479133046e-02 6.602766399233928399e-03 9.468320748832789735e-02 7.366034740205473774e-02
1.953125000000000000e+00 2.278690740049866548e-01 1.251552671603921654e-02 2.305997149950905767e-01 6.803317096609395875e-01 3.091460256240174259e-02 2.423547150314311893e-02 2.768165246880409658e-01 2.466154994752934107e-02 2.305095605714448936e-01 3.826961073482643139e-02 1.980006761299376861e-01 3.469279540835186193e-01 9.979478606327123191e-02 3.370987856493376511e-02 9.659528663238466095e-02 3.375536825337840247e-02 1.581658761266236113e-01 5.149835631945871850e-02 1.110222817589817945e-01 4.132196783728177281e-02
1.968750000000000000e+00 6.335671864056813263e-01 5.958869348309330655e-02 1.248098173590964782e-02 3.075934839731260528e-02 5.897465977711725815e-02 1.652963027700693130e-02 5.432051000713526978e-01 4.978104310353205497e-02 9.612602535680123128e-02 4.889338338777803571e-03 1.836491721628278895e-01 3.029676479555086233e-01 1.694178053518101759e-02 3.061384268006341405e-03 1.847867086328448469e-02 1.812396261686305410e-01 1.594752500298000641e-01 3.367923588215580855e-02 2.311668229702272259e-01 1.135906953466128827e-01
1.984375000000000000e+00 4.193385857631070496e-02 3.214360129648457520e-01 4.028772365367635903e-05 6.341414310378010732e-01 6.190401263355348703e-03 1.199873712491026680e-02 1.297396909801729406e-02 3.506197962893011222e-01 1.566955468011358571e-02 7.694355288109011592e-02 5.709061595873840371e-03 2.417754451931542481e-01 1.544230427005374891e-02 2.562539389185313973e-02 2.148494477277038406e-01 1.776541295965769485e-01 6.560092874594419809e-02 7.499005063263265713e-02 1.291573721051662849e-01 2.880932260458636818e-01
2.000000000000000000e+00 1.078233240910995566e-01 2.153699679135836487e-01 1.648945818657428924e-02 6.239853766257764250e-02 8.250160876472575899e-02 1.584340820110561598e-01 1.566768791990424958e-01 2.117784111144127290e-01 1.923953801649207207e-02 5.558359690309164908e-02 1.901938181284723028e-01 2.986453194738720729e-01 4.699015059784465318e-04 1.347336715510840666e-01 5.277183669245413822e-02 3.215494452847921236e-01 3.066351810409841810e-02 1.025197929911551148e-01 3.169406392776336068e-02 2.585803716801780561e-01
